distance
.20
.25
.30
.35
.375
.400
.425
.450
.475
.500
.525
.550
.575
.600
.625
.650
.675
.700
.725
.750
.775
.800
.825
.850
.875
.900
.925
.950
.975
1.000
1.025
1.050
1.075
1.100
1.125
1.150
1.175
1.200
1.225
1.250
1.275
1.300
1.325
1.350
1.375
1.400
1.425
1.450
1.475
1.500
1.525
1.550
1.575
1.600
1.625
1.650
1.675
1.700
1.725
1.750
1.775
1.800
1.825
1.850
1.875
1.900
1.925
1.950
1.975
2.000
2.025
2.050
2.075
2.100
2.125
2.150
2.175
2.200
2.225
2.250
2.275
2.300
2.325
2.350
2.375
2.400
2.425
2.450
2.475
2.500
2.525
2.550
2.575
2.600
2.625
2.650
2.675
2.700
2.725
2.750
2.775
2.800
2.825
2.850
2.875
2.900
2.925
2.950
2.975
3.000
3.025
3.050
3.075
3.100
3.125
3.150
3.175
3.200
3.225
3.250
3.275
3.300
3.325
3.350
3.375
3.400
3.425
3.450
3.475
3.500
3.525
3.550
3.575
3.600
3.625
3.650
3.675
3.700
3.725
3.750
3.775
3.800
3.825
3.850
3.875
3.900
3.925
3.950
3.975
4.000
4.20
4.40
4.60
4.80
5.00
5.20
5.40
5.60
5.80
6.00
6.25
6.50
6.75
7.00
7.25
7.50
7.75
8.00
8.50
9.00
9.50
10.00
10.50
11.00
11.50
12.00
