6.193057952252996e-13
3.900116804324974e-13
2.501458997734263e-13
1.589115214868992e-13
9.893421703767076e-14
5.938049110521254e-14
3.341555777630613e-14
1.57517431172831e-14
4.186784136677572e-15
-4.357472473389946e-15
-9.750280620451263e-15
-1.242512601601724e-14
-1.294506137551027e-14
-1.154961786098137e-14
-9.079391492598672e-15
-2.561896489841064e-15
5.155853995427695e-15
1.664524004352778e-14
3.239931281626532e-14
5.407817695466584e-14
8.250988033482043e-14
1.209190876852017e-13
1.716765510643337e-13
2.408252230890103e-13
3.335814938765955e-13
4.579725166278414e-13
6.251846526511712e-13
8.511905932509129e-13
1.15447453013199e-12
1.560688364324215e-12
2.103498062887175e-12
2.827266840466323e-12
3.788715768447306e-12
5.064550811787123e-12
6.748899201955943e-12
8.968204801405874e-12
1.188140790326038e-11
1.569641174371802e-11
2.067716456201547e-11
2.716206010059479e-11
3.558133810505556e-11
4.648273941391863e-11
6.056127025003998e-11
7.869391259431022e-11
1.019894124209883e-10
1.31843073033511e-10
1.700041011762451e-10
2.186672613841443e-10
2.805712248287037e-10
3.591317177551272e-10
4.58596054720804e-10
5.842306414534774e-10
7.425531355702699e-10
9.416073827469236e-10
1.191301603182515e-09
1.503807328118405e-09
1.894044706364812e-09
2.38026370929198e-09
2.98473195008486e-09
3.734563993425302e-09
4.6627019652314e-09
5.809079588211805e-09
7.222005024553084e-09
8.959789991070777e-09
1.109267565295921e-08
1.370510007301025e-08
1.689835184729397e-08
2.079369575302199e-08
2.553601550414487e-08
3.129807360989787e-08
3.828547303677412e-08
4.674242491919304e-08
5.695844555647443e-08
6.927611794879135e-08
8.410005540201917e-08
1.019072580305959e-07
1.232590446298512e-07
1.488147639278364e-07
1.793475473261765e-07
2.157623459666698e-07
2.591165729313297e-07
3.106436692805435e-07
3.717799633398633e-07
4.441952391219282e-07
5.298274584978353e-07
6.309221304866129e-07
7.500768883311104e-07
8.902918587980485e-07
1.055026487310284e-06
1.248263544894297e-06
1.474581076404202e-06
1.739233161444972e-06
2.048240392173763e-06
2.408491057501051e-06
2.827854112086472e-06
3.315305046101179e-06
3.881065896942034e-06
4.536760680004339e-06
5.295587599862869e-06
6.17250947883974e-06
7.184463908071402e-06
8.350594667124594e-06
9.692506351460823e-06
1.123454488503569e-05
1.300410564198619e-05
1.503197108652593e-05
1.735268016737927e-05
2.000493178670547e-05
2.303202478635021e-05
2.64823369948237e-05
3.040984595896658e-05
3.487469408464824e-05
3.994380099832625e-05
4.569152599489523e-05
5.220038353189928e-05
5.956181475821219e-05
6.787701811865884e-05
7.725784209848548e-05
8.782774317044382e-05
9.972281200902793e-05
0.0001130928709780633
0.0001281026458558639
0.0001449330146483953
0.0001637823362384335
0.0001848678614260765
0.0002084272287534329
0.0002347200472690813
0.0002640295688178588
0.0002966644536357542
0.0003329606300181647
0.0003732832487868988
0.0004180287333889251
0.0004676269260215636
0.000522543329656456
0.00058328144526199
0.0006503852028490261
0.0007244414842554358
0.0008060827347750813
0.0008959896599515205
0.0009948940046411918
0.001103581425336807
0.001222894458139432
0.001353735562191081
0.001497070216766837
0.001653930071561258
0.001825416152307052
0.002012702115666894
0.002217037538892919
0.00243975123390422
0.002682254573426583
0.002946044819531725
0.003232708442129615
0.003543924411284789
0.003881467451410455
0.004247211238820453
0.004643131528219356
0.005071309191244862
0.005533933146284122
0.006033303164899243
0.00657183253115116
0.007152050536307806
0.007776604788664578
0.008448263313526397
0.009169916427344755
0.009944578358174246
0.01077538859364439
0.01166561293452683
0.01261864422627814
0.01363800275358499
0.01472733626768586
0.01589041962903532
0.01713115404418085
0.01845356586908894
0.01986180496850467
0.02136014260101206
0.02295296881649374
0.02464478934868243
0.02644022197810835
0.02834399236362091
0.030360929314732
0.03249595949931332
0.03475410157664707
0.03714045973683093
0.03966021665654587
0.04231862584917539
0.04512100341623313
0.04807271920077001
0.05117918733147547
0.05444585618229107
0.05787819773375368
0.06148169635829839
0.06526183704327027
0.06922409305029725
0.07337391305403966
0.07771670775537962
0.08225783600733351
0.08700259048149933
0.0919561828850705
0.09712372879156254
0.1025102320882919
0.1081205690942215
0.1139594723893617
0.1200315143769481
0.126341090661767
0.1328924032532381
0.1396894436610567
0.1467359759358937
0.1540355196831046
0.1615913331478317
0.1694063963836941
0.1774833945857019
0.1858247016475096
0.1944323639725268
0.2033080846488755
0.2124532079981658
0.2218687045862928
0.2315551567585361
0.2415127447227997
0.2517412332933658
0.2622399592995102
0.2730078197523285
0.2840432608284481
0.2953442676811599
0.3069083551889249
0.3187325596321016
0.3308134313866503
0.3431470286829029
0.355728912424042
0.3685541421685627
0.3816172732459465
0.3949123550791316
0.4084329307451491
0.4221720377520759
0.4361222101293684
0.450275481772424
0.4646233910960541
0.4791569870075786
0.4938668361539847
0.5087430315231157
0.5237752023133788
0.5389525251058179
0.5542637363272228
0.569697145940502
0.5852406524384718
0.6008817590139875
0.6166075908852898
0.632404913741675
0.648260153287714
0.6641594160427005
0.6800885111255283
0.6960329726161779
0.7119780824390785
0.7279088946151762
0.7438102624963442
0.7596668670877256
0.7754632422047651
0.7911837961286672
0.8068128352273474
0.8223345954898772
0.8377332766117875
0.8529930724773386
0.8680981974888462
0.8830329130955905
0.8977815568570221
0.912328572204903
0.926658537678793
0.9407561954719416
0.9546064796583282
0.9681945443175446
0.9815057912576373
0.9945258972170838
1.007240840469376
1.019636926749044
1.03170081454833
1.043419539609042
1.054780538588545
1.065771671840896
1.076381245204393
1.086598030836455
1.096411286952919
1.105810776477808
1.114786784561674
1.123330134871526
1.131432204700898
1.139084938787082
1.146280861871668
1.15301308998302
1.159275340352351
1.165061940020217
1.170367833052322
1.175188586425811
1.179520394585388
1.183360082601151
1.186705108001591
1.189553561223343
1.191904164749469
1.193756270954496
1.195109858622468
1.195965528237739
1.196324496000024
1.196188586633029
1.195560225021375
1.194442426676488
1.192838787149885
1.190753470356517
1.188191195875751
1.185157225277501
1.181657347501949
1.177697863426515
1.173285569588908
1.168427741137549
1.163132114063857
1.15740686674798
1.151260600938201
1.144702322159789
1.137741419649578
1.130387645873296
1.122651095639869
1.114542184917037
1.106071629358006
1.097250422627513
1.088089814583366
1.078601289341504
1.068796543331608
1.058687463342716
1.04828610463272
1.037604669151699
1.026655483905919
1.015450979556875
1.004003669252505
0.9923261277479299
0.9804309708578959
0.9683308352701061
0.9560383588057814
0.9435661611135744
0.9309268248393031
0.9181328773029037
0.9051967726993915
0.8921308748866915
0.8789474407503246
0.8656586041897602
0.85227636074533
0.8388125528570198
0.8252788557908803
0.8116867642278528
0.7980475795529257
0.7843723978528662
0.7706720986045635
0.756957334078589
0.7432385194415356
0.7295258235767127
0.7158291606218599
0.7021581822042835
0.6885222703877211
0.6749305313066593
0.6613917894937792
0.6479145828912767
0.634507158522595
0.6211774688291276
0.6079331686429089
0.5947816127942378
0.5817298543382393
0.5687846433710164
0.5559524264311704
0.5432393464554074
0.5306512432768017
0.5181936546463927
0.5058718177519025
0.4936906712264155
0.4816548576130926
0.4697687262742349
0.4580363367221186
0.4464614623369499
0.4350475944538967
0.4237979467948526
0.4127154602369077
0.4018028078945765
0.3910624004812266
0.3804963919333208
0.3701066852702864
0.3598949386730616
0.3498625717607505
0.3400107720439785
0.3303405015459183
0.3208525035587046
0.311547309512702
0.3024252459406712
0.2934864415229418
0.2847308342065723
0.2761581783701301
0.2677680520167152
0.2595598639796026
0.2515328611251457
0.2436861355439622
0.2360186317111848
0.228529153604129
0.221216371765009
0.2140788302960226
0.2071149537805651
0.2003230541150895
0.1937013372428392
0.1872479097803897
0.1809607855271212
0.1748378918524022
0.1688770759513121
0.1630761109656178
0.1574327019638349
0.1519444917716666
0.1466090666492229
0.1414239618099955
0.1363866667797117
0.1314946305919435
0.1267452668171534
0.1221359584251902
0.1176640624776439
0.1133269146503584
0.1091218335853365
0.1050461250694681
0.1010970860400375
0.09727200841860846
0.093568182777621
0.08998290184060455
0.08651346381342392
0.08315717554750636
0.07991135553882539
0.07677333676825195
0.07374046938553755
0.07081012323641693
0.06797969023503951
0.0652465865863139
0.06260825486421567
0.06006216594920377
0.05760582082562055
0.05523675224202158
0.05295252623958491
0.05075074355443462
0.04862904089776467
0.04658509211572164
0.04461660923297041
0.04272134338444883
0.04089708564053265
0.03914166772963959
0.03745296266173021
0.0358288852571605
0.03426739258455325
0.03276648431166271
0.03132420297333122
0.02993863416076527
0.02860790663667427
0.02733019237940868
0.02610370655956733
0.02492670745291314
0.02379749629347341
0.02271441707092092
0.02167585627509567
0.02068024259070027
0.01972604654558307
0.01881178011621989
0.0179359962939641
0.01709728861451196
0.01629429065318743
0.01552567548890909
0.01479015513975548
0.01408647997293011
0.01341343809149766
0.01276985470030155
0.01215459145345763
0.01156654578541614
0.01100465022775746
0.01046787171373042
0.009955210872484152
0.009465701314832176
0.00899840891233725
0.00855243107149954
0.008126896004419367
0.007720961997256683
0.007333816677861843
0.00696467628409511
0.006612784934082918
0.006277413899510358
0.00595786088280119
0.005653449299286419
0.005363527565309011
0.005087468393191841
0.004824668093803202
0.004574545887339499
0.004336543223012003
0.004110123108308705
0.00389476944834369
0.003689986395796401
0.003495297711783001
0.003310246138189903
0.003134392781650707
0.002967316509618733
0.002808613358672995
0.002657895955334044
0.002514792949521201
0.002378948460812722
0.002250021537652451
0.002127685629544231
0.002011628072227914
0.001901549585904597
0.001797163786538133
0.001698196710110281
0.001604386349811567
0.001515482206143647
0.001431244849709057
0.00135144549672759
0.001275865597025687
0.001204296434455736
0.001136538739473831
0.00107240231381527
0.001011705666982085
0.0009542756643987911
0.0008999471870666074
0.0008485628024497028
0.0007999724463647372
0.0007540331157252327
0.0007106085718822014
0.0006695690542517839
0.0006307910041453608
0.000594156798412153
0.0005595544927387181
0.0005268775743749264
0.0004960247239801744
0.000466899586402994
0.0004394105501397525
0.0004134705351734743
0.0003889967890801583
0.0003659106909773916
0.0003441375633182565
0.0003236064910569019
0.0003042501481352779
0.0002860046309423686
0.0002688092986306184
0.0002526066199513457
0.000237342026483766
0.0002229637719868647
0.000209422797714816
0.0001966726034199675
0.0001846691239466731
0.0001733706110911424
0.0001627375206480246
0.0001527324044038719
0.0001433198068742173
0.0001344661666710685
0.0001261397222573736
0.0001183104219794826
0.0001109498381475006
0.0001040310850701728
9.752874085716525e-05
9.141877283599238e-05
8.567846642589918e-05
8.028635737460984e-05
7.522216717960082e-05
7.046674154045514e-05
6.60019918072679e-05
6.18108391972228e-05
5.787716171596182e-05
5.41857436405448e-05
5.072222750652085e-05
4.747306839503714e-05
4.442549052356384e-05
4.156744597542691e-05
3.888757546864112e-05
3.637517110252783e-05
3.402014101059323e-05
3.181297574240843e-05
2.974471640743735e-05
2.78069244248773e-05
2.599165282602672e-05
2.429141903138127e-05
2.269917909304189e-05
2.120830318599624e-05
1.981255246617449e-05
1.850605710998495e-05
1.728329548297089e-05
1.613907449912181e-05
1.506851093419368e-05
1.406701377802357e-05
1.313026755685572e-05
1.225421652013406e-05
1.143504969095243e-05
1.066918675518466e-05
9.953264676055393e-06
9.284125095531195e-06
8.658802380900496e-06
8.074512379441516e-06
7.528641756412902e-06
7.018737925549351e-06
6.54249959834906e-06
6.097767790376338e-06
5.682517389039791e-06
5.294849162238203e-06
4.932982262905748e-06
4.595247093363815e-06
4.280078666566318e-06
3.986010257110305e-06
3.711667468049358e-06
3.455762652489114e-06
3.217089632224117e-06
2.994518710699331e-06
2.786992025835268e-06
2.593519113990455e-06
2.413172782953589e-06
2.245085213552672e-06
2.088444262778477e-06
1.942490052864931e-06
1.806511690318897e-06
1.679844220186002e-06
1.561865767141337e-06
1.45199482265066e-06
1.3496877233512e-06
1.254436242919079e-06
1.165765387947742e-06
1.083231269695057e-06
1.006419137548618e-06
9.349415269321842e-07
8.684365180060202e-07
8.065661028376347e-07
7.49014641753091e-07
6.954874532352223e-07
6.457094376947768e-07
5.994238368630889e-07
5.5639102672871e-07
5.163874179014758e-07
4.792044110286747e-07
4.446474184936838e-07
4.125349440108046e-07
3.826977427232578e-07
3.549780076765827e-07
3.292286103279474e-07
3.053124052101237e-07
2.831015712442807e-07
2.624769994365902e-07
2.433277036395512e-07
2.255502835708943e-07
2.090484252703687e-07
1.93732418750434e-07
1.79518725579658e-07
1.663295663612016e-07
1.540925306953058e-07
1.427402143131435e-07
1.322098765378174e-07
1.224431378206802e-07
1.133856718470873e-07
1.049869331845236e-07
9.719990558444267e-08
8.998086498602e-08
8.328913505899402e-08
7.70869097438258e-08
7.13390274055086e-08
6.601279230637425e-08
6.10778276584194e-08
5.650590444738072e-08
5.227078654439007e-08
4.834809125047215e-08
4.471517880370978e-08
4.135101260035501e-08
3.82360415207982e-08
3.535212668206591e-08
3.268241925370338e-08
3.021126914074813e-08
2.792415845748115e-08
2.580760398682551e-08
2.384909510558218e-08
2.203702826287627e-08
2.036063073910407e-08
1.880990310138884e-08
1.737558503594641e-08
1.604906149205793e-08
1.482236779239904e-08
1.368810724060755e-08
1.263941434585048e-08
1.166994731241209e-08
1.077380301758454e-08
9.945526672646004e-09
9.180056114970955e-09
8.472701790947357e-09
7.819115851675256e-09
7.215269390409639e-09
6.657432856090005e-09
6.142149225521957e-09
5.666219561606769e-09
5.226680780907459e-09
4.820793844756473e-09
4.446018843879239e-09
4.100005359577653e-09
3.780574765953076e-09
3.485718919567665e-09
3.213572037914665e-09
2.962404670411766e-09
2.730622788857332e-09
2.516753593413346e-09
2.319430149190788e-09
2.13738726211896e-09
1.969459333297744e-09
1.814560357156767e-09
1.671696737102582e-09
1.539947403994888e-09
1.418454169641059e-09
1.30643782030036e-09
1.20316602258956e-09
1.107969419609507e-09
1.020216803205564e-09
9.393333792216723e-10
8.647879170162789e-10
7.960858919787893e-10
7.327846433624047e-10
6.744563968908455e-10
6.207174207805808e-10
5.712161387023246e-10
5.256176184303461e-10
4.836164738810686e-10
4.449402087283142e-10
4.093268314677628e-10
3.765344666584426e-10
3.463454661414987e-10
3.18545312568844e-10
2.929531691627651e-10
2.693937329948042e-10
2.477065221158431e-10
2.277457805660348e-10
2.093782904969056e-10
1.924714095328827e-10
1.769215671389459e-10
1.626163466527491e-10
1.494572362510007e-10
1.373532984464178e-10
1.262207821528305e-10
1.159889692413683e-10
1.065729971150079e-10
9.791345892804594e-11
8.994975484622724e-11
8.262836421893036e-11
7.589528064828523e-11
6.969821403600008e-11
6.400000440624627e-11
5.87669752665818e-11
5.395745638383065e-11
4.954200215312705e-11
4.548723870194321e-11
4.176571052389421e-11
3.834295230737929e-11
3.519817715609685e-11
3.231278704954225e-11
2.966323550441911e-11
2.72235383743563e-11
2.498057853825361e-11
2.29186541451995e-11
2.102145340111795e-11
1.927575899694888e-11
1.768078175465914e-11
1.621526375753868e-11
1.487328036889472e-11
1.364100085299366e-11
1.251678147744232e-11
1.148177330389965e-11
1.053599353316023e-11
9.663824233746025e-12
8.865621116943961e-12
8.128010691062458e-12
7.450737835419184e-12
6.830398766767567e-12
6.258356626281893e-12
5.731732017872932e-12
5.250517737448786e-12
4.805092722779157e-12
4.396715988993817e-12
4.027582237140097e-12
3.693988533624751e-12
3.385821595794846e-12
3.106495814439577e-12
2.850628432771415e-12
2.618365293396416e-12
2.406222810256546e-12
2.208091587865391e-12
2.018354469719404e-12
1.846090945369624e-12
1.683963949235942e-12
1.532946402681267e-12
1.397349098422327e-12
1.275546604341119e-12
1.166678137267321e-12
1.067872113075531e-12
9.81946198109495e-13
9.041197638342769e-13
8.363674826275603e-13
7.720677952599427e-13
7.138533129000524e-13
6.558988472366644e-13
5.975914903772324e-13
5.409670525879216e-13
4.830513926574744e-13
4.300234794007013e-13
3.890560435975642e-13
3.537430830926779e-13
3.272789439555243e-13
3.057404979519881e-13
2.88024972560376e-13
2.697907456423088e-13
2.535859974806589e-13
2.359055874126859e-13
2.125906699780723e-13
1.902848931580301e-13
1.670351563527359e-13
1.509855712733002e-13
1.327957943661822e-13
1.150588631501263e-13
1.038656017380009e-13
9.679747699594824e-14
9.155506215356977e-14
9.087666475548552e-14
8.625310251964769e-14
7.880111747220595e-14
7.618584721300933e-14
6.911041820292384e-14
6.597424448180368e-14
6.228114149753175e-14
5.071848060011856e-14
4.09203405924043e-14
3.113595076924782e-14
2.620653667516487e-14
2.040896293829842e-14
1.909553164159061e-14
2.058832868804055e-14
2.626476702628135e-14
2.753457341161815e-14
2.774189099236217e-14
3.136275717588193e-14
3.150105817429898e-14
2.752777000055162e-14
2.102141005661487e-14
1.197068177446321e-14
3.27105866496941e-15
-4.054443670415468e-15
-6.162591362503819e-15
-2.872304142089805e-15
6.503724427560368e-16
6.610095792430535e-15
1.04682501870446e-14
1.717931204723938e-14
2.262144454355838e-14
2.380740414538093e-14
1.714356308254497e-14
8.024538348998403e-15
2.271500649257649e-15
-7.772979751352634e-15
-1.31636516309257e-14
-1.185456250317046e-14
-5.479509473268344e-15
-1.81408712609022e-15
1.46719611876901e-15
3.985638965193661e-15
9.383177825903508e-15
1.037345199649498e-14
1.267828642236361e-14
1.05325540077849e-14
9.372885955819905e-15
6.842758990341818e-15
8.287371438651645e-16
-5.190768932143067e-15
-9.12520165482454e-15
-1.337330633592766e-14
-1.248223163482487e-14
-6.815031376218665e-15
-3.96423125734815e-15
2.345992579531504e-15
7.399306599694195e-15
1.223659692041904e-14
1.566558273030268e-14
1.432383451041862e-14
8.197445874659479e-15
1.743490617670712e-15
-3.255921605052096e-15
-1.038115787191522e-14
-1.057318095061908e-14
-1.130616915173835e-14
-1.03656516764974e-14
-6.184462902406996e-15
-1.664036839004881e-15
6.136271998345789e-15
8.108760672794256e-15
9.168843558974421e-15
1.159750888804967e-14
7.525383147678455e-15
5.197780265173507e-15
9.871945372545818e-16
-4.272612947564136e-15
-7.961312587903804e-15
-8.319591984063431e-15
-6.553999028021183e-15
-4.947251095895398e-15
-1.714631576708247e-15
9.669416650991058e-16
3.103828397189418e-15
3.804846423750437e-15
1.700266444805845e-15
3.818870958830811e-15
6.134575967126013e-15
-4.153136129653027e-17
2.3378687385157e-15
1.178920537419995e-15
-8.855150121856873e-16
-1.372813285832683e-15
-6.061317926310174e-16
-2.3782729864418e-15
-3.413841774343656e-15
-3.213072300266821e-15
-7.145950133045691e-15
-4.671765279792303e-15
-3.279476614138307e-16
7.224759722172227e-15
9.809462873859368e-15
8.8681598253811e-15
4.020869000887949e-15
1.185592301431366e-15
-1.632331408980291e-15
-6.762952580177527e-15
-6.384479838218262e-15
-5.016706301581332e-15
-2.871406783244007e-15
-1.179065900322977e-15
3.585769708482848e-15
6.835971776573346e-15
2.716947525585779e-15
2.080762358913342e-15
-6.091883501373934e-16
-2.518707135914352e-16
-2.212768976300539e-15
-7.067324241828927e-16
-1.289366825845618e-15
-2.454468635635854e-15
-2.637687028912232e-16
3.229860191273109e-15
4.011715434633161e-15
1.54346862934178e-15
-1.628012306905463e-15
-2.322545346857426e-17
-1.256244525721482e-15
6.446254838414739e-16
1.516459964235265e-15
-3.778175569598446e-15
-6.597318114722112e-15
-1.093299277149448e-15
2.817564445263989e-15
3.794186991239301e-15
4.693746427033091e-15
1.253006900098592e-15
1.584816410024845e-15
-8.308627041938361e-16
-7.601629012277761e-16
-5.19568830631953e-15
-2.346608317721935e-15
1.28351968056066e-15
5.177396100023559e-15
3.763618530786313e-15
-1.792398637017164e-15
-3.792749887023301e-15
-2.488031260207566e-15
-4.326736858162287e-15
-5.063682972755081e-15
-2.650577322004387e-15
2.915942799504391e-16
6.664712744857915e-15
8.799704041436919e-15
9.235547594721622e-15
5.202544154375122e-15
2.28505900728329e-15
-3.12739632849958e-15
-6.372860400317592e-15
-6.454430757022422e-15
-5.60082834626379e-15
-9.749230133373935e-15
-9.67094844687242e-15
-3.36279620620345e-15
5.426034850830517e-15
8.493576742413018e-15
8.146257285937946e-15
1.265424712854436e-14
1.117959213963517e-14
6.543495263390649e-15
-8.523884736289676e-16
-4.793007290505463e-15
-1.190319676968838e-14
-1.049201293761721e-14
-1.332343166959021e-14
-6.218448537519989e-15
-1.370118267525413e-15
3.032619889632093e-15
4.003432300363847e-15
6.88751077149577e-15
7.750041523501114e-15
8.89875935052847e-15
3.694281771882188e-15
4.308925834063605e-15
3.953535546438246e-15
2.043805475437629e-15
-1.405417640577884e-15
-6.286793532480433e-15
-1.07729877257621e-14
-1.505244490808728e-14
-1.321314339579425e-14
-8.869892282744849e-15
3.388045262933178e-16
6.261964306811093e-15
1.519408971088182e-14
1.649708278526685e-14
1.434870823214769e-14
1.222335164711147e-14
7.696295227104567e-15
-5.589448097878298e-16
-9.581009387079328e-15
-1.643253142589541e-14
-1.986091721664359e-14
-2.016833379657935e-14
-1.315461784825822e-14
-4.601454118548213e-15
5.62115748020779e-15
1.410213232232061e-14
2.360987819826992e-14
2.284202580470536e-14
1.528259388784708e-14
5.157352299612628e-15
-5.784210439914232e-15
-1.431138791584174e-14
-1.362982744854137e-14
-1.206041736117256e-14
-1.147030227465809e-14
-7.529077673271145e-15
-2.42509702833269e-15
3.568584552668159e-16
5.111649257551287e-15
5.713401893249364e-15
7.363250837490021e-15
1.116087356652288e-14
1.386402141443534e-14
7.816358389563341e-15
9.983739025385861e-16
-2.055909372051991e-15
-6.120262808097158e-15
-1.136124376990843e-14
-9.299457825742603e-15
-1.089268000053237e-14
-1.00490022704456e-14
-6.266176057774577e-15
-6.517529652344444e-16
6.755287907994741e-15
1.391314468870009e-14
1.383894247823479e-14
8.463491841671208e-15
6.425190366941692e-15
3.201752535455418e-15
1.582245301836599e-15
-6.594394727700803e-15
-7.976992547056533e-15
-1.089369363215791e-14
-1.207721055554553e-14
-9.479660339181142e-15
-1.161670095318418e-17
-1.052178594326347e-16
1.376557778520997e-15
4.064155499943527e-15
6.899554624258976e-15
1.19522462109429e-14
1.119527785997341e-14
1.012486813789327e-14
4.657061769392759e-15
-3.985050635609892e-15
-1.020503820793504e-14
-1.343230554021338e-14
-1.229517275926397e-14
-8.846555559628391e-15
-6.935953650621034e-15
-6.069026121429212e-16
