-8.609530221637073e-13
-5.071631459645517e-13
-3.029649138122312e-13
-1.809553650128968e-13
-1.083681612285043e-13
-6.509059522521416e-14
-3.920596013123373e-14
-2.366308300165442e-14
-1.460669886908808e-14
-9.30188691851907e-15
-6.857015806395139e-15
-6.014279855096169e-15
-6.464066763810376e-15
-7.978952491149031e-15
-1.006998367875979e-14
-1.345621712896461e-14
-1.659526008179081e-14
-2.067752080755004e-14
-2.450241757272825e-14
-2.88630075957107e-14
-3.273708603588723e-14
-3.71836409043144e-14
-3.943290986585848e-14
-4.300389547298788e-14
-4.457543868927257e-14
-4.438544008850708e-14
-4.439938421818082e-14
-4.222474944091687e-14
-3.912632655013697e-14
-3.482433885860233e-14
-2.580465077932121e-14
-1.5395802348884e-14
-1.874155046826419e-15
1.741929495503943e-14
4.1491177257574e-14
7.271601201301742e-14
1.145427514481045e-13
1.685139540119516e-13
2.388610325198294e-13
3.316558661350188e-13
4.522692477037343e-13
6.103995865111612e-13
8.188857986709215e-13
1.09321453750461e-12
1.455348871567369e-12
1.931119541272768e-12
2.559527013006405e-12
3.385755748901052e-12
4.473364806905382e-12
5.900017585517506e-12
7.766712152213399e-12
1.020528249595885e-11
1.338030478229242e-11
1.750259238894104e-11
2.28386913016876e-11
2.9726372107876e-11
3.859092930924272e-11
4.996929566749629e-11
6.453356901350284e-11
8.312801394035814e-11
1.068071855652755e-10
1.368853273254197e-10
1.750033396263027e-10
2.231930510583722e-10
2.839750107682118e-10
3.604651905797154e-10
4.56505273113654e-10
5.768213987615354e-10
7.272180898962163e-10
9.148018673571522e-10
1.148260165632276e-09
1.438186305185166e-09
1.79747070917394e-09
2.241769831188596e-09
2.790053933208255e-09
3.465264810823112e-09
4.295095789398683e-09
5.312904899978969e-09
6.558793235148406e-09
8.080882389999807e-09
9.93680343108444e-09
1.219544407156317e-08
1.493899955697591e-08
1.826535746094155e-08
2.229088208536763e-08
2.715365101173342e-08
3.301721689343138e-08
4.007496002781679e-08
4.855513170535606e-08
5.872667278942284e-08
7.090592524608764e-08
8.546434770279573e-08
1.028373922779695e-07
1.235346636809534e-07
1.481515643167077e-07
1.773825835250814e-07
2.120364641750092e-07
2.530534573741351e-07
3.015249327910274e-07
3.587156108484886e-07
4.260887322687634e-07
5.053344905743767e-07
5.984021078920295e-07
7.075360119999051e-07
8.35316554564986e-07
9.847057361270339e-07
1.159098484568421e-06
1.362380064880909e-06
1.598990240264399e-06
1.873994886130204e-06
2.193165768378181e-06
2.56306931330268e-06
2.991165181425192e-06
3.48591560919649e-06
4.056906457477241e-06
4.714981054566985e-06
5.472387923541744e-06
6.342943602435076e-06
7.342211818994435e-06
8.487700355005535e-06
9.799077012025201e-06
1.129840617411541e-05
1.30104075147463e-05
1.496273850043026e-05
1.718630238570861e-05
1.971558346603975e-05
2.258901144342448e-05
2.584935685752081e-05
2.954415976621494e-05
3.372619365502125e-05
3.845396662796403e-05
4.379226204115307e-05
4.981272074141427e-05
5.659446713377726e-05
6.422478126181354e-05
7.279981913536168e-05
8.242538344604634e-05
9.321774682107448e-05
0.0001053045296943596
0.0001188256349569917
0.0001339342432930073
0.0001507978721963089
0.0001695994990006981
0.0001905387478740066
0.0002138331432262292
0.0002397194323273424
0.0002684549789295966
0.0003003192285088906
0.0003356152461361242
0.0003746713275990658
0.0004178426846135876
0.0004655132044149863
0.0005180972833259173
0.0005760417342360304
0.0006398277667728997
0.0007099730392095348
0.0007870337805462431
0.0008716069802340579
0.0009643326435943119
0.001065896109198021
0.0011770304249946
0.001298518779113307
0.001431196979990148
0.001575955981426201
0.001733744445703678
0.001905571338768289
0.002092508550420301
0.002295693530793446
0.002516331935976402
0.002755700272254615
0.003015148530026204
0.003296102797084407
0.003600067838972793
0.003928629636624094
0.004283457866979856
0.004666308314726143
0.005079025201804272
0.005523543419053025
0.006001890648184621
0.006516189356297369
0.007068658648863977
0.007661615965560362
0.008297478600570998
0.008978765034594358
0.009708096058170242
0.01048819567160982
0.01132189174493363
0.01221211641786426
0.01316190622774362
0.01417440194386369
0.01525284809471398
0.01640059217241208
0.01762108349460585
0.01891787171485323
0.02029460496052808
0.02175502758804947
0.02330297754278227
0.02494238330640106
0.02667726042874095
0.02851170762565234
0.03044990243821364
0.03249609644605157
0.0346546100225095
0.03692982663764196
0.03932618669488055
0.04184818090487274
0.04450034319691337
0.04728724316219128
0.05021347804542722
0.05328366427711938
0.05650242856068473
0.05987439852439086
0.06340419293991365
0.06709641153673779
0.07095562441166925
0.07498636105976161
0.07919309904686717
0.0835802523331613
0.08815215928897359
0.09291307041001115
0.0978671357716627
0.1030183922528825
0.1083707505452707
0.1139279820007514
0.1196937053310412
0.1256713732098083
0.131864258816522
0.1382754423430439
0.1449077975277884
0.1517639782333962
0.1588464051258699
0.1661572524996513
0.173698435273746
0.1814715962338279
0.1894780935344442
0.1977189885232037
0.2061950339332125
0.2149066624675329
0.2238539758544042
0.2330367343828058
0.2424543469801642
0.2521058618760217
0.2619899578728299
0.2721049363087566
0.2824487137065556
0.293018815149942
0.3038123684228085
0.3148260989531423
0.3260563256904688
0.3374989578422115
0.3491494923181703
0.3610030118980986
0.3730541845931342
0.3852972650916408
0.3977260974165825
0.4103341166286329
0.42311434934194
0.4360594159070151
0.4491615375524269
0.4624125458066583
0.4758038909114735
0.489326648852018
0.5029715293657572
0.5167288862902832
0.5305887292948647
0.5445407363328802
0.5585742667321512
0.572678375149327
0.5868418265344927
0.601053111946047
0.6153004651553611
0.6295718800011085
0.6438551284462726
0.6581377793687759
0.6724072179738324
0.686650665807682
0.7008552013250814
0.7150077809267092
0.7290952604757827
0.7431044171799567
0.7570219718180208
0.770834611256645
0.7845290111605041
0.798091858895327
0.8115098765090938
0.824769843776647
0.8378586212507217
0.8507631732112764
0.8634705905054568
0.8759681131690007
0.8882431528207534
0.9002833147758111
0.9120764197696632
0.9236105252895196
0.9348739464081229
0.9458552761126796
0.9565434050809134
0.9669275408133453
0.9769972261357989
0.9867423569677405
0.9961531993456905
1.005220405663448
1.013935030062635
1.022288543005542
1.030272844933033
1.037880278998121
1.045103642850296
1.051936199430138
1.058371686827691
1.064404327115788
1.070028834160042
1.075240420394665
1.08003480253435
1.084408206275897
1.088357369932156
1.091879547035554
1.094972507915733
1.097634540217033
1.099864448410567
1.101661552267639
1.103025684340236
1.103957186466968
1.104456905297455
1.104526186911226
1.104166870502342
1.103381281178629
1.102172221904918
1.100542964597515
1.098497240452547
1.09603922949172
1.093173549375114
1.089905243518759
1.086239768543217
1.082182981146664
1.077741124388431
1.072920813433965
1.067729020802758
1.06217306114739
1.056260575647642
1.049999516022862
1.043398128231895
1.036464935902494
1.029208723501549
1.021638519312336
1.013763578238377
1.005593364507834
0.9971375343193069
0.9884059184381743
0.9794085048074662
0.9701554211871246
0.9606569178828599
0.9509233506005031
0.9409651634392213
0.9307928720820727
0.9204170471922268
0.9098482980640812
0.8990972565590439
0.8881745613368964
0.8770908424320133
0.8658567061782919
0.8544827205246479
0.8429794007631787
0.8313571956718858
0.8196264741100002
0.8077975120638745
0.7958804801704125
0.7838854317320083
0.7718222912268171
0.7597008433454323
0.747530722543969
0.7353214031364114
0.7230821899314137
0.7108222093984404
0.6985504013726699
0.6862755112964714
0.674006083020508
0.66175045216283
0.6495167400032757
0.6373128479187058
0.625146452344895
0.6130250002664209
0.6009557052282365
0.5889455438596697
0.5770012529213681
0.5651293268440468
0.5533360157425877
0.5416273238951487
0.5300090086824181
0.5184865799932541
0.507065300063562
0.4957501837324164
0.4845459991011341
0.4734572685799383
0.462488270316913
0.4516430399838315
0.4409253729054946
0.4303388265167188
0.4198867231288596
0.4095721529989199
0.3993979776750158
0.3893668336035935
0.3794811359818627
0.3697430828360728
0.3601546593143347
0.3507176421737235
0.3414336044521876
0.3323039203090659
0.3233297700114807
0.3145121450536941
0.305851853392393
0.2973495247867037
0.2890056162287435
0.2808204174488005
0.2727940564862416
0.2649265053084952
0.2572175854686931
0.2496669737893575
0.2422742080551414
0.2350386927028371
0.2279597044998313
0.2210363982090512
0.2142678122295603
0.2076528741942603
0.2011904065131925
0.1948791318580151
0.1887176785875712
0.1827045861064491
0.1768383101416147
0.1711172279285174
0.1655396433040041
0.1601037917073189
0.1548078450833599
0.1496499166767281
0.144628065710265
0.1397403019473971
0.134984590140373
0.1303588543608339
0.1258609822053338
0.1214888288725892
0.1172402211121579
0.1131129610457948
0.1091048298603155
0.1052135913692889
0.1014369954442235
0.09777278131375919
0.0942186807308828
0.09077242100863075
0.08743172792584886
0.08419432850561528
0.08105795366540465
0.07802034073952842
0.07507923587551944
0.07223239630712999
0.0694775925071915
0.06681261022073649
0.06423525237947458
0.06174334090020205
0.05933471837088996
0.05700724962851152
0.05475882322947272
0.05258735281436463
0.05049077837014346
0.04846706739307571
0.04651421595613293
0.04463024968315737
0.04281322463313765
0.04106122809755131
0.03937237931334722
0.03774483009469692
0.03617676538653328
0.03466640374307634
0.0332119977343692
0.03181183428407151
0.03046423494206677
0.02916755609411393
0.02792018911102458
0.02672056044035174
0.02556713164391259
0.02445839938449112
0.0233928953638382
0.02236918621440117
0.02138587334750286
0.02044159276075769
0.01953501480760634
0.01866484393098205
0.01782981836350166
0.01702870979643432
0.01626032301980448
0.01552349553600823
0.01481709714879046
0.01414002952966695
0.01349122576371272
0.01286964987664492
0.01227429634511122
0.01170418959183817
0.01115838346730338
0.01063596071953514
0.01013603245361375
0.009657737582412177
0.009200242269900448
0.008762739368291927
0.008344447850313455
0.00794461223780581
0.0075625020278377
0.007197411117299289
0.006848657227104877
0.006515581326822685
0.006197547060768875
0.00589394017636261
0.005604167955579257
0.005327658650113158
0.005063860920964012
0.004812243283128513
0.004572293555924577
0.00434351831953133
0.004125442378202143
0.003917608230581203
0.003719575547596242
0.00353092065829804
0.003351236043961825
0.003180129840716699
0.003017225350954374
0.002862160563826083
0.002714587684999166
0.002574172675869842
0.002440594802298011
0.0023135461930321
0.002192731407906008
0.002077867015888657
0.001968681182992985
0.001864913270125239
0.001766313440834804
0.001672642279019791
0.001583670416469454
0.001499178170282318
0.001418955190047745
0.001342800114733243
0.001270520239174722
0.0012019311901192
0.001136856611634036
0.001075127859858901
0.001016583706906193
0.0009610700537910543
0.0009084396522771006
0.0008585518354353059
0.000811272256813288
0.0007664726380550457
0.0007240305247972355
0.0006838290506055849
0.0006457567088979825
0.0006097071326178711
0.0005755788814904137
0.0005432752366943591
0.0005127040027446191
0.0004837773164668203
0.0004564114628059881
0.0004305266973465567
0.00040604707539033
0.0003829002873172908
0.0003610175001576666
0.0003403332051455969
0.0003207850710653925
0.0003023138032774937
0.0002848630081985746
0.0002683790631134479
0.0002528109911232787
0.0002381103410653117
0.0002242310722698462
0.0002111294439839723
0.0001987639092984867
0.0001870950134532839
0.0001760852963306328
0.0001656991990473687
0.0001559029744457113
0.0001466646014068623
0.0001379537027705439
0.0001297414668359129
0.0001220005721958321
0.0001147051158814466
0.0001078305446433339
0.0001013535892435614
9.52522016865947e-05
8.950549522815347e-05
8.409368708994188e-05
7.899804376162582e-05
7.420082876507085e-05
6.968525285206002e-05
6.54354264363442e-05
6.143631425344304e-05
5.767369214178142e-05
5.413410578166523e-05
5.080483144939008e-05
4.767383856699196e-05
4.472975405646461e-05
4.196182838450235e-05
3.935990324526581e-05
3.691438078027148e-05
3.461619432172035e-05
3.245678051631442e-05
3.042805285592069e-05
2.85223764758351e-05
2.673254421760141e-05
2.505175387213376e-05
2.347358653614288e-05
2.199198609416251e-05
2.0601239702174e-05
1.929595925085854e-05
1.807106380688915e-05
1.692176289860585e-05
1.584354069342972e-05
1.483214096216971e-05
1.388355284803779e-05
1.299399735224206e-05
1.215991450285383e-05
1.137795124647516e-05
1.064494992225752e-05
9.95793738104166e-06
9.31411464338995e-06
8.71084713895678e-06
8.14565545195949e-06
7.616206555263376e-06
7.120305522486616e-06
6.655887686758185e-06
6.221011205530535e-06
5.813850054077575e-06
5.432687381433258e-06
5.075909242234668e-06
4.741998658613462e-06
4.429530022298265e-06
4.13716379622619e-06
3.863641499945775e-06
3.607780996135933e-06
3.368472031607027e-06
3.144672010813242e-06
2.935402029299338e-06
2.739743117863703e-06
2.556832699908772e-06
2.385861261797934e-06
2.226069189028101e-06
2.076743800454059e-06
1.937216544099784e-06
1.806860363883313e-06
1.685087186448215e-06
1.571345612959652e-06
1.465118670054363e-06
1.365921754693322e-06
1.273300657483247e-06
1.186829727967823e-06
1.106110111758093e-06
1.030768147953409e-06
9.604538115235909e-07
8.948392608827016e-07
8.336174786648479e-07
7.765009848867635e-07
7.232206376660334e-07
6.735244950981467e-07
6.271767452077042e-07
5.839567047162182e-07
5.436578711374269e-07
5.060870477003765e-07
4.710635061162586e-07
4.38418200597393e-07
4.07993030070733e-07
3.796401584387708e-07
3.532213617687958e-07
3.286074131797599e-07
3.056775243212602e-07
2.843188098392187e-07
2.644257743869855e-07
2.458998510332274e-07
2.286489405260592e-07
2.12587025244039e-07
1.97633753445902e-07
1.837140859212676e-07
1.707579561227307e-07
1.586999405022827e-07
1.474789720459291e-07
1.370380332058821e-07
1.273239162090995e-07
1.182869607623645e-07
1.098808349393691e-07
1.020623036431576e-07
9.479104011224788e-08
8.802942752271995e-08
8.174238462690572e-08
7.58971885268794e-08
7.046334312026169e-08
6.541241290714152e-08
6.071788216023879e-08
5.635503594364429e-08
5.230084520066445e-08
4.85338412699492e-08
4.503402920072307e-08
4.178277737831856e-08
3.876272460158579e-08
3.59577084230099e-08
3.335266722636664e-08
3.093357456552281e-08
2.868737393143385e-08
2.660190766773641e-08
2.466584996782569e-08
2.286867108846569e-08
2.120056266162115e-08
1.965241163755902e-08
1.821572399063271e-08
1.688259709349801e-08
1.564568294755394e-08
1.449814431688817e-08
1.34336146530999e-08
1.244618594683957e-08
1.153035918187814e-08
1.068101985401004e-08
9.893413640346736e-09
9.163115767586123e-09
8.486013941103717e-09
7.858283997244247e-09
7.276383354729737e-09
6.737009062106619e-09
6.237097461674125e-09
5.773808628120819e-09
5.344497456003763e-09
4.946706791033099e-09
4.578154457479765e-09
4.23671951408335e-09
3.920436769879733e-09
3.627477103673241e-09
3.356147073869341e-09
3.104870964455026e-09
2.872178350209421e-09
2.656714473077834e-09
2.457218507749493e-09
2.272519088136596e-09
2.101540258033297e-09
1.943274287674532e-09
1.796786931744616e-09
1.66121847463209e-09
1.53575920569198e-09
1.419666410816552e-09
1.312253189983502e-09
1.212876990342226e-09
1.120945608657683e-09
1.035904737377975e-09
9.572428431179272e-10
8.844919071926939e-10
8.172101412481317e-10
7.549917595480375e-10
6.97455152981629e-10
6.442612385016489e-10
5.950775571023767e-10
5.496021184996267e-10
5.075611630045821e-10
4.687047757919363e-10
4.327958405896634e-10
3.996123550778591e-10
3.689451406523062e-10
3.406082104615664e-10
3.144317190176699e-10
2.902430975434302e-10
2.679012927099977e-10
2.472638231189549e-10
2.281993258561756e-10
2.105860147062359e-10
1.943156749456676e-10
1.79290950253977e-10
1.654130861354955e-10
1.525991721401351e-10
1.407695459479724e-10
1.298497296594132e-10
1.197735213145438e-10
1.104718691183311e-10
1.018854505931659e-10
9.395872094657035e-11
8.664444555669785e-11
7.989362561814043e-11
7.366405184656536e-11
6.791363459341827e-11
6.260897333359023e-11
5.771609390664921e-11
5.320170335723842e-11
4.903744417746882e-11
4.519563211850544e-11
4.165542660517998e-11
3.839025188992167e-11
3.537777334855855e-11
3.259572304495399e-11
3.003109017867996e-11
2.766409818614112e-11
2.548481034641013e-11
2.347273933277034e-11
2.161926053615897e-11
1.991375434968977e-11
1.834695625932521e-11
1.690295555415144e-11
1.557153299373163e-11
1.434224821435196e-11
1.320969962944803e-11
1.216204997418218e-11
1.11973161923262e-11
1.03027587630301e-11
9.481184046726195e-12
8.726640677759404e-12
8.028556882618857e-12
7.38739519441594e-12
6.797914007001425e-12
6.256404436487469e-12
5.764138973987649e-12
5.306861044537021e-12
4.887527229954682e-12
4.500117561602084e-12
4.141811648828816e-12
3.812137067515561e-12
3.510531956325396e-12
3.227378427556192e-12
2.965215540476772e-12
2.722365967421253e-12
2.495861244853718e-12
2.29056852867295e-12
2.105849590607597e-12
1.941788697569718e-12
1.790101329455425e-12
1.649465750783455e-12
1.520685666002233e-12
1.402535556707e-12
1.289775850558749e-12
1.183784775702534e-12
1.087060671913527e-12
9.979337094871656e-13
9.139906187294224e-13
8.384809120405193e-13
7.678709121496348e-13
7.053392127533414e-13
6.472248701062936e-13
5.944225859852671e-13
5.486183520269522e-13
5.083961539034282e-13
4.698983155908405e-13
4.312711929204406e-13
3.944084915539124e-13
3.652199219306072e-13
3.350402590691712e-13
3.091368511782883e-13
2.824123038490679e-13
2.576149560267728e-13
2.308458879367132e-13
2.105762065962031e-13
1.911152121068451e-13
1.780440497113569e-13
1.677324547046782e-13
1.574042773425509e-13
1.44117917645383e-13
1.343474247991768e-13
1.242966892869243e-13
1.115444627166223e-13
1.013383380338204e-13
9.352481498792675e-14
8.888057546614715e-14
7.98634564852644e-14
7.081653435913962e-14
6.093823321395536e-14
5.259684545711863e-14
4.702038111599945e-14
4.50184035499824e-14
4.370036458819211e-14
4.2212350126864e-14
4.401311279624034e-14
4.304251966703353e-14
4.291635178660085e-14
3.978717043162683e-14
3.312946570994442e-14
2.805799514508435e-14
2.310921388959587e-14
1.636931526379174e-14
1.362026257371671e-14
8.4964474437026e-15
7.130566018535179e-15
9.362177802659782e-15
1.009875005356551e-14
1.483951479270314e-14
1.185171065791244e-14
1.512020045901508e-14
1.811572407217173e-14
1.897903078147371e-14
1.967243283255396e-14
1.438978356243596e-14
1.13019206826186e-14
3.51904454405248e-15
4.301170700973792e-15
-4.274993040395741e-15
-9.829060221485202e-15
-1.007523037685911e-14
-7.894325240261488e-15
2.199980354140158e-16
6.121365184538992e-15
1.073953168007558e-14
1.297466100331957e-14
1.314435312160371e-14
1.598722194726756e-14
1.542247105072172e-14
8.72253666896818e-15
1.301441951047549e-15
-7.311505183008015e-15
-1.096817791972535e-14
-1.078281327102273e-14
-7.450843253128356e-15
-5.582716437462701e-15
3.944141239956735e-16
5.860041078926457e-16
7.766744766552823e-16
2.584546821368874e-15
6.431041192836498e-15
8.826605316788357e-15
1.121423799253357e-14
1.093875472552233e-14
4.575137036429318e-15
1.666875477287994e-15
-7.08468200518185e-16
-4.357714701094896e-15
-9.066810264073242e-15
-8.57648782297468e-15
-6.504599636357185e-15
-4.984085162601578e-15
-2.545344179754597e-15
-8.729545966881614e-16
9.580783825699868e-16
5.917972067363399e-15
9.066949013094166e-15
7.837088463257464e-15
3.179510597430579e-15
2.52554645529791e-15
1.429795170205041e-15
1.899540465612127e-15
-3.133622457766569e-15
-3.107721342234844e-15
-4.348360015604295e-15
-4.623524238971868e-15
-3.780959204100202e-15
-3.212546188629766e-15
4.394756671587977e-16
4.150870073976764e-15
2.675247779184463e-15
-9.107946455407173e-16
-3.830441265181147e-15
-3.452075666305973e-15
-1.576847116380463e-15
1.964848264240143e-15
7.296996492495371e-15
1.120301080019016e-14
9.28296564043074e-15
8.308289566767882e-15
2.991068219735694e-15
-6.584034372967179e-15
-1.272346724172451e-14
-1.467855174737382e-14
-1.339202981179938e-14
-8.176104937340417e-15
-5.27770928735879e-15
-1.4464084688134e-16
6.789081678816096e-15
1.037243202050356e-14
1.341036579634916e-14
1.606623390359217e-14
1.237492302506421e-14
5.017790542075007e-15
1.769390543039765e-16
-6.368004140627868e-15
-9.521099570725513e-15
-1.215365225603324e-14
-1.435782136744812e-14
-1.147991281045505e-14
-6.227786724370775e-15
-3.312071878458321e-15
1.075802783096853e-15
4.858554967365416e-15
9.799580987587228e-15
1.200095299129129e-14
1.219421748788347e-14
1.310820097201863e-14
9.720297020259723e-15
2.486014036663069e-15
-3.46989609881154e-15
-7.657223865941103e-15
-1.104130578276552e-14
-1.490108924203125e-14
-1.511667431392979e-14
-1.110860304577401e-14
-4.910180036859389e-15
6.362438391403443e-17
5.931213586152378e-15
9.253849061278398e-15
1.197072186473281e-14
1.357088843738284e-14
1.365886419430776e-14
8.758319374024499e-15
6.517212795835088e-15
2.019332828823092e-15
-3.184049045325197e-15
-1.399817944394743e-14
-2.167273955240796e-14
-2.234803217205756e-14
-1.350203920062347e-14
-8.267790419610529e-15
3.067704614226911e-15
1.211596689066418e-14
1.470057299265661e-14
1.911004222451346e-14
1.36526932127137e-14
7.773652389693327e-15
2.792091048187973e-15
-2.432074108776507e-15
-5.790866467053376e-15
-6.549846032414028e-15
-9.708665736836085e-15
-8.573442049153021e-15
-7.807375119667122e-15
-8.115739740683705e-15
-1.968540712561074e-15
2.036540764496345e-15
2.368903946535584e-15
4.362488385379681e-15
6.306077159600668e-15
5.817543498622745e-15
6.79693518006535e-15
5.354971507725757e-15
5.410308562278113e-16
7.866164016843662e-16
3.400759097412701e-15
3.533485551948521e-15
-1.329598491056809e-15
-3.641786498630256e-15
-6.301507952334548e-15
-1.396863308691786e-14
-1.350471619471821e-14
-9.79529466217254e-15
-4.197414765712449e-15
4.172485720956551e-15
6.249594403513273e-15
1.281060926632204e-14
1.533465754987547e-14
1.416591458874986e-14
1.182711209147253e-14
6.528649467643614e-15
-8.354274502281212e-16
-8.856629752171091e-15
-1.379010212681428e-14
-1.755060538252047e-14
-1.603634843307734e-14
-1.275164177608157e-14
-5.471846112210627e-15
2.507957375198439e-15
6.125537954424035e-15
1.093080333468331e-14
1.57324156605914e-14
1.466697894154774e-14
1.334259755061955e-14
6.143101785845262e-15
2.483361258767763e-15
-4.680946669908556e-15
-1.102411570068995e-14
-1.303790454985092e-14
-1.36552990777835e-14
-1.027098986806156e-14
-8.485073382958999e-15
-4.555285906993301e-15
3.885147858944062e-16
8.388794231750902e-15
1.284459386114704e-14
1.072916439288498e-14
9.424170504179697e-15
8.535673206070399e-15
3.259596599395345e-15
3.293485178218992e-17
-3.614095005740831e-15
-6.843405317552458e-15
-7.309657935204634e-15
-7.663129311628239e-15
