2.466976156497823e-12
1.550430412168935e-12
9.792606403287612e-13
6.192236066327409e-13
3.921362482800068e-13
2.475177336065284e-13
1.542735653938182e-13
9.417658970382644e-14
5.394091881503736e-14
2.716342730815608e-14
8.883051407894835e-15
-4.400438258198816e-15
-1.346064438738835e-14
-1.894082217054725e-14
-2.331594672805367e-14
-2.410976927512337e-14
-2.24183279056616e-14
-1.77006417049436e-14
-1.016493260402639e-14
4.459530920892615e-15
2.215941646576568e-14
4.790396992694336e-14
8.347247169293202e-14
1.294589748269666e-13
1.90465862914191e-13
2.718759392507468e-13
3.801692995488604e-13
5.227253812783592e-13
7.121729679443821e-13
9.64922430324245e-13
1.302484356867161e-12
1.751280675055572e-12
2.349937068895241e-12
3.14601446498074e-12
4.203980812761173e-12
5.601882514324224e-12
7.448199839358781e-12
9.877254186361671e-12
1.3061642246451e-11
1.722576958520422e-11
2.26537968010043e-11
2.971079006734557e-11
3.885910037639876e-11
5.068460455475701e-11
6.593359852761445e-11
8.554303966963697e-11
1.106966558416603e-10
1.428840687575012e-10
1.839668812704104e-10
2.362794195594386e-10
3.027303607897197e-10
3.869396555590857e-10
4.934033347834727e-10
6.276873378910238e-10
7.966682115634429e-10
1.008823525090088e-09
1.274575901198141e-09
1.606712863873844e-09
2.020889220740882e-09
2.536221922523349e-09
3.176009833661123e-09
3.968580299385435e-09
4.948303501894237e-09
6.156790348933091e-09
7.644311023519018e-09
9.471470571251598e-09
1.171117997280695e-08
1.445097752905357e-08
1.779575007517643e-08
2.187091719899225e-08
2.682615748255881e-08
3.283974977088988e-08
4.012362740531168e-08
4.892925459989854e-08
5.95544315278418e-08
7.235118532611678e-08
8.773487053258195e-08
1.061946764730857e-07
1.283057181897709e-07
1.547429285490539e-07
1.862969909582083e-07
2.238925898738236e-07
2.686092609062384e-07
3.217051884257591e-07
3.846443084548094e-07
4.591271270930993e-07
5.471257017627447e-07
6.509232820955562e-07
7.731591496218021e-07
9.168792522569474e-07
1.085593288532192e-06
1.283338938274385e-06
1.514754024484197e-06
1.785157430161867e-06
2.100639666914846e-06
2.468164081647746e-06
2.895679716808458e-06
3.392246947150066e-06
3.968177062634275e-06
4.635187041058731e-06
5.406570817097666e-06
6.297388427663869e-06
7.324674683119787e-06
8.507669634261957e-06
9.868072383999281e-06
1.143031996439772e-05
1.322189326369967e-05
1.527365207257199e-05
1.762020145493526e-05
2.030029171402978e-05
2.33572543524582e-05
2.683947650541172e-05
3.080091641649115e-05
3.530166261865287e-05
4.040853955994784e-05
4.619576246761004e-05
5.274564434060172e-05
6.014935795473674e-05
6.850775585368418e-05
7.793225128321842e-05
8.854576302062646e-05
0.0001004837270606634
0.0001138951780353177
0.000128943903197651
0.0001458096716784021
0.0001646895415988295
0.0001857992474756097
0.0002093746706875886
0.0002356733967678281
0.0002649763608829201
0.0002975895828738256
0.0003338459932803601
0.0003741073514426555
0.000418766256349413
0.0004682482504261268
0.00052301401590662
0.0005835616628416719
0.0006504291070978879
0.0007241965360621908
0.0008054889603193283
0.0008949788608217351
0.0009933889340967286
0.001101494919789639
0.001220128493279981
0.001350180223329293
0.001492602596814549
0.001648413105883341
0.001818697385895406
0.002004612395764106
0.002207389630573467
0.002428338358420496
0.002668848871067468
0.00293039573475959
0.003214541030938933
0.003522937570971057
0.003857332072231285
0.004219568280723433
0.004611590021979747
0.005035444166917565
0.005493283491601542
0.005987369414850352
0.006520074595148377
0.007093885364187234
0.007711403981690977
0.008375350686040001
0.009088565522604418
0.009854009928856164
0.01067476805039396
0.01155404777237712
0.01249518143790573
0.01350162623541421
0.01457696423389422
0.01572490203892437
0.01694927005704128
0.01825402133892326
0.01964322998613901
0.0211210891027074
0.02269190826624818
0.02436011051293334
0.02613022880816978
0.02800690199392656
0.02999487019966185
0.03209896969601216
0.03432412719532746
0.03667535357553602
0.03915773702879162
0.04177643563097562
0.04453666931779016
0.04744371128453933
0.05050287879330335
0.05371952340254812
0.05709902062706321
0.0606467590230378
0.06436812873199498
0.06826850947564995
0.07235325803171148
0.07662769521182508
0.08109709234743574
0.08576665733636284
0.09064152025033059
0.09572671854851404
0.1010271819316499
0.1065477168539
0.112292990765126
0.1182675160904136
0.1244756340065359
0.130921498062004
0.137609057665883
0.144542041533785
0.1517239411031456
0.1591579939913389
0.1668471675524837
0.1747941425618073
0.1830012971290715
0.1914706908533976
0.2002040493024987
0.2092027488766222
0.2184678020832566
0.2279998433290636
0.2377991152383866
0.247865455588618
0.2581982849218423
0.2687965948488847
0.2796589371525603
0.2907834136890836
0.3021676671760251
0.3138088729185722
0.3257037314773966
0.3378484623818152
0.3502387988687621
0.3628699837237971
0.3757367662619231
0.3888334004374154
0.4021536441810306
0.4156907599197211
0.4294375163384824
0.4433861914038237
0.4575285766161183
0.47185598257421
0.4863592457824744
0.5010287367408881
0.5158543693166535
0.5308256113471171
0.5459314965535087
0.5611606376557864
0.5765012406770689
0.5919411204128731
0.6074677170523393
0.6230681141057107
0.6387290573928212
0.6544369747152742
0.6701779961650679
0.6859379758706758
0.7017025167089798
0.7174569962120104
0.7331865896580904
0.7488762900139202
0.7645109298846593
0.7800752111175207
0.7955537370123688
0.8109310413090791
0.8261916134104459
0.8413199239614135
0.8563004530086968
0.871117719002466
0.885756307472721
0.9002008992209237
0.9144362983768922
0.928447460525801
0.9422195206152091
0.9557378205249383
0.968987936221584
0.9819557044147688
0.9946272487571949
1.006989005414023
1.019027747975075
1.030730611646315
1.042085116608891
1.053079190577691
1.063701190413721
1.073939922788118
1.083784663849031
1.093225177788629
1.102251734348867
1.110855125147025
1.119026678847373
1.126758275148722
1.134042357492673
1.140871944538379
1.147240640315174
1.153142643103503
1.15857275303387
1.163526378327967
1.167999540244393
1.17198887666241
1.175491644365043
1.178505720030454
1.18102959988966
1.183062398140085
1.184603844058652
1.18565427787481
1.186214645429612
1.18628649161387
1.185871952695393
1.184973747491132
1.18359516744434
1.181740065647845
1.179412844835032
1.176618444466318
1.173362326874589
1.169650462535595
1.165489314513107
1.160885822106046
1.155847383814087
1.150381839613821
1.144497452639247
1.138202890320856
1.131507204995397
1.124419814089335
1.116950479884142
1.109109288951323
1.100906631312915
1.092353179355298
1.083459866604503
1.074237866362806
1.064698570281809
1.054853566923964
1.044714620340694
1.0342936487646
1.023602703415053
1.01265394747721
1.001459635300243
0.9900320918468335
0.9783836924853976
0.9665268431137238
0.9544739606611439
0.9422374540046202
0.9298297053199742
0.9172630519363613
0.9045497686881002
0.8917020508139418
0.8787319974276135
0.8656515955552637
0.8524727047809928
0.8392070424999112
0.8258661698222893
0.812461478142356
0.7990041763578095
0.7855052787703715
0.7719755936550944
0.7584257125236505
0.7448660000848757
0.7313065848870592
0.7177573506616514
0.7042279283476179
0.6907276888072105
0.6772657362278269
0.6638509021901798
0.6504917404116819
0.6371965221392879
0.6239732321947069
0.610829565659409
0.5977729251725868
0.5848104188415362
0.5719488587352848
0.5591947599530643
0.5465543402506579
0.534033520200503
0.5216379238809868
0.5093728800623013
0.4972434238793829
0.4852542989708551
0.4734099600498209
0.4617145758899768
0.4501720327033206
0.4387859379032138
0.4275596242305221
0.4164961542077129
0.4055983249055301
0.3948686729945104
0.3843094800649797
0.373922778194669
0.3637103557422485
0.3536737633583672
0.3438143201802821
0.3341331201868868
0.3246310386954813
0.3153087389858707
0.3061666790445522
0.2972051183990794
0.2884241250238179
0.2798235823005408
0.2714031960171953
0.2631625013949968
0.2551008701230512
0.2472175173874399
0.2395115088811733
0.231981767780731
0.2246270816819654
0.2174461094779498
0.2104373881686386
0.2035993395917501
0.1969302770633594
0.190428411921706
0.1840918599633322
0.1779186477671469
0.1719067188986229
0.1660539399837131
0.1603581066475509
0.1548169493113598
0.1494281388444162
0.1441892920667089
0.1390979770973515
0.1341517185478208
0.1293480025548413
0.1246842816522217
0.1201579794795926
0.1157664953240603
0.1115072084937555
0.1073774825236578
0.1033746692175958
0.09949611252610385
0.09573915225638967
0.09210112761419748
0.08857938058072158
0.08517125912981949
0.08187412028679565
0.07868533302735783
0.07560228101811083
0.07262236520266853
0.06974300623923899
0.06696164679217181
0.06427575367752839
0.0616828198652114
0.05918036634229337
0.0567659438434684
0.05443713445195866
0.05219155307248984
0.05002684877974088
0.04794070604678875
0.04593084585859233
0.04399502671436172
0.04213104552212357
0.04033673838976595
0.03860998131620742
0.03694869078648399
0.03535082427491577
0.03381438066056392
0.03233740055964134
0.03091796657791534
0.02955420348665361
0.02824427832595038
0.02698640043953199
0.02577882144523581
0.02461983514409613
0.02350777737115527
0.0224410257915519
0.02141799964574517
0.02043715944766432
0.01949700663831849
0.01859608319763411
0.01773297121753788
0.01690629243948796
0.01611470775944203
0.01535691670282609
0.01463165687213667
0.01393770336981116
0.01327386819849525
0.01263899964113058
0.01203198162310126
0.0114517330585933
0.01089720718321271
0.01036739087488275
0.009861303965081348
0.00937799854189722
0.008916558246483488
0.00847609756447699
0.008055761114071438
0.007654722932336082
0.00727218576088854
0.006907380332124668
0.006559564657169669
0.006228023316738908
0.005912066756083287
0.005611030584757959
0.005324274882199266
0.005051183509827807
0.004791163430526018
0.004543644036225251
0.004308076484168652
0.004083933042421179
0.003870706445181006
0.00366790925833798
0.00347507325575709
0.003291748806627197
0.003117504274191461
0.002951925426124769
0.00279461485690843
0.002645191422327734
0.002503289686273413
0.0023685593799996
0.002240664873923401
0.002119284662030672
0.002004110858940517
0.00189484870970366
0.001791216112203756
0.001692943152224983
0.001599771651130746
0.001511454726016271
0.001427756362348286
0.00134845099885785
0.001273323124680142
0.001202166888465807
0.001134785719427223
0.001070991960109453
0.001010606510675073
0.0009534584845886443
0.000899384875417589
0.0008482302346529498
0.0007998463602647353
0.0007540919957655829
0.0007108325396175596
0.0006699397647280392
0.0006312915477923743
0.0005947716083275988
0.0005602692570334196
0.0005276791533776426
0.000496901072060431
0.0004678396782480997
0.0004404043111881867
0.0004145087761091873
0.0003900711441154578
0.0003670135597810428
0.0003452620563983283
0.0003247463784201602
0.0003053998110512497
0.0002871590167070652
0.0002699638780549576
0.0002537573475875641
0.0002384853032989323
0.0002240964104789055
0.0002105419892310694
0.0001977758876375656
0.000185754360337616
0.0001744359523193317
0.0001637813877516854
0.0001537534636500352
0.0001443169482430637
0.0001354384838128544
0.0001270864938764073
0.0001192310945245565
0.0001118440097993191
0.0001048984908588871
9.836923890250368e-05
9.223233160755258e-05
8.646515299941619e-05
8.104632656658987e-05
7.595565153264388e-05
7.117404214210294e-05
6.668346981721509e-05
6.246690806239602e-05
5.850828006901928e-05
5.479240878253071e-05
5.130496943075177e-05
4.80324443803264e-05
4.496208018134555e-05
4.208184676077417e-05
3.938039859440925e-05
3.684703788009168e-05
3.447167951661452e-05
3.224481784982387e-05
3.01574950983894e-05
2.820127139712779e-05
2.636819637812501e-05
2.465078219332447e-05
2.304197793324956e-05
2.153514537697714e-05
2.012403601286363e-05
1.880276925197133e-05
1.756581178427845e-05
1.640795801864197e-05
1.532431158539234e-05
1.431026779528321e-05
1.336149704999346e-05
1.247392914781454e-05
1.164373841636139e-05
1.086732967257054e-05
1.01413249309948e-05
9.462550849193684e-06
8.828026846996539e-06
8.234953894883532e-06
7.680703910952128e-06
7.162809735030329e-06
6.678955693082665e-06
6.226968654745e-06
5.804809609149861e-06
5.410565721616365e-06
5.042442815169872e-06
4.698758309566747e-06
4.377934528163022e-06
4.078492413297517e-06
3.799045594508944e-06
3.538294782957017e-06
3.295022515928208e-06
3.068088176241982e-06
2.856423315917724e-06
2.659027266887179e-06
2.4749629694589e-06
2.303353093892149e-06
2.143376355204831e-06
1.994264040514201e-06
1.855296773968414e-06
1.725801457094222e-06
1.605148375479238e-06
1.492748519759991e-06
1.388051014076315e-06
1.290540740041717e-06
1.199736087451155e-06
1.115186842586344e-06
1.036472210405672e-06
9.631989316808222e-07
8.949995668529195e-07
8.315308350487855e-07
7.724720741639837e-07
7.17523791425291e-07
6.664063103527566e-07
6.188585106118048e-07
5.746366219493357e-07
5.335131069056229e-07
4.952755993636992e-07
4.59725943183418e-07
4.266792495050295e-07
3.959630467204741e-07
3.674164538670667e-07
3.40889444103803e-07
3.162421106914079e-07
2.933440089061308e-07
2.72073542964232e-07
2.523173709898128e-07
2.339698664084023e-07
2.169325992108529e-07
2.011138583240057e-07
1.864282261892645e-07
1.727961231673553e-07
1.601434479586004e-07
1.48401187229564e-07
1.37505099808313e-07
1.273953645274264e-07
1.180163127571329e-07
1.093161221118742e-07
1.012465758158712e-07
9.376280747640752e-08
8.682307511681495e-08
8.038854782373845e-08
7.442311872347711e-08
6.889320528038529e-08
6.376757476588075e-08
5.901719492802419e-08
5.461507854370682e-08
5.053613962904243e-08
4.67570663554475e-08
4.325619379128541e-08
4.001339266063964e-08
3.700996836010998e-08
3.422854336427275e-08
3.165299607048553e-08
2.926833274750573e-08
2.706063731230369e-08
2.501700130162335e-08
2.312542403073659e-08
2.137477484258055e-08
1.975471849102584e-08
1.825567174416957e-08
1.686874107993861e-08
1.558567150679885e-08
1.439880949817849e-08
1.330105364534794e-08
1.228581997007775e-08
1.134700401114676e-08
1.047893732132588e-08
9.676366921317753e-09
8.93442807550007e-09
8.248604363600818e-09
7.614721380929001e-09
7.028894596903661e-09
6.487540332124617e-09
5.987327447540667e-09
5.52517592558379e-09
5.098227660227317e-09
4.703837870653468e-09
4.33956524453095e-09
4.003148259711596e-09
3.692480967783495e-09
3.405618353900374e-09
3.140765027267493e-09
2.896247575390816e-09
2.670530115002062e-09
2.462185304842249e-09
2.269900562458607e-09
2.092450182503005e-09
1.928703673342423e-09
1.777616989526487e-09
1.638221674486561e-09
1.509630016684195e-09
1.39101581202669e-09
1.281611689208976e-09
1.180706628439443e-09
1.087656524456279e-09
1.001853170953358e-09
9.227413486748048e-10
8.498056188087634e-10
7.825641191355747e-10
7.205900332051967e-10
6.634707816475357e-10
6.108328682909295e-10
5.623239894483926e-10
5.176268526310084e-10
4.764439758980484e-10
4.385046079726403e-10
4.035494271288334e-10
3.713460699530238e-10
3.416851917436128e-10
3.14363776967407e-10
2.892080140058563e-10
2.660410468861358e-10
2.447167835625733e-10
2.250860049851644e-10
2.070164912947996e-10
1.903800471924032e-10
1.750700880448975e-10
1.609803347540538e-10
1.480082723424487e-10
1.360670711689809e-10
1.250802370427148e-10
1.149762290382662e-10
1.056809802022333e-10
9.712958538163438e-11
8.926268671346893e-11
8.202439023704066e-11
7.536848125072849e-11
6.92459664784415e-11
6.361623102281448e-11
5.843798142476369e-11
5.368334290043098e-11
4.931009669910639e-11
4.529286031587372e-11
4.160061810124146e-11
3.820623765529093e-11
3.50838725858633e-11
3.221247985434731e-11
2.957437058063536e-11
2.715333366696419e-11
2.492760984555256e-11
2.288176896542648e-11
2.099879531809036e-11
1.926932970030911e-11
1.768157369066897e-11
1.622731098161737e-11
1.489384168299806e-11
1.367022287809033e-11
1.254333897139522e-11
1.150461976710091e-11
1.055437218439018e-11
9.679000453736212e-12
8.879916302598579e-12
8.144456954041895e-12
7.470962489940974e-12
6.853697159336345e-12
6.286563204611937e-12
5.767494262205658e-12
5.287948567497657e-12
4.847730495182498e-12
4.444749504647083e-12
4.070170531443417e-12
3.724171552063346e-12
3.408064755908562e-12
3.119898740960064e-12
2.860741029215691e-12
2.627372754352147e-12
2.414110214526081e-12
2.218569471828448e-12
2.036090358343685e-12
1.868536730788848e-12
1.710693978133883e-12
1.568417958079057e-12
1.436142571823863e-12
1.307235611575694e-12
1.188686287305389e-12
1.079084401297952e-12
9.882484575747581e-13
9.063671796234147e-13
8.347183616225778e-13
7.725817537037035e-13
7.079839393703204e-13
6.505798418762646e-13
5.98986249449567e-13
5.50297609084344e-13
5.057437423011195e-13
4.60778959586785e-13
4.221597034063042e-13
3.827078589940787e-13
3.501983296059519e-13
3.140425168996914e-13
2.812929662089356e-13
2.544807580475478e-13
2.328785420775224e-13
2.139450832267865e-13
1.986188865515731e-13
1.856682899828339e-13
1.744340095335863e-13
1.649437345958638e-13
1.546804237856334e-13
1.412169475328244e-13
1.296210374222225e-13
1.172610718635004e-13
1.016416132634343e-13
8.920439209000454e-14
7.649928509759678e-14
6.333921746559324e-14
5.846663819883347e-14
5.309872039526225e-14
5.237205921936382e-14
5.393170865638638e-14
5.16572792604416e-14
5.178333334789705e-14
4.569412187276933e-14
4.16599807405586e-14
4.103545266791202e-14
3.632733273143162e-14
3.632921706714216e-14
3.02648987140843e-14
2.677940976206177e-14
1.943533246375174e-14
8.026877287701635e-15
3.598374577814989e-15
3.496293062466369e-15
6.387217532238227e-15
9.920066234395098e-15
1.625955944047894e-14
2.15341195994252e-14
2.046200718120768e-14
1.828188112433788e-14
1.829076366096866e-14
1.660032498413368e-14
1.064009736148916e-14
8.48213467194872e-15
-1.080015026613309e-16
-7.457165781281888e-15
-8.967777444424798e-15
-5.822850624125444e-15
-1.310522103972078e-15
3.972783545343259e-15
1.146448544137098e-14
1.614621201482922e-14
1.411440950417578e-14
9.358482021924784e-15
6.38068457434907e-16
-4.439794033989917e-15
-5.275193704673325e-15
-2.59235358693617e-15
1.705792539841165e-15
2.520111864821405e-15
4.041863283585361e-15
6.275240553929666e-15
5.951948980254196e-15
2.999610036954374e-15
-3.219073241395648e-15
-7.901874424514875e-15
-8.299962062637033e-15
-7.448818628886834e-15
2.11771007412216e-15
6.420346225959353e-15
7.919932096745104e-15
8.731851896245005e-15
8.722926898690751e-15
2.648413376517567e-15
-1.120946530748942e-16
-2.900456425366023e-15
-5.898566206306728e-15
-5.881702192540402e-15
-3.4623497489542e-15
-2.43044045688088e-15
-1.153350461245533e-15
-5.451283455210172e-16
-1.790595567255988e-15
-1.465660668461669e-15
3.371420502639985e-15
8.397272879205867e-15
8.428342436819828e-15
8.289094342635404e-15
3.837840471927541e-15
-4.12566684205106e-15
-6.731407557457961e-15
-9.777994774177795e-15
-6.481967507091927e-15
-1.85524258919628e-15
7.546948337934576e-16
1.626792838174226e-15
3.296368548928392e-15
-6.75478537253256e-16
1.531092128141453e-15
-4.405814622168715e-16
2.328240317306869e-17
2.845014601012587e-15
3.679500888534673e-15
6.992663016890478e-15
4.090154641597493e-15
1.260654489445634e-15
-2.543412816002684e-15
-7.808850587090934e-15
-1.110341369675016e-14
-7.658515776021899e-15
-4.491292914456222e-15
-2.040080925092342e-15
3.120602523051549e-15
9.571560695277825e-15
1.090025042634304e-14
9.297192873455639e-15
4.99110423828917e-15
-9.474511987192047e-16
-2.712224213717915e-15
-2.726828308220666e-15
-2.899361295370371e-15
-6.309913739250082e-15
-7.025737567843796e-15
-6.619895162408987e-15
-4.141922206136092e-15
-2.313842214354575e-15
2.560285183569613e-16
5.695327556396893e-15
1.060946883752023e-14
1.078934568892933e-14
6.699033097420421e-15
4.181981322933852e-15
1.782911603278818e-15
-1.364010306670065e-15
-6.296328434453757e-15
-8.174396385314002e-15
-1.246279437257709e-14
-1.241957853458479e-14
-5.172141597774385e-15
-2.656005896336444e-17
4.602633714588113e-15
1.072874107815868e-14
1.326626139731153e-14
8.325170339182522e-15
4.653648257029099e-15
3.053746279257154e-15
8.042942921591889e-17
9.393295964659358e-16
-3.361273590199622e-15
-6.594219472595888e-15
-1.005453426088338e-14
-1.279331322430496e-14
-1.138629445945353e-14
-5.202734532973615e-15
4.115949419690416e-15
1.178456735197332e-14
1.271132801897827e-14
9.423590234019071e-15
5.38799569680626e-15
3.843328876643896e-15
1.405319707411396e-15
1.820531346867498e-15
-1.677023958445604e-15
-5.684600506872301e-15
-9.786367874083803e-15
-1.166095458110563e-14
-1.085354203026577e-14
-5.035999668773712e-15
-2.125480057285504e-15
6.976377629621004e-15
1.055425462027429e-14
1.105957483431263e-14
6.806107339077196e-15
4.866075686909562e-15
2.388280679736138e-15
1.009052883474037e-15
-2.255415423598903e-15
-4.213266160222082e-15
-5.823241248267619e-15
-3.720787682208873e-15
-3.611367203489776e-15
-5.079148882746099e-15
-6.723951166027086e-15
-4.906479294654399e-15
-2.002015423409164e-15
4.73692950077229e-15
8.404229896304133e-15
9.769060782945571e-15
8.092656809899295e-15
7.074784586886641e-15
7.22625924169109e-15
-3.091108423376434e-16
-4.69429026674741e-15
-1.018700673411144e-14
-9.946682833419648e-15
-9.897482260886528e-15
-8.596357060500056e-15
-4.045214437138425e-15
2.231818825696274e-15
8.292679392045402e-15
6.975076261118576e-15
7.82780663812847e-15
6.81478002229811e-15
3.878009762548941e-15
8.954937010567741e-16
6.554625126122515e-16
-1.34558324796736e-15
-4.97681566996807e-15
-6.811681577881636e-15
-5.7931827424449e-15
-4.577702275002725e-15
-2.170959125283111e-15
5.583717991563394e-16
3.1887322674901e-15
4.3139115641799e-15
4.289324088130578e-15
8.33260861924147e-16
2.05221973709194e-15
1.1986363324872e-15
1.47647143254146e-15
1.825548451519936e-15
-1.073622280553444e-15
-3.168482488723611e-15
-4.896241219063597e-15
-1.159677282742725e-15
-2.057841685108943e-15
-4.788871657585972e-16
3.178768762024871e-15
2.793704484163413e-15
-1.929491837427628e-15
-2.016978954857906e-15
1.507172541701184e-16
2.127657609790167e-15
1.838694400074178e-15
1.507360205929893e-16
-2.078438979779366e-15
3.757275243431241e-16
3.994988986249109e-15
2.04757941932736e-17
-3.777853723034117e-16
-1.112578419418543e-15
-8.285187954449307e-16
8.403467376548216e-16
-2.708253372973618e-16
-3.328991734433116e-15
-4.052014460533114e-15
2.216070894607324e-16
3.612748373381556e-15
4.294423055529023e-15
1.952036580230027e-15
1.621112427741137e-15
-3.605284095320879e-15
-4.38011900456179e-16
-4.770060829779793e-15
5.444767679695587e-16
1.539072724115818e-16
2.126384690290637e-15
1.785190331572147e-15
2.722662457476144e-16
2.157870043761954e-15
1.340950654692115e-15
-7.039412270125283e-16
-1.9116097358342e-15
-9.929228012988885e-16
-6.780119973388925e-16
-1.675398857992169e-15
-3.189385048850048e-15
-1.670872479219438e-15
-8.197635283500489e-16
1.941772104599396e-15
4.864316599374453e-15
3.878138036810188e-15
6.70388423418183e-15
