2.850255813035539e-13
1.745282524518883e-13
1.074671810392729e-13
6.685812354006486e-14
4.147775504505989e-14
2.579668895983e-14
1.582299746556518e-14
9.694988640613632e-15
5.672329555866541e-15
3.128098079259755e-15
1.358040864078671e-15
1.847726188987366e-16
-3.236379100864528e-16
-1.021673925301295e-15
-1.267218427204709e-15
-1.451355931323841e-15
-2.82601152988271e-16
-1.724538265859886e-15
-1.282415983547969e-15
-6.997873774904507e-16
3.287586736397835e-16
9.844548522951657e-16
4.305669354247655e-15
7.355765242510952e-15
1.308671881643865e-14
2.156201616766253e-14
3.358475062752975e-14
5.300189542908716e-14
8.023551215310705e-14
1.180829804100729e-13
1.715852718228973e-13
2.452465460281368e-13
3.463090791525414e-13
4.829259354034587e-13
6.665862184692378e-13
9.117435132398469e-13
1.239364548484635e-12
1.675793063080884e-12
2.252261462017566e-12
3.015078487920458e-12
4.022287430797919e-12
5.345670728755224e-12
7.085080886784927e-12
9.362402995199525e-12
1.233907628629541e-11
1.621832832538861e-11
2.126199839674996e-11
2.780256160187544e-11
3.626152676578991e-11
4.71731626125078e-11
6.121150978733729e-11
7.922924567173934e-11
1.022930058207046e-10
1.317420041549674e-10
1.692519438514839e-10
2.169110649441262e-10
2.773186118246741e-10
3.537028054988993e-10
4.500595628211023e-10
5.713280026372541e-10
7.235941301961326e-10
9.143461995589873e-10
1.152768541192173e-09
1.45010908374084e-09
1.820106527224049e-09
2.279507333002487e-09
2.848679405796461e-09
3.552343849176601e-09
4.420439847309418e-09
5.489149604838563e-09
6.802115533593626e-09
8.411862874398115e-09
1.03814848158889e-08
1.278662100216129e-08
1.57177680777265e-08
1.928299258004118e-08
2.361109464886109e-08
2.885529372182661e-08
3.519751951205954e-08
4.285339420452749e-08
5.207800452973935e-08
6.317258013793903e-08
7.649220712316067e-08
9.245472069551951e-08
1.115509334089215e-07
1.343563908770608e-07
1.615448419134664e-07
1.939036673061347e-07
2.323515007548105e-07
2.779583323954794e-07
3.31968395646239e-07
3.958261847685233e-07
4.712059705944356e-07
5.600452320394495e-07
6.645824570377149e-07
7.873997916245028e-07
9.314710987608181e-07
1.100215981439137e-06
1.297560418540117e-06
1.528004686404321e-06
1.79669928828101e-06
2.109529679500107e-06
2.473210688687622e-06
2.895391779489357e-06
3.384774119371343e-06
3.951240481370979e-06
4.605999177914343e-06
5.361743267808847e-06
6.232826388821194e-06
7.235456640714883e-06
8.387910029599126e-06
9.710765092428452e-06
1.12271603782875e-05
1.296307658694099e-05
1.494764523440653e-05
1.721348581291478e-05
1.979707349340388e-05
2.27391395247257e-05
2.608510652706432e-05
2.988556099763656e-05
3.419676537774071e-05
3.908121212770874e-05
4.460822227109104e-05
5.085459094392106e-05
5.790528249949892e-05
6.585417772364671e-05
7.48048757402092e-05
8.487155337308014e-05
9.617988520008682e-05
0.0001088680266533358
0.0001230876625282579
0.0001390051233963039
0.0001568025722379706
0.0001766792635361258
0.0001988528768645376
0.0002235609267795957
0.0002510622506066074
0.000281638575368908
0.0003155961648396517
0.0003532675478661321
0.0003950133340607347
0.0004412241199915943
0.0004923224809781707
0.0005487650425945479
0.0006110446334647068
0.0006796925218078803
0.0007552807351669867
0.0008384244594474894
0.0009297845146610094
0.00103006990377505
0.001140040431835194
0.001260509391194259
0.001392346306967844
0.001536479738094766
0.001693900126495261
0.001865662687986391
0.002052890337300812
0.002256776637515117
0.002478588766199117
0.002719670486490522
0.002981445113264957
0.003265418462956358
0.003573181773086842
0.003906414580715812
0.004266887543485213
0.004656465190148361
0.005077108585540057
0.005530877891872204
0.006019934813052232
0.006546544901514184
0.00711307971190187
0.007722018783787836
0.008375951431960247
0.009077578329940418
0.009829712862848736
0.01063528223276788
0.01149732829740429
0.01241900811882979
0.01340359420913709
0.01445447444728205
0.01557515165127729
0.01676924278736275
0.01804047779306339
0.0193926980045145
0.02082985416283198
0.02235600398789155
0.02397530930477526
0.02569203270198781
0.02751053371835064
0.02943526453628676
0.03147076517717048
0.03362165819041142
0.0358926428203587
0.03828848865803246
0.04081402876049756
0.04347415224328455
0.04627379634649265
0.0492179379663877
0.05231158467294791
0.05555976520286086
0.05896751944503138
0.06253988793010921
0.06628190082563219
0.07019856647330527
0.07429485946531492
0.07857570829016276
0.08304598257150404
0.08771047991101903
0.09257391238735208
0.09764089271617327
0.102915920116531
0.1084033659188235
0.1141074589336026
0.1200322706486998
0.1261817002659041
0.1325594596356376
0.1391690581349172
0.1460137875126813
0.1530967067811498
0.1604206271690803
0.1679880972080311
0.1758013880038343
0.1838624787176692
0.1921730423437772
0.2007344317992854
0.2095476664036468
0.2186134188020178
0.2279320023544306
0.2375033590833705
0.2473270481882638
0.2574022352027713
0.2677276818455797
0.27830173658169
0.2891223259895712
0.3001869469287683
0.3114926595774531
0.3230360813817722
0.3348133819214485
0.3468202787806342
0.3590520344023557
0.3715034539851466
0.3841688844503069
0.3970422144720552
0.4101168756589822
0.4233858448347401
0.4368416474379817
0.450476362051234
0.4642816260771267
0.4782486427076862
0.4923681890287434
0.5066306249949217
0.521025903258907
0.5355435804969255
0.5501728314551672
0.5649024643847491
0.5797209347361411
0.5946163568122768
0.6095765174307021
0.6245888961330063
0.6396406880329153
0.6547188246673287
0.6698099923684011
0.6849006514400959
0.6999770579590286
0.7150252868254305
0.7300312551248757
0.7449807456680758
0.7598594309933236
0.7746528980021248
0.7893466729892018
0.8039262469667232
0.8183771012122558
0.8326847329642056
0.8468346812918028
0.8608125529829255
0.8746040484153493
0.8881949873442674
0.9015713344952567
0.9147192249737682
0.9276249893477486
0.9402751783815966
0.9526565873587287
0.9647562798805328
0.9765616111521241
0.9880602506256605
0.9992402039986295
1.010089834513868
1.020597883448952
1.030753489807117
1.040546209100897
1.049966031243693
1.059003397510045
1.067649216464546
1.0758948788849
1.083732271586514
1.091153790172655
1.098152350686928
1.104721400097156
1.110854925661853
1.116547463095414
1.121794103556627
1.126590499454122
1.13093286903146
1.134817999805799
1.138243250788971
1.141206553519312
1.143706411915018
1.145741900942791
1.147312664198332
1.148418910338652
1.149061408405617
1.149241482065666
1.1489610027701
1.148222381929063
1.147028562071881
1.145383007067617
1.14328969144271
1.14075308879163
1.137778159368506
1.134370336854666
1.130535514378057
1.126280029830518
1.121610650501389
1.116534557129797
1.111059327368824
1.105192918733243
1.098943651080118
1.092320188648688
1.08533152175936
1.077986948170576
1.070296054157784
1.062268695363996
1.053914977459624
1.04524523671238
1.036270020461592
1.027000067553374
1.017446288782196
1.007619747370324
0.9975316395677414
0.9871932753771381
0.9766160594693842
0.9658114723278101
0.9547910516293273
0.9435663739209651
0.9321490366051135
0.9205506402965637
0.9087827715815209
0.896856986179105
0.8847847925551086
0.872577635990947
0.8602468831526378
0.8478038071808464
0.8352595733018995
0.822625224999269
0.8099116707396269
0.7971296712832983
0.7842898275907915
0.771402569320171
0.7584781439432497
0.7455266064680904
0.7325578097885233
0.7195813956632886
0.7066067863101875
0.6936431766312923
0.6806995270511274
0.6677845569738226
0.6549067388548492
0.6420742928736797
0.6292951822170855
0.6165771089482418
0.603927510464335
0.5913535565309002
0.5788621468645682
0.5664599092565353
0.5541531982198883
0.5419480941645558
0.5298504030837445
0.5178656567192217
0.5059991131961342
0.4942557581025503
0.4826403060018002
0.4711572023601199
0.4598106258700635
0.4486044911661883
0.4375424518972203
0.4266279041312951
0.4158639900759808
0.4052536020997416
0.3947993870502883
0.3845037508353305
0.3743688632454388
0.3643966630002133
0.3545888629990218
0.3449469557654813
0.3354722190601672
0.3261657216458428
0.3170283291879176
0.3080607102719197
0.2992633425283282
0.2906365188413993
0.2821803536277674
0.2738947891695702
0.265779601985441
0.2578344092286854
0.2500586750962517
0.2424517172400549
0.2350127131678401
0.2277407066164673
0.2206346138880636
0.2136932301367136
0.2069152355980099
0.2002992017518793
0.193843597408237
0.1875467947101822
0.1814070750436806
0.1754226348486424
0.1695915913243188
0.1639119880191625
0.158381800299257
0.1529989406914777
0.1477612641024461
0.142666572908315
0.1377126219055803
0.1328971231180485
0.1282177504598522
0.1236721442575026
0.1192579156284582
0.1149726507096077
0.1108139147331774
0.1067792559515948
0.1028662094153918
0.09907230060361336
0.09539504890265801
0.09183197093281806
0.08838058372551882
0.08503840775585125
0.08180296983153294
0.07867180583676203
0.07564246333238575
0.0727125040154001
0.06987950604185997
0.06714106621550876
0.06449480204374985
0.06193835366434149
0.05946938564501184
0.05708558865891631
0.0547846810392309
0.05256441021662173
0.05042255404399252
0.04835692201060313
0.04636535634860297
0.04444573303551685
0.04259596269673956
0.04081399141247671
0.0390978014316164
0.03744541179549557
0.03585487887524978
0.03432429682706911
0.03285179796973364
0.03143555308687637
0.03007377165685922
0.02876470201378745
0.02750663144340619
0.02629788621753179
0.02513683156995328
0.02402187161717715
0.02295144922710595
0.02192404583842987
0.0209381812337578
0.01999241326945125
0.01908533756493564
0.01821558715442392
0.01738183210372753
0.01658277909507203
0.0158171709820432
0.01508378631686985
0.01438143885235136
0.01370897702105739
0.01306528339418096
0.01244927412183037
0.01185989835658616
0.01129613766232577
0.01075700541024353
0.01024154616399695
0.009748835055465473
0.00927797715266308
0.008828106821276009
0.008398387081405544
0.007988008960891588
0.007596190846395018
0.007222177833478318
0.00686524107679341
0.006524677141466086
0.006199807356771766
0.005889977172934674
0.005594555521936819
0.005312934183176156
0.005044527154703304
0.004788770030858416
0.004545119386771854
0.004313052170441975
0.004092065102866607
0.003881674086683653
0.003681413623866377
0.003490836242830281
0.0033095119352364
0.003137027602883243
0.002972986514959341
0.002817007775915825
0.00266872580411919
0.002527789821489223
0.00239386335422152
0.002266623744721803
0.002145761674845003
0.002030980700490821
0.001921996797567042
0.001818537919321206
0.00172034356510099
0.001627164360424238
0.001538761648374443
0.0014549070921621
0.001375382288868497
0.001299978394193485
0.00122849575812111
0.001160743571407878
0.001096539522723006
0.001035709466243841
0.0009780870996361562
0.0009235136522081016
0.0008718375830270258
0.0008229142889089097
0.0007766058220052243
0.0007327806168502921
0.0006913132266754168
0.0006520840687442705
0.0006149791785514206
0.0005798899726645648
0.0005467130199778054
0.0005153498212206501
0.0004857065964824826
0.0004576940805220803
0.0004312273257203852
0.0004062255124026545
0.000382611766347025
0.0003603129833051842
0.0003392596602718993
0.0003193857333866293
0.0003006284221389497
0.000282928079839761
0.0002662280500239943
0.0002504745286893823
0.0002356164321304641
0.0002216052702021723
0.0002083950248369582
0.0001959420336136774
0.0001842048782473933
0.0001731442777784542
0.0001627229863442037
0.0001529056953123827
0.0001436589396950328
0.0001349510086131985
0.0001267518596912115
0.0001190330372502366
0.000111767594120229
0.0001049300169804014
9.849615504574487e-05
9.244315199813097e-05
8.674938100228887e-05
8.139438273550936e-05
7.635880627143814e-05
7.162435267493578e-05
6.717372130842812e-05
6.299055859208274e-05
5.905940920313375e-05
5.536566963040521e-05
5.18955439052714e-05
4.863600147887673e-05
4.557473713565065e-05
4.270013285066146e-05
4.000122150213597e-05
3.746765239334569e-05
3.508965842861977e-05
3.28580249527499e-05
3.076406013145621e-05
2.879956680941426e-05
2.695681579688506e-05
2.522852048688471e-05
2.360781277496758e-05
2.208822019426308e-05
2.066364424684825e-05
1.932833982734785e-05
1.807689570310618e-05
1.690421603915411e-05
1.580550286069636e-05
1.477623944160237e-05
1.381217455514684e-05
1.290930759159054e-05
1.206387441378148e-05
1.127233402161878e-05
1.053135587540175e-05
9.837807925080687e-06
9.188745301688235e-06
8.581399576596541e-06
8.013168651894346e-06
7.481607159659451e-06
6.984417419801716e-06
6.519440870010215e-06
6.084649989929177e-06
5.678140653739366e-06
5.298124920700815e-06
4.942924201024642e-06
4.610962837931573e-06
4.300762040708384e-06
4.010934143032229e-06
3.74017719124945e-06
3.487269862683186e-06
3.251066641651788e-06
3.030493276887106e-06
2.824542521393782e-06
2.63227008895058e-06
2.452790869702522e-06
2.285275338415396e-06
2.128946187112731e-06
1.983075151326249e-06
1.846980011686032e-06
1.720021792103594e-06
1.601602103664273e-06
1.491160647226003e-06
1.388172878378352e-06
1.292147790952681e-06
1.202625843226987e-06
1.11917700085478e-06
1.041398905528432e-06
9.689151480306173e-07
9.013736292563518e-07
8.384450785854757e-07
7.79821579064232e-07
7.252152470577755e-07
6.743569485473445e-07
6.269951371602588e-07
5.828947257664505e-07
5.418360242906336e-07
5.036137878644481e-07
4.680362856254431e-07
4.349244225939851e-07
4.041109406942774e-07
3.754396620053323e-07
3.487647688803577e-07
3.239501236314883e-07
3.008686779783256e-07
2.794018496775209e-07
2.594389734744822e-07
2.408768069877356e-07
2.23619029414092e-07
2.075757991082091e-07
1.926633134689092e-07
1.788034395527397e-07
1.659233190145504e-07
1.539550296393069e-07
1.428352518875712e-07
1.325049755390572e-07
1.229092014936537e-07
1.139966818004806e-07
1.057196725257121e-07
9.803369251460987e-08
9.089731426368194e-08
8.427194949292327e-08
7.812166859405604e-08
7.241302109024284e-08
6.711484897644312e-08
6.219815973509546e-08
5.763596611809953e-08
5.340315378116894e-08
4.947636000504963e-08
4.583384128413197e-08
4.245536506737688e-08
3.932212285595349e-08
3.641660994868229e-08
3.372255293607669e-08
3.122481639922445e-08
2.890932611830452e-08
2.676300930025006e-08
2.477369869900874e-08
2.293010190870031e-08
2.122171798406924e-08
1.963877922175019e-08
1.817222225186082e-08
1.681362330019021e-08
1.555516404000682e-08
1.438957724493916e-08
1.331011702491922e-08
1.231051330918035e-08
1.138494519266866e-08
1.052801680114056e-08
9.734711240673026e-09
9.00037678045434e-09
8.320698239663751e-09
7.691666776306569e-09
7.109561468330908e-09
6.570927798802605e-09
6.0725674183183e-09
5.611514525907405e-09
5.185011275157368e-09
4.790509868943952e-09
4.42564495670374e-09
4.088216633724291e-09
3.776190950122019e-09
3.487682031536609e-09
3.2209423960801e-09
2.974348255075586e-09
2.746404579910952e-09
2.535717794626829e-09
2.340998714351858e-09
2.161051234642564e-09
1.994776840612911e-09
1.84114413630238e-09
1.699204352059398e-09
1.568080702166005e-09
1.446957903154029e-09
1.335071853024282e-09
1.231738892684046e-09
1.136313635779855e-09
1.048194454158411e-09
9.668318808876059e-10
8.917101895899837e-10
8.223644163614599e-10
7.583590585106721e-10
6.992790824002973e-10
6.447530908653982e-10
5.944292016953567e-10
5.479910668090113e-10
5.051478083338289e-10
4.656170405804959e-10
4.291473116417687e-10
3.955008527097282e-10
3.644595956524049e-10
3.358298262991365e-10
3.094187382748147e-10
2.850652792908209e-10
2.626112410064424e-10
2.419038422284741e-10
2.228172819754556e-10
2.05230048130843e-10
1.890193823645234e-10
1.740816612777871e-10
1.603092375807805e-10
1.476151403756024e-10
1.359118944153495e-10
1.251246565225239e-10
1.151822239499566e-10
1.060189134780263e-10
9.757656381808998e-11
8.979985014157794e-11
8.264056697077299e-11
7.605070747869084e-11
6.998151743020059e-11
6.439495266233494e-11
5.925190750341433e-11
5.451740288108831e-11
5.015783497830494e-11
4.61416837680462e-11
4.24462613545419e-11
3.904039477784208e-11
3.59035828338211e-11
3.301101161138533e-11
3.034937928877529e-11
2.790292979262952e-11
2.565047591222504e-11
2.358196380711554e-11
2.167792475426372e-11
1.992719914037834e-11
1.831908467433797e-11
1.684022639565033e-11
1.548495576782861e-11
1.423592147001538e-11
1.308828803300272e-11
1.203121339850163e-11
1.105338627704957e-11
1.015270918822109e-11
9.317595401688185e-12
8.554842920308625e-12
7.851755623693884e-12
7.208605749168269e-12
6.623226526565671e-12
6.08371585629278e-12
5.594386664868504e-12
5.140047476077764e-12
4.728050218949015e-12
4.345476904361578e-12
3.991584850199249e-12
3.664557261623936e-12
3.361486877863059e-12
3.078179528757217e-12
2.819339623590594e-12
2.586512820712106e-12
2.375255664688806e-12
2.178051534881112e-12
1.999389719068106e-12
1.838100324254017e-12
1.688491418083471e-12
1.551063937159689e-12
1.426023731548516e-12
1.309016907139744e-12
1.205938429043627e-12
1.105472977353104e-12
1.00823484253383e-12
9.234097604654207e-13
8.466069384042704e-13
7.747562064181615e-13
7.077585162025275e-13
6.502443412069401e-13
5.945304357660512e-13
5.464615779668734e-13
5.006111613029761e-13
4.624448474338171e-13
4.270544294493604e-13
3.969346831356787e-13
3.620488984374301e-13
3.300636994843389e-13
2.983799280461885e-13
2.7170255222708e-13
2.507181419708954e-13
2.306037462362598e-13
2.101532170372719e-13
1.896804860113986e-13
1.717582592433362e-13
1.584139147383035e-13
1.45507934087459e-13
1.377056080135905e-13
1.330105622010854e-13
1.216389644410518e-13
1.098292451924295e-13
9.633524771759385e-14
8.565163174667498e-14
7.671120874820775e-14
7.329487110612952e-14
6.329127267891025e-14
6.080819541728509e-14
5.669935599784807e-14
5.145646817679087e-14
4.827274007693541e-14
4.506038387987213e-14
4.151701307067654e-14
3.920511110468054e-14
3.663736305103909e-14
3.075943996143212e-14
2.625790205949175e-14
2.246473482667144e-14
1.732046663691881e-14
1.918062793495832e-14
1.905218673824958e-14
1.738150426437532e-14
1.983426814370395e-14
1.873067888634181e-14
1.821635135092797e-14
1.538182631472575e-14
1.251503408012864e-14
1.075112871593657e-14
1.011528127286722e-14
7.498588413427452e-15
2.994680091637631e-15
9.726490670119054e-16
-5.717828403848705e-16
1.35529614946788e-15
4.620973376340426e-15
7.71348121327759e-15
1.485477966563365e-14
1.534842425215464e-14
1.345203842045446e-14
8.640361863526107e-15
4.051427827486796e-15
5.217527315451652e-16
-5.728578305590138e-15
-7.905525316685502e-15
-5.741617559738692e-15
-6.309196823830892e-15
-5.135302033227592e-15
1.387410948445068e-15
7.466738373990616e-15
1.136915994100178e-14
1.354960549573541e-14
1.242863179746695e-14
8.369643734566685e-15
3.149752208675168e-15
-4.636745377379411e-15
-9.086642049528694e-15
-7.202435654983408e-15
-4.01140324461925e-15
-3.895192716472669e-15
-2.453562967868048e-15
-2.395526032518709e-15
5.481066121941101e-16
2.421279561274706e-15
3.203159454658122e-15
3.150283736937472e-15
6.956982699949705e-15
7.520141651981569e-15
7.263546415556491e-15
1.661989426730864e-15
-9.220932519498831e-16
-5.157218719307339e-15
-3.830496832781172e-15
-7.205394344166079e-15
-9.37428877316482e-15
-5.832636263273307e-15
-2.480375484457554e-15
-1.054256739179078e-15
2.594595733518625e-15
5.009530504460795e-15
8.791167917281611e-15
1.108747968984518e-14
1.204352169373998e-14
5.568775096859595e-15
-2.595895441207165e-15
-8.550008220162255e-15
-1.172906611293711e-14
-5.848091450027361e-15
-4.823473859133442e-15
-2.822168456559764e-15
-1.171147390056147e-15
-3.988753931727678e-16
3.391882251751882e-15
5.455412975602411e-15
5.696076260859742e-15
3.372216111223489e-15
1.993647764287236e-15
8.670168343328403e-16
2.097869518675188e-18
-1.945180035067746e-15
1.541605927130115e-16
5.716101002552661e-16
-3.58897338020181e-15
-9.970581128930628e-16
-5.664552134486283e-17
-3.437766898432138e-15
-4.415589184818519e-15
-4.308104461531552e-15
7.045371654987021e-16
4.241596168439928e-15
2.784125392992185e-15
1.769263591466856e-15
1.750587097896186e-15
2.238632583656699e-15
2.485128240162436e-15
5.995594273118375e-15
3.922405428848699e-15
6.923296307130984e-16
-7.183966697310598e-16
-1.709173631276667e-15
-6.661821292683906e-15
-1.204020620084917e-14
-1.156876963968103e-14
-8.709952923142901e-15
-2.704430984114391e-15
6.643750605153795e-15
1.390042493119321e-14
1.64873142828399e-14
1.656189887934175e-14
1.147962164408421e-14
-5.226616649692608e-16
-6.746564624274745e-15
-1.431956651613441e-14
-1.683770160682287e-14
-1.161895208634704e-14
-7.823706591891966e-15
-5.851045732576497e-15
4.853769482079969e-15
7.681081685569185e-15
9.38134678907922e-15
1.08021925585342e-14
7.050868380593631e-15
3.315081258385947e-15
1.963892340851781e-15
3.162020993504979e-15
1.06471790646449e-16
-3.33861131811394e-15
-7.640143397857983e-15
-7.195323995661323e-15
-6.697322324902059e-15
-1.05410659479733e-14
-9.556521550046589e-15
-4.019013309046065e-15
3.321419768628961e-15
1.341809441956958e-14
1.32290547131928e-14
1.594662973431678e-14
9.922908514366346e-15
4.484739963766558e-15
-3.167636343247245e-15
-8.10978470080816e-15
-1.188052742504602e-14
-1.125016484109045e-14
-1.026178396812762e-14
-6.346039041829715e-15
-2.829815949818741e-15
1.256514804828845e-15
1.895196458215426e-15
3.462511484761581e-15
9.215124369069832e-15
1.337074358041652e-14
1.245937540523863e-14
8.9702982148932e-15
3.032287310567191e-15
-3.410970308281994e-15
-1.326468012616849e-14
-1.791459293253991e-14
-1.544627753406916e-14
-8.225663504489093e-15
-4.413586628480789e-15
2.69483576550458e-15
1.03919809587986e-14
1.220295348177536e-14
1.297658935091754e-14
8.575664588493314e-15
1.939548772315794e-15
-1.45702281074673e-15
-6.023325927423877e-15
-4.651862967260068e-15
-2.790593420204378e-15
-1.875798954872504e-15
-2.69421439536761e-15
-3.51571270027143e-15
-5.160732837469817e-15
-3.634758491420262e-15
2.399840944693371e-15
2.359706295935281e-15
3.628998062255098e-15
1.902579234317306e-15
4.69451806052708e-15
4.946021428764285e-15
6.058287085018514e-15
3.627418717023268e-15
7.978423854016245e-16
-3.095856445078388e-15
-6.867462896464518e-15
-6.167569607633736e-15
-5.121573409664536e-15
-4.734547702921164e-15
-4.594623751584854e-15
-2.694108189450258e-15
-1.493152943054278e-15
4.651798272074396e-15
7.53571814860438e-15
8.948133883585549e-15
1.034203652429931e-14
9.214508858094279e-15
2.298341889722338e-15
-4.50815675717845e-15
-7.320934107177684e-15
-1.193236519810427e-14
-9.066291322240169e-15
-6.490690843500123e-15
-8.105264766467601e-16
7.594642086256588e-16
3.924611379833222e-15
5.869977695151107e-15
5.454047770953732e-15
2.855241481679748e-15
3.259632875581304e-15
1.650075807183649e-15
1.540059747919314e-15
3.762320939960574e-16
-1.14383316171732e-15
-4.565914474764127e-16
-3.057182393642633e-15
-1.973882067431094e-16
-3.65490850920691e-15
-5.191232191501712e-15
-5.644126891648029e-15
-8.477324957920243e-15
-4.913496447248441e-15
4.564578254407945e-15
1.032035106407247e-14
1.381957370988143e-14
9.724462326860676e-15
