4.663976778195996e-13
2.722485180180627e-13
1.603919952531939e-13
9.479200229295313e-14
5.668308485298916e-14
3.42462891188572e-14
2.08745448762031e-14
1.273255055245786e-14
8.026132207444192e-15
5.104797609707937e-15
3.362463408892968e-15
2.039563657358135e-15
1.325150321714961e-15
8.530672569976393e-16
5.554717137191419e-16
1.000475807171303e-15
1.024136063428675e-15
1.342275171866562e-15
2.028554641601457e-15
3.102832010635858e-15
3.654844694675897e-15
4.805180790927041e-15
5.802052500460703e-15
6.953933505420631e-15
7.841067977442858e-15
9.210540423040783e-15
9.177482352391382e-15
1.046104803577674e-14
1.059668286179021e-14
1.239245024303283e-14
1.33540120313017e-14
1.514438893192478e-14
1.941397510655007e-14
2.398950669433831e-14
3.207668867315645e-14
4.34792002107853e-14
5.988923807395737e-14
8.242382031317283e-14
1.136861335706668e-13
1.568685973109234e-13
2.158535118066849e-13
2.951466705393019e-13
4.017302618553176e-13
5.458308667308625e-13
7.369386488704579e-13
9.943091771463499e-13
1.333689277664049e-12
1.784659699940956e-12
2.379636755061194e-12
3.16373031212505e-12
4.193069354176838e-12
5.539928594750728e-12
7.297532916559675e-12
9.585762696325115e-12
1.255636754034074e-11
1.640307113787363e-11
2.137187797018571e-11
2.777374309458639e-11
3.600207026534592e-11
4.655206792018761e-11
6.004540399770778e-11
7.725975457494608e-11
9.916878108851704e-11
1.269860245363334e-10
1.622186380418767e-10
2.067397510887079e-10
2.628648635158996e-10
3.334558146145414e-10
4.220400047307816e-10
5.329540517445044e-10
6.715170386437182e-10
8.442457593445101e-10
1.059096545110449e-09
1.325770265544623e-09
1.656068588014437e-09
2.064317251052089e-09
2.5678718663938e-09
3.187715447464359e-09
3.94917038249794e-09
4.882726507286325e-09
6.025035807221001e-09
7.42006590085966e-09
9.120462863323641e-09
1.118914863285901e-08
1.370118163570398e-08
1.674594055878641e-08
2.042965763909635e-08
2.48783743093256e-08
3.024136920073766e-08
3.669512927380465e-08
4.444794676534656e-08
5.374522943243615e-08
6.487561947514047e-08
7.817803194357136e-08
9.404974871487364e-08
1.129556855135601e-07
1.35439006645693e-07
1.621332495404637e-07
1.937761418587689e-07
2.312253367420353e-07
2.754762782041311e-07
3.276824590968149e-07
3.891783579905882e-07
4.61505397142104e-07
5.464412504489397e-07
6.460328846269198e-07
7.626337326767557e-07
8.98945452346288e-07
1.05806477454487e-06
1.243535954773676e-06
1.459409422192442e-06
1.71030724827684e-06
2.001496115432176e-06
2.338968518576734e-06
2.72953298481e-06
3.18091416181194e-06
3.701863673785436e-06
4.30228273597537e-06
4.993357532361204e-06
5.78770849223166e-06
6.699554606017784e-06
7.74489404563199e-06
8.941702383922518e-06
1.031014979339305e-05
1.187283868168895e-05
1.365506327273434e-05
1.568509272476271e-05
1.799447947768166e-05
2.061839469775461e-05
2.35959925821402e-05
2.697080535497979e-05
3.079117087876206e-05
3.511069485923439e-05
3.998874965351025e-05
4.549101173096073e-05
5.169003985419895e-05
5.866589605409356e-05
6.650681146177928e-05
7.530989905901825e-05
8.518191549215687e-05
9.624007535734099e-05
0.0001086129207549972
0.0001224412470432695
0.0001378790854187964
0.0001550947447918827
0.0001742719156806752
0.0001956108381516778
0.0002193295349959137
0.0002456651116266601
0.0002748751238909661
0.0003072390151676264
0.0003430596237286607
0.0003826647607948435
0.0004264088600099571
0.0004746746981395636
0.0005278751870244606
0.000586455236314565
0.0006508936857800577
0.0007217053063961606
0.0007994428680212164
0.00088469927183516
0.0009781097450052441
0.001080354094043403
0.001192159013960938
0.0013143004483791
0.001447605996369648
0.001592957360866887
0.001751292832178206
0.001923609801175027
0.002110967294107383
0.002314488522039819
0.002535363436744524
0.002774851283275702
0.00303428314116694
0.003315064442635472
0.00361867745787927
0.003946683736257805
0.00430072649019582
0.004682532911488681
0.005093916404817512
0.005536778726047102
0.006013112011436358
0.006525000681605984
0.007074623208261064
0.007664253725551632
0.008296263472166074
0.008973122048631665
0.00969739847140568
0.01047176201139276
0.01129898279684081
0.01218193216679443
0.01312358275932132
0.01412700831534514
0.01519538318735356
0.01633198153249742
0.01754017617806279
0.0188234371451889
0.0201853298129181
0.02162951271598182
0.02315973495715032
0.02477983322601751
0.02649372841392592
0.02830542181061549
0.0302189908829359
0.03223858461957008
0.03436841844007962
0.03661276866409612
0.03897596653138966
0.04146239178199034
0.04407646578555586
0.04682264422743691
0.0497054093553894
0.05272926178436795
0.05589871187961409
0.05921827071368079
0.06269244061559014
0.06632570532556868
0.07012251975993465
0.0740872994176995
0.07822440943210834
0.08253815329794394
0.08703276129808778
0.09171237864061313
0.09658105334991079
0.1016427239218132
0.1069012067848862
0.1123601836005531
0.1180231884197611
0.123893594751679
0.1299746025586418
0.1362692252279382
0.1427802765599372
0.1495103577960254
0.1564618447529551
0.1636368750785603
0.1710373356852938
0.1786648504050964
0.1865207678902463
0.1946061498327061
0.202921759515241
0.2114680507532078
0.2202451572708166
0.2292528825363908
0.2384906901371376
0.2479576946951661
0.2576526533680686
0.2675739579725159
0.2777196277753559
0.2880873030738345
0.2986742395080118
0.3094773029803789
0.3204929652034546
0.3317173003010105
0.3431459832655184
0.3547742895114699
0.3665970936039799
0.3786088669506269
0.3908036770052093
0.4031751909468801
0.4157166814671613
0.4284210317272131
0.4412807391439942
0.4542879201282839
0.4674343170117821
0.480711306317706
0.494109907786358
0.5076207940876629
0.5212343014328339
0.5349404412261326
0.5487289126198881
0.5625891159252773
0.5765101668493614
0.5904809115222749
0.6044899423491549
0.6185256145905615
0.6325760636581669
0.6466292230871657
0.6606728431127802
0.6746945098634914
0.6886816650697007
0.7026216262716727
0.7165016074789156
0.7303087401932608
0.7440300947966576
0.7576527021979234
0.7711635757250958
0.7845497332101126
0.7977982191640218
0.8108961270344227
0.8238306214407435
0.8365889603772589
0.8491585173299365
0.8615268032022041
0.8736814880423126
0.8856104224688442
0.8973016587825856
0.9087434717138224
0.9199243787134148
0.9308331597942402
0.941458876817599
0.9517908922068248
0.9618188870445232
0.9715328784819885
0.9809232364833708
0.9899806998032132
0.9986963911796295
1.007061831710389
1.015068954363661
1.022710116665842
1.029978112471535
1.036866182807699
1.043368025771808
1.049477805445415
1.055190159865457
1.060500207987632
1.065403555668536
1.069896300661055
1.073975036580191
1.077636855882928
1.080879351820291
1.083700619396966
1.086099255347238
1.088074357111577
1.089625520879634
1.090752838662991
1.091456894437636
1.091738759376677
1.091599986173259
1.091042602527618
1.090069103774974
1.088682444696833
1.086886030546345
1.084683707307974
1.082079751278755
1.079078857951874
1.07568613024846
1.07190706613452
1.067747545646835
1.06321381740823
1.058312484632129
1.053050490682723
1.047435104230771
1.041473904013839
1.035174763266191
1.028545833836319
1.021595530066133
1.014332512472272
1.006765671238763
0.99890410958585
0.9907571270295972
0.9823342025950507
0.9736449780210664
0.9646992409714829
0.9555069083142644
0.9460780094791925
0.9364226699466766
0.9265510949009564
0.9164735530616501
0.90620036074758
0.8957418661798142
0.8851084340710396
0.874310430527522
0.8633582082697162
0.8522620922149421
0.8410323654243503
0.8296792554462682
0.8182129210754122
0.8066434395361507
0.7949807941272256
0.7832348623221649
0.7714154043543869
0.7595320522971242
0.7475942996276698
0.7356114912904972
0.7235928142620915
0.7115472886469031
0.6994837593075071
0.6874108880103471
0.6753371460978815
0.6632708076768687
0.6512199433292355
0.6391924143436405
0.6271958674626038
0.615237730161147
0.6033252064284796
0.5914652730396066
0.579664676310231
0.5679299293338977
0.5562673097123968
0.5446828577479405
0.5331823750839005
0.5217714237825282
0.5104553258267882
0.4992391630440748
0.4881277774278469
0.4771257718459551
0.4662375111215481
0.4554671234699969
0.4448185022869171
0.4342953082617212
0.4239009718030898
0.4136386957608215
0.4035114584251351
0.3935220167930926
0.3836729100818464
0.3739664634802412
0.3644047921224948
0.3549898052605432
0.3457232106223039
0.3366065189380501
0.3276410486238434
0.3188279306071695
0.3101681132779548
0.301662367555918
0.2933112920551631
0.2851153183360713
0.2770747162307354
0.2691895992233488
0.2614599298724637
0.2538855252652838
0.2464660625016326
0.2392010841954004
0.2320900039724154
0.2251321119515702
0.2183265802036198
0.2116724681871275
0.2051687281517433
0.198814210491583
0.1926076690381447
0.1865477662889599
0.1806330785725834
0.1748621011424578
0.1692332531857422
0.1637448827390205
0.1583952715090623
0.1531826395998305
0.1481051501408227
0.143160913807006
0.1383479932257906
0.1336644072693196
0.1291081352324718
0.124677120893944
0.1203692764562563
0.1161824863641874
0.1121146109987737
0.1081634902456096
0.1043269469368863
0.1006027901676804
0.09698881848832706
0.093482822970667
0.09008259014756534
0.08678590482653772
0.08359055277929163
0.08049432330997396
0.0774950117013619
0.07459042153921795
0.07177836691673084
0.06905667452233767
0.06642318561461227
0.06387575788421032
0.0614122672040101
0.05903060926992391
0.05672870113553154
0.05450448264385736
0.05235591775812799
0.05028099579461735
0.04827773256023183
0.04634417139701139
0.04447838413654209
0.04267847196703622
0.04094256621616262
0.03926882905253683
0.0376554541090292
0.03610066703147054
0.0346027259548344
0.03315992190922182
0.03177057915866968
0.03043305547625222
0.02914574235888996
0.02790706518394862
0.02671548331015119
0.02556949012551327
0.02446761304533295
0.02340841346328384
0.02239048665770483
0.0214124616555548
0.02047300105649508
0.01957080081966319
0.01870459001567503
0.01787313054591743
0.01707521683136514
0.01630967547302904
0.01557536488621276
0.01487117491074552
0.01419602639898056
0.01354887078345796
0.01292868962607872
0.01233449415058131
0.01176532476009119
0.01122025054129924
0.01069836875673771
0.01019880432665741
0.009720709301968895
0.009263262329632177
0.008825668111714452
0.008407156859337876
0.008006983742715501
0.007624428338393246
0.007258794074842166
0.006909407677253502
0.0065756186125128
0.006256798535182446
0.005952340735330994
0.005661659589035479
0.005384190012176837
0.005119386918252716
0.004866724680816926
0.004625696601115762
0.004395814381521283
0.004176607605173919
0.003967623222302743
0.003768425043560587
0.003578593240854163
0.003397723855979026
0.003225428317409156
0.003061332965329509
0.002905078585323212
0.00275631995082433
0.002614725374523263
0.002479976268909815
0.002351766716043553
0.002229803046647315
0.002113803428650395
0.002003497465186444
0.001898625802129944
0.001798939745112942
0.001704200886078262
0.001614180739332069
0.00152866038701781
0.001447430134057609
0.001370289172393553
0.001297045254531243
0.001227514376272064
0.001161520468498575
0.001098895097979725
0.00103947717700953
0.0009831126818399592
0.0009296543796634458
0.0008789615640980445
0.0008308997989825551
0.0007853406703276088
0.0007421615463657759
0.0007012453453934128
0.0006624803113580288
0.0006257597969646031
0.000590982054182268
0.0005580500319279949
0.0005268711808270697
0.0004973572648520058
0.0004694241796127786
0.0004429917772439895
0.0004179836975653281
0.0003943272055454206
0.0003719530346762714
0.0003507952362956865
0.0003307910345292996
0.0003118806868037903
0.0002940073496992507
0.000277116950009697
0.0002611580608326775
0.0002460817825518813
0.0002318416285659677
0.0002183934155596288
0.0002056951582385355
0.0001937069683446882
0.0001823909577761205
0.0001717111457718475
0.0001616333698965533
0.0001521252007856499
0.0001431558604999884
0.0001346961443114893
0.0001267183458605726
0.0001191961855434203
0.0001121047419789893
0.0001054203864864817
9.912072042878209e-05
9.318451531729424e-05
8.75916556087896e-05
8.232308401298159e-05
7.73607493082849e-05
7.268755647634863e-05
6.828731912614674e-05
6.414471410910422e-05
6.024523818594513e-05
5.657516674080831e-05
5.312151435928996e-05
4.987199732578007e-05
4.681499780206396e-05
4.393952976873585e-05
4.12352065426056e-05
3.869220985073509e-05
3.630126040693506e-05
3.405358987231483e-05
3.194091421763853e-05
2.995540833999586e-05
2.808968196452825e-05
2.633675666412409e-05
2.469004408928513e-05
2.314332523142677e-05
2.169073073200781e-05
2.032672217437728e-05
1.904607430764006e-05
1.784385819347333e-05
1.671542517826598e-05
1.565639168527628e-05
1.466262479290009e-05
1.373022856372907e-05
1.285553105354331e-05
1.203507199719617e-05
1.126559114527757e-05
1.05440172030252e-05
9.86745734745814e-06
9.233187305925062e-06
8.638641936347601e-06
8.081406309342018e-06
7.559207304373583e-06
7.069905588999824e-06
6.611488079504216e-06
6.182060781695614e-06
5.779842021879286e-06
5.403156047433323e-06
5.050426971969383e-06
4.720173057035723e-06
4.411001296232023e-06
4.121602300887809e-06
3.850745454147312e-06
3.597274377967691e-06
3.360102584302569e-06
3.138209422312646e-06
2.930636231909863e-06
2.736482691397259e-06
2.554903418124506e-06
2.385104719486211e-06
2.226341540334724e-06
2.077914584744368e-06
1.939167601816346e-06
1.80948481904017e-06
1.688288542373224e-06
1.575036862108825e-06
1.469221508364472e-06
1.370365846814779e-06
1.278022955169596e-06
1.191773838947031e-06
1.111225730334807e-06
1.036010515772026e-06
9.6578321854333e-07
9.002205963566935e-07
8.390198229887866e-07
7.818972148506329e-07
7.285870658741997e-07
6.788405463961713e-07
6.324246686011123e-07
5.891212908545441e-07
5.487262080453222e-07
5.110482864753726e-07
4.759086431215676e-07
4.431398941328559e-07
4.125854342150055e-07
3.840987453574855e-07
3.57542781713848e-07
3.327893751063851e-07
3.097186577522353e-07
2.882185531728908e-07
2.681842926107956e-07
2.495179206512804e-07
2.321278928748548e-07
2.159286489497532e-07
2.008402365074125e-07
1.867879562036145e-07
1.737020234882603e-07
1.61517253366776e-07
1.501727613410716e-07
1.396116914511158e-07
1.297809519375914e-07
1.206309706101615e-07
1.121154761517309e-07
1.041912788608322e-07
9.68180530245385e-08
8.995819091560992e-08
8.357658341973741e-08
7.764048469767789e-08
7.211933332803498e-08
6.698463360152914e-08
6.220981242340451e-08
5.777008246253244e-08
5.364232331977284e-08
4.98049936457595e-08
4.623800001591681e-08
4.292262300210965e-08
3.984140053304693e-08
3.697806559852962e-08
3.43174745328084e-08
3.184549739329597e-08
2.954898437745021e-08
2.741567872679494e-08
2.543417191131741e-08
2.359383377262636e-08
2.188476720574355e-08
2.02977500385709e-08
1.882420245188961e-08
1.745614092016936e-08
1.618612924662106e-08
1.500724386754797e-08
1.391304825246953e-08
1.289754373353932e-08
1.195515560415272e-08
1.108070508059791e-08
1.02693645297181e-08
9.516641568009859e-09
8.818366410131026e-09
8.170661892710655e-09
7.569912124507417e-09
7.012762672598908e-09
6.496099841285504e-09
6.017016170916833e-09
5.572817054298529e-09
5.160996004278991e-09
4.779224952226238e-09
4.425342405754142e-09
4.097340235204002e-09
3.79335236951493e-09
3.511643064329753e-09
3.250607557903034e-09
3.008745824016875e-09
2.78466409958439e-09
2.577068416423736e-09
2.384765994601853e-09
2.206645279788355e-09
2.041669928655913e-09
1.888887911697526e-09
1.7474080183788e-09
1.616400805499272e-09
1.495107877388378e-09
1.382813457515687e-09
1.278860919434033e-09
1.182631728336927e-09
1.093566432577535e-09
1.011138729172794e-09
9.348595711250988e-10
8.642701569518728e-10
7.989551601958157e-10
7.385182850932702e-10
6.826005967002959e-10
6.3086423461387e-10
5.83005589964283e-10
5.38743861508058e-10
4.978111269245452e-10
4.599570488939157e-10
4.249557383764781e-10
3.925941792080914e-10
3.626752677640852e-10
3.350187484359649e-10
3.094474794790574e-10
2.858014638919662e-10
2.639438588786896e-10
2.437361564086001e-10
2.250580789597015e-10
2.077937975736676e-10
1.918392477981988e-10
1.770972150653871e-10
1.634852003408822e-10
1.509122027805125e-10
1.393027147622817e-10
1.285784630417341e-10
1.18675854841478e-10
1.095278879912204e-10
1.010785696767303e-10
9.327365570877524e-11
8.6060797366336e-11
7.939318486217758e-11
7.323877926667563e-11
6.755734500894416e-11
6.231050288757907e-11
5.746809798535366e-11
5.300061852166256e-11
4.887862163849124e-11
4.507510276607251e-11
4.157119487477953e-11
3.833738216588218e-11
3.535904005892632e-11
3.260843577720128e-11
3.006952524683949e-11
2.772566552897249e-11
2.555676062401201e-11
2.355578302438059e-11
2.170424284021851e-11
1.999094437288165e-11
1.84144058984954e-11
1.696008310549385e-11
1.562768841174433e-11
1.440287629379742e-11
1.327757978307275e-11
1.224321607231371e-11
1.128966845026101e-11
1.040466071555875e-11
9.589556134671052e-12
8.834258185139669e-12
8.131178631649669e-12
7.483870155077224e-12
6.886879086870842e-12
6.339021233760597e-12
5.834705465143468e-12
5.372562783719903e-12
4.945727957631784e-12
4.553348230014652e-12
4.191796957263834e-12
3.858770157299908e-12
3.557630819908835e-12
3.279324117554543e-12
3.022738284522826e-12
2.784845594358009e-12
2.56474060434375e-12
2.361085033387047e-12
2.16818574546292e-12
1.992802262640839e-12
1.827467407763413e-12
1.679246521438705e-12
1.544164522961714e-12
1.420886595140535e-12
1.30932387994676e-12
1.208987535186421e-12
1.110173630058388e-12
1.023892170322568e-12
9.410540934004549e-13
8.631716592975388e-13
7.954019926153108e-13
7.335612450530243e-13
6.790273679220023e-13
6.225345308179605e-13
5.719560854362098e-13
5.280429373082926e-13
4.81650127693711e-13
4.430673889807565e-13
4.011274934214636e-13
3.666214652834148e-13
3.360159852463147e-13
3.12143924940101e-13
2.87889806377069e-13
2.669318306499219e-13
2.492591786220236e-13
2.288319096147962e-13
2.088814684521631e-13
1.934198506649936e-13
1.783526876134692e-13
1.647785261529725e-13
1.507611843805454e-13
1.393439271740566e-13
1.241550885653334e-13
1.136675435325173e-13
1.000758764886288e-13
8.89217161334718e-14
8.108284599939798e-14
7.479054135685269e-14
7.26575381435895e-14
7.331324199991035e-14
6.999905387955322e-14
6.618092162565657e-14
6.049984617219542e-14
5.558369903463482e-14
4.691515202331935e-14
3.936473876088461e-14
3.365391229889792e-14
3.17367669067566e-14
2.472613492658622e-14
2.096898372931681e-14
1.788606361380942e-14
2.144869041011736e-14
2.474633534248626e-14
3.071469680198302e-14
3.009659467133898e-14
2.865909662678163e-14
2.463938966366276e-14
1.634552534937122e-14
8.70271283102874e-15
2.617343590120867e-15
1.265301903276033e-15
8.465824262107169e-16
3.980242326459509e-15
8.21652806466879e-15
9.10916362386753e-15
1.526739280225602e-14
1.289127218775447e-14
1.183169091147175e-14
1.380066746877973e-14
1.282486507495565e-14
7.782822707802476e-15
2.221198854883711e-15
-3.023392108038027e-15
-6.973613470787523e-15
-7.301670485484936e-15
-4.203944486341431e-15
-2.941138955087475e-15
8.064642169029753e-15
9.641436043382082e-15
1.086052114207115e-14
1.133552063645761e-14
9.963679830755389e-15
1.084888306261537e-15
-1.569411462976356e-16
-3.9038060633765e-15
-4.261027484888571e-15
-2.601135260522394e-15
-3.063594495056575e-16
3.980992933721277e-18
-4.393234476383836e-16
-1.072226138107747e-15
2.539131465034291e-15
4.927379010785304e-15
3.153269591979409e-15
1.465858069016823e-15
-2.207536170048912e-15
-1.563986276834752e-15
4.276102875878138e-15
6.309787702518619e-15
3.136233724509094e-15
5.133974474392546e-16
-1.025083523024661e-15
-9.060785382981032e-16
-2.580894535917992e-15
-6.768982198807655e-15
-6.489942917174834e-15
-3.253266361684838e-15
7.080840187549872e-16
4.636503710796707e-15
7.132060706215628e-15
5.660572951784324e-15
4.787815984852395e-15
2.994650063302445e-15
1.755781082266739e-15
-3.250195416179169e-15
-2.389448806043806e-15
-3.455601232133559e-15
-4.844597690905238e-15
-5.906980334463275e-15
-3.639968182934378e-16
8.312729402096494e-16
2.478813402533158e-15
2.670040008454144e-15
2.064025843456503e-15
1.783091526695112e-15
4.351100809212114e-16
1.267871327020195e-15
3.544554385123081e-15
2.82759035860293e-15
-1.547563215661413e-15
-2.767539216119841e-15
-4.542416534500769e-15
-4.534799395868925e-15
-3.190083324604029e-15
5.33456640646911e-16
7.313615748552357e-16
3.07733341741114e-15
1.592284617982044e-15
3.193784493192567e-16
2.093726143008658e-15
2.97342473353808e-15
2.45493975230723e-15
4.99155866244401e-16
1.577232214022549e-17
-3.496518610454093e-15
-2.036165874841071e-15
-4.089319486624012e-16
-1.348549949312171e-15
-2.473510464519291e-15
-3.055970416029091e-15
-1.654810625988928e-15
-1.080826784134998e-15
2.331232878973848e-15
6.258575373421074e-15
4.788549278156126e-15
4.259938052346766e-15
1.867388662255918e-15
-2.73291501311168e-15
-4.585809697131839e-15
-4.559047846253891e-15
-3.563612093944772e-15
-6.226754570488801e-15
-3.799497402298067e-16
2.893161804457069e-15
5.598214153270848e-15
2.347768413985799e-15
9.328381399857259e-16
1.125667707682597e-15
1.612290183127753e-15
2.252236871659032e-15
9.256206106897908e-17
-1.655801346240049e-15
-5.320401688587686e-15
-3.561510014007873e-15
-5.24420229536257e-15
-9.126583958327531e-16
6.022625880236214e-16
5.444369006159963e-15
5.591197681313275e-15
5.844689043360063e-15
2.512502357668389e-15
1.080835464720131e-15
-2.134292791789241e-15
-4.487607784330087e-15
-6.180536808672805e-15
-3.673431974608786e-15
-2.668592631684749e-15
4.467151644309098e-16
2.96521416414547e-15
5.33148413594635e-15
3.998050422418141e-15
7.664519621064715e-16
-2.843262082948615e-15
-3.482603914174227e-15
-2.51589416609636e-15
1.164354214905261e-15
4.538208162165913e-15
2.459326581767015e-15
1.46077953799803e-15
-3.036790988505871e-16
-1.932440262365591e-15
-3.09912440835607e-15
-2.515606244470488e-15
-2.398370923504808e-15
-4.412753091389836e-15
-1.914078149756604e-15
-1.478404192800212e-15
1.702765575759658e-15
7.632109077808822e-15
1.101046170606764e-14
7.967109912901138e-15
5.574947217761028e-15
4.316862473844804e-16
-7.417791494899006e-15
-1.140722222719582e-14
-1.064699376548778e-14
-8.346106108374493e-15
-5.274635099950176e-15
-1.911846689470579e-15
3.843037747231484e-15
7.654276360120995e-15
1.082637788054861e-14
9.861575845019028e-15
9.411449958697774e-15
6.510461607976387e-15
5.177853683880949e-16
-7.815051844901675e-15
-1.160476310913197e-14
-1.588407148360709e-14
-1.130103051980988e-14
-4.634146214860729e-15
1.182141399080831e-15
4.135958803565716e-15
7.793025393355251e-15
1.202117608972578e-14
1.207292212745661e-14
9.582817633258121e-15
3.466958273084437e-15
-2.527742570386828e-15
-8.438308454617924e-15
-9.05167031773735e-15
-1.16162555427697e-14
-8.798027477545965e-15
-4.828111980793869e-15
5.243808034262201e-16
4.466299929914074e-15
7.335583481733542e-15
9.051156367753321e-15
2.951569773710968e-15
2.613224742714694e-15
