7.83344310188111e-13
4.977874483405261e-13
3.114916987941015e-13
1.964037691654764e-13
1.247630209441992e-13
7.979085080438234e-14
5.107974094241506e-14
3.257108259611316e-14
2.098933155081299e-14
1.34995961839187e-14
7.977846307891276e-15
5.059930060527723e-15
3.138484993824457e-15
2.110885111773061e-15
2.694699349194856e-15
5.19437776511391e-15
9.339552647664741e-15
1.716943319051171e-14
2.80520970131696e-14
4.385566344236958e-14
6.606591699941694e-14
9.763001566934988e-14
1.409235968973331e-13
1.996677931926349e-13
2.798789837972079e-13
3.895677874221191e-13
5.372136220127971e-13
7.369349052034075e-13
1.006570724544367e-12
1.369492825464759e-12
1.856268353346034e-12
2.507827257166834e-12
3.375100167402149e-12
4.527130528743295e-12
6.051143077328702e-12
8.060329611382405e-12
1.070080015795599e-11
1.415991964497228e-11
1.867858720546176e-11
2.456411110845366e-11
3.220815865947896e-11
4.210984872792534e-11
5.49046182334338e-11
7.139433757451525e-11
9.259149018524524e-11
1.197739549870776e-10
1.545485236710533e-10
1.989253221532658e-10
2.554210049970592e-10
3.271733786332047e-10
4.180877061116871e-10
5.330106735937843e-10
6.779431763575452e-10
8.602967619156822e-10
1.089207836851358e-09
1.375904931763272e-09
1.734167634079818e-09
2.180853282691045e-09
2.736554018375107e-09
3.426356197355846e-09
4.280758291885446e-09
5.336759405976715e-09
6.63914562441916e-09
8.242013541429309e-09
1.021057054307682e-08
1.262325234460677e-08
1.557421077263123e-08
1.9176235604898e-08
2.356417128907843e-08
2.889891053509018e-08
3.537204749638651e-08
4.321129737365647e-08
5.268678425838445e-08
6.411833629837522e-08
7.788392361756657e-08
9.442940436280289e-08
1.142797601065888e-07
1.380520232338418e-07
1.664701293526202e-07
2.003819417892559e-07
2.407787381023776e-07
2.888174792055451e-07
3.458462030701444e-07
4.13432938115489e-07
4.933985699402429e-07
5.87854132936953e-07
6.99243051183493e-07
8.30388902230282e-07
9.845493378938364e-07
1.165476848650089e-06
1.377487114043015e-06
1.62553577196247e-06
1.915304465231171e-06
2.253297144111942e-06
2.646947631808759e-06
3.104739564061475e-06
3.636339866496422e-06
4.252747037204652e-06
4.966455523741277e-06
5.791637620018541e-06
6.744344301706427e-06
7.842726548525795e-06
9.107278999783166e-06
1.056110853640906e-05
1.223022946077708e-05
1.414388716033662e-05
1.633491242253089e-05
1.884010866164582e-05
2.170067445867349e-05
2.496266388633316e-05
2.867748719506687e-05
3.290245453904327e-05
3.770136548035754e-05
4.314514712346341e-05
4.931254376126896e-05
5.629086100225313e-05
6.417676737540526e-05
7.307715645453842e-05
8.311007253703513e-05
9.44057029191244e-05
0.0001071074397918904
0.0001213730146956761
0.0001373757084216154
0.0001553056391221452
0.0001753711312368415
0.0001978001676703856
0.0002228419274626274
0.0002507684115779715
0.000281876160601655
0.0003164880652531738
0.0003549552706079811
0.0003976591750116211
0.0004450135242423645
0.0004974666009949949
0.000555503509205843
0.0006196485520829449
0.0006904677020419291
0.0007685711599352275
0.0008546160002469661
0.0009493088996198082
0.001053408959351028
0.001167730624278057
0.001293146678943176
0.001430591300297595
0.001581063166609471
0.001745628624631953
0.001925424909328695
0.002121663402307873
0.002335632919072145
0.002568703013249218
0.002822327288486413
0.00309804670605219
0.003397492872567701
0.003722391296291201
0.004074564594064532
0.004455935634849501
0.004868530603482121
0.005314481964380603
0.005796031310864955
0.006315532076958087
0.006875452094470708
0.007478375975452005
0.00812700729558407
0.008824170562602266
0.009572812942438827
0.01037600572439877
0.01123694550365025
0.01215895505377458
0.01314548387422226
0.01420010838284544
0.0153265317358892
0.01652858325425058
0.01781021742839687
0.01917551249097242
0.02062866852692155
0.02217400510733166
0.02381595842928265
0.02555907793687881
0.02740802242063845
0.0293675555673965
0.03144254095437202
0.03363793647663287
0.03595878818853046
0.03841022356766628
0.04099744417903325
0.04372571774496046
0.04660036962044802
0.04962677366190477
0.05281034251228205
0.05615651728824681
0.05967075668993068
0.06335852554564893
0.06722528278937788
0.07127646891180786
0.07551749287940203
0.07995371855782643
0.08459045066604727
0.08943292027018783
0.09448626987791936
0.09975553813580748
0.1052456441813268
0.1109613716891984
0.1169073526324458
0.1230880508390849
0.1295077453527342
0.1361705136631421
0.1430802148578495
0.1502404727223884
0.1576546588851581
0.1653258760192889
0.1732569411805377
0.1814503693404677
0.1899083571443892
0.1986327670021828
0.2076251115226
0.2168865383782336
0.2264178156629761
0.2362193177665343
0.2462910118770426
0.2566324451174182
0.2672427324082145
0.2781205451158861
0.2892641004984663
0.3006711520578867
0.3123389807918732
0.3242643874340573
0.3364436857314498
0.3488726967559185
0.3615467443539227
0.3744606517064309
0.3876087390732222
0.4009848227545776
0.4145822152510097
0.4283937267185279
0.4424116676635976
0.4566278529335991
0.4710336070156431
0.4856197706010417
0.5003767084963117
0.5152943187987297
0.5303620433718564
0.5455688796119513
0.5609033934446195
0.5763537336285455
0.5919076472432202
0.60755249634168
0.6232752757356322
0.6390626318931838
0.6549008831053049
0.670776040656706
0.6866738305993735
0.7025797160756558
0.7184789210273396
0.7343564568851368
0.7501971503719971
0.7659856682213178
0.7817065384741385
0.7973441737529249
0.8128829023917574
0.8283070021317087
0.8436007302995665
0.8587483499217196
0.8737341560736905
0.8885425047753189
0.9031578426177752
0.9175647359096974
0.9317478991801604
0.9456922234044429
0.9593828041665511
0.9728049694606543
0.9859443070128114
0.9987866910459877
1.011318308406661
1.023525684100538
1.035395706061905
1.046915649134325
1.058073198202508
1.06885647036584
1.079254036192328
1.089254939909431
1.098848718535696
1.108025419909884
1.116775619518965
1.125090436171549
1.132961546401949
1.140381197639186
1.14734222011712
1.153838037436105
1.1598626758302
1.165410772057258
1.170477579970614
1.175058975769472
1.179151461858106
1.182752169384953
1.18585885940129
1.188469922708821
1.190584378412532
1.192201871143105
1.193322667046413
1.193947648489794
1.194078307552668
1.193716738334055
1.192865628076216
1.191528247220963
1.189708438359672
1.187410604143275
1.184639694198012
1.181401191074268
1.177701095360592
1.173545909930891
1.16894262339483
1.163898692804911
1.158422025651142
1.152520961262499
1.146204251610468
1.139481041610301
1.132360848976612
1.124853543647007
1.11696932687804
1.108718710022843
1.1001124930788
1.091161743061454
1.081877772232544
1.072272116289729
1.062356512517569
1.052142877973879
1.041643287762156
1.03086995341712
1.019835201498594
1.008551452391388
0.9970311993692069
0.9852869879656213
0.9733313956820334
0.9611770121201038
0.9488364195255244
0.9363221737865165
0.9236467859195234
0.9108227040599477
0.8978622960217283
0.8847778324171949
0.8715814703826839
0.8582852379303555
0.8449010189182334
0.8314405386756528
0.8179153502797873
0.8043368215226108
0.7907161225775613
0.7770642143490408
0.763391837530362
0.7497095023550104
0.7360274790616891
0.7223557890729909
0.708704196869015
0.6950822025714483
0.6814990352144474
0.667963646709262
0.6544847064941393
0.6410705968468567
0.6277294088653733
0.614468939088344
0.6012966867552386
0.5882198516908608
0.575245332785386
0.5623797270666
0.5496293293332565
0.537000132339111
0.524497827508445
0.5121278061575354
0.499895161215369
0.4878046894099127
0.4758608939086986
0.464067987391548
0.452429895520699
0.440950260790736
0.4296324467339661
0.4184795424736442
0.4074943676022449
0.3966794773499244
0.3860371680271379
0.3755694827139634
0.3652782171793585
0.3551649260095796
0.3452309289243754
0.3354773172719507
0.3259049606700873
0.3165145137706435
0.307306423129361
0.2982809341669141
0.2894380982141089
0.2807777796125189
0.2722996628528436
0.264003259735101
0.255887916535012
0.2479528211674512
0.2401970103272399
0.2326193765954618
0.2252186754985192
0.2179935325069567
0.2109424499675331
0.2040638139526869
0.1973559010182389
0.190816884859936
0.1844448428586874
0.178237762508815
0.1721935477198764
0.16631002498853
0.1605849494338598
0.1550160106870512
0.1496008386316382
0.1443370089888285
0.1392220487457809
0.1342534414235237
0.1294286321807129
0.1247450327531306
0.1202000262248741
0.1157909716315126
0.1115152083939366
0.1073700605801917
0.1033528409949724
0.09946085509808748
0.09569140475623727
0.09204179182859609
0.08850932158353386
0.08509130594703668
0.08178506658652911
0.07858793783565918
0.07549726946203154
0.07251042927726578
0.06962480559134596
0.06683780951578881
0.06414687712160469
0.06154947145508154
0.0590430844121299
0.0566252384739549
0.05429348830920006
0.05204542224838361
0.04987866363436572
0.04779087205084591
0.04577974443253037
0.04384301606166085
0.04197846145600814
0.0401838951523308
0.03845717238871484
0.03679618969029014
0.03519888536191419
0.03366323989178291
0.03218727627010284
0.03076906022707289
0.02940670039470621
0.0280983483956217
0.02684219886233483
0.02563648939083867
0.024479500432462
0.02336955512805979
0.02230501908748541
0.02128430011734082
0.02030584790050934
0.01936815363106218
0.01846974960827529
0.01760920879210505
0.01678514432281393
0.01599620900769218
0.01524109477780497
0.01451853211762112
0.01382728946988858
0.01316617261837123
0.01253402405069393
0.01192972230346221
0.01135218129186124
0.01080034962572713
0.01027320991416578
0.009769778060547922
0.009289102549742537
0.008830263729459237
0.008392373087051907
0.007974572523169363
0.00757603362370625
0.007195956931561356
0.00683357121957983
0.006488132765725043
0.006158924631447619
0.005845255944364564
0.005546461186216002
0.005261899487130776
0.004990953926875943
0.004733030843848999
0.004487559152475847
0.00425398966972505
0.004031794451309908
0.003820466138065239
0.003619517312966286
0.003428479869178668
0.003246904389554011
0.003074359537920923
0.00291043146235014
0.002754723210757401
0.002606854158907716
0.002466459451076377
0.002333189453509714
0.002206709220729481
0.002086697974742442
0.001972848597197898
0.001864867134522537
0.001762472315976602
0.001665395084643161
0.001573378141211843
0.001486175500544277
0.001403552060870962
0.001325283185543671
0.001251154297223051
0.001180960484246173
0.001114506119117245
0.001051604488933388
0.0009920774374766374
0.0009357550188833969
0.000882475162636612
0.0008320833496314267
0.0007844322991991061
0.0007393816667619624
0.0006967977519825874
0.0006565532170874649
0.0006185268151989402
0.000582603128378364
0.0005486723152278194
0.0005166298677053286
0.0004863763770273764
0.0004578173082846803
0.0004308627836698855
0.0004054273739431673
0.0003814298980378366
0.0003587932304310698
0.0003374441161510118
0.0003173129931290139
0.0002983338217173417
0.0002804439210980322
0.0002635838123919899
0.0002476970682241216
0.0002327301685648851
0.0002186323626141047
0.0002053555365105392
0.0001928540866796664
0.0001810847986429661
0.0001700067310400267
0.000159581104718545
0.0001497711966986374
0.0001405422388194556
0.0001318613209130008
0.0001236972982991261
0.0001160207034643346
0.0001088036617608403
0.0001020198109643001
9.564422449489606e-05
8.965333826929118e-05
8.402488091815362e-05
7.873780724320333e-05
7.377223488878211e-05
6.910938398009898e-05
6.47315196437811e-05
6.06218972803493e-05
5.676471050596594e-05
5.314504161743376e-05
4.974881444678206e-05
4.656274957403235e-05
4.357432171236771e-05
4.077171924256569e-05
3.814380572562097e-05
3.568008339269059e-05
3.337065843915743e-05
3.120620809831532e-05
2.917794937510741e-05
2.727760938050453e-05
2.549739720864886e-05
2.382997724079519e-05
2.226844384588946e-05
2.080629741534739e-05
1.943742162574933e-05
1.815606189768605e-05
1.695680503271662e-05
1.583455988370271e-05
1.47845390677898e-05
1.380224168841576e-05
1.288343694171572e-05
1.202414863858964e-05
1.122064054569678e-05
1.046940252640025e-05
9.767137472020231e-06
9.110748897043728e-06
8.497329252714347e-06
7.924148880272254e-06
7.388645580081873e-06
6.888414737524825e-06
6.421200043240067e-06
5.984884701152497e-06
5.577483132179295e-06
5.197133181462973e-06
4.842088722125087e-06
4.510712712365772e-06
4.201470635926361e-06
3.912924316974622e-06
3.643726108013023e-06
3.392613387589176e-06
3.158403397541959e-06
2.93998837667153e-06
2.736330959918823e-06
2.546459870680368e-06
2.369465866158004e-06
2.204497907212189e-06
2.050759555668311e-06
1.90750559049632e-06
1.774038827501946e-06
1.649707117637264e-06
1.533900564823146e-06
1.426048833842705e-06
1.325618699374501e-06
1.232111695349703e-06
1.145061913931905e-06
1.064033965869047e-06
9.886210266860903e-07
9.184430360387879e-07
8.531449708616244e-07
7.92395255275906e-07
7.358842657192276e-07
6.833229055760429e-07
6.34441302672783e-07
5.889875497575969e-07
5.467265637446952e-07
5.07438978540108e-07
4.70920123749497e-07
4.369790808520168e-07
4.054377714064752e-07
3.761301242106032e-07
3.489012826525502e-07
3.23606879906073e-07
3.001123378136283e-07
2.782922173005604e-07
2.58029621757141e-07
2.392156356208431e-07
2.217487767306982e-07
2.055345109451606e-07
1.904847972574656e-07
1.765176327446093e-07
1.635566750437436e-07
1.515308444630606e-07
1.403739634620649e-07
1.300244552829082e-07
1.204249979515344e-07
1.115222673736685e-07
1.032666340447033e-07
9.561194138799506e-08
8.851525392771706e-08
8.193664275624332e-08
7.583897305313087e-08
7.018771618815527e-08
6.49507768276907e-08
6.009831757074884e-08
5.56026072721355e-08
5.143788443072701e-08
4.758020146535334e-08
4.400731886185724e-08
4.069857181823489e-08
3.763476877156748e-08
3.479808356209627e-08
3.217196560221338e-08
2.97410403923906e-08
2.749104012716818e-08
2.540872215985141e-08
2.348179136422722e-08
2.169884756423583e-08
2.004930440975341e-08
1.852333851383268e-08
1.711183984064508e-08
1.580636064629238e-08
1.459906049249296e-08
1.34826751858833e-08
1.245045583392543e-08
1.149616128065675e-08
1.061399250508237e-08
9.798580595936853e-09
9.044953173736553e-09
8.348500387574823e-09
7.704949485528876e-09
7.110344629391805e-09
6.56101444871866e-09
6.05356374713729e-09
5.584849393460046e-09
5.151955146997928e-09
4.752175923660678e-09
4.383015088509852e-09
4.042160498052603e-09
3.727471128144461e-09
3.43697323468517e-09
3.16882453514389e-09
2.921337384418584e-09
2.692938330619073e-09
2.482174158737065e-09
2.287703178765582e-09
2.108284565791301e-09
1.942772920310281e-09
1.790099366687395e-09
1.649279246268419e-09
1.519406398899458e-09
1.399635884453614e-09
1.28919549907551e-09
1.187367906151764e-09
1.093485637679449e-09
1.006936752955628e-09
9.2715676656562e-10
8.536315950221464e-10
7.858735328368634e-10
7.234349194284285e-10
6.659028706295159e-10
6.128978294516556e-10
5.6406330174123e-10
5.190751310476191e-10
4.776343675292416e-10
4.394694348447354e-10
4.043161772758785e-10
3.719454831351872e-10
3.421391538357343e-10
3.146969223853921e-10
2.894309470070886e-10
2.661783816317557e-10
2.447723449445134e-10
2.250699156620293e-10
2.069393763027218e-10
1.902512508545201e-10
1.748939949140106e-10
1.607630266527191e-10
1.477583149965727e-10
1.357960995565145e-10
1.247921371480052e-10
1.146798832365858e-10
1.053779863270834e-10
9.682966981068686e-11
8.896235215406235e-11
8.172976245582735e-11
7.507246396057853e-11
6.895808806038686e-11
6.333356480200854e-11
5.816027525954119e-11
5.340378860468651e-11
4.903440246623914e-11
4.501340231115272e-11
4.132486445936374e-11
3.794233024512681e-11
3.48387417034262e-11
3.198179187541383e-11
2.935934490095881e-11
2.694863088570878e-11
2.473682968992503e-11
2.270254165120123e-11
2.082869160916481e-11
1.910288268649323e-11
1.7517669877831e-11
1.606526603970024e-11
1.473468119970124e-11
1.351666546100617e-11
1.239745349543524e-11
1.13728443197486e-11
1.043692420304955e-11
9.579027748698575e-12
8.788377394942517e-12
8.057112167748773e-12
7.387975270733651e-12
6.767115474574603e-12
6.200934539377194e-12
5.682158091519921e-12
5.204212999340482e-12
4.764781811565183e-12
4.365874800662165e-12
4.00162910944857e-12
3.666750335420825e-12
3.367043939207629e-12
3.088935483631972e-12
2.838617384447389e-12
2.600685112304968e-12
2.380852158106604e-12
2.177536832012691e-12
1.990102739229775e-12
1.819253533289607e-12
1.661148783285065e-12
1.517538950646392e-12
1.392681841603434e-12
1.276798539607039e-12
1.173717597401656e-12
1.080025484464581e-12
9.897483977616975e-13
9.065196474626729e-13
8.325846784601595e-13
7.590535307934635e-13
6.920934020952547e-13
6.310824271869111e-13
5.772898857277062e-13
5.254021699244099e-13
4.764880512888961e-13
4.349129078131602e-13
3.996891957381853e-13
3.68525709827613e-13
3.419999408768242e-13
3.194194315736909e-13
2.92762349364124e-13
2.672460813526273e-13
2.399366578306724e-13
2.155044091478321e-13
1.957286790361842e-13
1.810548265917189e-13
1.664246053588914e-13
1.506141782664788e-13
1.328538808912835e-13
1.21584268873132e-13
1.106485060184889e-13
1.045802287688424e-13
9.622131340620054e-14
9.264510724565597e-14
8.660981107524905e-14
8.072659313570121e-14
7.531028819236674e-14
6.756477697116944e-14
6.021597997497362e-14
5.239589879222476e-14
4.418866444399912e-14
3.650604433891376e-14
3.158660687616087e-14
2.870065813067574e-14
2.660657105949026e-14
2.711328423201975e-14
3.035222650948664e-14
2.964603622551556e-14
2.762397162743549e-14
2.662271849231386e-14
2.293458719549054e-14
2.132167903496564e-14
2.003890804955095e-14
1.498248622482769e-14
1.136092650727369e-14
9.114420756336861e-15
6.913272136617378e-15
6.675269245715645e-15
6.973679945915433e-15
7.683563719168448e-15
5.367757287849142e-15
4.846630110044322e-15
7.890836908365899e-15
5.907347474355494e-15
5.461151733806691e-15
6.736976716594539e-15
9.724483686104042e-15
9.863604369171151e-15
8.780256275164206e-15
9.376335273762143e-15
5.935644744876659e-15
1.341679219913278e-15
-2.862252029243695e-15
-5.356354511814144e-15
-6.822010897264197e-15
-8.501100524121886e-15
-4.626678240032892e-15
-2.414804907036377e-16
4.397385269454989e-15
9.722626244974354e-15
1.032898936941567e-14
1.142968110647035e-14
8.04142286946349e-15
9.26648113817916e-15
6.515106418330161e-15
2.163960435483684e-16
-8.013687871974466e-15
-1.383577890121118e-14
-1.119468877546346e-14
-9.949985928744284e-15
-4.797188016130237e-15
-2.279071793266226e-15
4.700116345419415e-15
7.879256393519273e-15
1.034411935275893e-14
1.237702460008039e-14
7.651629563245708e-15
7.202339821256148e-15
2.457258497167166e-15
-3.611329699745676e-15
-5.558970766543004e-15
-8.189587859264139e-15
-5.39861546699369e-15
-6.532926027216609e-15
-8.662451371553477e-15
-4.804780728170656e-15
-5.893644001427847e-15
-1.016694716394076e-15
6.935949017319154e-15
1.523801719843301e-14
1.444438370573749e-14
1.098351592185659e-14
2.219949453804624e-15
-1.684571016433019e-16
-6.361242310539666e-15
-7.508418906137556e-15
-7.792416064463816e-15
-4.831584141899111e-15
-3.968154450101312e-15
-5.242914207128975e-15
-3.876710449549914e-15
1.843041031577227e-15
4.171973612884681e-15
2.863698565538347e-15
4.522054070560549e-15
2.667675703373979e-15
4.49631129109813e-15
4.276256101084261e-15
5.427642811130512e-15
4.223684503224743e-15
-7.134544915064959e-16
-3.180268795494035e-15
-4.277421184680336e-15
-7.214397684938978e-15
-8.923445089878534e-15
-6.526392718585161e-15
-6.621596151792146e-15
-2.073755668398496e-15
2.874456502606069e-15
2.69269834259872e-15
8.168580266516235e-15
1.24009616612483e-14
1.263425028246437e-14
1.07110149527784e-14
9.887150050907972e-16
-5.030163197437328e-15
-6.557270827821891e-15
-1.13352228061128e-14
-1.221683831197609e-14
-1.01764535518033e-14
-7.393259992624744e-15
-5.417945185283481e-16
5.303395980066049e-15
7.872967883271794e-15
9.151985526164882e-15
6.478083449291235e-15
4.169471041145454e-15
5.406611075296863e-15
2.693658571812459e-15
-1.881158922231959e-15
-1.453134250361151e-15
-3.894789186815527e-15
-5.320152214104898e-15
-3.733571433647941e-15
-4.464621498832529e-15
-4.335921975574105e-15
-3.218788502963353e-15
-4.555160021417967e-15
7.838708686720357e-16
4.593618110615494e-15
7.50551284904777e-15
7.262396768321299e-15
4.569767789758008e-15
4.432975301388924e-15
4.611446364873264e-15
3.002590454174078e-15
-1.098190811770872e-15
-4.708027551173142e-15
-8.812349247239047e-15
-8.916692640299154e-15
-5.572649178080091e-15
-5.902786428288861e-15
-3.508096456047861e-15
1.112715655798482e-15
3.858079745583342e-15
7.500024251787519e-15
8.43215073482399e-15
5.769399499908058e-15
6.16676920027788e-15
2.747992594527454e-15
8.521652516403271e-16
-2.498827912150823e-15
-3.340636047999187e-15
-6.344329362717517e-15
-7.925672984078343e-15
-5.99572267474711e-15
-3.734714829205906e-15
4.245153733258181e-16
7.516660032358934e-16
-1.506702130917076e-15
1.904647919469121e-15
1.401396620076067e-15
6.181304649191334e-15
7.677214357604081e-15
1.081097776676485e-14
7.608091235537097e-15
5.733315919147763e-15
-1.486713024176868e-15
-6.196597758355092e-15
-1.419476613664231e-14
-1.436986075630528e-14
-1.353038077133058e-14
-6.661697688452898e-15
8.78880318310887e-16
6.906208709972442e-15
1.096818640327711e-14
1.13566575820182e-14
8.677516038001626e-15
7.257954643880622e-15
3.032968565133291e-15
-1.490039962300326e-15
-3.808992368881052e-15
-2.920568882792828e-15
-5.02321890753126e-15
-7.302254357291458e-15
-6.310892467536809e-15
-7.040526590390682e-15
-5.724910811874772e-15
-1.945690307312445e-15
1.902551772674435e-15
6.171099256547911e-15
7.284357855734056e-15
1.33153714634897e-14
1.261006913091377e-14
3.072102195098127e-15
-3.288885763756702e-15
-9.607813950218234e-15
-9.931180964076498e-15
-8.050903002411588e-15
-4.184411314524947e-15
9.48265112465925e-16
3.201658615431203e-15
4.095235693667383e-15
5.003979589993771e-15
-1.641204972539155e-16
-2.352227337057117e-15
-1.585311796567776e-15
-3.361563333241215e-15
-2.080578028150593e-15
1.365747495853952e-15
4.595881348923334e-15
1.593885230786176e-15
5.833581960978751e-15
5.04097911952339e-15
3.444238412493973e-15
5.628375383438087e-16
-3.185640237558798e-15
-5.754906191481549e-15
-1.136721719665814e-14
-1.138003265020404e-14
-6.713043136184987e-15
1.116133713462006e-15
8.600506198418406e-15
7.193349382510845e-15
5.452080340057342e-15
7.064452927947084e-15
3.776672631310693e-15
3.676409077330638e-15
5.248493940401001e-15
8.267174118016754e-16
-5.122701359302316e-15
-7.322720565536906e-15
-9.085435926599128e-15
-1.052289709143602e-14
-7.858463959019076e-15
-2.387769412394978e-15
9.657399838288873e-16
3.722383104556046e-15
6.388538321159938e-15
9.059858218992063e-15
1.15715844801306e-14
9.30961293750105e-15
6.835895800490175e-15
2.580288327433187e-15
-5.517892669174701e-15
-9.548652938272416e-15
-1.136269686933969e-14
-1.101747833905579e-14
-7.665515461273251e-15
-5.274726615443151e-15
-2.84433707723813e-15
-4.056433204554106e-16
8.105734733149014e-15
1.292254354207381e-14
1.306066445257444e-14
