-8.649143783720333e-13
-5.472838955467917e-13
-3.472487419588519e-13
-2.218411105687709e-13
-1.43500734690881e-13
-9.393349086998043e-14
-6.261261336885374e-14
-4.250340924231564e-14
-2.876877818513133e-14
-1.950854298151932e-14
-1.213479845658258e-14
-4.721435866475087e-15
4.256863154130722e-15
1.498478705535532e-14
2.904860897263326e-14
4.867121001022085e-14
7.56208045779033e-14
1.128228196668095e-13
1.630825906524225e-13
2.318376410091284e-13
3.285214899473365e-13
4.5956066314286e-13
6.409161455770413e-13
8.883799916177743e-13
1.227740503659798e-12
1.688816907713253e-12
2.315174391401023e-12
3.161694336557782e-12
4.301432632726316e-12
5.831515183168318e-12
7.877862985516754e-12
1.060470398255627e-11
1.42265609491582e-11
1.902342033197475e-11
2.535593542204229e-11
3.369102002393503e-11
4.462882710041119e-11
5.894003601608405e-11
7.761326617156336e-11
1.019069391942566e-10
1.334267772305899e-10
1.74209060404235e-10
2.268348595347061e-10
2.945651287431329e-10
3.815094608620476e-10
4.928356564691185e-10
6.350247044601647e-10
8.161887456463227e-10
1.046448736355858e-09
1.338405404914992e-09
1.707712172746866e-09
2.17375669190364e-09
2.760498270949247e-09
3.497471964491518e-09
4.421001323540963e-09
5.575650349384301e-09
7.015974334648336e-09
8.808596697835126e-09
1.103470310764028e-08
1.379299309319545e-08
1.720319998172942e-08
2.141024639239426e-08
2.658916416752777e-08
3.295089530492189e-08
4.074911531081077e-08
5.028824479076379e-08
6.193284476808394e-08
7.611858877443589e-08
9.336508139252713e-08
1.142907727597124e-07
1.39630301168339e-07
1.702545969023977e-07
2.071941686389912e-07
2.516659942294588e-07
3.051045330188268e-07
3.691974223131591e-07
4.4592647951779e-07
5.376147158639192e-07
6.469801438335928e-07
7.77197238588161e-07
9.319670206628428e-07
1.11559682419519e-06
1.333090931013703e-06
1.590253344956356e-06
1.893804155931563e-06
2.251511028433467e-06
2.672337526601816e-06
3.166610128820668e-06
3.74620595736478e-06
4.424763398070128e-06
5.217917987639799e-06
6.143566104645534e-06
7.222159205610475e-06
8.477031525999757e-06
9.934764349407072e-06
1.162559016250054e-05
1.35838401469205e-05
1.584843868406709e-05
1.846344863807153e-05
2.147867137804087e-05
2.49503055549836e-05
2.89416688033049e-05
3.352398760695489e-05
3.87772630699187e-05
4.47912168029011e-05
5.166632166193957e-05
5.951492292777105e-05
6.84624557140563e-05
7.864876452921145e-05
9.022953105538601e-05
0.0001033778162538725
0.0001182857230076838
0.0001351661854920198
0.0001542548914633972
0.0001758123435777288
0.0002001260657340623
0.0002275129602517169
0.0002583218214554873
0.0002929360109225427
0.0003317762992507655
0.0003753038787390367
0.0004240235507913159
0.0004784870911819701
0.0005392967955484726
0.0006071092065558591
0.0006826390231698497
0.0007666631914583235
0.0008600251772728906
0.0009636394247788555
0.001078495994466023
0.001205665373933403
0.001346303454731038
0.001501656666886401
0.00167306726078114
0.001861978723990215
0.002069941318377181
0.002298617720317193
0.002549788744267918
0.002825359127486559
0.003127363356050009
0.003457971556206755
0.003819495447153402
0.004214394280649842
0.004645280688851019
0.005114926429277329
0.00562626802392795
0.00618241226414048
0.006786641527282093
0.007442418864995258
0.008153392817458084
0.008923401917130392
0.009756478838043892
0.01065685413642394
0.01162895954252304
0.01267743074495209
0.01380710962262756
0.01502304587365593
0.01633049798051087
0.01773493347098233
0.01924202840941829
0.02085766607327389
0.02258793476395597
0.02443912468961342
0.0264177238861312
0.02853041311052301
0.03078405967001671
0.03318571014353823
0.03574258193903612
0.03846205366895961
0.04135165428585075
0.04441905095929424
0.04767203566801174
0.05111851046547618
0.05476647142900481
0.05862399124991411
0.06269920047278989
0.06700026738384406
0.07153537653117063
0.07631270592524915
0.08134040290013859
0.08662655867939947
0.09217918168088078
0.09800616957322403
0.1041152801766942
0.1105141012178242
0.1172100190264624
0.1242101862486096
0.1315214886189969
0.1391505109327174
0.1471035022559322
0.1553863405097414
0.1640044965393969
0.1729629977431052
0.1822663914467393
0.1919187080890478
0.2019234243899603
0.2122834266462897
0.2230009742540087
0.2340776636846211
0.2455143929930621
0.2573113270555231
0.2694678637012828
0.2819826008514184
0.2948533049211115
0.3080768805595139
0.3216493419368553
0.3355657857460911
0.3498203660240977
0.364406271053633
0.3793157024019874
0.3945398563025907
0.4100689075307318
0.4258919958490163
0.441997215269377
0.458371606147728
0.4750011502925929
0.4918707692018334
0.5089643254508889
0.5262646274367554
0.543753437441688
0.5614114831609053
0.5792184727545115
0.5971531133755023
0.6151931333219488
0.6333153077073798
0.6514954877344519
0.6697086335639491
0.6879288506569498
0.706129429676624
0.7242828897618967
0.7423610251819246
0.7603349552890522
0.778175177580858
0.795851623899017
0.8133337194931344
0.8305904448848878
0.8475904003798166
0.8643018729685076
0.8806929055803978
0.8967313683536493
0.9123850317951189
0.92762164162053
0.9424089949750867
0.9567150179704431
0.9705078441300687
0.9837558935177213
0.9964279523022408
1.008493252533797
1.019921552185822
1.030683214841378
1.040749288221437
1.050091581329521
1.058682741323027
1.066496332238662
1.073506912470868
1.079690104788557
1.085022658651583
1.089482512606594
1.093048864532185
1.095702241707708
1.097424562289607
1.098199187770776
1.098010972296217
1.096846311658707
1.094693189395618
1.091541218369621
1.087381677630828
1.08220754500251
1.076013525615267
1.068796076013757
1.060553423700878
1.051285582049236
1.040994360519922
1.02968337027741
1.017358025063344
1.004025537370717
0.9896949099323192
0.9743769225040214
0.9580841140792584
0.9408307605086998
0.9226328476519501
0.9035080401530422
0.8834756458975088
0.8625565763431841
0.840773302791444
0.8181498087977803
0.7947115388793089
0.7704853436390222
0.7454994215409817
0.7197832574791946
0.6933675583872182
0.6662841860949471
0.6385660876054846
0.6102472230560317
0.5813624915523031
0.5519476551424513
0.5220392611649993
0.4916745631832356
0.4608914407822752
0.4297283184357758
0.3982240837022061
0.3664180049911687
0.3343496491269162
0.302058798971689
0.2695853713152451
0.2369693352685838
0.20425063138667
0.1714690917354441
0.1386643611303625
0.1058758197335237
0.07314250721104655
0.04050304864032054
0.007995582346929871
-0.02434231015347213
-0.05647367195075409
-0.08836223612083609
-0.119972488552213
-0.1512697280859796
-0.182220123852384
-0.2127907696908598
-0.2429497355588305
-0.2726661158443116
-0.3019100745022162
-0.3306528869632596
-0.3588669787520913
-0.3865259607789262
-0.4136046612758733
-0.4400791543512906
-0.4659267851722215
-0.4911261917600531
-0.5156573234167593
-0.5395014558044035
-0.5626412027046074
-0.5850605245261731
-0.6067447335868387
-0.6276804962326424
-0.6478558318615184
-0.6672601089173351
-0.6858840379605644
-0.7037196618811459
-0.7207603433645977
-0.7370007497125772
-0.7524368351023142
-0.7670658204109241
-0.7808861707025081
-0.7938975705198086
-0.8061008971030352
-0.8174981916363562
-0.8280926286672172
-0.8378884838065631
-0.8468910998582463
-0.8551068515080458
-0.8625431086837886
-0.8692081987379415
-0.8751113675608463
-0.88026273976918
-0.8846732780975222
-0.8883547421019881
-0.8913196463211454
-0.8935812179943806
-0.8951533544745343
-0.8960505804506584
-0.8962880050744167
-0.8958812791186141
-0.8948465522528601
-0.8932004305493014
-0.8909599343157032
-0.888142456339303
-0.8847657206526461
-0.880847741884243
-0.8764067852908767
-0.8714613275458851
-0.8660300183302228
-0.8601316427983985
-0.8537850849746847
-0.8470092921629748
-0.839823240420958
-0.8322459011199557
-0.8242962086427204
-0.8159930292438331
-0.8073551311137338
-0.7984011556748218
-0.7891495901310777
-0.7796187413160924
-0.769826710826398
-0.7597913714428537
-0.749530344847582
-0.7390609806494571
-0.7284003367439145
-0.717565160976216
-0.7065718740979577
-0.6954365540062249
-0.6841749212511116
-0.6728023258094862
-0.6613337350918969
-0.6497837231649464
-0.6381664611652587
-0.6264957088766959
-0.614784807456661
-0.6030466732675207
-0.5912937927845658
-0.5795382185474688
-0.5677915661167074
-0.55606501200715
-0.5443692925562157
-0.5327147036998032
-0.5211111016174551
-0.509567904197365
-0.4980940932861218
-0.4866982176807317
-0.4753883968291693
-0.4641723252003548
-0.4530572772812622
-0.4420501131694713
-0.4311572847154603
-0.420384842181463
-0.4097384413785512
-0.3992233512362626
-0.3888444617672647
-0.3786062923943823
-0.368513000618809
-0.3585683909938755
-0.3487759243558013
-0.3391387272746667
-0.3296596017004911
-0.3203410347875664
-0.3111852088663694
-0.3021940115217243
-0.2933690457461912
-0.2847116401482909
-0.2762228592024684
-0.267903513515906
-0.2597541700779276
-0.2517751624669747
-0.2439666010001383
-0.2363283828156677
-0.2288602018696506
-0.2215615588215488
-0.2144317707912111
-0.2074699809753237
-0.2006751681146973
-0.1940461557997657
-0.1875816215998627
-0.1812801060076538
-0.1751400211873432
-0.1691596595178691
-0.1633372019239146
-0.1576707259897486
-0.1521582138534058
-0.146797559872704
-0.1415865780576097
-0.1365230092660051
-0.1316045281619253
-0.1268287499371039
-0.1221932367915482
-0.1176955041706736
-0.113333026759549
-0.1091032442371919
-0.1050035667949257
-0.1010313804171313
-0.09718405192476967
-0.09345893378453868
-0.08985336868775706
-0.08636469390344945
-0.08299024540825632
-0.07972736179767836
-0.07657338798280618
-0.07352567867610756
-0.07058160167120467
-0.06773854092141003
-0.06499389942241322
-0.06234510190439679
-0.05978959733932193
-0.05732486126994557
-0.05494839796476211
-0.05265774240364526
-0.05045046210009307
-0.04832415876670737
-0.04627646983058577
-0.0443050698032646
-0.04240767151043632
-0.04058202718723729
-0.03882592944522551
-0.03713721211728027
-0.03551375098530552
-0.03395346439598222
-0.03245431377002117
-0.03101430401036778
-0.02963148381489812
-0.02830394589841732
-0.02702982712869775
-0.02580730858165517
-0.02463461552029199
-0.02351001730233128
-0.02243182722078255
-0.02139840228181122
-0.02040814292411157
-0.01945949268394625
-0.01855093781004651
-0.01768100683188474
-0.01684827008504244
-0.01605133919715291
-0.01528886653786881
-0.01455954463620395
-0.01386210556826325
-0.01319532031836193
-0.0125579981163524
-0.01194898575400929
-0.01136716688311263
-0.01081146129765987
-0.0102808242024066
-0.009774245470047951
-0.009290748889082512
-0.008829391404475041
-0.008389262352843995
-0.007969482693946359
-0.00756920424020158
-0.007187608885682913
-0.006823907836227889
-0.006477340841861716
-0.006147175432786987
-0.005832706160032208
-0.005533253842050338
-0.005248164818141595
-0.004976810209699995
-0.004718585189964803
-0.004472908263148384
-0.004239220553544566
-0.004016985105369883
-0.003805686193772053
-0.003604828647592915
-0.003413937184290708
-0.003232555757401465
-0.00306024691695198
-0.002896591183030749
-0.002741186432767115
-0.002593647300936049
-0.002453604594306629
-0.002320704719885611
-0.002194609127110506
-0.002074993764074413
-0.001961548547759626
-0.001853976848276543
-0.001751994987070486
-0.001655331749045843
-0.001563727908473967
-0.001476935768650706
-0.001394718715097658
-0.001316850782158051
-0.00124311623282074
-0.00117330915167731
-0.001107233050732331
-0.001044700487872736
-0.0009855326978163038
-0.0009295592352485367
-0.0008766176299857117
-0.0008265530538762124
-0.0007792179992430705
-0.0007344719685445547
-0.0006921811750598996
-0.0006522182543210152
-0.0006144619859825629
-0.0005787970259397806
-0.0005451136483943509
-0.0005133074976180894
-0.000483279349087788
-0.0004549348798569964
-0.0004281844477691811
-0.0004029428793041403
-0.0003791292658519797
-0.0003566667680773905
-0.0003354824281207823
-0.0003155069894925144
-0.0002966747242930153
-0.0002789232675811124
-0.0002621934586583704
-0.0002464291889890367
-0.0002315772565583238
-0.0002175872264531806
-0.0002044112974367289
-0.0001920041742707213
-0.000180322945648501
-0.0001693269674782615
-0.0001589777512912423
-0.0001492388576882588
-0.0001400757945029102
-0.0001314559196173446
-0.0001233483481476429
-0.0001157238639066972
-0.0001085548349293293
-0.0001018151329127844
-9.548005642384799e-05
-8.952625767661514e-05
-8.393167278575939e-05
-7.867545534269343e-05
-7.373791311836879e-05
-6.910044785407702e-05
-6.474549791665613e-05
-6.065648375369765e-05
-5.681775598633775e-05
-5.321454610543556e-05
-4.98329195166754e-05
-4.665973098225125e-05
-4.368258224183015e-05
-4.088978177036117e-05
-3.827030654710273e-05
-3.58137657784515e-05
-3.351036643387112e-05
-3.135088055819019e-05
-2.932661424777399e-05
-2.742937825651408e-05
-2.565146008222555e-05
-2.398559750275801e-05
-2.242495352866034e-05
-2.096309264219302e-05
-1.959395830662076e-05
-1.831185162437339e-05
-1.711141117420061e-05
-1.598759389746289e-05
-1.49356570213835e-05
-1.395114093753257e-05
-1.302985302132189e-05
-1.21678523153482e-05
-1.136143504392938e-05
-1.060712094596366e-05
-9.901640296498591e-06
-9.24192172158527e-06
-8.625080611535284e-06
-8.048408239389884e-06
-7.509361430110296e-06
-7.005552845955996e-06
-6.534741802753162e-06
-6.094825577725938e-06
-5.683831249842765e-06
-5.29990799280914e-06
-4.941319773044828e-06
-4.606438499540307e-06
-4.293737554746597e-06
-4.001785682504446e-06
-3.729241250469473e-06
-3.474846836507665e-06
-3.237424116085974e-06
-3.015869054046202e-06
-2.809147383216437e-06
-2.616290327378739e-06
-2.43639062565261e-06
-2.268598719567351e-06
-2.112119222333634e-06
-1.966207559649443e-06
-1.830166845863969e-06
-1.703344914228291e-06
-1.585131536756293e-06
-1.474955815580376e-06
-1.372283713722252e-06
-1.276615757212814e-06
-1.187484875852638e-06
-1.104454337380492e-06
-1.027115850796579e-06
-9.550877685684991e-07
-8.880133886929107e-07
-8.25559385272775e-07
-7.674143114630376e-07
-7.132872055152513e-07
-6.62906281599557e-07
-6.160176865893813e-07
-5.723843764525969e-07
-5.31785004601892e-07
-4.940129407238094e-07
-4.588752917136435e-07
-4.26192026682404e-07
-3.957951388292651e-07
-3.675278596517421e-07
-3.412439271907604e-07
-3.168069104350059e-07
-2.940895496131373e-07
-2.72973162815351e-07
-2.533470875181373e-07
-2.351081403138099e-07
-2.18160134814176e-07
-2.02413408420335e-07
-1.877843917873302e-07
-1.741952180162211e-07
-1.615733184492018e-07
-1.498510997057218e-07
-1.389655800597746e-07
-1.288581221746577e-07
-1.194740987974231e-07
-1.107626371344421e-07
-1.026763939180278e-07
-9.517126070616219e-08
-8.820621416993953e-08
-8.17430510693422e-08
-7.574621719761675e-08
-7.018263856952695e-08
-6.502154090115227e-08
-6.023429123656561e-08
-5.5794254398977e-08
-5.167666526972507e-08
-4.785848891951922e-08
-4.431830472737506e-08
-4.103619728672999e-08
-3.799364987997012e-08
-3.517346065062552e-08
-3.25596350110189e-08
-3.01373119091242e-08
-2.789267600983234e-08
-2.58128917225519e-08
-2.38860405747443e-08
-2.210104624257614e-08
-2.044761854844744e-08
-1.891621327957852e-08
-1.749795215940809e-08
-1.618460680371229e-08
-1.496852646966304e-08
-1.384261372352297e-08
-1.280027992375391e-08
-1.183540913080277e-08
-1.094232815916836e-08
-1.011577196514023e-08
-9.350852151911593e-09
-8.643036007738256e-09
-7.988123550820754e-09
-7.382211941634627e-09
-6.821692547940145e-09
-6.303197937357054e-09
-5.823626900582181e-09
-5.380100568639262e-09
-4.969943434108979e-09
-4.590681024923104e-09
-4.240020377673792e-09
-3.915823705882397e-09
-3.616123098674048e-09
-3.339088539196264e-09
-3.083031261328113e-09
-2.846378471740354e-09
-2.627679284841836e-09
-2.425590367142677e-09
-2.238865641640859e-09
-2.06635318454338e-09
-1.906984540083679e-09
-1.759770884246357e-09
-1.623795193789161e-09
-1.498211588608876e-09
-1.38224057885822e-09
-1.275151566247312e-09
-1.176269064038116e-09
-1.084969006045877e-09
-1.000678450350366e-09
-9.228630936977179e-10
-8.510310045263295e-10
-7.847306836923103e-10
-7.2354440368437e-10
-6.670832635043424e-10
-6.149841440684943e-10
-5.669078000875886e-10
-5.225561062472799e-10
-4.816331742015484e-10
-4.43889848330956e-10
-4.090775461690563e-10
-3.769667444896772e-10
-3.4735049947257e-10
-3.200375460987674e-10
-2.948517045952507e-10
-2.716270613948875e-10
-2.502102769884643e-10
-2.304653183865255e-10
-2.122654069968782e-10
-1.954893594144243e-10
-1.800255156693836e-10
-1.657784650484506e-10
-1.526502845863151e-10
-1.405567104416109e-10
-1.294093951995553e-10
-1.191345291925836e-10
-1.096688604999237e-10
-1.009470043088646e-10
-9.291206651389658e-11
-8.550396000130282e-11
-7.868542105409526e-11
-7.240587161618831e-11
-6.662888000149481e-11
-6.131091303145159e-11
-5.641073005981736e-11
-5.190088135024447e-11
-4.774714565738369e-11
-4.392303942095971e-11
-4.040187784149861e-11
-3.715640373492235e-11
-3.417349691189978e-11
-3.142292745170368e-11
-2.889310115850902e-11
-2.656736393870877e-11
-2.443092352553234e-11
-2.246094215670516e-11
-2.065175750178401e-11
-1.898492870510195e-11
-1.745398122144671e-11
-1.604695628136874e-11
-1.475179283661395e-11
-1.355646166869782e-11
-1.24572787358785e-11
-1.144847623995615e-11
-1.052003416097768e-11
-9.663721137156916e-12
-8.877339148868506e-12
-8.151547781090495e-12
-7.487354538414065e-12
-6.878582903385922e-12
-6.320641431799904e-12
-5.812809348373931e-12
-5.343958352073071e-12
-4.911616931922723e-12
-4.508388545687241e-12
-4.135774799173833e-12
-3.797818328548699e-12
-3.486100014756689e-12
-3.199796300512151e-12
-2.933961052874879e-12
-2.689313765190504e-12
-2.467298399100091e-12
-2.26535416538596e-12
-2.083695811541018e-12
-1.919266309019382e-12
-1.765000025956954e-12
-1.620594446258754e-12
-1.491823859641456e-12
-1.367161337455474e-12
-1.249966355074942e-12
-1.144776299558161e-12
-1.045051344008602e-12
-9.541703091964011e-13
-8.756792996944571e-13
-8.037355385282087e-13
-7.356256708795258e-13
-6.784737413159237e-13
-6.261308833322049e-13
-5.783076957569952e-13
-5.361457466786025e-13
-4.938979308004919e-13
-4.518072406397076e-13
-4.150205181123686e-13
-3.754005838662798e-13
-3.372079941802114e-13
-3.044873781716106e-13
-2.753662707362935e-13
-2.512492911033839e-13
-2.311675920347969e-13
-2.150576873290568e-13
-2.036585820500893e-13
-1.923567563306955e-13
-1.809895986342299e-13
-1.689139220721425e-13
-1.49997281683743e-13
-1.357796248159321e-13
-1.242172567459271e-13
-1.089277602957928e-13
-9.771015009983353e-14
-8.481914197957676e-14
-7.480394009683562e-14
-6.686222264463845e-14
-6.554867747146044e-14
-6.359711569817681e-14
-6.3079605099762e-14
-5.941707968455564e-14
-5.429806621706339e-14
-5.277021587411871e-14
-4.798745255430907e-14
-4.068442671358452e-14
-3.515434811867647e-14
-3.148397376647393e-14
-2.794376745299568e-14
-2.421873968039049e-14
-2.288544301040532e-14
-2.157732073631659e-14
-1.92517558566264e-14
-1.87498395209992e-14
-1.641815034129589e-14
-1.223377552150458e-14
-1.04621285149714e-14
-1.09352914426027e-14
-1.416184143122166e-14
-1.458864827556676e-14
-1.645005197978755e-14
-1.361778070502636e-14
-9.998060933927349e-15
-9.411488437286325e-15
-7.05898957522697e-15
-7.301437849717535e-15
-4.541262086694905e-15
-1.295037912380943e-15
-3.25157770470868e-15
-3.0533654487969e-15
-3.512874838241787e-15
-3.992071015738369e-15
-6.343087995985025e-15
-1.593448047209373e-15
4.125120445113785e-16
4.247404742845282e-15
1.007842138765112e-15
-2.552359219378619e-15
-9.214291706763854e-15
-8.634973586059592e-15
-1.228156064059046e-14
-1.159766700834215e-14
-7.301164100549263e-15
-2.097618063768703e-15
4.261916127269597e-15
7.979024741908977e-15
1.052804936340409e-14
1.092242292342641e-14
1.059787322171071e-14
6.050752269814728e-15
7.090567874999699e-16
-4.969801084458667e-15
-1.401228176584002e-14
-1.529872844867402e-14
-1.378485666672365e-14
-1.0243050798816e-14
-5.636781622345211e-15
-2.455004120363972e-15
1.978055000452847e-15
5.50222301074786e-15
7.703054395008986e-15
1.37150316491431e-14
1.396436398909476e-14
1.267988748058304e-14
1.103590652763861e-14
3.754521439955743e-15
-6.060383407802673e-15
-1.198897290835068e-14
-1.825366734440504e-14
-1.792614390768709e-14
-1.684287969018526e-14
-1.184403688293069e-14
-6.376517933709847e-15
1.688785574775768e-15
9.222172636553785e-15
1.713963789642561e-14
2.378315348910479e-14
2.471757143369887e-14
1.799445965695145e-14
6.98614991134541e-15
-3.005381810980812e-15
-1.533049078991286e-14
-2.258579375853872e-14
-2.098903313202938e-14
-1.74377920206529e-14
-1.429371869834232e-14
-7.528118357792163e-15
1.064618647785598e-15
8.907217340681632e-15
1.349194973643046e-14
1.884566223009285e-14
1.446798103624931e-14
1.430118607149178e-14
1.213807152885778e-14
1.07106315007074e-14
1.998251975360962e-15
-1.062825153975508e-14
-1.908406078900019e-14
-1.985980213371548e-14
-2.138778835110865e-14
-1.737083921030365e-14
-1.049879850848706e-14
-1.18914241354636e-15
8.311942083226642e-15
1.543739337540117e-14
2.032473776552649e-14
1.755623582440659e-14
1.809904455402253e-14
1.597805986253597e-14
6.173226026882032e-15
-3.281825986499562e-15
-1.345077011148412e-14
-2.170448162398399e-14
-2.281111562943752e-14
-2.202357202383479e-14
-1.482275407104005e-14
-2.434748762045094e-15
4.857579336937561e-15
1.396000734408673e-14
1.942558171420826e-14
2.131872917889486e-14
1.698673827657447e-14
9.4069277037524e-15
1.741361840529258e-15
-4.370928452343537e-15
-1.031087991940406e-14
-1.146052262010223e-14
-1.166901825614297e-14
-1.176796455174211e-14
-7.863449797465391e-15
-5.9292835168478e-15
5.191535164124195e-16
6.160655911451551e-15
6.090888536963234e-15
6.552444831816581e-15
3.875953922665254e-15
8.384132869339927e-15
7.452978882746971e-15
3.262459884033093e-15
1.57595940382973e-15
8.484211410443584e-16
-2.137389615633715e-15
-8.778415412127985e-15
-8.696581621020788e-15
-7.406397668028189e-15
-4.020808485163716e-15
-3.765520729230807e-15
-3.34414546238939e-15
8.502506640711123e-16
7.89933123368323e-15
1.03348483616448e-14
4.959133488649938e-15
1.743303727789984e-15
1.193029370776794e-15
-4.225621580861281e-16
2.802915972034451e-15
1.543244138940646e-15
-8.827227429332979e-16
-4.511828438286175e-15
-2.952887999813478e-15
-3.149436923443442e-15
-4.174658487669234e-15
-6.829786157480333e-15
-6.865692965479256e-15
-3.134104518539872e-15
9.961682089349012e-16
3.671679584959871e-15
8.302130672725702e-15
1.061001492009946e-14
1.067627535583011e-14
9.832561728024595e-15
4.329828631418122e-15
-3.448385189671913e-15
-8.277895872194003e-15
-1.29802552776822e-14
-1.416838195685558e-14
-1.087350949051771e-14
-5.06063978756398e-15
2.513268345962796e-15
5.352688027633073e-15
9.660546474398674e-15
9.803068014458512e-15
8.843361565957354e-15
9.504987177657424e-15
6.063010188631258e-15
-9.209772630557399e-17
-6.315272105472574e-15
-1.118562362293583e-14
-1.469758133265351e-14
-9.929437953683433e-15
-4.708284049756048e-15
-1.855688946564672e-15
6.152882397519181e-15
1.161476142897449e-14
1.107835758454378e-14
7.366859414893151e-15
3.570412705764333e-15
-3.37304985719317e-15
-4.79781860086217e-15
-5.216578951284846e-15
-4.955428050791011e-15
-2.569945620046931e-15
-2.649112453614412e-15
2.380827384869213e-15
2.180367591979115e-15
2.020917025851532e-15
-1.584193198479207e-16
-2.665493794579926e-15
-2.568891268921777e-15
1.059354194997523e-15
3.887006163216863e-15
6.087891234768972e-15
5.049915017297684e-15
