8.402537176311393e-13
5.028261216693144e-13
3.012520063337984e-13
1.822245987454079e-13
1.124293037426025e-13
7.101758248585742e-14
4.616995405871597e-14
3.115787802879561e-14
2.23165725818198e-14
1.65802631240771e-14
1.323539114931989e-14
1.088020008333187e-14
8.734302139289679e-15
6.82190919865848e-15
5.376664550843747e-15
3.93008164291998e-15
2.928726327974815e-15
1.206165057087337e-15
1.080841227439303e-15
4.750687210207557e-16
1.876847312617589e-15
4.473924241722479e-15
7.365282949320044e-15
1.241143455081851e-14
1.876087950281902e-14
2.922677661768825e-14
4.157139581718145e-14
5.887893810259164e-14
8.001326114995423e-14
1.109308958405879e-13
1.516938659964657e-13
2.07504369277434e-13
2.848727144694685e-13
3.891871156178733e-13
5.331256859221045e-13
7.290326217957439e-13
9.943055743396127e-13
1.35488382124068e-12
1.841447811822362e-12
2.495477257060326e-12
3.371460574023068e-12
4.540504479378424e-12
6.095980778382662e-12
8.158289426620018e-12
1.088427193061233e-11
1.447625953010834e-11
1.919544586975766e-11
2.537870115121179e-11
3.345737918668802e-11
4.398173847063638e-11
5.765737356884506e-11
7.537919441432896e-11
9.828353835029818e-11
1.278081370934733e-10
1.657670113004358e-10
2.144465742588914e-10
2.767143353824442e-10
3.56165381435064e-10
4.572900260233751e-10
5.856837928617192e-10
7.483037968538657e-10
9.537798516082659e-10
1.212789996518696e-09
1.538514240649125e-09
1.947183812257953e-09
2.458741943165762e-09
3.097637194468463e-09
3.893776016398836e-09
4.883653579899456e-09
6.111718227628291e-09
7.631974936758386e-09
9.509910771090709e-09
1.182476463053594e-08
1.467221272023338e-08
1.816754342284788e-08
2.244939408747937e-08
2.768414383648609e-08
3.407107280960654e-08
4.184839509857454e-08
5.130031566204969e-08
6.276526151363932e-08
7.664546173338198e-08
9.341808347058517e-08
1.136481434046088e-07
1.380034561876541e-07
1.672719101709785e-07
2.023813872516908e-07
2.444226980773375e-07
2.946759390825946e-07
3.546407180936797e-07
4.26070764351175e-07
5.110134796924514e-07
6.118550545406917e-07
7.313718317712424e-07
8.727886892383018e-07
1.039845254395332e-06
1.236870878998293e-06
1.46886936339647e-06
1.741614504295624e-06
2.061757649991177e-06
2.436948525642692e-06
2.875970685980962e-06
3.388893176522234e-06
3.987240318314118e-06
4.684181329314342e-06
5.494741650950812e-06
6.436038061972994e-06
7.527539813592661e-06
8.791358177094786e-06
1.025256696452489e-05
1.193955673152444e-05
1.388442555875208e-05
1.612340946401152e-05
1.869735568219767e-05
2.165224220646765e-05
2.503974717933909e-05
2.891787185394273e-05
3.335162105211887e-05
3.841374516219371e-05
4.418554788892971e-05
5.07577640992776e-05
5.823151220473593e-05
6.671932566372294e-05
7.63462682164521e-05
8.725113755638047e-05
9.958776213493185e-05
0.0001135263958304833
0.0001292552154778013
0.0001469819269515055
0.0001669354841421554
0.0001893679251469492
0.0002145563300738766
0.0002428049046144863
0.0002744471932546096
0.0003098484256091507
0.0003494079989314533
0.0003935620993007561
0.0004427864634026687
0.0004975992821302632
0.0005585642474056315
0.0006262937511590274
0.0007014522407298254
0.0007847597219216767
0.0008769953990910734
0.0009790014530667169
0.001091686958958781
0.001216031940797613
0.001353091554338471
0.00150400039101483
0.001669976894111755
0.001852327879016049
0.002052453146967941
0.002271850178486067
0.002512118894319253
0.002774966466649565
0.003062212164776267
0.003375792216914959
0.003717764666016291
0.00409031420037965
0.004495756932641612
0.004936545103613397
0.005415271684339737
0.00593467484529619
0.006497642266480641
0.007107215252707165
0.007766592623392772
0.008479134342703084
0.009248364850609097
0.01007797606319757
0.0109718299984741
0.01193396099193865
0.01296857746254936
0.01408006318368656
0.01527297802574476
0.01655205812121374
0.01792221541512996
0.01938853656021676
0.0209562811096878
0.02263087897810916
0.02441792712020645
0.02632318539482251
0.0283525715777595
0.0305121554801672
0.03280815215287208
0.03524691413173318
0.03783492270327807
0.04057877816584717
0.04348518905248536
0.04656096031329799
0.04981298042414082
0.05324820742047925
0.05687365385014813
0.06069637062774957
0.06472342981399523
0.06896190630426378
0.07341885845086006
0.07810130763730158
0.08301621681015205
0.08817046802432454
0.09357083900752874
0.09922397879820614
0.105136382503902
0.1113143652123827
0.1177640351485993
0.1244912661058616
0.1315016692379419
0.1388005642888633
0.1463929503179441
0.1542834760479899
0.1624764098873202
0.1709756097447721
0.1797844927415383
0.1889060048979137
0.1983425909541605
0.2080961643918456
0.2181680778008987
0.2285590937158803
0.2392693560101444
0.2502983620261922
0.2616449355167723
0.2733072005612172
0.2852825565894511
0.2975676545994223
0.3101583747543649
0.3230498054279713
0.3362362238642485
0.3497110785785219
0.3634669735713943
0.3774956545380866
0.3917879971175365
0.4063339973300595
0.4211227643079955
0.4361425153666671
0.4513805735824397
0.4668233678811917
0.4824564357537943
0.49826442866666
0.514231120172244
0.5303394168504028
0.5465713720345798
0.562908202395443
0.5793303074022735
0.5958172916215635
0.6123479899524014
0.6289004956794046
0.6454521913280759
0.6619797822862237
0.6784593331619112
0.6948663070283582
0.7111756072521197
0.7273616214488148
0.7433982674747144
0.7592590422980434
0.7749170753814557
0.7903451845319625
0.8055159297222471
0.8204016644886377
0.8349745905374496
0.8492068216292701
0.8630704510397033
0.8765376161254427
0.8895805593662168
0.9021716902943998
0.9142836505918119
0.9258893803343785
0.9369621840079266
0.9474757960128403
0.95740444591388
0.9667229235258548
0.9754066434001732
0.9834317084620974
0.9907749725907347
0.9974141019298153
1.003327634845965
1.008495040230242
1.012896773993303
1.016514333569133
1.019330310198123
1.021328438907211
1.022493645932738
1.022812093478842
1.022271221663237
1.020859787456813
1.01856790056536
1.01538705605815
1.01131016369317
1.006331573841345
1.00044709986206
0.9936540369192036
0.985951177113764
0.9773388209421532
0.967818785042576
0.9573944061452688
0.9460705412711519
0.9338535641229556
0.9207513577291941
0.9067733033656754
0.891930265748773
0.8762345746078861
0.8597000026392714
0.8423417399434373
0.8241763650295021
0.8052218124552387
0.7854973372625779
0.7650234762665071
0.7438220063380963
0.72191589981482
0.6993292771667076
0.6760873571180721
0.6522164043270613
0.6277436747965699
0.6026973591842398
0.5771065241718677
0.5510010521058178
0.5244115790561359
0.4973694314983376
0.4699065618022004
0.4420554826954614
0.4138492009126056
0.3853211501979613
0.3565051238658007
0.3274352071047105
0.2981457092032812
0.2686710958981352
0.239045922007694
0.2093047645365212
0.1794821564233682
0.149612521097534
0.1197301080168534
0.0898689293360541
0.0600626978615842
0.03034476643965223
0.0007480689168965571
-0.02869493719189168
-0.05795232620800575
-0.08699275784650165
-0.1157855287175126
-0.1443006216681114
-0.1725087528750355
-0.2003814166008568
-0.2278909275406965
-0.2550104606936855
-0.2817140886944023
-0.3079768165582389
-0.3337746137931539
-0.3590844438534425
-0.3838842909130326
-0.4081531839327446
-0.4318712180216824
-0.4550195730837547
-0.4775805297663608
-0.4995374827282137
-0.5208749512392468
-0.5415785871546488
-0.5616351802878271
-0.5810326612352004
-0.5997601017036878
-0.6178077123857375
-0.6351668384576593
-0.6518299527536836
-0.6677906466997949
-0.6830436190842618
-0.6975846627312983
-0.7114106491763678
-0.7245195114150834
-0.7369102248246363
-0.7485827863510431
-0.7595381920495531
-0.7697784130941216
-0.7793063703373964
-0.7881259075359786
-0.796241763342187
-0.8036595421430102
-0.8103856838532323
-0.8164274327588581
-0.8217928055374055
-0.8264905585562351
-0.8305301545247079
-0.8339217286083476
-0.8366760540892211
-0.8388045076753655
-0.8403190345525815
-0.8412321132668993
-0.8415567205530268
-0.8413062961654642
-0.8404947077856758
-0.8391362160849647
-0.8372454400296886
-0.8348373225319633
-0.8319270964867422
-0.8285302512583932
-0.8246624996795471
-0.8203397456206729
-0.8155780522029631
-0.8103936106906722
-0.8048027101156835
-0.7988217076795666
-0.7924669999713461
-0.7857549950559688
-0.7787020854503377
-0.7713246220207042
-0.763638888828282
-0.7556610789409881
-0.7474072712409907
-0.7388934082368463
-0.7301352749075182
-0.7211484785882726
-0.7119484298910629
-0.7025503246687117
-0.6929691270195678
-0.6832195533391897
-0.6733160574154061
-0.663272816556247
-0.6531037187526988
-0.642822350855168
-0.6324419877585096
-0.621975582579832
-0.6114357577997505
-0.6008347973466173
-0.5901846396081237
-0.5794968713699942
-0.5687827226572372
-0.5580530624301111
-0.5473183951019853
-0.5365888578622096
-0.5258742187982524
-0.5151838757876063
-0.5045268561094014
-0.4939118167397046
-0.4833470453095376
-0.4728404617151686
-0.462399620348964
-0.4520317129004687
-0.4417435716905455
-0.4315416735165843
-0.4214321439948717
-0.4114207623687781
-0.401512966737723
-0.3917138596740553
-0.3820282142026433
-0.372460480123327
-0.3630147906475553
-0.3536949693159038
-0.3445045371726138
-0.3354467201667672
-0.3265244567534699
-0.3177404056705296
-0.3090969538691969
-0.3005962245818391
-0.2922400854967621
-0.2840301570155966
-0.2759678205726829
-0.2680542269994784
-0.2602903049202518
-0.2526767691543801
-0.245214129103954
-0.237902697110758
-0.2307425967716728
-0.2237337712038821
-0.2168759912388292
-0.2101688635284147
-0.2036118385515524
-0.1972042185120777
-0.1909451651200729
-0.1848337072445176
-0.1788687484295959
-0.173049074266206
-0.1673733596092391
-0.1618401756343013
-0.1564479967275462
-0.1511952072038696
-0.146080107848917
-0.141100922281684
-0.1362558031369009
-0.1315428380611332
-0.1269600555183834
-0.1225054304037886
-0.1181768894664625
-0.1139723165430408
-0.1098895575990837
-0.1059264255772599
-0.1020807050531164
-0.09835015670070049
-0.09473252157086459
-0.09122552518234207
-0.08782688142711723
-0.08453429629255228
-0.08134547140326547
-0.07825810738657213
-0.07526990706357987
-0.07237857846908642
-0.06958183770381594
-0.06687741162278396
-0.06426304036420381
-0.06173647972225267
-0.05929550336772695
-0.05693790492081207
-0.05466149988031456
-0.05246412741428686
-0.05034365201572256
-0.04829796502768986
-0.04632498604236206
-0.04442266417836686
-0.04258897924124252
-0.04082194277109454
-0.03911959898185099
-0.03748002559653154
-0.03590133458310308
-0.0343816727956047
-0.03291922252435461
-0.03151220195937193
-0.0301588655712202
-0.02885750441325862
-0.02760644634952945
-0.02640405621199418
-0.02524873589088229
-0.02413892436191268
-0.02307309765415269
-0.02204976876227542
-0.02106748750635486
-0.02012484034246956
-0.01922045012729287
-0.01835297584010165
-0.01752111226543696
-0.01672358963904147
-0.01595917325985834
-0.01522666307084219
-0.01452489321121222
-0.01385273154272328
-0.01320907915233628
-0.01259286983359799
-0.01200306954893397
-0.01143867587501829
-0.01089871743331736
-0.01038225330762561
-0.009888372450379783
-0.009416193079538599
-0.008964862067593688
-0.008533554324354674
-0.008121472174977731
-0.007727844734541634
-0.007351927280586845
-0.006993000624745191
-0.006650370484639636
-0.006323366857159598
-0.006011343394109385
-0.005713676781238021
-0.0054297661213598
-0.005159032322347603
-0.004900917490865971
-0.004654884332499163
-0.004420415558936705
-0.004197013302739153
-0.003984198540075009
-0.003781510522107962
-0.003588506215306691
-0.003404759751167647
-0.003229861885622917
-0.003063419468452201
-0.002905054922909635
-0.002754405735797076
-0.002611123958140803
-0.002474875716624748
-0.002345340736033799
-0.002222211872615562
-0.002105194658493829
-0.001994006857179144
-0.001888378030191473
-0.001788049114765405
-0.001692772012665867
-0.00160230918996296
-0.001516433287772942
-0.001434926743859469
-0.001357581425045901
-0.00128419827026634
-0.001214586944145549
-0.001148565500992364
-0.001085960059033573
-0.001026604484753841
-0.0009703400871811616
-0.0009170153219312739
-0.000866485504872125
-0.000818612535148641
-0.0007732646274506841
-0.0007303160533460811
-0.0006896468914046603
-0.0006511427859828829
-0.0006146947144334918
-0.0005801987625713337
-0.0005475559081231966
-0.0005166718120673075
-0.0004874566175411323
-0.0004598247562200545
-0.0004336947618864512
-0.0004089890910433149
-0.0003856339503250136
-0.0003635591305493204
-0.0003426978471564632
-0.0003229865869302892
-0.0003043649607126042
-0.0002867755619952041
-0.0002701638311721692
-0.0002544779252568186
-0.0002396685929180314
-0.0002256890546542799
-0.0002124948878869618
-0.0002000439168625621
-0.0001882961071585457
-0.0001772134646512884
-0.0001667599387888062
-0.0001569013299785278
-0.0001476052010091681
-0.0001388407922792403
-0.0001305789407652335
-0.0001227920025216895
-0.000115453778619929
-0.0001085394443894036
-0.0001020254818366554
-9.588961508170115e-05
-9.011074874686346e-05
-8.466890912585466e-05
-7.954518810278157e-05
-7.472168957727898e-05
-7.018147845358205e-05
-6.590853194215769e-05
-6.188769319334582e-05
-5.810462707791565e-05
-5.454577808508612e-05
-5.119833020272835e-05
-4.805016873484396e-05
-4.508984395470339e-05
-4.230653650374232e-05
-3.969002446124777e-05
-3.72306520476503e-05
-3.491929982922102e-05
-3.274735640342782e-05
-3.070669150039787e-05
-2.878963039392629e-05
-2.698892959338566e-05
-2.529775376940316e-05
-2.370965383527439e-05
-2.221854611606528e-05
-2.081869260841969e-05
-1.950468221160259e-05
-1.82714129551996e-05
-1.711407510664825e-05
-1.602813514880609e-05
-1.500932062622064e-05
-1.405360575431128e-05
-1.315719776690974e-05
-1.231652399596219e-05
-1.152821964531314e-05
-1.078911615088909e-05
-1.009623025288341e-05
-9.446753549124357e-06
-8.838042674607569e-06
-8.267609980371844e-06
-7.73311471555948e-06
-7.232354681174749e-06
-6.763258337366349e-06
-6.323877357575625e-06
-5.912379562700268e-06
-5.527042245257577e-06
-5.166245885694178e-06
-4.828468175965634e-06
-4.512278413169342e-06
-4.216332158747195e-06
-3.939366239797898e-06
-3.680193989849655e-06
-3.437700793444182e-06
-3.210839843339781e-06
-2.998628159518004e-06
-2.800142834885538e-06
-2.614517481189017e-06
-2.440938865790399e-06
-2.278643777430985e-06
-2.126916036050295e-06
-1.985083688356383e-06
-1.852516372639945e-06
-1.728622800817758e-06
-1.612848437529311e-06
-1.504673267165781e-06
-1.403609723654298e-06
-1.309200717370353e-06
-1.221017790429256e-06
-1.138659375472988e-06
-1.06174915259344e-06
-9.8993451370489e-07
-9.228851096550477e-07
-8.602914935670399e-07
-8.01863823619719e-07
-7.473306565134648e-07
-6.964378069814075e-07
-6.48947302074145e-07
-6.046363414855597e-07
-5.632963953129763e-07
-5.247322827172274e-07
-4.887613455843574e-07
-4.552126851411352e-07
-4.239264134528326e-07
-3.947529511326299e-07
-3.675523976892203e-07
-3.421939101467017e-07
-3.185551385172e-07
-2.965216795824971e-07
-2.759865769736529e-07
-2.568498510097856e-07
-2.390180515404266e-07
-2.224038366574589e-07
-2.069255877264751e-07
-1.925070562921069e-07
-1.790769958540325e-07
-1.665688613591237e-07
-1.549204846169476e-07
-1.440738266281584e-07
-1.339746701448863e-07
-1.245723964960077e-07
-1.158197526258014e-07
-1.076726279870987e-07
-1.000898534423093e-07
-9.30329907451554e-08
-8.64661846626774e-08
-8.035597050130652e-08
-7.467112893814375e-08
-6.938252766851743e-08
-6.446300505994904e-08
-5.988721676774544e-08
-5.563153460409796e-08
-5.167392234910016e-08
-4.79938374320341e-08
-4.457212352957991e-08
-4.139092569086978e-08
-3.843359830972504e-08
-3.568463423175404e-08
-3.312957758937997e-08
-3.075495755023005e-08
-2.854822994684367e-08
-2.649769627962076e-08
-2.459246827720315e-08
-2.282240259648533e-08
-2.117805695521576e-08
-1.96506217724508e-08
-1.823190630913013e-08
-1.691428732866452e-08
-1.569066306871522e-08
-1.455442655413972e-08
-1.349941776800348e-08
-1.251991896768486e-08
-1.161059174021158e-08
-1.076648856838411e-08
-9.982989823653695e-09
-9.255807605173724e-09
-8.580946855511521e-09
-7.954691610998111e-09
-7.373589415608687e-09
-6.834430934241373e-09
-6.334218513472461e-09
-5.870184877682944e-09
-5.439747207970102e-09
-5.040500776409537e-09
-4.670215691730938e-09
-4.326818668520392e-09
-4.00838880677411e-09
-3.713124293351041e-09
-3.439364677696867e-09
-3.185555712756827e-09
-2.950270894205752e-09
-2.732167236805897e-09
-2.530006682943311e-09
-2.342646403766119e-09
-2.16900451640495e-09
-2.008093246524688e-09
-1.858989517197395e-09
-1.720837504602745e-09
-1.592853418330112e-09
-1.474286124753829e-09
-1.364454416161947e-09
-1.26271988410583e-09
-1.168492605928825e-09
-1.081221965705043e-09
-1.000403073710144e-09
-9.25560901549483e-10
-8.562625148020668e-10
-7.920980550008237e-10
-7.326932212199149e-10
-6.776985702382668e-10
-6.267918175162615e-10
-5.796690394212681e-10
-5.360547713820496e-10
-4.956937538248221e-10
-4.583410509864624e-10
-4.237860375063542e-10
-3.918095546268798e-10
-3.622236164389839e-10
-3.348498938039404e-10
-3.095241652999762e-10
-2.860968674615972e-10
-2.644240424612384e-10
-2.443743923756215e-10
-2.258304861632186e-10
-2.086824003914096e-10
-1.928199821623161e-10
-1.781547315232453e-10
-1.645952741797501e-10
-1.520622383675808e-10
-1.404779365941522e-10
-1.297675220155737e-10
-1.198682497338498e-10
-1.107186985904048e-10
-1.022620848512378e-10
-9.444319388974487e-11
-8.722149150286888e-11
-8.054569524495896e-11
-7.43768490323667e-11
-6.866939218913664e-11
-6.339631486244233e-11
-5.852338897712014e-11
-5.401973789821627e-11
-4.986219299024955e-11
-4.602216465537319e-11
-4.247528386943036e-11
-3.920177455708464e-11
-3.618456481661926e-11
-3.340054801001171e-11
-3.082615704899322e-11
-2.84532078242071e-11
-2.626004259890707e-11
-2.4234923549053e-11
-2.235850531934739e-11
-2.062589026681294e-11
-1.90227482748163e-11
-1.753908255748995e-11
-1.61714793257176e-11
-1.49068368491874e-11
-1.374290586259849e-11
-1.267392410036506e-11
-1.169041462826629e-11
-1.078603278960723e-11
-9.954143536706057e-12
-9.189018113105521e-12
-8.48301342392615e-12
-7.827833276626769e-12
-7.213011117879098e-12
-6.647043297625727e-12
-6.117686839381607e-12
-5.630319757191402e-12
-5.182726023330713e-12
-4.777354258890484e-12
-4.403553107231246e-12
-4.060461886616687e-12
-3.745238914498783e-12
-3.453608195073111e-12
-3.180271591712989e-12
-2.932446930892092e-12
-2.703703900598275e-12
-2.493531823436582e-12
-2.298257722718107e-12
-2.121554624758956e-12
-1.957533001623228e-12
-1.802108276864014e-12
-1.659208466231182e-12
-1.526069672000831e-12
-1.403065123397423e-12
-1.286344851575612e-12
-1.181120836769106e-12
-1.085278300552055e-12
-9.995683191537388e-13
-9.20817592148839e-13
-8.45969863760203e-13
-7.821840847013365e-13
-7.282778547798209e-13
-6.772343156003474e-13
-6.298834748985988e-13
-5.798004939970286e-13
-5.31876982804106e-13
-4.864530749331515e-13
-4.452856801561999e-13
-4.006655246736823e-13
-3.634330096809365e-13
-3.311400166206873e-13
-3.063658785225001e-13
-2.843133135588389e-13
-2.647848873330051e-13
-2.487255817268675e-13
-2.327919637036966e-13
-2.130848154074665e-13
-1.936512982514453e-13
-1.817947755331224e-13
-1.659067039732638e-13
-1.559185612640236e-13
-1.444309962312443e-13
-1.319189920682579e-13
-1.172159895717303e-13
-1.038504032013667e-13
-9.384667806131088e-14
-8.302975651887551e-14
-7.455233381570125e-14
-6.829833445592465e-14
-6.537050379818453e-14
-6.422506746597206e-14
-6.301369326515324e-14
-5.962882738144449e-14
-5.750953366804245e-14
-5.676588905585616e-14
-5.104571549875983e-14
-4.474688896236628e-14
-3.712912962469584e-14
-2.921113868633134e-14
-2.470436514318915e-14
-2.419398683481034e-14
-1.9653063499235e-14
-1.864591448663515e-14
-1.754319207015401e-14
-1.531786365579536e-14
-1.74518536213139e-14
-1.701612059171182e-14
-1.608063561593922e-14
-1.881157264111315e-14
-2.100613796584317e-14
-2.242363669988205e-14
-2.208677402284724e-14
-1.489402868556397e-14
-1.062153781080181e-14
-3.261953403414738e-15
1.789165142553931e-15
4.142378380184713e-15
5.424529492480983e-15
3.411217356266279e-15
-1.441246374077765e-15
-8.522228633114441e-15
-1.441817906478478e-14
-1.642468336012393e-14
-1.520207584462958e-14
-1.196260573498144e-14
-8.68678107228047e-15
-2.454176426536494e-15
1.690244981848579e-15
5.04422863663934e-15
5.156814122306787e-15
4.590189358870701e-15
4.340010380116461e-15
1.162110950731585e-15
-1.114898791448627e-15
-3.061397182451545e-15
-5.403068186138538e-15
-6.948861023494624e-15
-5.940972696665182e-15
-5.154160209204257e-15
-5.666769904448714e-15
-2.392940391236363e-15
-7.016366804492623e-16
1.398775304473831e-15
2.146316913420655e-15
5.088917112161396e-15
3.384401238620132e-15
1.762787360359571e-15
-1.596027885540772e-15
-1.480729743539761e-15
-2.064027160002331e-15
3.956945754592946e-16
-1.253747973336594e-15
-2.047037699617415e-15
2.129575289825236e-15
-2.475015389786874e-15
-9.290463524355083e-16
1.604320449043601e-16
-1.725698127642726e-15
-1.624445463651917e-15
-1.206002464048896e-15
-2.685461241198927e-15
-2.956989585529568e-15
-1.439843732500755e-16
3.80272051386589e-15
6.922296847019037e-15
4.575188078646854e-15
4.748035908477814e-15
4.811003385155532e-15
-3.182695356717173e-16
-3.343231891492796e-15
-7.354700540367295e-15
-5.768570146177298e-15
-5.818659526251528e-15
-3.534696159951375e-15
-6.039710817453788e-15
-3.889907592386907e-15
2.720516344856381e-15
6.783098303186089e-15
1.220954019265753e-14
8.42043361130443e-15
5.443524885137726e-15
2.103648402929482e-15
-2.565528404777883e-15
-2.895063951293554e-15
-4.502103665536877e-15
-5.81736462918413e-15
-4.959051507109284e-15
-5.442575753058681e-15
-9.705192601842012e-16
-3.481356432529812e-15
-9.561913867646418e-16
2.712000340227834e-15
3.928333681599423e-15
5.163621026636684e-15
2.539956235658293e-15
1.71010941703284e-15
5.120554178923733e-15
4.334621770483884e-15
4.072792618216539e-15
2.737707085701421e-15
-1.828403326122209e-15
-7.411097456628239e-15
-1.045913207028235e-14
-8.865886115113242e-15
-5.014375341892467e-15
-2.843038116077299e-15
-2.60089679120936e-15
2.016543875393181e-15
2.76495774821487e-15
7.268035109113457e-15
1.154541896218343e-14
1.288370218753381e-14
9.305107437231304e-15
4.962021314910506e-15
-1.051235568585727e-15
-7.021432948174687e-15
-9.445236978028721e-15
-1.144150759673553e-14
-1.184968552719387e-14
-1.10616766940959e-14
-8.067436921676924e-15
-6.281571836553322e-17
5.134422103580161e-15
1.104022071774225e-14
1.427833393879872e-14
1.398288071440491e-14
9.377752696744708e-15
3.623332574606991e-15
3.009166907878939e-16
-7.068114121163992e-15
-6.94886387608433e-15
-6.978840759647463e-15
-1.044453843336816e-14
-6.906676044807184e-15
-3.629056697143321e-15
-1.819446125994105e-15
-3.532501373423512e-15
-9.745436032770246e-16
1.722328568023185e-15
4.881917557834246e-15
8.112776772678779e-15
1.278122992370681e-14
1.178892817656606e-14
9.978675319091672e-15
4.350622491726055e-15
-2.368418540961685e-15
-7.46031795435852e-15
-1.344472519066951e-14
-1.536205515686037e-14
-1.637239744193668e-14
-1.115315247673234e-14
-2.836102105732448e-15
6.808599358451201e-15
1.214306538734123e-14
1.395782930775883e-14
1.070698587510165e-14
8.050044578424169e-15
5.539975057927841e-15
2.61602748937905e-15
1.984538888015535e-15
-1.947846395677158e-15
-9.755539076661152e-15
-8.958926546312624e-15
-9.158671975222922e-15
-9.447129045824538e-15
-9.929329566837281e-15
