1.674508205448999e-13
1.058361514922798e-13
6.496735559843425e-14
4.049528007853676e-14
2.590896087621302e-14
1.753014370670051e-14
1.267795598553167e-14
1.006994567364544e-14
9.366358030637371e-15
9.460216869409221e-15
1.088379508755905e-14
1.3181624360218e-14
1.654973938965538e-14
2.068882901949599e-14
2.667346435446094e-14
3.493112658845803e-14
4.65907240299966e-14
6.105254576132945e-14
8.134236617886455e-14
1.0768589832043e-13
1.432155804859025e-13
1.917610658630266e-13
2.584118993949254e-13
3.457548801243122e-13
4.685066692338479e-13
6.343271455879135e-13
8.615630868971787e-13
1.172529232567685e-12
1.596930126410703e-12
2.17243206630074e-12
2.953519782495339e-12
4.007117492091155e-12
5.422958836522199e-12
7.319403416142354e-12
9.847179744928558e-12
1.320482870167324e-11
1.765066759864923e-11
2.351488166018731e-11
3.122404054965541e-11
4.133128105611873e-11
5.453981620306555e-11
7.175511108440497e-11
9.412971733997122e-11
1.231318118057605e-10
1.606260420380563e-10
2.089726397396607e-10
2.711558653970897e-10
3.509310927133559e-10
4.530200411266505e-10
5.833420607177864e-10
7.492951301696471e-10
9.601059729125169e-10
1.227251289654009e-09
1.56497060207922e-09
1.990891186385594e-09
2.526775514342486e-09
3.199436526505078e-09
4.041825145520571e-09
5.09434373544962e-09
6.406416530611102e-09
8.03836407003042e-09
1.00636430808728e-08
1.257150727739027e-08
1.567016302010648e-08
1.949050710836326e-08
2.419055074914757e-08
2.996061990538977e-08
3.702948888867867e-08
4.567157278163272e-08
5.62153551270329e-08
6.905323853425062e-08
8.46530477517415e-08
1.035714126973018e-07
1.26469327393983e-07
1.541301986873577e-07
1.874807360150128e-07
2.276150900325371e-07
2.758226962643898e-07
3.336203099255911e-07
4.027888299549487e-07
4.854155119658747e-07
5.839422965867879e-07
7.012210289592553e-07
8.405764354202938e-07
1.005877821150496e-06
1.201620548354277e-06
1.433018460069323e-06
1.706108537464719e-06
2.027869187765576e-06
2.406353708585096e-06
2.850840591428635e-06
3.372002487064489e-06
3.982095799212406e-06
4.695173031354093e-06
5.527320164582657e-06
6.496921513675493e-06
7.62495467206013e-06
8.935318303334236e-06
1.045519570350152e-05
1.221545720248083e-05
1.425110459358293e-05
1.660176094862809e-05
1.931220985060373e-05
2.243298962559251e-05
2.602104624309682e-05
3.014044892978655e-05
3.486317315134407e-05
4.02699557987548e-05
4.645122764481042e-05
5.350812828947932e-05
6.155360895743429e-05
7.071362870452202e-05
8.112844964431392e-05
9.295403696609173e-05
0.0001063635695409388
0.0001215490669661067
0.0001387231388915334
0.0001581208624292319
0.0001800017933478677
0.0002046521166042734
0.0002323869415680918
0.000263552746997955
0.0002985299804927033
0.0003377358167012072
0.0003816270780499994
0.0004307033211267429
0.0004855100912362642
0.0005466423482182567
0.0006147480689238653
0.0006905320251801791
0.0007747597357945133
0.0008682615909871045
0.0009719371464885814
0.00108675958310512
0.001213780326061814
0.001354133816672178
0.001509042427092231
0.001679821506845707
0.001867884547893038
0.002074748456206243
0.002302038946549336
0.002551496058827208
0.002824979747037414
0.003124475488034802
0.003452099901555998
0.003810106378120041
0.004200890694044935
0.004626996574983943
0.005091121177806842
0.005596120456358238
0.0061450143820325
0.006740991984328859
0.007387416168712764
0.008087828277938743
0.008845952349355483
0.009665699029372745
0.01055116910139749
0.01150665657568311
0.01253665130269051
0.0136458410531301
0.01483911302136017
0.01612155470363381
0.0174984540937626
0.01897529915815983
0.02055777652854269
0.02225176937044246
0.02406335438022639
0.02599879785291103
0.02806455079039347
0.03026724298984068
0.03261367607977978
0.03511081546553362
0.03776578113379207
0.04058583730350819
0.04357838087149216
0.04675092863792984
0.0501111032909932
0.05366661811683501
0.05742526045009747
0.06139487382958788
0.0655833388714754
0.0699985528654533
0.07464840808365916
0.07954076885303028
0.08468344737968288
0.09008417837464246
0.09575059251994501
0.1016901887925215
0.1079103057378024
0.1144180917100334
0.1212204741702414
0.128324128117718
0.1357354437030573
0.143460493159991
0.1515049971003299
0.1598742903027993
0.1685732871068836
0.1776064464893378
0.1869777370049593
0.1966906016569782
0.2067479228607451
0.2171519876401122
0.2279044531573498
0.2390063127957739
0.2504578628702153
0.2622586701523562
0.2744075403668524
0.2869024877661877
0.2997407060222092
0.3129185405078712
0.3264314621679277
0.3402740431353601
0.3544399341902573
0.368921844302089
0.3837115223078292
0.3987997409174522
0.4141762831852341
0.4298299315109618
0.445748459388936
0.4619186259225441
0.4783261732755676
0.4949558271621427
0.5117913003864807
0.5288152996112065
0.5460095353176162
0.5633547350847447
0.580830660235512
0.5984161257995332
0.6160890239222842
0.6338263506127876
0.6516042358918485
0.6693979773232365
0.6871820768150124
0.7049302807677899
0.7226156233816946
0.7402104731145048
0.757686582204012
0.7750151390714562
0.7921668236175924
0.8091118651531052
0.8258201028900347
0.8422610488430721
0.8584039529050713
0.8742178700709312
0.8896717294690214
0.904734405020686
0.9193747875241562
0.9335618579764575
0.9472647622007833
0.9604528862212401
0.973095931647229
0.9851639908549461
0.9966276230024738
1.007457932892673
1.017626649800946
1.027106200377224
1.035869775294637
1.04389139696175
1.051145995757715
1.057609487225823
1.063258842127801
1.068072148824893
1.072028673559533
1.075108921357829
1.077294695044233
1.078569150750802
1.07891684966381
1.078323806383711
1.076777534067676
1.07426708592811
1.070783092892771
1.066317797293361
1.060865082456913
1.054420498222998
1.046981282179545
1.038546376588652
1.029116440944325
1.018693860068191
1.007282747808721
0.9948889462409384
0.9815200204210758
0.9671852487145213
0.9518956086785653
0.9356637586241245
0.91850401484744
0.9004323246646443
0.8814662353394522
0.8616248589531783
0.8409288333925979
0.8194002795320703
0.7970627548038092
0.773941203308071
0.7500619025781017
0.7254524072207327
0.700141489570815
0.67415907758895
0.6475361901997158
0.6203048702433834
0.5924981152950064
0.5641498065241611
0.5352946358371473
0.5059680315247775
0.4762060826249182
0.4460454622620839
0.4155233501559691
0.3846773545379529
0.3535454337032751
0.3221658174178602
0.2905769284279751
0.2588173042634084
0.22692551955567
0.194940109081745
0.1628994917343682
0.1308418956299912
0.09880528453427939
0.06682728579620391
0.0349451199653814
0.00319553225752674
-0.02838527396826834
-0.05976170157138788
-0.09089882168738346
-0.1217624333507967
-0.1523191205594471
-0.1825363066734534
-0.2123823060437257
-0.2418263727812199
-0.2708387465873571
-0.2993906955714831
-0.3274545560075973
-0.3550037689714657
-0.3820129138227491
-0.4084577385047321
-0.4343151866400436
-0.459563421435321
-0.4841818463797896
-0.508151122753046
-0.5314531839636849
-0.5540712467419582
-0.5759898192459437
-0.5971947061101461
-0.6176730105056779
-0.637413133276244
-0.6564047692021704
-0.6746389004825316
-0.6921077875043964
-0.7088049570083887
-0.7247251877465714
-0.7398644937110498
-0.7542201050536002
-0.7677904467862433
-0.7805751153906785
-0.7925748534515229
-0.8037915224124805
-0.8142280735937891
-0.8238885175712343
-0.8327778920530358
-0.8409022283773333
-0.8482685167371469
-0.8548846702757397
-0.8607594881543448
-0.8659026177308872
-0.8703245159701003
-0.8740364101853412
-0.8770502582477053
-0.8793787083571517
-0.8810350584989706
-0.8820332156948418
-0.8823876551454295
-0.8821133793898106
-0.8812258775604909
-0.8797410848472186
-0.8776753422615643
-0.8750453567673161
-0.8718681618674085
-0.8681610787223293
-0.8639416779036043
-0.8592277418538539
-0.8540372280951821
-0.8483882332595115
-0.8422989579864457
-0.8357876727511846
-0.8288726846722604
-0.8215723053420562
-0.813904819746926
-0.8058884562842547
-0.7975413578993931
-0.7888815543704008
-0.7799269357739885
-0.7706952271796709
-0.7612039645591799
-0.7514704719195444
-0.7415118396673683
-0.7313449042073065
-0.7209862287907098
-0.7104520855967765
-0.6997584390441384
-0.6889209303241915
-0.6779548631417391
-0.6668751906633398
-0.6556965036412347
-0.6444330196961343
-0.6330985737374453
-0.6217066094921151
-0.6102701721248691
-0.5988019019155559
-0.5873140289759413
-0.5758183689750003
-0.5643263198288094
-0.5528488593264822
-0.5413965436543798
-0.5299795067901364
-0.5186074607313881
-0.5072896965197494
-0.4960350860319573
-0.4848520844936158
-0.4737487336845438
-0.4627326657981545
-0.4518111079086164
-0.4409908870077391
-0.430278435578818
-0.4196797976868724
-0.4092006355481056
-0.3988462365259625
-0.3886215205140165
-0.3785310476786914
-0.3685790265438217
-0.3587693223830684
-0.3491054658731651
-0.3395906619726282
-0.3302277990021167
-0.32101945791088
-0.3119679216998887
-0.3030751849608201
-0.294342963500532
-0.2857727040318261
-0.2773655939175762
-0.2691225709442538
-0.2610443330929684
-0.2531313482852373
-0.2453838640865453
-0.237801917354909
-0.2303853438165957
-0.2231337875488509
-0.2160467103563783
-0.2091234010246504
-0.2023629844362323
-0.1957644305382104
-0.1893265631510919
-0.1830480686127944
-0.1769275042437888
-0.170963306623251
-0.1651537996689189
-0.1594972025157905
-0.1539916371911172
-0.1486351360766316
-0.143425649151535
-0.1383610510129836
-0.1334391476741779
-0.1286576831412717
-0.1240143457634383
-0.1195067743531343
-0.1151325640764813
-0.1108892721153565
-0.1067744231033819
-0.1027855143356364
-0.09892002075452433
-0.09517539971366668
-0.09154909552120126
-0.0880385437655517
-0.08464117542670056
-0.08135442077668487
-0.07817571307324774
-0.0751024920510617
-0.072132207216116
-0.06926232094603101
-0.06649031139983624
-0.06381367524226204
-0.06122993018867394
-0.05873661737686415
-0.05633130356949251
-0.05401158319175695
-0.05177508020971974
-0.04961944985530019
-0.04754238020402019
-0.04554159361007998
-0.04361484800389267
-0.04175993805754093
-0.03997469622367122
-0.03825699365364339
-0.03660474099967821
-0.03501588910619441
-0.033488429595382
-0.03202039535225461
-0.0306098609143851
-0.0292549427709392
-0.02795379957575499
-0.02670463227918634
-0.02550568418336857
-0.02435524092561103
-0.02325163039394668
-0.0221932225790801
-0.02117842936683052
-0.02020570427500489
-0.01927354213874331
-0.0183804787478987
-0.01752509044002146
-0.01670599365239769
-0.01592184443664722
-0.01517133793915675
-0.01445320785029686
-0.01376622582529029
-0.01310920087959884
-0.01248097876151718
-0.01188044130462297
-0.01130650576246522
-0.01075812412776395
-0.01023428243843822
-0.009734000072519617
-0.00925632903407898
-0.008800353231927285
-0.008365187752806317
-0.007949978130739561
-0.007553899614193179
-0.007176156432650003
-0.006815981063816328
-0.006472633502736306
-0.006145400534012533
-0.005833595008262948
-0.00553655512387993
-0.005253643714986747
-0.004984247546502632
-0.004727776617122747
-0.004483663470930307
-0.004251362518364394
-0.004030349367124117
-0.003820120163501466
-0.00362019094465863
-0.003430097002270956
-0.003249392257923647
-0.003077648650613992
-0.00291445553657808
-0.002759419101768554
-0.002612161787125908
-0.002472321726762783
-0.002339552199296934
-0.002213521092303434
-0.00209391038006708
-0.001980415614533896
-0.001872745429492867
-0.001770621057958896
-0.00167377586274893
-0.001581954880153097
-0.001494914376567738
-0.001412421418006072
-0.001334253452317745
-0.001260197904030452
-0.001190051781598032
-0.001123621296909283
-0.001060721496861547
-0.001001175906787011
-0.000944816185540213
-0.0008914817919813592
-0.0008410196627200805
-0.0007932839008218869
-0.0007481354752766109
-0.0007054419309774994
-0.00066507710895921
-0.0006269208766692326
-0.0005908588680233275
-0.0005567822330082358
-0.0005245873965217166
-0.0004941758263102962
-0.0004654538096298546
-0.0004383322385096998
-0.0004127264032603194
-0.0003885557940910047
-0.000365743910490727
-0.0003442180781910549
-0.0003239092734862938
-0.0003047519546592533
-0.000286683900246767
-0.0002696460539955693
-0.0002535823762394047
-0.0002384397014848837
-0.000224167602000656
-0.0002107182571956046
-0.0001980463286011659
-0.0001861088402178704
-0.0001748650640770679
-0.0001642764107885191
-0.000154306324907
-0.0001449201849576892
-0.0001360852078932016
-0.00012777035786504
-0.0001199462591199734
-0.0001125851128430354
-0.0001056606178265231
-9.914789477825972e-05
-9.302341413359185e-05
-8.726492725119535e-05
-8.185140083478859e-05
-7.67629544171052e-05
-7.198080085680333e-05
-6.748718962319363e-05
-6.326535284312306e-05
-5.929945391188331e-05
-5.557453864225341e-05
-5.207648874009712e-05
-4.879197759866313e-05
-4.570842824010177e-05
-4.281397337622116e-05
-4.009741740021609e-05
-3.754820032548873e-05
-3.515636351266331e-05
-3.291251714148796e-05
-3.080780929716299e-05
-2.883389667246822e-05
-2.698291672854335e-05
-2.524746133295477e-05
-2.362055170355387e-05
-2.20956146934919e-05
-2.066646028192171e-05
-1.93272602687178e-05
-1.807252806636182e-05
-1.6897099545936e-05
-1.579611494610669e-05
-1.476500169040671e-05
-1.379945814699153e-05
-1.289543825995476e-05
-1.204913698872387e-05
-1.125697654748582e-05
-1.051559340029474e-05
-9.821825930863301e-06
-9.172702828765372e-06
-8.565432068968745e-06
-7.997390537836158e-06
-7.466114185341618e-06
-6.96928877020411e-06
-6.5047410978462e-06
-6.070430739616448e-06
-5.664442227260402e-06
-5.284977678931741e-06
-4.930349846531396e-06
-4.598975548768244e-06
-4.289369485912626e-06
-4.000138404547676e-06
-3.729975586234978e-06
-3.477655654995593e-06
-3.242029701313691e-06
-3.022020670399436e-06
-2.816619012599379e-06
-2.624878589802454e-06
-2.445912832441093e-06
-2.278891112801769e-06
-2.12303532053117e-06
-1.977616662534154e-06
-1.841952615252124e-06
-1.715404092069841e-06
-1.597372769253948e-06
-1.487298557144903e-06
-1.384657225636192e-06
-1.288958201396589e-06
-1.199742446311114e-06
-1.116580510593245e-06
-1.039070670637406e-06
-9.668371850206296e-07
-8.995286723681121e-07
-8.368165878620518e-07
-7.78393761045935e-07
-7.239730405194168e-07
-6.732860600436466e-07
-6.260819973226792e-07
-5.821264887329184e-07
-5.412005748666345e-07
-5.030997051448568e-07
-4.676328316495214e-07
-4.346215155482845e-07
-4.038991465389322e-07
-3.753101613645967e-07
-3.487093291124587e-07
-3.239610906938762e-07
-3.009389253976287e-07
-2.795247607719188e-07
-2.596084312552879e-07
-2.410871477025099e-07
-2.238650430364975e-07
-2.078526823625456e-07
-1.929666615016406e-07
-1.791292174118428e-07
-1.662678224506329e-07
-1.543148908803809e-07
-1.432074009305404e-07
-1.328866360955645e-07
-1.232978524662104e-07
-1.143900537359779e-07
-1.061157222927631e-07
-9.843059155347849e-08
-9.129343112152716e-08
-8.466583634969181e-08
-7.851204071444288e-08
-7.279874397379231e-08
-6.749494274829081e-08
-6.257178167571916e-08
-5.800239015545912e-08
-5.376176498196011e-08
-4.982663496148329e-08
-4.617535138051596e-08
-4.278776424782329e-08
-3.9645134621046e-08
-3.673003364243807e-08
-3.402623991149697e-08
-3.151867937195914e-08
-2.919333217562356e-08
-2.70371590710351e-08
-2.503804497715357e-08
-2.318472054108464e-08
-2.146670875041661e-08
-1.987428865315322e-08
-1.839840568680563e-08
-1.703066109283809e-08
-1.576324246846232e-08
-1.458890393212331e-08
-1.350090675999297e-08
-1.249299432210662e-08
-1.155935360544467e-08
-1.069459616135173e-08
-9.893710894376439e-09
-9.152040916870138e-09
-8.465272505561204e-09
-7.829395253215282e-09
-7.240688965277249e-09
-6.695705163262906e-09
-6.191237582214005e-09
-5.724311723014568e-09
-5.292172852793674e-09
-4.892258654774577e-09
-4.522205322270167e-09
-4.179808121014924e-09
-3.863034055292853e-09
-3.569991525847642e-09
-3.29891801526055e-09
-3.048192509172162e-09
-2.81630456472837e-09
-2.60185789201845e-09
-2.403554942740363e-09
-2.22018973468542e-09
-2.050659778339837e-09
-1.893928488597326e-09
-1.749038132398751e-09
-1.615110545983807e-09
-1.49132744220795e-09
-1.376931861755679e-09
-1.27121651527117e-09
-1.173534190142951e-09
-1.083279267242287e-09
-9.998891368579078e-10
-9.228477608878945e-10
-8.516842004521394e-10
-7.859485081363811e-10
-7.252377297393469e-10
-6.691660104487807e-10
-6.173845177781167e-10
-5.695720381386062e-10
-5.254227109876629e-10
-4.846601420615971e-10
-4.470310498440774e-10
-4.122964570448923e-10
-3.802326954891046e-10
-3.50636638549688e-10
-3.233235655009448e-10
-2.981151933545386e-10
-2.748538126866944e-10
-2.533924097542653e-10
-2.335889220105864e-10
-2.153218890243112e-10
-1.984704414365606e-10
-1.829233879600101e-10
-1.685851623784416e-10
-1.553572224190623e-10
-1.431588266508539e-10
-1.319059360248928e-10
-1.215380497538148e-10
-1.119711086563698e-10
-1.03153344864923e-10
-9.502076943141409e-11
-8.752344346931698e-11
-8.061468901513295e-11
-7.424594086899157e-11
-6.83788428353797e-11
-6.296977773407827e-11
-5.798689956627153e-11
-5.339631113371315e-11
-4.916450354834615e-11
-4.525963693471006e-11
-4.166582166593345e-11
-3.835829183981638e-11
-3.530308041480145e-11
-3.249399506349601e-11
-2.990497667356067e-11
-2.752435208915848e-11
-2.532806895943544e-11
-2.331154512134537e-11
-2.14530268858755e-11
-1.973950180572123e-11
-1.815764106965721e-11
-1.670328476348325e-11
-1.536512290567618e-11
-1.413326921850324e-11
-1.300058674692365e-11
-1.196244574171783e-11
-1.100662501553409e-11
-1.012311658354791e-11
-9.306606497526509e-12
-8.554168229230754e-12
-7.864105265336241e-12
-7.230098456462239e-12
-6.651983022157084e-12
-6.11522770448726e-12
-5.621227962323216e-12
-5.163920900920117e-12
-4.748357739433071e-12
-4.367395815414857e-12
-4.013479765870477e-12
-3.685617639150611e-12
-3.386824063987841e-12
-3.112964042959651e-12
-2.861649235569894e-12
-2.632312910193349e-12
-2.423851590495275e-12
-2.228023231723119e-12
-2.045190138388058e-12
-1.87655939595651e-12
-1.722581128003468e-12
-1.578115811365237e-12
-1.445769933712566e-12
-1.327334238471815e-12
-1.217731500670611e-12
-1.119943491116549e-12
-1.027926110470496e-12
-9.486791992449128e-13
-8.74275882340066e-13
-8.070217335607046e-13
-7.415904637311996e-13
-6.843168250235411e-13
-6.289598043206611e-13
-5.771983865985987e-13
-5.274397513687858e-13
-4.789052936190143e-13
-4.32800742866466e-13
-3.951900302215005e-13
-3.571588593794049e-13
-3.251328032703558e-13
-3.001697898856168e-13
-2.791445473560051e-13
-2.626827171481078e-13
-2.496214767839147e-13
-2.367014464352087e-13
-2.190593530599444e-13
-2.025218721014061e-13
-1.833866178373455e-13
-1.610529256956293e-13
-1.40745397746604e-13
-1.26092367433964e-13
-1.103673952058201e-13
-9.440545716796298e-14
-8.620201951022828e-14
-8.172177228943136e-14
-7.695517407224362e-14
-7.69960748358363e-14
-7.688403837108579e-14
-7.290625258292653e-14
-7.400535055943281e-14
-7.048049080833217e-14
-6.775831696184363e-14
-5.977240440037775e-14
-4.940091985416281e-14
-3.52901558832247e-14
-2.479215219119478e-14
-1.937886734565827e-14
-1.472627278917291e-14
-1.123607597464608e-14
-1.409698775784978e-14
-1.524686919962175e-14
-2.2972547285614e-14
-2.828694750160964e-14
-3.139361810850842e-14
-3.173864822272978e-14
-3.220494074315664e-14
-2.705019691926553e-14
-1.93167821548282e-14
-9.35490477158778e-15
-9.310967447289873e-16
3.031358405387099e-15
5.297372771118075e-15
1.149201551738996e-15
4.894841521292308e-16
-4.41890669146441e-15
-3.725982848833021e-15
-5.293116084647793e-15
-1.356416331750348e-14
-1.387686070956424e-14
-1.435510093173321e-14
-1.280797608916948e-14
-9.536859685495715e-15
-7.061309983251609e-15
-3.49234063910487e-15
-2.251025771086009e-15
-1.146695299605687e-15
2.313186369825551e-15
7.132512040877817e-15
8.660507607624159e-15
9.541462687030226e-15
8.501753026952569e-15
3.704204035127037e-16
-3.436658293507657e-15
-1.107822399069196e-14
-1.581578032583715e-14
-1.761423203990533e-14
-1.447815726794865e-14
-7.299815182056256e-15
3.529971346805104e-16
8.245443559791149e-15
1.278099312987743e-14
1.190399735377452e-14
1.073908786700434e-14
7.161133710929553e-15
-1.194048363933911e-15
-5.735527970570721e-15
-8.286027269338505e-15
-5.653700712283498e-15
-2.983539150580593e-15
-3.008720730387632e-15
-1.397841486496091e-15
-5.17596040509271e-15
-1.082700385090064e-15
1.520703039359456e-15
1.951450136693203e-15
2.671573002382488e-15
1.186628163683757e-15
-6.723973468485688e-16
-4.659020721867631e-16
2.485453941464792e-15
1.060809387572822e-15
1.444345854058179e-15
6.717612002326218e-15
4.564649329523679e-15
-3.077587051396975e-18
-3.379889433821929e-15
-7.436586061276278e-15
-4.78386844626614e-15
-6.540383765053617e-15
-4.343136575527017e-15
-3.905077613571002e-15
-2.700235441495332e-16
1.124898392558791e-15
5.498669509247627e-15
6.364081421800003e-15
9.148588074999893e-15
1.027209254723366e-14
5.672982954797723e-15
9.312179033032901e-16
-4.987257669804442e-15
-8.18677289252319e-15
-1.100656616810903e-14
-1.097894145753511e-14
-6.719232481495871e-15
-9.722129813510846e-16
2.841389197674901e-15
6.136240611817995e-15
7.850555843220209e-15
4.462286352592787e-15
6.051190777673534e-15
9.654352609159058e-16
-8.872699625857512e-16
-1.860070685442912e-15
-3.684958893530957e-15
-4.744695407228433e-15
-6.51929831171297e-16
3.909936868624502e-15
2.81528866582119e-15
2.804750850626144e-15
-5.406859447433456e-16
-4.972574146598758e-15
-5.336531346181298e-15
-5.413710815503195e-15
-1.493646935236958e-15
3.802691377996549e-16
1.694119382920165e-15
4.15325267593364e-15
5.606836292870696e-15
3.581603579793827e-15
6.131751038578334e-15
6.967734119288207e-15
1.058547952841728e-15
-4.253641892317387e-15
-5.600246934310492e-15
-5.628401904552984e-15
-6.292088272172917e-15
-3.927017517721898e-15
-4.240149899862491e-15
-2.970027570688302e-15
-2.850906395712421e-15
1.175789276397603e-15
2.824990848218753e-15
5.910895630492042e-15
9.438648588749984e-15
1.286000645855848e-14
9.060657089270387e-15
2.276822605736324e-15
5.099949409694406e-16
-5.819637495323351e-15
-1.042392802738346e-14
-1.643039866275289e-14
-1.66260203025564e-14
-1.067375039527158e-14
-2.707261061188197e-15
5.102372455961282e-15
1.244807006819783e-14
1.5579961456278e-14
1.629409022401149e-14
1.121021547915097e-14
5.550761371527026e-15
-1.054904376277077e-15
-3.294864530508497e-15
-1.053799113924613e-14
-1.328587885822134e-14
-1.356026019266915e-14
-1.172553362398926e-14
-6.583435896120006e-15
1.157143769315531e-15
7.356253300095579e-15
1.519587666653309e-14
1.540516257965941e-14
9.29069175485612e-15
3.595539475424524e-15
-2.243955989516538e-15
-7.706472991537885e-15
-7.509339048419743e-15
-5.794812496988457e-15
-4.645375329651312e-15
-1.149245728652789e-15
6.026248030640434e-16
2.379431453715279e-15
1.217748778005058e-15
2.365674806939795e-15
3.24183025308316e-15
3.351307218663947e-15
-2.090857894803314e-16
-2.461972143062929e-15
-1.114638451833961e-15
6.102352506802389e-16
-2.886471448477234e-15
-9.976587779953089e-16
1.447236071221283e-16
-6.798794441151629e-16
2.028139658125007e-15
5.1855122439378e-16
1.733111245512085e-16
2.215703935919501e-16
3.500874248444965e-15
3.592833220254657e-15
6.124622066686357e-16
-3.31375743548854e-15
-1.797814589137106e-15
-2.87027581280265e-15
-4.4988419725411e-15
-6.005307086773106e-15
-4.718237332959255e-15
-2.324308014783328e-15
4.790773563434569e-15
8.538737468601369e-15
9.722219990992652e-15
1.111705694290007e-14
6.020225396104136e-15
-2.336058883898994e-16
