-7.582372980914762e-13
-4.376516731567038e-13
-2.559733360963014e-13
-1.498247371439025e-13
-8.772095763111825e-14
-5.094654035568098e-14
-2.896255794085654e-14
-1.550152808815773e-14
-7.113803532155745e-15
-1.767992991071684e-15
1.791519249573938e-15
4.293758122802783e-15
5.995702800558335e-15
7.566701804334002e-15
8.745557898210476e-15
9.268166812784568e-15
9.498557552848105e-15
9.479976976257898e-15
9.455284872879861e-15
8.635021385865315e-15
7.93998544584098e-15
7.05120037680329e-15
6.508738848398055e-15
5.382631343713447e-15
4.7986317139916e-15
4.4103053230138e-15
3.652502173766097e-15
3.49009495240692e-15
3.185085628608703e-15
2.04411426042743e-15
-1.884489325978889e-16
-4.883908457146732e-15
-1.145585328516965e-14
-2.248998814054053e-14
-3.960704192784936e-14
-6.504524824231517e-14
-1.006047996338359e-13
-1.518363143019323e-13
-2.216625333346746e-13
-3.180005854203997e-13
-4.474896276715393e-13
-6.218471339381595e-13
-8.553582958565352e-13
-1.167110814811013e-12
-1.582955026850642e-12
-2.135805516731857e-12
-2.870833009336536e-12
-3.844404059999887e-12
-5.132404040664135e-12
-6.833286515941512e-12
-9.073138142454204e-12
-1.201689250537959e-11
-1.587352078196381e-11
-2.091536005702169e-11
-2.748664086657378e-11
-3.602946012430691e-11
-4.710361053241723e-11
-6.142216611875107e-11
-7.988498285737649e-11
-1.036304351434102e-10
-1.34090203716704e-10
-1.730638728479434e-10
-2.228059415332384e-10
-2.861342429953028e-10
-3.665632246662522e-10
-4.684652708960569e-10
-5.972650803130121e-10
-7.596803776642742e-10
-9.640088715979903e-10
-1.220475580208177e-09
-1.541655375981202e-09
-1.942976043916225e-09
-2.443323231847142e-09
-3.065768691634901e-09
-3.838431438796567e-09
-4.795517696218734e-09
-5.978545235464336e-09
-7.437805784111068e-09
-9.23409250803425e-09
-1.144074622030601e-08
-1.414606948428887e-08
-1.745616827250806e-08
-2.149829086263092e-08
-2.642475458071673e-08
-3.241753090765e-08
-3.969361196578713e-08
-4.851126979652584e-08
-5.91773449097502e-08
-7.205571133851327e-08
-8.757710244821624e-08
-1.062504835247908e-07
-1.286761930405188e-07
-1.555611049115576e-07
-1.877360812450247e-07
-2.261760318181819e-07
-2.720229189789315e-07
-3.266120978036181e-07
-3.915024156221535e-07
-4.685105362287033e-07
-5.597500146517752e-07
-6.676756865638248e-07
-7.95134000927229e-07
-9.454199987960276e-07
-1.122341800245643e-06
-1.330293405556316e-06
-1.574336730035103e-06
-1.860293891002058e-06
-2.194850834456957e-06
-2.585673523427665e-06
-3.041537973081665e-06
-3.572475551149332e-06
-4.189935067340951e-06
-4.906963292331368e-06
-5.738405659818623e-06
-6.701129071312715e-06
-7.81426879858046e-06
-9.099501666043351e-06
-1.058134781640401e-05
-1.228750348879266e-05
-1.424920742148052e-05
-1.650164359943066e-05
-1.90843832348872e-05
-2.204186900417633e-05
-2.542394470034019e-05
-2.928643361038125e-05
-3.369176902545548e-05
-3.870968045796306e-05
-4.441793930973064e-05
-5.090316815513157e-05
-5.826171743139866e-05
-6.660061348612589e-05
-7.603858203798447e-05
-8.670715119362868e-05
-9.875183815233996e-05
-0.0001123334237053763
-0.0001276293186325126
-0.0001448350259479352
-0.0001641657028599767
-0.0001858578261450496
-0.0002101709647277278
-0.0002373896662301504
-0.0002678254626201057
-0.0003018189952641156
-0.0003397422588813581
-0.0003820009681636729
-0.0004290370513569839
-0.0004813312731642302
-0.0005394059870640396
-0.0006038280176916571
-0.0006752116730349198
-0.000754221886356042
-0.0008415774866439876
-0.0009380545948372387
-0.001044490143515449
-0.001161785515357293
-0.001290910295977183
-0.001432906135285127
-0.00158889070958365
-0.001760061777343125
-0.001947701318081269
-0.002153179744439052
-0.002377960175668772
-0.002623602758156729
-0.002891769020057866
-0.003184226242257599
-0.003502851829278013
-0.003849637661468384
-0.004226694406531471
-0.004636255771086192
-0.005080682666525831
-0.005562467266122341
-0.006084236927649004
-0.00664875795195688
-0.007258939152456599
-0.007917835202004618
-0.008628649728174315
-0.009394738125122596
-0.01021961004603904
-0.01110693154737641
-0.01206052684504225
-0.01308437964990783
-0.01418263404720364
-0.01535959487972815
-0.01661972760544322
-0.01796765758637968
-0.01940816877680459
-0.02094620177562145
-0.02258685120245271
-0.02433536237203394
-0.02619712722496225
-0.02817767948852561
-0.03028268903817884
-0.03251795542383102
-0.03488940054604312
-0.03740306044629499
-0.04006507619653392
-0.04288168387001715
-0.04585920356840738
-0.04900402750773072
-0.05232260713870811
-0.05582143930400785
-0.05950705143170718
-0.06338598575669445
-0.06746478259686149
-0.0717499626756377
-0.07624800851655285
-0.0809653449314881
-0.08590831861470416
-0.09108317689721165
-0.09649604567329942
-0.1021529065528933
-0.1080595732869916
-0.1142216675004382
-0.1206445938172661
-0.1273335144111998
-0.1342933230639947
-0.1415286188045403
-0.1490436791833171
-0.1568424332951451
-0.1649284346027034
-0.1733048336723915
-0.1819743509180899
-0.1909392494224827
-0.200201307972888
-0.2097617943773424
-0.2196214391932667
-0.2297804099794938
-0.2402382861505596
-0.2509940345880361
-0.2620459860771855
-0.2733918127094622
-0.2850285063661149
-0.2969523583632928
-0.3091589404228675
-0.3216430870264579
-0.3343988792897723
-0.3474196304648071
-0.3606978731366521
-0.3742253482714383
-0.387992996151916
-0.401990949321708
-0.4162085276250989
-0.4306342353877036
-0.4452557608849361
-0.4600599780901954
-0.4750329507693665
-0.4901599389735319
-0.5054254079876259
-0.5208130399270559
-0.5363057478399329
-0.5518856920509697
-0.5675342987488368
-0.5832322815311469
-0.5989596672504637
-0.6146958247116708
-0.6304194928107427
-0.6461088077868635
-0.6617413339904543
-0.6772941030769573
-0.6927436573350734
-0.7080660920810243
-0.7232370965741429
-0.7382319969817126
-0.7530258033095242
-0.7675932587491388
-0.7819088903664719
-0.7959470609260046
-0.8096820220879839
-0.8230879690846626
-0.83613909653809
-0.8488096552268558
-0.8610740096372961
-0.8729066961248728
-0.8842824816164382
-0.8951764225874217
-0.9055639241737968
-0.9154207992422698
-0.9247233271950372
-0.9334483124102794
-0.9415731420586851
-0.9490758431618059
-0.9559351387149256
-0.9621305026483996
-0.9676422135259255
-0.9724514067391063
-0.9765401250866153
-0.9798913675772779
-0.9824891362415978
-0.9843184808621824
-0.9853655414190483
-0.9856175881703231
-0.9850630592397247
-0.9836915955305209
-0.9814940729098152
-0.9784626315022842
-0.974590702046977
-0.9698730292325913
-0.9643056918909239
-0.9578861200449682
-0.950613108694689
-0.9424868283278018
-0.933508832122483
-0.9236820597907128
-0.9130108381126333
-0.9015008780979331
-0.8891592688028136
-0.8759944678236836
-0.8620162884838851
-0.8472358838167979
-0.8316657273342836
-0.8153195906555499
-0.7982125180678792
-0.7803607980833581
-0.7617819321258041
-0.7424946004031838
-0.7225186250984842
-0.7018749309915411
-0.6805855036048949
-0.6586733450317784
-0.6361624275508809
-0.613077645187856
-0.5894447633682628
-0.5652903667961713
-0.5406418057415133
-0.5155271408631701
-0.4899750867399885
-0.4640149542715208
-0.4376765921019092
-0.4109903272538039
-0.3839869051151251
-0.3566974289510125
-0.3291532991063819
-0.3013861520593912
-0.2734277995045116
-0.2453101676064205
-0.2170652365854156
-0.1887249807886084
-0.1603213093947936
-0.1318860079074552
-0.1034506805692885
-0.07504669383914399
-0.04670512106115987
-0.01845668844858867
0.009668277494884008
0.03763990100330925
0.06542880641791768
0.09300616579943956
0.1203437446891719
0.1474139459332715
0.1741898514887385
0.2006452621413589
0.226754735072291
0.2524936192123761
0.2778380883392647
0.3027651718698278
0.3272527833172618
0.351279746386379
0.3748258186812185
0.3978717130199629
0.4203991163432276
0.4423907062243777
0.4638301649907639
0.4847021914615787
0.5049925103325306
0.5246878792240149
0.5437760934310304
0.562245988413589
0.5800874400654018
0.5972913628237456
0.6138497056611893
0.6297554460289475
0.6450025818148226
0.6595861213660325
0.6735020716504592
0.6867474246248321
0.6993201419070415
0.711219137832822
0.7224442609583935
0.7329962741008256
0.7428768329902249
0.7520884636269037
0.7606345384313403
0.7685192512732393
0.7757475914931096
0.7823253169798936
0.7882589263847156
0.7935556305587044
0.7982233233119146
0.8022705516086951
0.8057064852585977
0.8085408861839958
0.810784077347329
0.8124469114178026
0.8135407392739001
0.8140773784029727
0.8140690812775105
0.8135285037811455
0.8124686737515574
0.8109029597258071
0.8088450399357903
0.8063088716193015
0.8033086607060697
0.7998588319290441
0.7959739994242878
0.7916689378613559
0.7869585541657546
0.7818578598775648
0.776381944171089
0.7705459475788053
0.7643650364485473
0.7578543781737654
0.7510291172257548
0.7439043520081039
0.736495112567923
0.7288163391718049
0.7208828617719343
0.7127093803753746
0.7043104463132283
0.6957004444157915
0.6868935761043214
0.6779038434274797
0.6687450340419593
0.6594307071086088
0.6499741800912511
0.6403885164632608
0.630686514339463
0.6208806960224523
0.6109832984261893
0.6010062643553741
0.5909612346357719
0.5808595411030902
0.5707122004311082
0.5605299087559389
0.5503230370677348
0.5401016273587819
0.5298753895260838
0.5196536990042904
0.5094455950863007
0.4992597799026551
0.4891046180396843
0.478988136781888
0.4689180269523978
0.4589016443179361
0.4489460115361709
0.4390578206135204
0.4292434358457216
0.4195088972150281
0.4098599242211013
0.4003019201276143
0.3908399765891916
0.3814788786289249
0.372223109941472
0.3630768585006461
0.354044022454243
0.3451282162734704
0.3363327771278328
0.3276607714632567
0.3191150017672352
0.3106980135076105
0.3024121022141077
0.2942593206771477
0.2862414862443863
0.27836018819916
0.2706167952058298
0.2630124628011675
0.2555481409165255
0.2482245814142285
0.2410423456198052
0.2340018118358119
0.2271031828227706
0.220346493234722
0.2137316169970983
0.207258274616213
0.2009260404132291
0.1947343496675207
0.188682505656929
0.1827696865864221
0.1769949524001861
0.1713572514730211
0.1658554271703377
0.1604882242685252
0.1552542952303485
0.1501522063321753
0.1451804436408856
0.1403374188341158
0.1356214748596948
0.1310308914316292
0.1265638903609633
0.1222186407211364
0.1179932638449414
0.1138858381518951
0.1098944038056105
0.106016967201237
0.102251505284136
0.09859596969946566
0.09504829077356049
0.09160638132840328
0.08826814033099162
0.08503145638030475
0.08189421103291507
0.07885428196944852
0.07590954600443391
0.07305788194225547
0.07029717328255843
0.06762531077769493
0.06504019484526312
0.06253973783914488
0.06012186618277747
0.05778452236886485
0.05552566682835262
0.05334327967233022
0.05123536231054574
0.0491999389503853
0.04723505798045347
0.0453387932422635
0.04350924519386441
0.04174454196926779
0.04004284033781299
0.03840232656756054
0.03682121719624163
0.03529775971316319
0.03383023315597387
0.03241694862628997
0.03105624972829617
0.02974651293342785
0.02848614787454263
0.02727359757311255
0.02610733860289392
0.02498588119356752
0.02390776927746752
0.02287158048261474
0.02187592607523012
0.02091945085474076
0.02000083300443207
0.01911878390038934
0.01827204788147758
0.01745940198304568
0.01667965563690014
0.01593165034021998
0.01521425929567497
0.01452638702513435
0.01386696895925563
0.01323497100499032
0.01262938909311397
0.01204924870776714
0.01149360440000206
0.01096153928712965
0.01045216453937715
0.009964618855528767
0.009498067929135262
0.009051703906933056
0.008624744840852711
0.008216434134831075
0.007826039987590613
0.007452854832696768
0.007096194777042664
0.00675539903878304
0.006429829385730242
0.006118869575108712
0.005821924795487229
0.0055384211116815
0.005267804913383926
0.005009542368196524
0.004763118879824064
0.004528038551897599
0.004303823658010632
0.004090014118375325
0.003886166983638442
0.003691855926305332
0.003506670740028227
0.003330216847118055
0.003162114814533613
0.003001999878650268
0.002849521479103998
0.00270434280179118
0.002566140331182729
0.002434603412112237
0.002309433821150891
0.00219034534764247
0.002077063384472396
0.001969324528603688
0.001866876191326455
0.001769476218349067
0.00167689251956622
0.001588902708591514
0.001505293751928367
0.001425861627730121
0.001350410994085663
0.001278754866664957
0.001210714305691762
0.001146118112127824
0.001084802532905993
0.001026610975127203
0.0009713937290695846
0.0009190076998218346
0.0008693161474755125
0.0008221884355990931
0.0007774997879510029
0.0007351310531895594
0.0006949684774724218
0.0006569034847198729
0.0006208324643840535
0.00058665656658346
0.0005542815043907035
0.0005236173631335743
0.0004945784164937068
0.0004670829492162925
0.0004410530863319138
0.0004164146286200235
0.0003930968942259286
0.0003710325661683883
0.0003501575456897894
0.0003304108111468557
0.0003117342823637873
0.0002940726902389855
0.0002773734514514046
0.0002615865481520125
0.0002466644123834422
0.0002325618151805334
0.0002192357601305766
0.0002066453812708166
0.0001947518451630855
0.0001835182570185907
0.0001729095707210188
0.0001628925026256594
0.0001534354489960493
0.0001445084069052196
0.0001360828985691512
0.0001281318988868971
0.0001206297661416722
0.0001135521756884979
0.0001068760565954114
0.000100579531000127
9.464185622857077e-05
8.90433694382782e-05
8.376543477164137e-05
7.879039287241804e-05
7.410151269342752e-05
6.968294549749406e-05
6.551968098545873e-05
6.159750539880874e-05
5.790296161952038e-05
5.442331106323719e-05
5.114649740366378e-05
4.80611119648353e-05
4.515636076718865e-05
4.242203313401879e-05
3.984847177307643e-05
3.742654433464698e-05
3.514761629032842e-05
3.300352514145912e-05
3.098655588849217e-05
2.908941766949298e-05
2.730522157205254e-05
2.562745952833133e-05
2.404998422482679e-05
2.256699004268312e-05
2.117299493453474e-05
1.986282319809394e-05
1.863158913231849e-05
1.747468148650647e-05
1.638774874184116e-05
1.53666850991964e-05
1.440761721150447e-05
1.350689155665696e-05
1.26610625085901e-05
1.186688097805723e-05
1.112128367566749e-05
1.042138290385459e-05
9.764456906286179e-06
9.147940706332849e-06
8.569417432644896e-06
8.026610087279377e-06
7.517373775141995e-06
7.03968833573746e-06
6.591651346586416e-06
6.17147152771648e-06
5.777462484636478e-06
5.408036796181629e-06
5.061700406160528e-06
4.737047337214716e-06
4.432754678956896e-06
4.147577847372869e-06
3.880346116347645e-06
3.629958379916158e-06
3.395379158582267e-06
3.175634813568413e-06
2.969809985929222e-06
2.777044213387106e-06
2.596528748997542e-06
2.427503554774358e-06
2.269254470041235e-06
2.121110509488429e-06
1.98244135989234e-06
1.852654967029404e-06
1.731195308450068e-06
1.61754024932057e-06
1.511199548831305e-06
1.411712982510571e-06
1.318648539697996e-06
1.231600747777589e-06
1.150189094814563e-06
1.074056543515587e-06
1.002868108243812e-06
9.363095402879431e-07
8.740860912991938e-07
8.159213147286691e-07
7.615559793650928e-07
7.107470216803735e-07
6.632665519205497e-07
6.189009617657851e-07
5.774500224266075e-07
5.387260863742109e-07
5.025533079965509e-07
4.687669316955248e-07
4.372126022457177e-07
4.077457276319023e-07
3.802308708296815e-07
3.545412016105266e-07
3.305579480146307e-07
3.081699008043534e-07
2.872729452091972e-07
2.677696112305501e-07
2.495686755690937e-07
2.325847534849932e-07
2.167379481541088e-07
2.019535094469862e-07
1.881614814943178e-07
1.752964351763598e-07
1.632971694313057e-07
1.521064381748795e-07
1.416707112334372e-07
1.319399258793168e-07
1.228672834043569e-07
1.144090281472239e-07
1.065242540260535e-07
9.917472866432787e-08
9.23247290808364e-08
8.594086286094498e-08
7.999193240409988e-08
7.444879366465378e-08
6.928421181837762e-08
6.447274371139495e-08
5.999063486625306e-08
5.58156913857153e-08
5.192719767480804e-08
4.830580469398029e-08
4.493345620980392e-08
4.179328851127829e-08
3.886955839767007e-08
3.614757598369457e-08
3.361362852214054e-08
3.125492275050489e-08
2.905951942385578e-08
2.70162790504596e-08
2.511480819698759e-08
2.334541378861276e-08
2.16990566724012e-08
2.016730266820698e-08
1.874229266821369e-08
1.741668616771327e-08
1.618364836248873e-08
1.503680618430354e-08
1.397021890707529e-08
1.297834503121803e-08
1.205602206361562e-08
1.119844317804896e-08
1.040112208427354e-08
9.659884581763263e-09
8.970839302178754e-09
8.33036181311192e-09
7.735068342254855e-09
7.18181348803399e-09
6.667666864382561e-09
6.189896459523759e-09
5.74596410510568e-09
5.33350697758137e-09
4.950316394697678e-09
4.594351699673285e-09
4.263693514147177e-09
3.956564411917475e-09
3.671313452761338e-09
3.406397489453447e-09
3.160386713956919e-09
2.93194652114105e-09
2.719847551107724e-09
2.522926212274145e-09
2.340115381290147e-09
2.170408756099326e-09
2.012879361496215e-09
1.86666345881186e-09
1.730958031423569e-09
1.605015789261759e-09
1.488141392049339e-09
1.379687168766665e-09
1.279053446526191e-09
1.185687651707115e-09
1.099069870351731e-09
1.018720362803811e-09
9.441842226678088e-10
8.750531942150103e-10
8.109341217714473e-10
7.51464841180744e-10
6.963190790341598e-10
6.451816053289207e-10
5.97758307601099e-10
5.537936809939232e-10
5.13028677980207e-10
4.752335749701224e-10
4.401942760408725e-10
4.077172814202637e-10
3.776147474125924e-10
3.497193712065792e-10
3.238650123194272e-10
2.999053886786835e-10
2.777016010879052e-10
2.571202105183181e-10
2.380541458176381e-10
2.203910631493762e-10
2.040292591101268e-10
1.888720035982542e-10
1.748267900632543e-10
1.618203523949134e-10
1.497750378457266e-10
1.386179784865769e-10
1.282838493231985e-10
1.187142728673273e-10
1.098542529251607e-10
1.016480523314037e-10
9.404699339234487e-11
8.70067957584874e-11
8.048971745190554e-11
7.44580496033726e-11
6.887924228030928e-11
6.371256562457015e-11
5.893591461380613e-11
5.451516534261936e-11
5.042360530488498e-11
4.663427377096899e-11
4.31261150255215e-11
3.987800946199009e-11
3.68708692345742e-11
3.408923356883431e-11
3.151813908272073e-11
2.914170672304861e-11
2.69413331004665e-11
2.490638633887192e-11
2.3020950787234e-11
2.127829316074143e-11
1.966462471544258e-11
1.817443573148097e-11
1.679623255875117e-11
1.552785963027785e-11
1.43534883921758e-11
1.326586233449071e-11
1.226049168349452e-11
1.132985844918704e-11
1.046926595402547e-11
9.672315848754786e-12
8.933128613649802e-12
8.248377210443835e-12
7.61502371315761e-12
7.036139166290149e-12
6.499491984025522e-12
6.004778998690696e-12
5.544377923515121e-12
5.117753275285856e-12
4.727333620145108e-12
4.37330155212923e-12
4.042923816407795e-12
3.734316766763088e-12
3.449057246226306e-12
3.183341364691064e-12
2.933411203368201e-12
2.705896082997575e-12
2.496810716680976e-12
2.30675051586298e-12
2.134660976353634e-12
1.969830965812576e-12
1.81648623425846e-12
1.672960986885618e-12
1.543704480053904e-12
1.424634896474024e-12
1.314001018773727e-12
1.216828291533354e-12
1.122837404679701e-12
1.038406885586267e-12
9.590338264829345e-13
8.83157575220912e-13
8.191263382104862e-13
7.55678952294856e-13
6.946485800742713e-13
6.401273282531983e-13
5.910319188874118e-13
5.458500150801896e-13
4.988521042200998e-13
4.565895831715365e-13
4.195569534064923e-13
3.864643641449212e-13
3.595726901075685e-13
3.352741871933478e-13
3.124533078024352e-13
2.895093695037149e-13
2.642869290759102e-13
2.48234618583949e-13
2.291008469106442e-13
2.094140606066955e-13
1.925428424131923e-13
1.775174448038564e-13
1.617961705599101e-13
1.456713814020185e-13
1.338615529023281e-13
1.219766763794834e-13
1.114113625368723e-13
1.02042263300062e-13
9.588855023140856e-14
9.14271532947792e-14
8.567724767811742e-14
8.206511182155901e-14
7.619532780769678e-14
6.919728800236644e-14
6.518603680927657e-14
6.074007052837327e-14
5.526848016122964e-14
4.957965429662391e-14
4.199975510058931e-14
3.600116516098361e-14
3.17749603440188e-14
2.955384404504167e-14
2.92357647217742e-14
2.606058144455799e-14
2.428322366025479e-14
2.292509871668554e-14
2.364895614973935e-14
2.51184934448991e-14
2.349912347268021e-14
2.055901839985244e-14
2.045941125350094e-14
1.681531302158532e-14
1.782993502014364e-14
1.569817193142814e-14
1.359193941636643e-14
1.201165873297048e-14
8.98240439411052e-15
5.261928761430026e-15
-1.759757787804701e-15
-4.071604105587541e-15
-6.075662101938882e-16
3.801871958552452e-15
9.681036965696745e-15
1.224380748181938e-14
1.580573652835926e-14
1.464525633926554e-14
1.280772550088674e-14
9.312222010606897e-15
6.827025096375967e-15
1.145276283189691e-15
-3.311263919048923e-15
-6.523915637594118e-15
-6.610973882389371e-15
-6.588074853501496e-15
-1.399144420310342e-15
2.822759485402069e-15
5.068144067743039e-15
5.317941517370257e-15
3.538282172212326e-15
4.826741646420452e-15
7.150781508006113e-15
9.995175529254824e-15
8.79513794520372e-15
4.354927315790529e-15
-4.845673493269565e-16
-5.106762005741293e-15
-6.1088667063762e-15
-5.795489025433657e-15
-4.606454000239995e-15
-5.0400237171543e-15
-2.946506173700025e-15
-1.514953731865032e-15
3.821149891149066e-15
4.80099932351921e-15
7.462644253432414e-15
7.905472042362953e-15
7.354966233284309e-15
7.415538031316118e-15
1.269376905102888e-16
-2.578627924037534e-15
-6.05959981642516e-15
-5.632073054462059e-15
-6.759022750097955e-15
-5.680222150895297e-15
-2.636397900236883e-15
-1.619843141799768e-15
1.223814980389002e-15
4.083955105794716e-15
2.744785738177272e-15
4.838262050734952e-15
5.075876372371253e-15
5.191874163116661e-15
4.365305729797481e-15
3.730045980630769e-15
-1.40474976910908e-15
-3.379102124639736e-15
-5.665329972168064e-15
-6.27225341340798e-15
-4.480571191331399e-15
-5.772629822701902e-15
-4.922724594898708e-15
-2.305671410567591e-15
3.426841777349849e-15
7.194934883145836e-15
8.878634393006146e-15
9.874321587110771e-15
5.857635657174193e-15
-8.50428328423914e-16
-3.629649139812944e-15
-4.466881580147667e-15
-3.073499288996493e-15
-3.263446178301229e-15
-6.056616245970321e-15
-6.021940210673246e-15
-3.860726458156875e-15
-1.029936471019528e-15
2.400261334106953e-15
4.583289866068591e-15
6.41893991401121e-15
5.41768906003282e-15
3.816020025645849e-15
3.08482456002994e-15
2.925426664514322e-15
-4.455632350343472e-17
-1.715096893183681e-15
-2.661231094049209e-15
-6.946615880657169e-15
-8.019259616480306e-15
-4.683617470202648e-15
-3.524256172527807e-15
1.810384082141873e-15
2.886025021722828e-15
5.712806449762366e-15
4.770379921391785e-15
1.852152278365401e-15
2.480465435398754e-15
2.13618786256681e-15
1.351087925396681e-15
3.802122615090028e-15
2.469279323961832e-15
7.947576231343351e-17
-4.305345529946244e-15
-7.815881210211125e-15
-1.0336182921134e-14
-8.385394270099364e-15
-5.973924459944561e-15
-1.021642510805925e-15
2.429100125738885e-15
7.13700328334389e-15
1.30469803941412e-14
1.326695765509728e-14
1.102324023282041e-14
6.966439300664056e-15
-6.91005312286528e-17
-4.421730123538829e-15
-8.710219660407798e-15
-1.184138001225827e-14
-1.593123908876161e-14
-1.310666744086862e-14
-7.817147392006577e-15
-6.964927910083503e-16
5.057843257233228e-15
1.012501244747896e-14
1.216984237283286e-14
1.219192470357486e-14
1.225092309029827e-14
1.062599547765569e-14
3.268462051665373e-15
