3.315650663940735e-13
2.014044512166283e-13
1.21896367100108e-13
7.412438401216909e-14
4.496134146987268e-14
2.69584344049197e-14
1.553802165027437e-14
8.103041322203792e-15
2.837972026934811e-15
-1.120327490471895e-15
-4.372542191369938e-15
-7.1445623941154e-15
-1.016203733342321e-14
-1.280967259022022e-14
-1.591570865936791e-14
-1.845967217928361e-14
-2.186506812890273e-14
-2.52453299977335e-14
-2.875698559494747e-14
-3.26655600657001e-14
-3.814089483027957e-14
-4.427248018543791e-14
-5.349934652176479e-14
-6.529968341620099e-14
-8.332171902513585e-14
-1.081780034326598e-13
-1.434890730109938e-13
-1.926141579917369e-13
-2.629874548831398e-13
-3.591346812697774e-13
-4.924180103892849e-13
-6.754373242567393e-13
-9.246124668161774e-13
-1.263360641003085e-12
-1.721180169593003e-12
-2.338017427958557e-12
-3.166054798626248e-12
-4.274229410437125e-12
-5.751653158071554e-12
-7.716365142830523e-12
-1.032004871655706e-11
-1.37603615670719e-11
-1.829217708467447e-11
-2.424510582697193e-11
-3.204219372542507e-11
-4.222618413681004e-11
-5.549180942379479e-11
-7.27245977672051e-11
-9.505342238294787e-11
-1.239095304397575e-10
-1.611036420384106e-10
-2.089249384032894e-10
-2.702524084741737e-10
-3.487029393176706e-10
-4.488059290383956e-10
-5.762201784170784e-10
-7.37997547972945e-10
-9.429050799643957e-10
-1.201812204639133e-09
-1.528169437201219e-09
-1.938572784605186e-09
-2.453460953724719e-09
-3.097938337665013e-09
-3.902777046699945e-09
-4.905604181385342e-09
-6.152332053098654e-09
-7.698853848654282e-09
-9.613066725224669e-09
-1.197727198592968e-08
-1.489101604485709e-08
-1.847444826522167e-08
-2.287228667283188e-08
-2.825847888229679e-08
-3.484167951928297e-08
-4.287167573633768e-08
-5.264689886703897e-08
-6.452319470409353e-08
-7.892405609939141e-08
-9.635250912392004e-08
-1.17404918760188e-07
-1.427869892346889e-07
-1.733322595700462e-07
-2.100234606036897e-07
-2.540171202066825e-07
-3.066718607619039e-07
-3.695808830231013e-07
-4.446091911890209e-07
-5.339361665250813e-07
-6.401041769176031e-07
-7.660739686722012e-07
-9.152876815772755e-07
-1.091740396561329e-06
-1.300061229873243e-06
-1.545605071529952e-06
-1.834556172089965e-06
-2.174044898356192e-06
-2.572279063126816e-06
-3.038691384745444e-06
-3.58410471102836e-06
-4.220916793435672e-06
-4.963306492160235e-06
-5.827463437985181e-06
-6.831843490283127e-06
-7.997452963512598e-06
-9.348164064263046e-06
-1.09110641613779e-05
-1.271684187919511e-05
-1.480021315112424e-05
-1.720039059010442e-05
-1.996159968859068e-05
-2.313364558202243e-05
-2.677253426174323e-05
-3.094115232917901e-05
-3.571000955155901e-05
-4.115804864510613e-05
-4.73735268785302e-05
-5.445497423710979e-05
-6.251223300763005e-05
-7.166758377562272e-05
-8.205696289967356e-05
-9.383127660257167e-05
-0.0001071578168459153
-0.000122221784156902
-0.0001392279225262403
-0.000158402271408443
-0.0001799940397252753
-0.000204277606588245
-0.0002315546538258088
-0.000262156436449471
-0.0002964461945365199
-0.0003348217099264692
-0.0003777180110393225
-0.0004256102286610133
-0.0004790166048624668
-0.000538501656526696
-0.0006046794940912318
-0.0006782172951704503
-0.0007598389316581703
-0.0008503287478038255
-0.0009505354870786857
-0.001061376378549268
-0.001183841385273167
-0.001318997595235609
-0.001467993732633429
-0.001632064787110034
-0.001812536760691749
-0.002010831523770471
-0.002228471762453718
-0.002467086002848559
-0.002728413695085482
-0.003014310341730462
-0.003326752651721458
-0.003667843696251232
-0.004039818046451364
-0.004445046865061901
-0.004886042927522986
-0.00536546554449978
-0.005886125352779274
-0.006450988946951149
-0.007063183313834041
-0.007726000037162745
-0.008442899236279026
-0.009217513196596918
-0.0100536496584189
-0.01095529471702263
-0.01192661529601491
-0.01297196115178631
-0.01409586636004159
-0.01530305024864241
-0.01659841772372924
-0.01798705894974553
-0.01947424833968866
-0.02106544280412862
-0.02276627922703866
-0.02458257111398177
-0.02652030437756867
-0.02858563222093808
-0.03078486907184262
-0.03312448354685335
-0.03561109039596055
-0.0382514414044603
-0.04105241522481884
-0.04402100610178
-0.04716431148936511
-0.05048951852225041
-0.05400388933974412
-0.05771474525506356
-0.06162944975021491
-0.06575539032202117
-0.07009995916087937
-0.07467053268937246
-0.07947444998027628
-0.08451899005780263
-0.08981134814239086
-0.09535861084406705
-0.101167730364782
-0.1072454977605052
-0.113598515295073
-0.1202331679860769
-0.1271555943723813
-0.1343716565981793
-0.1418869098964232
-0.1497065715327644
-0.1578354893513972
-0.1662781099742717
-0.1750384467817112
-0.184120047786222
-0.1935259634832661
-0.2032587148534776
-0.2133202615852191
-0.22371197067432
-0.2344345855341457
-0.2454881957123356
-0.2568722074134213
-0.268585314901735
-0.2806254729586158
-0.292989870535921
-0.3056749056995894
-0.3186761620689636
-0.3319883868207027
-0.3456054704380124
-0.3595204283411302
-0.3737253844726277
-0.3882115570352715
-0.4029692464273704
-0.4179878255419297
-0.4332557325417205
-0.4487604661515788
-0.4644885836443434
-0.4804257015223634
-0.4965564990240233
-0.5128647245270048
-0.5293332048480642
-0.5459438575836838
-0.5626777064341567
-0.5795148995909266
-0.5964347312060864
-0.6134156658863694
-0.6304353663047051
-0.647470723809342
-0.6644978920529969
-0.6814923236015277
-0.6984288094101603
-0.715281521221194
-0.7320240566798605
-0.7486294870895832
-0.7650704077043494
-0.7813189904654091
-0.7973470392979233
-0.8131260475594128
-0.8286272570654943
-0.8438217185449901
-0.8586803544407783
-0.8731740258449556
-0.8872736011751762
-0.9009500214950091
-0.9141743620791041
-0.9269178965518423
-0.9391521702788238
-0.9508490765184404
-0.961980928130191
-0.9725205242093586
-0.982441216549385
-0.9917169784023171
-1.00032247328455
-1.008233122318917
-1.015425169816758
-1.021875747388522
-1.027562936687651
-1.032465830331039
-1.036564590745174
-1.039840506737894
-1.042276047596107
-1.043854914649297
-1.044562090010284
-1.044383882371947
-1.043307969705746
-1.041323438666184
-1.038420820661476
-1.034592124376791
-1.0298308646917
-1.024132087894481
-1.017492393053509
-1.009909949552669
-1.001384510655685
-0.9919174231124176
-0.9815116327749309
-0.9701716861439637
-0.9579037279040864
-0.9447154943960496
-0.9306163031066089
-0.9156170382106088
-0.8997301321577192
-0.8829695434200009
-0.8653507304217394
-0.8468906217831806
-0.8276075829758214
-0.8075213794588726
-0.7866531364710222
-0.7650252955540767
-0.742661567976294
-0.7195868852046386
-0.6958273465612044
-0.6714101642782629
-0.6463636060748971
-0.6207169354496487
-0.5945003498749293
-0.5677449170730126
-0.5404825096101995
-0.5127457379621208
-0.4845678822602054
-0.4559828229218654
-0.4270249703585706
-0.3977291939921722
-0.368130750757608
-0.3382652133096356
-0.3081683981323757
-0.2778762937361778
-0.2474249891520826
-0.2168506029025001
-0.1861892126449056
-0.1554767856705719
-0.1247491104305588
-0.09404172926899911
-0.06338987251920047
-0.03282839412426437
-0.002391708932407897
0.02788626819083018
0.05797218129725332
0.08783329021263249
0.1174375251959878
0.146753539291915
0.1757507582738706
0.2043994280942707
0.2326706597548256
0.2605364715251129
0.2879698284460618
0.3149446790606165
0.3414359893374234
0.3674197737432869
0.3928731234459987
0.4177742316323552
0.4421024159225003
0.4658381378894082
0.4889630196834336
0.5114598577932206
0.5333126339705123
0.5545065233380616
0.5750278997331654
0.594864338321903
0.614004615551204
0.6324387065009954
0.6501577796899809
0.667154189423252
0.6834214657437747
0.6989543020824259
0.7137485406943932
0.7278011559602224
0.7411102356634187
0.7536749603256717
0.7654955807155989
0.7765733936346645
0.7869107160699648
0.7965108578371853
0.8053780928043499
0.8135176288151817
0.8209355764215795
0.8276389165258207
0.8336354670625672
0.8389338488097494
0.8435434504524728
0.8474743930064415
0.8507374936837898
0.8533442293105603
0.8553066993917768
0.856637588950154
0.8573501312355031
0.8574580703738187
0.8569756240578521
0.8559174463541475
0.8542985907200309
0.8521344733121849
0.8494408366625443
0.8462337138232113
0.8425293930212986
0.8383443828812681
0.8336953782775395
0.8285992268865628
0.8230728965225909
0.8171334432787436
0.8107979805168372
0.8040836487487127
0.7970075864467102
0.7895869018350101
0.7818386456767369
0.7737797850883539
0.7654271784053899
0.7567975511161643
0.7479074728967099
0.7387733357429975
0.7294113332131971
0.7198374407862033
0.7100673973340165
0.7001166877173685
0.6900005264939753
0.6797338427467814
0.6693312660234458
0.6588071133623291
0.6481753773966921
0.6374497155170316
0.6266434400813352
0.6157695096540233
0.6048405212483199
0.5938687035588561
0.582865911150833
0.5718436195869029
0.5608129214640032
0.5497845233206321
0.5387687433837792
0.5277755101297389
0.5168143616471339
0.5058944457693121
0.4950245209229717
0.4842129576542766
0.4734677408083882
0.4627964723487782
0.4522063747818925
0.4417042951354927
0.4312967094519644
0.4209897277718275
0.410789099592226
0.4007002197670226
0.3907281347995209
0.3808775494910627
0.3711528339223827
0.3615580307519053
0.3520968628006944
0.3427727408822722
0.3335887718467686
0.3245477668158373
0.3156522495895849
0.3069044651997647
0.2983063885798569
0.2898597333311601
0.2815659605587297
0.2734262877547085
0.2654416977086629
0.2576129474273127
0.249940577050004
0.242424918736083
0.2350661055046274
0.2278640800110477
0.2208186032479059
0.2139292631603845
0.2071954831578609
0.2006165305061587
0.1941915245895648
0.1879194450360486
0.1817991397009406
0.1758293324945135
0.1700086310425542
0.1643355341730724
0.1588084392246337
0.1534256491727764
0.1481853795675898
0.1430857652792147
0.1381248670474768
0.133300677831057
0.1286111289541391
0.1240540960485514
0.1196274047905656
0.1153288364318802
0.1111561331250552
0.107107003045922
0.1031791253109487
0.09937015468927352
0.09567772611120842
0.09209945897681888
0.08863296126868675
0.08527583346933773
0.08202567228520152
0.07888007418046299
0.07583663872506329
0.07289297176167625
0.07004668839415187
0.06729541580106535
0.06463679587857994
0.06206848771723258
0.0595881699177818
0.05719354274990345
0.05488233015815098
0.05265228161995518
0.05050117386044551
0.04842681242938149
0.04642703314440669
0.04449970340553213
0.04264272338559565
0.04085402710163055
0.03913158337238497
0.03747339666615208
0.03587750784363036
0.03434199480045279
0.03286497301397159
0.03144459599903787
0.03007905567697477
0.02876658266210112
0.02750544647003959
0.02629395565224093
0.02513045786099084
0.02401333984863689
0.02294102740483056
0.02191198523559958
0.02092471678791752
0.01997776402348827
0.01906970714504863
0.01819916427848151
0.0173647911140562
0.01656528050990116
0.01579936206091082
0.01506580163580928
0.01436340088496566
0.01369099672171914
0.01304746077985078
0.0124316988498256
0.01184265029597667
0.01127928745670895
0.01074061502993263
0.01022566944573755
0.009733518228238192
0.009263259348435375
0.008814020569709263
0.00838495878767233
0.007975259365884738
0.007584135468915587
0.007210827394078043
0.00685460190306076
0.006514751554668556
0.006190594039724731
0.005881471519272161
0.005586749966941821
0.005305818516453618
0.005038088814995189
0.004782994383277993
0.004539989982950821
0.004308550991985642
0.004088172788673432
0.003878370144713124
0.003678676627863224
0.003488644014476888
0.003307841712370699
0.003135856194376368
0.00297229044290412
0.002816763405600188
0.002668909462436406
0.002528377904261623
0.002394832423133798
0.002267950614362849
0.002147423490488258
0.002032955007103234
0.001924261600645812
0.001821071738058081
0.001723125478316506
0.001630174045801282
0.001541979415438208
0.00145831390951141
0.001378959806049523
0.001303708958625733
0.001232362427512463
0.001164730121985274
0.001100630453660582
0.001039890000662398
0.0009823431824425306
0.000927831945096409
0.000876205456973782
0.0008273198144058969
0.00078103775730707
0.0007372283944362356
0.0006957669381710641
0.000656534448498477
0.000619417586088637
0.0005843083741606838
0.000551103968970161
0.00051970643866422
0.0004900225503230729
0.0004619635649043572
0.0004354450399700778
0.0004103866398687191
0.0003867119532362321
0.0003643483175491321
0.0003432266505589802
0.0003232812883739307
0.000304449829981744
0.0002866729880002912
0.0002698944455270763
0.0002540607187765207
0.0002391210253870126
0.0002250271581877379
0.0002117333642478171
0.0001991962289893994
0.0001873745652496227
0.0001762293070564239
0.0001657234079652604
0.0001558217438546021
0.0001464910198697392
0.000137699681533695
0.0001294178297491099
0.0001216171395598465
0.000114270782596151
0.0001073533529600507
0.0001008407965087803
9.471034332586189e-05
8.894044333200687e-05
8.351070481889891e-05
7.840183585897196e-05
7.359558845002322e-05
6.907470525025077e-05
6.482286885918624e-05
6.082465348779167e-05
5.706547892133455e-05
5.353156671881412e-05
5.0209898474956e-05
4.708817613517951e-05
4.415478422952108e-05
4.139875394690885e-05
3.880972899142066e-05
3.637793309724194e-05
3.409413919131322e-05
3.194964004247179e-05
2.993622042322965e-05
2.80461306442616e-05
2.627206143088443e-05
2.460712008277465e-05
2.30448078250731e-05
2.157899834133277e-05
2.020391741268077e-05
1.891412356726454e-05
1.770448976716294e-05
1.657018605087536e-05
1.55066630610558e-05
1.450963644911041e-05
1.357507207722918e-05
1.269917205729853e-05
1.18783614539251e-05
1.110927576572943e-05
1.038874902247766e-05
9.713802547525943e-06
9.081634330278208e-06
8.489608944726142e-06
7.935248048403087e-06
7.416221361520565e-06
6.930338179339343e-06
6.475539324198606e-06
6.049889543826462e-06
5.651570316607933e-06
5.278873094156197e-06
4.930192868475256e-06
4.604022137645204e-06
4.298945188945778e-06
4.013632702274401e-06
3.746836668763892e-06
3.497385587283193e-06
3.264179925559628e-06
3.046187858762038e-06
2.842441236297222e-06
2.65203177524912e-06
2.47410750725942e-06
2.307869370281657e-06
2.152568037521874e-06
2.007500936727915e-06
1.872009401429183e-06
1.745476028374589e-06
1.627322164291538e-06
1.51700556067341e-06
1.414018128768294e-06
1.31788388423656e-06
1.228156955345798e-06
1.144419747945592e-06
1.066281192333095e-06
9.933751170368222e-07
9.253587096345878e-07
8.619110610947506e-07
8.027318155733305e-07
7.475398806909849e-07
6.960722464314478e-07
6.480828196107542e-07
6.033413926798524e-07
5.616326481250867e-07
5.22755200002383e-07
4.86520727280583e-07
4.527531548998267e-07
4.212878756009015e-07
3.919710149933279e-07
3.646587520953273e-07
3.392166822159328e-07
3.155192169198775e-07
2.934490175236139e-07
2.728964646819834e-07
2.537591647784544e-07
2.359414882132072e-07
2.193541301839907e-07
2.039137107388135e-07
1.895423714344314e-07
1.761674411399164e-07
1.637210864098436e-07
1.521399917322485e-07
1.413650767355277e-07
1.313412128552719e-07
1.220169651152286e-07
1.133443569060181e-07
1.052786320183876e-07
9.777805235570141e-08
9.080369106721454e-08
8.431925627577057e-08
7.829090815194456e-08
7.268710494942487e-08
6.747844333936518e-08
6.263752203807102e-08
5.81388016631455e-08
5.395848301319477e-08
5.007439506278655e-08
4.646587825286066e-08
4.311369148916686e-08
3.999991244780563e-08
3.710785082098102e-08
3.442196904980338e-08
3.192779623988339e-08
2.9611850398828e-08
2.746159587698563e-08
2.546535269964602e-08
2.361225572283821e-08
2.189219739472586e-08
2.029576457551756e-08
1.88142051759145e-08
1.743937259044403e-08
1.616369460204601e-08
1.498011653122718e-08
1.388208662411021e-08
1.286351071420007e-08
1.191871816488807e-08
1.104243561579952e-08
1.022976982822227e-08
9.476165635134409e-09
8.777391352716816e-09
8.12950878590509e-09
7.528860090143451e-09
6.972051329968302e-09
6.455921343193578e-09
5.977537437030696e-09
5.534182385594902e-09
5.123318067776192e-09
4.742601146403604e-09
4.38984440550598e-09
4.063020361579714e-09
3.760248805718817e-09
3.479785966713626e-09
3.219998597832066e-09
2.979387227320395e-09
2.756551253735745e-09
2.550191673167909e-09
2.359105432461392e-09
2.182182981494884e-09
2.018381644839975e-09
1.866741589838824e-09
1.726371426047596e-09
1.596446491399143e-09
1.47619161776334e-09
1.36490494015106e-09
1.261920000713848e-09
1.166623416210887e-09
1.078442646403741e-09
9.96859106071151e-10
9.213832651464801e-10
8.515611410073235e-10
7.869785423399972e-10
7.272433441629782e-10
6.719996960287143e-10
6.209109935876962e-10
5.736671741911655e-10
5.299819890085888e-10
4.895882115556464e-10
4.52245042602909e-10
4.177263719306579e-10
3.858124253055435e-10
3.563157374653664e-10
3.290517766929583e-10
3.038551836526405e-10
2.805679931176184e-10
2.590527559732802e-10
2.391753026299915e-10
2.208076435553541e-10
2.038327994785995e-10
1.881468320878841e-10
1.736603905885548e-10
1.602772112375212e-10
1.479177243855649e-10
1.365051563366515e-10
1.259618558458965e-10
1.162315736422123e-10
1.072479667694938e-10
9.895106389020851e-11
9.129086497348938e-11
8.421842488794877e-11
7.769140200871649e-11
7.166080670216282e-11
6.60949425761543e-11
6.095722840471514e-11
5.621217688804555e-11
5.183231774434481e-11
4.77926797390953e-11
4.406926469773207e-11
4.063345197193196e-11
3.746465924288543e-11
3.453977375606213e-11
3.184141444297569e-11
2.935634990225195e-11
2.706068040164483e-11
2.494412005281351e-11
2.299181305553338e-11
2.119256071372345e-11
1.953121496262385e-11
1.799547185882438e-11
1.657375841237137e-11
1.526307634827516e-11
1.405825937277795e-11
1.295232035626595e-11
1.19341766022313e-11
1.099668147066664e-11
1.013469260732629e-11
9.338339910628402e-12
8.605358498166355e-12
7.92729669191256e-12
7.303308903904689e-12
6.725080407189633e-12
6.193200059299916e-12
5.699982811113733e-12
5.241801886866475e-12
4.816918490019625e-12
4.431835200934053e-12
4.079327903941261e-12
3.758352855225802e-12
3.466000453460361e-12
3.194187400364928e-12
2.946297364219462e-12
2.713202640502688e-12
2.495701705977311e-12
2.293020602676736e-12
2.109352975664292e-12
1.944618503905718e-12
1.788966872834728e-12
1.643130069404518e-12
1.511576004088011e-12
1.387639249811871e-12
1.269632364461068e-12
1.1653797290418e-12
1.072355361361531e-12
9.890813307477717e-13
9.154938538583292e-13
8.48938703737616e-13
7.845434489315853e-13
7.234551553974903e-13
6.675395966782666e-13
6.123331574254278e-13
5.560308890939597e-13
5.056116570030017e-13
4.591736361896041e-13
4.193437099335649e-13
3.856400135585088e-13
3.541914815203495e-13
3.315592088297041e-13
3.101245517498116e-13
2.908931686819426e-13
2.699066821089688e-13
2.496613176794639e-13
2.287759983882699e-13
2.054298475008797e-13
1.827084659713193e-13
1.626153298297241e-13
1.518843672549812e-13
1.432426979880701e-13
1.280741048858132e-13
1.158040324720586e-13
1.089262119951189e-13
1.052576146157345e-13
9.923170500715882e-14
8.856832018954646e-14
8.027508571673141e-14
7.249935552750527e-14
6.702883633731742e-14
6.359820786957397e-14
5.794734596837522e-14
5.552900830404429e-14
5.181282205298248e-14
4.781558881973303e-14
4.229046608004074e-14
3.124720754989796e-14
2.560204698630255e-14
2.157830397198289e-14
2.264577310838053e-14
2.540779853942648e-14
2.698351712475898e-14
2.780348203023772e-14
2.35241809810714e-14
2.318992235948049e-14
2.281185678380712e-14
2.060816677978641e-14
1.719779897198086e-14
1.248113056833724e-14
9.569309812028352e-15
9.371492281282263e-15
7.758794711754041e-15
4.647607704477146e-15
3.40159135896339e-15
1.763814590901794e-15
1.191587630535369e-15
1.894543642848241e-15
6.402392454932769e-15
1.147716494106816e-14
1.558766654009608e-14
1.657182968446436e-14
1.614407046764129e-14
1.337468864500206e-14
4.56017644226145e-15
-2.083560182023441e-15
-7.638933933866205e-15
-9.68145756875387e-15
-1.006291183735117e-14
-1.04770220866171e-14
-4.427833716144355e-15
3.05794098877742e-15
8.616241775618104e-15
1.368811397411972e-14
1.580860345377531e-14
1.093755231994492e-14
1.20259634276953e-14
8.764050338881222e-15
3.095010518621842e-16
-7.719395558948097e-15
-1.203360181481456e-14
-1.147654473963453e-14
-1.147344546068272e-14
-6.582154315834223e-15
-2.731894270876067e-15
4.349534944127392e-15
6.95573223340823e-15
9.832608781953317e-15
9.760296463889963e-15
9.33518784973359e-15
7.20872388359398e-15
3.613430792056143e-15
-1.803400923444214e-15
-3.647559579762087e-15
-8.928783468039708e-15
-7.701128885063362e-15
-2.724347521514692e-15
-3.637124209455428e-15
-3.477006061803165e-15
-6.078690594586537e-16
2.804752152742592e-15
3.328663151020314e-15
5.345708635159621e-15
4.474872347648537e-15
2.205697114184919e-15
1.470395084011374e-15
4.957155551990295e-16
1.837159380333551e-15
2.197864227575294e-15
3.458679444054695e-16
-2.854884574057912e-16
-1.414477758707285e-15
-4.984672769302309e-15
-7.228027519723184e-15
-4.790744255882542e-15
-5.251321006175385e-15
-1.332124469162178e-15
2.704829548938897e-15
4.551778398564949e-15
3.641198902385849e-15
3.632448204957642e-15
8.918748639479097e-15
7.631494051412682e-15
4.013244803741266e-15
2.390922678600575e-15
-2.660917172955001e-15
-6.698221756714723e-15
-1.048374474682818e-14
-1.343600349380787e-14
-8.705789115165251e-15
-4.008119880381758e-15
1.176419737366456e-15
6.37283030570629e-15
6.529511337831608e-15
1.056508368332052e-14
1.170464523713274e-14
8.939283262064366e-15
6.127275109075366e-15
-2.600804651801203e-15
-8.208297923841137e-15
-9.988185929094976e-15
-1.033839721096685e-14
-6.25166528720827e-15
-6.851397347203803e-15
-4.03425652429975e-15
8.180733699173682e-16
5.73655107439338e-15
9.087869859164491e-15
8.670084436350288e-15
7.789727627704913e-15
2.561571021702993e-15
2.507963321719604e-15
1.172837996647082e-15
-1.160446218707045e-15
-5.941928279796738e-15
-9.827522486108478e-15
-6.437628157758268e-15
-5.431017497016067e-15
-3.611444348171586e-15
2.131673207003651e-15
5.513566714666338e-15
7.080421183381155e-15
9.768896397410451e-15
5.30438627407498e-15
6.209923435078635e-16
-9.647296293676847e-16
-3.982355170688085e-15
-8.444573621074324e-15
-6.974170743268391e-15
-6.502711189092233e-15
1.468124827365074e-15
6.172144193439978e-15
1.032523489045328e-14
7.076082885259433e-15
3.793038483856847e-15
-1.831333371756741e-16
-5.867616101163091e-15
-7.644088168161065e-15
-4.908452127123809e-15
-5.231890301810062e-15
-3.886114826256959e-15
-1.550107220162942e-15
9.880955083543261e-16
3.3456536247345e-15
8.353694199410029e-15
9.587488881131478e-15
8.15702549854974e-15
7.471003794456518e-15
3.236124475528312e-15
-3.852662960621437e-15
-1.01237959754269e-14
-1.567240888380381e-14
-1.398687645700249e-14
-9.916476101970147e-15
-7.202340284728858e-15
3.718312246785747e-15
1.133791526196087e-14
1.672857369572447e-14
1.400285983176749e-14
1.202828376867725e-14
6.83565059511997e-15
6.50855517896909e-16
-7.569283848933308e-15
-1.051853493505084e-14
-9.843762597014092e-15
-1.204631269519732e-14
-1.337507611794245e-14
-6.42361764709926e-15
3.798502563392787e-16
6.542592816821727e-15
1.221344850835075e-14
1.226939928215157e-14
1.097632029805476e-14
7.885315878295872e-15
3.882954955751031e-15
4.235721609258441e-16
-5.069191759529221e-15
-9.294766931122695e-15
