1.096128401204859e-12
6.816348829557848e-13
4.263592503746671e-13
2.695894123728256e-13
1.737270186636727e-13
1.144244708345518e-13
7.772986623093792e-14
5.493085298856239e-14
4.128712855902916e-14
3.257178106644729e-14
2.766150042581093e-14
2.445049544766013e-14
2.201988648807879e-14
1.892934453367005e-14
1.625363696951591e-14
1.212773267630952e-14
5.33726153372701e-15
-4.893559795456113e-15
-1.82777445522383e-14
-3.850933472567809e-14
-6.431773028145472e-14
-1.011349709910845e-13
-1.500289192100608e-13
-2.167647580263981e-13
-3.054668263200835e-13
-4.256901096039237e-13
-5.887332136371148e-13
-8.093250052704651e-13
-1.109322270344527e-12
-1.514294293978559e-12
-2.060511646697009e-12
-2.798053767204815e-12
-3.788691529774931e-12
-5.115806287214287e-12
-6.889367742966478e-12
-9.249746877213243e-12
-1.238310674656189e-11
-1.652849171789185e-11
-2.199627738900138e-11
-2.918457520698542e-11
-3.861105400781327e-11
-5.093304802556287e-11
-6.699664018720744e-11
-8.78803921996658e-11
-1.149568679828246e-10
-1.499694947381229e-10
-1.951255603892244e-10
-2.532138334470204e-10
-3.277463912029186e-10
-4.231376702994157e-10
-5.449206416079222e-10
-7.000140617319172e-10
-8.9704139621937e-10
-1.146734478439207e-09
-1.462406440844521e-09
-1.860538232049236e-09
-2.361482123026022e-09
-2.990310707083589e-09
-3.777839675911514e-09
-4.761853301861985e-09
-5.988580190556597e-09
-7.51443946640462e-09
-9.408143398446298e-09
-1.175318921660514e-08
-1.465080768391747e-08
-1.822347373007277e-08
-2.261904011258314e-08
-2.801561959375577e-08
-3.462732782843982e-08
-4.271102490059046e-08
-5.257422082321221e-08
-6.458430958840584e-08
-7.917936529665905e-08
-9.688069316250575e-08
-1.183074421011484e-07
-1.441935428731012e-07
-1.754073318997754e-07
-2.129742286141125e-07
-2.581028952284194e-07
-3.122153590497603e-07
-3.769816311904127e-07
-4.543594150340336e-07
-5.46639582059927e-07
-6.564981444701423e-07
-7.870555540428599e-07
-9.419442287998286e-07
-1.125385318456113e-06
-1.342275815698645e-06
-1.598287220804221e-06
-1.899977097515983e-06
-2.25491497431303e-06
-2.671824178794194e-06
-3.160741317174204e-06
-3.733195284617843e-06
-4.402407787917026e-06
-5.183517574461884e-06
-6.093830657819952e-06
-7.153099020707884e-06
-8.383830398863891e-06
-9.811631916310197e-06
-1.146559045287495e-05
-1.337869279855607e-05
-1.558828921157828e-05
-1.813660530385777e-05
-2.107130565622232e-05
-2.444611292073189e-05
-2.832148668191621e-05
-3.276536656597282e-05
-3.785398427425906e-05
-4.367274941340818e-05
-5.031721416461735e-05
-5.789412199441594e-05
-6.652254576262313e-05
-7.633512070106497e-05
-8.747937784552305e-05
-0.000100119183574568
-0.0001144362909623111
-0.0001306320086511824
-0.0001489289929222452
-0.0001695731685691794
-0.0001928357840335173
-0.000219015606086408
-0.0002484412590892629
-0.0002814737135036739
-0.0003185089279644475
-0.0003599806487080841
-0.0004063633696340583
-0.0004581754567962647
-0.0005159824430740914
-0.0005804004932545972
-0.0006521000395477699
-0.0007318095873909955
-0.0008203196903764285
-0.0009184870919465397
-0.00102723903012376
-0.00114757770007701
-0.001280584867662173
-0.001427426625284309
-0.001589358279672482
-0.001767729362069437
-0.001963988775715918
-0.002179690079924352
-0.002416496869606295
-0.00267618820545992
-0.002960664087532526
-0.003271950969191035
-0.003612207293568305
-0.003983729019008338
-0.004388955107023323
-0.00483047294229642
-0.005311023658657012
-0.005833507339749334
-0.006400988056012592
-0.007016698706940766
-0.00768404562546762
-0.008406612908478765
-0.009188166432918268
-0.01003265750975789
-0.01094422613916205
-0.01192720381383588
-0.01298611582884088
-0.01412568305138987
-0.01535082309585764
-0.01666665086588538
-0.01807847840433639
-0.0195918140089014
-0.02121236056601708
-0.02294601304624608
-0.02479885512797499
-0.02677715488964587
-0.02888735953491613
-0.03113608910967704
-0.03353012915906374
-0.03607642230545952
-0.03878205869389804
-0.04165426528370234
-0.04470039395971031
-0.04792790842481929
-0.05134436987896417
-0.05495742144463003
-0.05877477134149511
-0.06280417480668476
-0.06705341474313437
-0.07153028113325355
-0.0762425491995338
-0.08119795634848319
-0.08640417792525375
-0.09186880178721893
-0.09759930177218522
-0.1036030100698192
-0.1098870885720103
-0.1164584992648731
-0.1233239737004009
-0.1304899816672182
-0.1379626990963178
-0.1457479753167986
-0.1538512997596019
-0.1622777681775152
-0.1710320485453092
-0.1801183466987716
-0.1895403718619869
-0.1993013021911151
-0.2094037504285119
-0.2198497298705607
-0.2306406207215316
-0.2417771370095159
-0.2532592942130447
-0.2650863777038449
-0.2772569122321832
-0.2897686325306933
-0.3026184552292105
-0.3158024522355599
-0.3293158256826826
-0.343152884677169
-0.357307023910604
-0.3717707043251496
-0.3865354359764834
-0.4015917631690336
-0.4169292520824794
-0.4325364809229225
-0.4484010327759055
-0.46450949127483
-0.4808474391138003
-0.4973994595916252
-0.5141491411723611
-0.5310790852016113
-0.5481709168444431
-0.5654052992183327
-0.5827619508641881
-0.6002196664749979
-0.6177563409616322
-0.6353489968605504
-0.6529738149976623
-0.6706061685020039
-0.6882206600115307
-0.705791162084103
-0.7232908607511506
-0.7406923020590872
-0.7579674416285169
-0.7750876970032873
-0.7920240027368495
-0.8087468680884343
-0.8252264371194434
-0.8414325511806662
-0.8573348134775667
-0.872902655554272
-0.8881054055123453
-0.9029123577956633
-0.9172928446174087
-0.9312163084993393
-0.9446523752163555
-0.9575709269434642
-0.9699421766152572
-0.9817367454665188
-0.992925740965608
-1.003480829397744
-1.013374302746245
-1.022579146994429
-1.031069119163962
-1.038818825729021
-1.045803794465823
-1.05200053917254
-1.057386622703881
-1.061940720993899
-1.06564268559922
-1.068473603156974
-1.070415851485195
-1.071453152679809
-1.071570623359384
-1.070754821618199
-1.068993790475504
-1.066277097668402
-1.062595871641829
-1.057942833736904
-1.052312326347838
-1.045700336995106
-1.038104518232431
-1.029524203267744
-1.019960417338649
-1.009415884712051
-0.9978950313360828
-0.9854039831356959
-0.9719505599053092
-0.9575442648964831
-0.9421962700632628
-0.9259193970719308
-0.9087280941388743
-0.8906384087180502
-0.8716679561891372
-0.8518358845959448
-0.8311628356061121
-0.8096709018203413
-0.7873835805212961
-0.7643257240632548
-0.7405234870178016
-0.7160042702872852
-0.6907966623649536
-0.6649303778958157
-0.6384361937790375
-0.6113458829679492
-0.5836921461979682
-0.555508541853924
-0.5268294141745773
-0.4976898200511912
-0.4681254546017548
-0.4381725757553457
-0.4078679280701638
-0.377248666000882
-0.346352276866176
-0.3152165037038736
-0.2838792682378344
-0.2523785941704474
-0.2207525310050686
-0.1890390786187194
-0.1572761127692207
-0.1255013117381846
-0.09375208429426134
-0.0620654991500515
-0.03047821609064346
0.0009735810668334729
0.03225424952395524
0.06332875041672824
0.09416270945876307
0.1247224751862936
0.1549751746859403
0.1848887666981842
0.2144320919993953
0.2435749209712469
0.2722879982891305
0.3005430846545349
0.3283129955166693
0.3555716367371223
0.3822940371576465
0.4084563780627843
0.4340360195062285
0.4590115234976289
0.4833626740529438
0.5070704941148285
0.5301172593828571
0.5524865090675308
0.5741630536195965
0.5951329794829019
0.6153836509091369
0.6349037089087166
0.6536830673935758
0.6717129066064712
0.6889856639201369
0.7054950220739894
0.721235894956587
0.7362044110142575
0.7503978944034586
0.7638148439929435
0.7764549103078272
0.7883188705459035
0.7994086017608099
0.8097270523425251
0.8192782119131435
0.8280670797413988
0.8360996318151712
0.843382786672259
0.8499243701258693
0.8557330790046203
0.8608184440076031
0.8651907918101331
0.8688612065168312
0.8718414905866066
0.8741441253417255
0.8757822311607136
0.8767695274840556
0.8771202927156101
0.876849324137588
0.8759718979361608
0.8745037294083036
0.8724609334464609
0.8698599853821064
0.8667176822982418
0.8630511048894093
0.8588775799178705
0.8542146433469696
0.8490800042044839
0.8434915092462879
0.8374671084777168
0.8310248215832471
0.8241827053397921
0.8169588220282582
0.8093712088741843
0.8014378485533218
0.7931766408031931
0.7846053751960519
0.7757417050674599
0.7666031226162895
0.7572069351910564
0.747570242772903
0.7377099166782615
0.7276425794702809
0.7173845860835731
0.7069520061600714
0.696360607587564
0.6856258412477654
0.6747628269468999
0.6637863405179636
0.6527108020778536
0.6415502654158868
0.6303184085008277
0.61902852507665
0.6076935173335685
0.5963258896272765
0.5849377432056511
0.5735407719175968
0.5621462588691694
0.5507650740014298
0.5394076725572411
0.5280840943996548
0.5168039641560338
0.5055764921446471
0.4944104760543507
0.4833143033410927
0.472295954295223
0.4613630057425658
0.4505226353467597
0.4397816264935597
0.4291463737198639
0.4186228886340742
0.4082168062873104
0.3979333919685719
0.387777548405789
0.3777538233382089
0.3678664174113413
0.3581191923578323
0.3485156794396024
0.3390590881353107
0.329752315042131
0.320597952949064
0.3115983000494701
0.3027553692724522
0.2940708977190237
0.2855463561775069
0.2771829586837813
0.2689816721017084
0.2609432257051697
0.2530681207473126
0.2453566399973295
0.2378088572225058
0.2304246466004604
0.2232036920426544
0.2161454964133535
0.2092493906303255
0.2025145426358518
0.1959399662300809
0.1895245297507202
0.1832669645869469
0.1771658735185032
0.1712197388735919
0.1654269305014412
0.1597857135486963
0.1542942560313023
0.1489506361971933
0.1437528496784437
0.1386988164330792
0.1337863874690849
0.1290133513461756
0.1243774404539757
0.11987633706703
0.1155076791778159
0.1112690661063316
0.1071580638876489
0.1031722104383482
0.0993090205020878
0.09556599037649258
0.09194060242355068
0.08843032936646712
0.085032638376156
0.08174499495106986
0.07856486659554256
0.07548972629854653
0.07251705581586558
0.06964434876017921
0.06686911350479791
0.06418887590709538
0.06160118185476288
0.05910359963923418
0.05669372216131976
0.05436916897489202
0.05212758817461265
0.04996665813194693
0.0478840890844915
0.04587762458389198
0.04394504280788548
0.04208415774219259
0.0402928202369895
0.03856891894308026
0.03691038113288277
0.03531517341149681
0.03378130232316361
0.03230681485775396
0.03088979886212394
0.02952838336124451
0.02822073879380732
0.02696507716721747
0.02575965213619273
0.02460275900924797
0.02349273468742386
0.02242795753939207
0.02140684721713663
0.02042786441599495
0.01948951058279912
0.0185903275758351
0.01772889728027887
0.01690384118270952
0.01611381990772978
0.01535753271994386
0.01463371699421969
0.01394114765725037
0.01327863660326336
0.01264503208648783
0.0120392180928701
0.01146011369356225
0.01090667238245934
0.01037788140017698
0.009872761046417544
0.009390363982576606
0.008929774526577007
0.008490107941721588
0.008070509721366368
0.007670154870831677
0.007288247188053488
0.006924018544276826
0.006576728166152971
0.00624566192045293
0.005930131602496017
0.005629474229343135
0.005343051338675641
0.005070248294293572
0.004810473599139347
0.004563158216410912
0.004327754899530389
0.004103737531593879
0.003890600474781381
0.003687857930319454
0.003495043309358518
0.003311708615235963
0.00313742383739062
0.002971776357277938
0.002814370366514276
0.002664826297452971
0.002522780266416917
0.00238788352967944
0.002259801952285176
0.002138215489773112
0.002022817682821062
0.00191331516489796
0.001809427182861399
0.001710885130455224
0.00161743209463042
0.001528822414597066
0.001444821253533889
0.001365204182839447
0.001289756778772827
0.001218274231333066
0.00115056096516266
0.001086430272413333
0.001025703957212327
0.000968211991704205
0.0009137921833561649
0.0008622898533466385
0.000813557525839969
0.0007674546278361151
0.0007238471994890015
0.0006826076145400011
0.0006436143107177737
0.00060675152982078
0.0005719090672329265
0.0005389820306459666
0.0005078706077834434
0.000478479842829428
0.0004507194213329309
0.0004245034633675979
0.0003997503246775061
0.0003763824056228468
0.0003543259676165718
0.0003335109569063352
0.0003138708354126875
0.0002953424184021282
0.0002778657188151149
0.0002613837979824281
0.0002458426225574028
0.0002311909274160566
0.0002173800843446029
0.0002043639763270492
0.0001920988771601268
0.0001805433363105623
0.0001696580687413639
0.0001594058495594212
0.0001497514133195341
0.0001406613577792142
0.0001321040519560965
0.0001240495482904218
0.0001164694988067456
0.0001093370750819027
0.0001026268918605292
9.631493421479848e-05
9.037848804391422e-05
8.479607384494564e-05
7.9547383578046e-05
7.461322048743155e-05
6.997544179629301e-05
6.561690414497497e-05
6.152141159015135e-05
5.767366618273668e-05
5.405922086569924e-05
5.066443472192718e-05
4.747643038470405e-05
4.448305355361462e-05
4.16728344930931e-05
3.903495147344488e-05
3.65591960076067e-05
3.423593983296851e-05
3.205610359074746e-05
3.001112703909659e-05
2.809294081892947e-05
2.629393964881026e-05
2.460695689966527e-05
2.302524046560032e-05
2.154242989871715e-05
2.015253473301045e-05
1.884991392069946e-05
1.762925637300674e-05
1.648556250019551e-05
1.541412674515929e-05
1.44105210250274e-05
1.347057908201181e-05
1.259038162808386e-05
1.176624235905954e-05
1.099469463885853e-05
1.027247895509558e-05
9.596531038601492e-06
8.963970647476724e-06
8.372090939497007e-06
7.818348446193764e-06
7.300353584195636e-06
6.8158617130187e-06
6.362764668803577e-06
5.939082772322098e-06
5.542957308186657e-06
5.172643393487655e-06
4.826503246965934e-06
4.502999871416168e-06
4.20069105995614e-06
3.918223760041322e-06
3.654328754343559e-06
3.407815649881e-06
3.177568137744399e-06
2.962539549743047e-06
2.761748649904516e-06
2.574275690340377e-06
2.399258676056395e-06
2.235889862732152e-06
2.083412451673275e-06
1.941117474853992e-06
1.808340869139433e-06
1.684460715815163e-06
1.568894663675259e-06
1.461097476024643e-06
1.360558740644812e-06
1.266800715665333e-06
1.179376299825939e-06
1.097867122831322e-06
1.021881744883652e-06
9.510539916964697e-07
8.850413647712689e-07
8.235235443646575e-07
7.662010046679809e-07
7.127936994379571e-07
6.630398207746332e-07
6.166946508779937e-07
5.735294857574879e-07
5.333306092126803e-07
4.958983197357414e-07
4.610460620157841e-07
4.285995787586241e-07
3.983961100507712e-07
3.702836584052623e-07
3.441203016659212e-07
3.197735394633587e-07
2.971196770112718e-07
2.760432581502689e-07
2.564365415959138e-07
2.381989682279501e-07
2.212367229122472e-07
2.054622859819294e-07
1.907940162901775e-07
1.771557644900242e-07
1.644765188233783e-07
1.52690062787645e-07
1.417346665983822e-07
1.31552774035508e-07
1.22090736578374e-07
1.132985589935561e-07
1.051296390015588e-07
9.754057199784121e-08
9.04909029206356e-08
8.394294502127031e-08
7.786159523374098e-08
7.22141614862179e-08
6.697020467582861e-08
6.210137270112452e-08
5.758127292871341e-08
5.338533262402779e-08
4.949068969816509e-08
4.587604901743695e-08
4.252160853422222e-08
3.940892789005324e-08
3.652086791638306e-08
3.384146661839065e-08
3.135589371490327e-08
2.905033709297982e-08
2.691195882865107e-08
2.492882587588225e-08
2.308983258065197e-08
2.1384662078233e-08
1.980372012666038e-08
1.833808749480832e-08
1.697948144074026e-08
1.572020133078486e-08
1.455308369870006e-08
1.347148448812059e-08
1.246923002147315e-08
1.15405867950224e-08
1.068022267361342e-08
9.88318375592526e-09
9.144874966457171e-09
8.461027781338401e-09
7.827680896444642e-09
7.241160085298147e-09
6.698046353388025e-09
6.195170448458518e-09
5.729592077500274e-09
5.298574275756097e-09
4.899598216238705e-09
4.530308219041644e-09
4.188521247857291e-09
3.872215626557723e-09
3.579514303558223e-09
3.308684928479901e-09
3.058107102046559e-09
2.826293867469052e-09
2.611854378113212e-09
2.413500868546701e-09
2.23003940062878e-09
2.060365143619148e-09
1.903459504405988e-09
1.758372381026541e-09
1.624224384160605e-09
1.500199884436474e-09
1.385548431825411e-09
1.279558770649691e-09
1.181590321312499e-09
1.09104517234213e-09
1.007366027767062e-09
9.300354471366492e-10
8.585794005830596e-10
7.925526663068656e-10
7.315483431745624e-10
6.751934936293315e-10
6.231388338616834e-10
5.750580388707503e-10
5.30651075631839e-10
4.896444459497033e-10
4.517724081343158e-10
4.167992810426522e-10
3.845085370298556e-10
3.546971133700625e-10
3.271739954993769e-10
3.017623567832757e-10
2.783036576436069e-10
2.566509811596447e-10
2.366656574245579e-10
2.182227808721067e-10
2.012034019209432e-10
1.85496150058019e-10
1.71006425600641e-10
1.576446719406018e-10
1.453153155657167e-10
1.339403291651383e-10
1.234582332766333e-10
1.137859649239605e-10
1.048636197585277e-10
9.663459363845838e-11
8.903677300302713e-11
8.203217327303692e-11
7.557420847710416e-11
6.96206305572346e-11
6.412718127016486e-11
5.906225681409828e-11
5.440046098069085e-11
5.010412187785696e-11
4.614326775516471e-11
4.249902591110759e-11
3.914207507440551e-11
3.604860417489705e-11
3.3195398866124e-11
3.056854915734717e-11
2.814337586642264e-11
2.590703395664545e-11
2.384228586752724e-11
2.194202893211445e-11
2.018901250562046e-11
1.857789445987206e-11
1.709526859444394e-11
1.573085863034978e-11
1.447963100352057e-11
1.332627360101934e-11
1.22604856661553e-11
1.128151806451222e-11
1.038359262002684e-11
9.558304015004637e-12
8.795762325127426e-12
8.093315534570866e-12
7.440837039700933e-12
6.839770825976674e-12
6.284690880244631e-12
5.775930651193931e-12
5.309407131211338e-12
4.883724540310626e-12
4.493492388083352e-12
4.13756990979229e-12
3.806894614618712e-12
3.497230340375085e-12
3.210827178615904e-12
2.947320320485958e-12
2.705972949573679e-12
2.490383632389058e-12
2.290147197864886e-12
2.106589455134568e-12
1.94131539502278e-12
1.788201377365069e-12
1.645882965008558e-12
1.511046611396443e-12
1.386961170918675e-12
1.270799040142993e-12
1.162783730424485e-12
1.065464963459856e-12
9.764363458545078e-13
8.960366008567638e-13
8.216668337892721e-13
7.541608290897308e-13
6.93946550820555e-13
6.398568589412323e-13
5.913155720537845e-13
5.476821056657586e-13
5.106434979412904e-13
4.727223202626195e-13
4.321912467656928e-13
3.969667914162057e-13
3.596766469141805e-13
3.237041595602204e-13
2.914542824349801e-13
2.62509167873e-13
2.386573387823249e-13
2.19603264469285e-13
1.992053509139656e-13
1.845157317025897e-13
1.72617916262205e-13
1.645142194058601e-13
1.591540861248334e-13
1.518024369648997e-13
1.435140237391167e-13
1.363488987499922e-13
1.255404809232609e-13
1.084413003025775e-13
9.187580426474099e-14
7.123939258971499e-14
5.441687566308065e-14
4.478449117521942e-14
4.002235377953299e-14
3.854469364534725e-14
4.634677718589565e-14
5.404240149465324e-14
5.763800221648239e-14
6.159872101004548e-14
5.750085225377314e-14
5.469184704703451e-14
4.639335489379935e-14
3.533301916672776e-14
2.604316019096759e-14
1.629411266485383e-14
1.228553121646203e-14
2.890378545366985e-15
3.024745833958559e-15
1.337839458481721e-15
4.418847843219279e-15
9.656890366500785e-15
1.690158192415574e-14
2.338032489296183e-14
2.609842416666452e-14
2.531142393405665e-14
2.233161876862786e-14
1.807938007004956e-14
1.435913470353537e-14
9.080766277076084e-15
5.033393295074889e-15
-2.133415886719612e-15
-7.57578100584666e-15
-9.984202173140221e-15
-1.020594644501941e-14
-5.671079353289438e-15
-1.300742074291481e-15
3.651031552839346e-15
1.015435732557319e-14
1.468740022924162e-14
1.2447386950786e-14
1.567331351130134e-14
1.62890874307988e-14
1.147501568091876e-14
7.941050531092693e-15
8.353634154333757e-16
-7.296333234789303e-15
-1.130911822855999e-14
-1.646508642654026e-14
-1.659307562385868e-14
-1.091295176290887e-14
-2.943435279432019e-15
4.651359045916451e-15
1.023706310826035e-14
1.464255760933593e-14
1.572285349253949e-14
1.360681551106282e-14
1.154459490523892e-14
6.270901625792145e-15
-1.067340012885629e-16
-7.227073020782665e-15
-1.227377684912691e-14
-1.515873961339097e-14
-1.339605291288648e-14
-9.33674130163982e-15
-2.214204126346918e-15
1.489473899004641e-15
7.993742524761029e-15
1.134594208979558e-14
1.063573400554437e-14
1.460843947955529e-14
9.546007754517837e-15
2.94236351143797e-15
-5.491374708239677e-15
-9.97596629270412e-15
-1.310413956927806e-14
-1.221607115426427e-14
-4.880750638564484e-15
-1.702565147226118e-16
3.302889159675283e-15
7.20415043662905e-15
7.7518509795673e-15
4.376838188609717e-15
5.306148866408547e-15
2.280668605799175e-15
-1.615413310173083e-16
-2.240146579007016e-15
-5.109065823554822e-15
-5.12380642075831e-15
-5.185185040618373e-15
-4.601554663360569e-15
-1.159219404273808e-15
1.333405491986823e-15
6.409000410076084e-15
9.700341562134572e-15
5.550768384324369e-15
4.896568776184089e-15
1.096226122971857e-15
-4.210007546438218e-15
-4.323263537112061e-15
-7.158741552135065e-15
-7.012544650347446e-15
-8.820633564575993e-15
-7.40608714570666e-15
2.186660949986789e-15
7.724391689983048e-15
1.372442191994048e-14
1.198833660886509e-14
1.035908399492506e-14
2.959485103251005e-15
-5.423690011011203e-15
-9.74669540330929e-15
-9.459305999553598e-15
-7.150578056192212e-15
-6.655013428085806e-15
-1.710330686454545e-15
1.421970691875955e-15
3.617031460638576e-15
7.078891799244501e-15
7.017417224284928e-15
4.773956675689016e-15
-1.150522668373422e-15
-2.607338802255152e-15
-2.473140827198471e-15
8.612545876539314e-16
1.25354021329869e-15
-1.107591295088462e-15
-1.89413896246182e-15
-2.398654658281061e-15
-2.744463127390475e-15
-3.123094243143911e-15
-5.517273178351917e-16
8.599175449147475e-16
3.319897741520838e-15
5.180133751051458e-15
9.568310435090103e-16
-2.058335706005475e-15
-2.514252305603582e-15
-4.859140938995893e-16
8.715779593850848e-16
-3.395231660198794e-15
1.320522252519379e-15
2.97876881225761e-15
1.653602619373967e-15
2.337374362184351e-15
2.581797778618517e-15
2.674409123728334e-16
-4.254042647814549e-16
-2.143834120759946e-15
-4.737307735113569e-15
-6.564920154466707e-15
-7.547196660367167e-15
-4.000717748831286e-15
1.440661717975834e-15
4.628131476247144e-15
6.546257307297614e-15
8.224910358644364e-15
9.061489756861545e-15
6.473346129522781e-15
2.186710837864321e-15
-2.317509192594976e-15
-4.185563762975304e-15
-8.395874396202118e-15
-9.892984147135146e-15
-1.196831814774391e-14
-1.155951255230282e-14
-3.716931744046538e-15
4.7709935875077e-15
9.138364496480838e-15
1.283617342575972e-14
1.207504557329915e-14
1.235328805829926e-14
8.556795616249157e-15
4.332584601037751e-15
-5.196440505351365e-15
-1.075488792971654e-14
-1.161303422736584e-14
-1.307805530106743e-14
-1.232380048262356e-14
-8.427396854356735e-15
-2.024864208123708e-15
2.371151142294825e-15
6.789650993248853e-15
1.146431604582353e-14
1.266647727378184e-14
1.073903523067129e-14
9.925928955219471e-15
4.813220832080937e-15
2.166843232288057e-15
-1.764355095559319e-15
-8.218503340283152e-15
-1.598868463902041e-14
-1.463838423940649e-14
-1.109180457395337e-14
-9.837718603560189e-15
-4.356422066963759e-15
3.588365648498172e-15
1.096426839145152e-14
1.396895353432958e-14
1.423335556626823e-14
1.452252560834149e-14
1.148723804351725e-14
2.959304851509598e-15
-4.648748759075369e-15
-8.374730638711203e-15
