-2.747697373846834e-13
-1.593309574035955e-13
-9.421363930612139e-14
-5.527673250040235e-14
-3.203977787823411e-14
-1.819270211458446e-14
-9.731875236900712e-15
-4.490030229059694e-15
-1.217291332904172e-15
8.43508967024263e-16
1.953894821838242e-15
2.625417605483037e-15
2.75513559915664e-15
2.890297065401748e-15
2.440644649153565e-15
1.625737477184951e-15
7.535208617518446e-16
-1.192709732948343e-15
-2.463351775410031e-15
-4.613826422040271e-15
-5.874023078326709e-15
-8.288340335536037e-15
-1.005121126801775e-14
-1.225679840627907e-14
-1.447204961676368e-14
-1.728247935117658e-14
-1.898767374149453e-14
-2.370077793810328e-14
-2.761645580696174e-14
-3.524466009531831e-14
-4.541138642265378e-14
-6.021420890149121e-14
-8.166395019745287e-14
-1.1049621661431e-13
-1.506682958260448e-13
-2.060592883690745e-13
-2.814107720456541e-13
-3.821849125849162e-13
-5.202091162325849e-13
-7.048835047876987e-13
-9.536632964680429e-13
-1.287356385277249e-12
-1.734140166423467e-12
-2.33244183682767e-12
-3.130317916244869e-12
-4.194295643262318e-12
-5.605303903253299e-12
-7.474351890975091e-12
-9.943179500302866e-12
-1.319209933759446e-11
-1.745494513664308e-11
-2.303278561856883e-11
-3.030815571733479e-11
-3.977222043302317e-11
-5.204679631922194e-11
-6.792448807284538e-11
-8.840708811883731e-11
-1.147602900070431e-10
-1.485816564350721e-10
-1.918768520129338e-10
-2.471617243184833e-10
-3.175822436223489e-10
-4.070645075926671e-10
-5.204936669964251e-10
-6.639355721637501e-10
-8.449026563982117e-10
-1.072677824412223e-09
-1.358705337011377e-09
-1.717060789646052e-09
-2.165019718315673e-09
-2.723734156555346e-09
-3.419048779990063e-09
-4.282471674635194e-09
-5.352335545212426e-09
-6.675176741496527e-09
-8.307371336077083e-09
-1.031707555149315e-08
-1.278652373861181e-08
-1.581473109365942e-08
-1.952068207936928e-08
-2.404707970924312e-08
-2.956474009504698e-08
-3.627773565505674e-08
-4.442941024160259e-08
-5.430939146342112e-08
-6.626175163673161e-08
-8.069449529805555e-08
-9.809055599111893e-08
-1.19020530251592e-07
-1.441573866861172e-07
-1.742934311407058e-07
-2.103598406119575e-07
-2.534490938061076e-07
-3.048407112894878e-07
-3.660307114190473e-07
-4.387652685015085e-07
-5.250790943151214e-07
-6.273391338448586e-07
-7.482941951073809e-07
-8.91131233961128e-07
-1.059539034547916e-06
-1.25778014097105e-06
-1.490771976863209e-06
-1.7641782892304e-06
-2.084512014954144e-06
-2.459250736719546e-06
-2.896966069393554e-06
-3.407468401532785e-06
-4.001968540717626e-06
-4.693257951774573e-06
-5.49590936733499e-06
-6.426499727285764e-06
-7.503857508717726e-06
-8.749336665947489e-06
-1.018711954763278e-05
-1.18445513008909e-05
-1.375250843199153e-05
-1.594580434969905e-05
-1.846363485952626e-05
-2.135006674472822e-05
-2.465457272440859e-05
-2.84326162028671e-05
-3.274628939958722e-05
-3.766500855281245e-05
-4.326627003670251e-05
-4.963647131327008e-05
-5.687180078815883e-05
-6.507920081878168e-05
-7.437740865090848e-05
-8.489807941269316e-05
-9.678699545305299e-05
-0.0001102053663917958
-0.0001253312242531046
-0.0001423609179760942
-0.0001615107115113332
-0.0001830184895254305
-0.0002071455745644092
-0.0002341786592475031
-0.0002644318567641285
-0.0002982488730772593
-0.0003360053083048923
-0.0003781110923775751
-0.0004250130531687079
-0.0004771976141122666
-0.0005351936244504972
-0.0005995753258898482
-0.0006709654566940143
-0.000750038491099539
-0.0008375240127049867
-0.0009342102192890605
-0.001040947556814254
-0.001158652478828594
-0.001288311325466642
-0.001430984316938246
-0.001587809653241121
-0.001760007712376268
-0.001948885337541383
-0.00215584020127698
-0.002382365235778136
-0.002630053114019322
-0.002900600767497397
-0.003195813924167537
-0.003517611646910245
-0.003868030855204613
-0.004249230806459953
-0.00466349751578489
-0.005113248090257917
-0.005601034949879841
-0.006129549911319397
-0.006701628102542422
-0.007320251680418814
-0.007988553320459817
-0.008709819443258755
-0.009487493148769012
-0.01032517681898329
-0.01122663435611411
-0.01219579302029452
-0.0132367448259892
-0.01435374746630323
-0.01555122472067433
-0.01683376631142137
-0.01820612717164256
-0.01967322608159071
-0.02124014364501833
-0.02291211956005227
-0.02469454915390223
-0.02659297914752284
-0.02861310260980899
-0.03076075308088048
-0.03304189782333757
-0.03546263018086991
-0.03802916101995155
-0.04074780922273155
-0.04362499122599391
-0.04666720957498306
-0.04988104048768775
-0.05327312042125695
-0.05685013162367297
-0.06061878668831266
-0.06458581209534106
-0.06875793075745784
-0.07314184358331419
-0.07774421006246313
-0.082571627918683
-0.08763061183475429
-0.09292757129333352
-0.09846878757305932
-0.1042603899268466
-0.1103083310204452
-0.1166183616564789
-0.1231960048593886
-0.1300465293878454
-0.137174922724618
-0.1445858636543611
-0.1522836944750999
-0.1602723929484044
-0.1685555440800789
-0.1771363118000522
-0.1860174106783829
-0.1952010777407471
-0.2046890445156242
-0.2144825094246401
-0.2245821105953845
-0.2349878992538949
-0.2456993137682033
-0.2567151544912291
-0.268033559523939
-0.2796519814807621
-0.29156716542626
-0.3037751280491656
-0.3162711382225832
-0.3290496990677118
-0.3421045315964924
-0.3554285601039145
-0.369013899355526
-0.3828518437062813
-0.3969328582508967
-0.4112465720578313
-0.4257817736403504
-0.4405264086793933
-0.455467580108472
-0.4705915506304209
-0.4858837476877477
-0.5013287710223073
-0.5169104027836614
-0.5326116202294696
-0.548414611044079
-0.5643007913072808
-0.5802508262946745
-0.5962446539158502
-0.6122615104636544
-0.628279958646269
-0.644277918662775
-0.6602327037684584
-0.676121058678657
-0.6919191970233224
-0.7076028374952479
-0.7231472435215128
-0.7385272717818432
-0.7537174247937891
-0.7686919019977497
-0.7834246487583856
-0.7978894071203599
-0.8120597703650204
-0.8259092396499013
-0.8394112815435278
-0.8525393862175342
-0.8652671265360949
-0.877568218138886
-0.8894165801394124
-0.9007863962194445
-0.9116521759329824
-0.9219888160251124
-0.9317716616848616
-0.9409765674441181
-0.9495799575716886
-0.9575588857747009
-0.9648910939729702
-0.9715550700454011
-0.9775301042814899
-0.9827963444046602
-0.9873348489917922
-0.9911276390650917
-0.9941577477642206
-0.9964092678648122
-0.9978673970452133
-0.9985184807547278
-0.9983500524830975
-0.997350871361944
-0.9955109569143166
-0.9928216208970928
-0.9892754961329887
-0.9848665621782045
-0.9795901677996526
-0.9734430501313237
-0.9664233504962193
-0.958530626842952
-0.9497658627121166
-0.9401314727648918
-0.9296313047947569
-0.918270638247728
-0.9060561792568125
-0.8929960521795361
-0.879099787727108
-0.8643783076628976
-0.848843906138261
-0.8325102277270258
-0.8153922422152723
-0.7975062162859355
-0.7788696821285862
-0.759501403086793
-0.7394213364515076
-0.7186505935019171
-0.6972113969596536
-0.6751270359482333
-0.6524218186207409
-0.6291210225987904
-0.6052508433474423
-0.5808383406686548
-0.5559113834465842
-0.5304985928263359
-0.5046292839925403
-0.4783334067037499
-0.4516414847793948
-0.4245845546859754
-0.3971941034064789
-0.3695020057661565
-0.3415404613792956
-0.3133419314067299
-0.2849390752760695
-0.2563646875386546
-0.227651635029314
-0.198832794488967
-0.1699409908203413
-0.1410089361174757
-0.1120691696215292
-0.08315399874797089
-0.05429544132332918
-0.02552516916923189
0.003125546843483615
0.03162589014830126
0.05994555013185562
0.08805477197119196
0.1159244045592658
0.1435259464246259
0.1708315895628872
0.1978142611050215
0.2244476627494417
0.2507063078999104
0.2765655564510236
0.302001647180189
0.3269917277096134
0.3515138820020509
0.3755471553754792
0.3990715770139185
0.4220681799732814
0.4445190186831983
0.4664071839443719
0.4877168154457963
0.5084331118124747
0.5285423382202654
0.5480318316126541
0.5668900035483208
0.5851063407361284
0.6026714032961822
0.6195768208092507
0.6358152862154806
0.651380547620687
0.6662673980951678
0.6804716635235226
0.6939901885945299
0.7068208210114588
0.7189623939871695
0.7304147071133525
0.7411785056859223
0.7512554585984298
0.7606481348949388
0.7693599790529891
0.7773952850980347
0.7847591696310041
0.7914575438696398
0.7974970847972271
0.8028852055095737
0.8076300248784678
0.8117403365960374
0.8152255776814504
0.8180957965382172
0.8203616206593547
0.8220342240947313
0.8231252947363387
0.8236470014992187
0.823611961476823
0.8230332071458003
0.8219241537109389
0.8202985666450795
0.8181705294963346
0.8155544120281168
0.8124648387508048
0.8089166579219778
0.804924911053177
0.8005048029793763
0.7956716725402796
0.7904409639133028
0.7848281986510545
0.7788489484541031
0.7725188087295028
0.7658533729675854
0.7588682079508643
0.7515788298266654
0.7440006810610871
0.7361491083024982
0.7280393411719183
0.7196864719893538
0.7111054364588456
0.7023109953095189
0.6933177169066072
0.6841399608347484
0.6747918624403054
0.6652873183283593
0.6556399728152267
0.6458632053534424
0.6359701189192153
0.6259735293257904
0.6158859554415653
0.6057196103091625
0.595486393173747
0.5851978824016465
0.5748653292463927
0.5644996524340291
0.55411143355606
0.5437109132698024
0.5333079882811831
0.5229122090628781
0.5125327782747253
0.5021785498702227
0.4918580288816342
0.4815793718556449
0.4713503878947718
0.4611785402729489
0.4510709486021895
0.4410343915326322
0.4310753099578306
0.4211998106905346
0.4114136705851159
0.4017223410742263
0.392130953091224
0.3826443223519008
0.3732669549719687
0.3640030534018817
0.3548565226445459
0.3458309767271969
0.3369297454033003
0.3281558810639793
0.3195121658422514
0.3110011188796284
0.3026250037281108
0.2943858358669731
0.2862853903194855
0.2783252093572842
0.270506610264653
0.2628306931399679
0.2552983487171326
0.2479102661932737
0.2406669410498815
0.2335686828494012
0.2266156229945018
0.2198077224361774
0.2131447793152777
0.2066264365259989
0.2002521891896353
0.1940213920288008
0.1879332666325464
0.1819869086043086
0.1761812945878309
0.1705152891592563
0.1649876515758975
0.1595970423758857
0.1543420298258687
0.1492210962148487
0.144232643986347
0.1393750017034644
0.1346464298438119
0.1300451264232754
0.1255692324483935
0.1212168371935222
0.1169859833009349
0.1128746717032183
0.1088808663682237
0.1050024988678688
0.1012374727699998
0.09758366785385232
0.09403894415044249
0.09060114580944673
0.08726810479521935
0.08403764441315925
0.08090758266866015
0.07787573546129753
0.07493991961719236
0.0720979557632364
0.06934767104552089
0.0666869016951232
0.06411349544471952
0.06162531379961336
0.05922023416724082
0.05689615184852716
0.05465098189480295
0.05248266083437162
0.05038914827279056
0.04836842837159157
0.04641851120875329
0.04453743402493692
0.04272326235953514
0.0409740910806662
0.03928804531335776
0.03766328126974206
0.03609798698516321
0.03459038296419481
0.03313872274068875
0.03174129335600256
0.03039641575883391
0.02910244513022051
0.0278577711374129
0.02666081812056284
0.02551004521602645
0.02440394641938363
0.02334105059147511
0.02231992141069018
0.02133915727481053
0.02039739115561074
0.01949329040913071
0.01862555654461458
0.01779292495488373
0.01699416461102968
0.0162280777241314
0.01549349937645646
0.0147892971245306
0.01411437057649182
0.01346765094595204
0.01284810058466041
0.01225471249600094
0.01168650983131132
0.01114254537099062
0.01062190099214486
0.01012368712454747
0.009647042196561404
0.009191132072673433
0.008755149484124048
0.008338313453899083
0.007939868717403691
0.007559085140090959
0.00719525713341996
0.006847703070129038
0.006515764699870099
0.006198806566053764
0.005896215424928304
0.00560739966777373
0.005331788746962852
0.005068832606644289
0.004818001118711687
0.004578783524678945
0.004350687883892547
0.004133240528819887
0.003925985527678179
0.003728484155051135
0.003540314370730379
0.003361070307158665
0.003190361765772476
0.003027813722504842
0.002873065842751073
0.002725772005950553
0.002585599839904586
0.002452230264987334
0.002325357048424347
0.002204686368691128
0.002089936390096515
0.001980836847576574
0.001877128641653198
0.001778563443674392
0.001684903311201941
0.00159592031361582
0.001511396167758526
0.001431121883647769
0.001354897420093276
0.001282531350194903
0.001213840536540267
0.001148649816029448
0.001086791694211078
0.001028106048917883
0.0009724398431119115
0.00091964684675676
0.0008695873675745584
0.0008221279905318493
0.0007771413258793034
0.0007345057655609386
0.0006941052478233263
0.000655829029832388
0.0006195714681354449
0.000585231806766988
0.0005527139728607709
0.0005219263794776962
0.0004927817355904698
0.0004651968629590916
0.0004390925197021917
0.0004143932304946544
0.0003910271230501191
0.000368925770821719
0.0003480240416982886
0.0003282599525107687
0.0003095745291726788
0.0002919116723410482
0.0002752180283339631
0.0002594428652083523
0.0002445379537966791
0.0002304574535612654
0.000217157803081152
0.0002045976150432923
0.0001927375755710923
0.0001815403477445289
0.0001709704791484955
0.0001609943133420109
0.0001515799050824563
0.0001426969391559114
0.0001343166527254174
0.0001264117610501716
0.0001189563863910065
0.0001119259901101571
0.0001052973077120404
9.904828675632045e-05
9.315802760515276e-05
8.760672677377135e-05
8.237562287959839e-05
7.744694500878576e-05
7.28038634625891e-05
6.843044276819439e-05
6.431159685773568e-05
6.04330462894771e-05
5.678127753370474e-05
5.334350410487081e-05
5.010762955512961e-05
4.706221220152728e-05
4.419643157361756e-05
4.150005640169467e-05
3.896341419265688e-05
3.657736224854355e-05
3.433326010974517e-05
3.222294331824949e-05
3.0238698476642e-05
2.837323953314974e-05
2.661968523370742e-05
2.497153769825231e-05
2.34226620511337e-05
2.196726707265475e-05
2.059988683563149e-05
1.931536324419411e-05
1.810882948430659e-05
1.697569429062131e-05
1.591162702322857e-05
1.491254351731089e-05
1.397459264051506e-05
1.309414357177873e-05
1.226777371709639e-05
1.149225725065519e-05
1.076455428211643e-05
1.008180056361395e-05
9.441297743168484e-06
8.840504144552348e-06
8.277026014570146e-06
7.748609255772368e-06
7.25313159073839e-06
6.788595131469925e-06
6.353119381133187e-06
5.944934582721869e-06
5.56237544357104e-06
5.203875184301075e-06
4.86795992737297e-06
4.553243386821172e-06
4.258421835298951e-06
3.982269372270362e-06
3.723633431016099e-06
3.481430540603107e-06
3.254642331378041e-06
3.042311743994925e-06
2.843539478698716e-06
2.657480612025436e-06
2.48334142582878e-06
2.320376378976446e-06
2.167885306402571e-06
2.025210728459979e-06
1.891735335972953e-06
1.766879608077133e-06
1.650099577130321e-06
1.540884711300122e-06
1.438755914193768e-06
1.343263653641309e-06
1.253986192613803e-06
1.170527915680376e-06
1.09251776217574e-06
1.019607754714928e-06
9.514715936873993e-07
8.878033502363149e-07
8.283162202471152e-07
7.727413687341263e-07
7.208268478628696e-07
6.723365343067535e-07
6.270491977117975e-07
5.847575605040596e-07
5.452674532144575e-07
5.083969995167026e-07
4.739758680217402e-07
4.418445504520042e-07
4.118536991694196e-07
3.838634817189222e-07
3.577430120538703e-07
3.33369778765667e-07
3.106291242609527e-07
2.894137508471953e-07
2.696232635091827e-07
2.511637428039149e-07
2.339473316766176e-07
2.178918423893026e-07
2.029204104168691e-07
1.88961166488346e-07
1.759468981854902e-07
1.638147683272102e-07
1.525060413278824e-07
1.4196580977435e-07
1.321427554893344e-07
1.229889249243232e-07
1.144594963749186e-07
1.065126081643378e-07
9.910914735095726e-08
9.22125679460971e-08
8.578874379732833e-08
7.980581210465751e-08
7.423400680126036e-08
6.90455398669999e-08
6.42144600567513e-08
5.971654842045549e-08
5.552919404661166e-08
5.163129637187814e-08
4.800315557475148e-08
4.462639948652861e-08
4.148387218742752e-08
3.855958421974266e-08
3.583860421689869e-08
3.330701305465608e-08
3.095182435866204e-08
2.876093344549144e-08
2.672303918660299e-08
2.482762896295112e-08
2.306488171051027e-08
2.142565456023573e-08
1.990141728805741e-08
1.848421970194695e-08
1.716665186836929e-08
1.594180209097502e-08
1.480324391160554e-08
1.374497507425441e-08
1.276141289591094e-08
1.184735580632247e-08
1.099795880302151e-08
1.020870770104451e-08
9.475407913530673e-09
8.794139616675952e-09
8.161263882838739e-09
7.573389125232284e-09
7.027363515945203e-09
6.520244765269179e-09
6.049294893101648e-09
5.611964907611836e-09
5.205889452912816e-09
4.828860919337433e-09
4.478827438634441e-09
4.153884281536199e-09
3.852244695245088e-09
3.572263455094823e-09
3.312402364730657e-09
3.071232979839117e-09
2.847424276489289e-09
2.639748096901085e-09
2.447057190534899e-09
2.268279153564547e-09
2.1024255226208e-09
1.94856966759044e-09
1.805858071830422e-09
1.67349626236663e-09
1.550729995302758e-09
1.436882774934405e-09
1.331302469137556e-09
1.23340188775131e-09
1.142624371988522e-09
1.05846156074861e-09
9.804316009986622e-10
9.080991435169687e-10
8.410486832014047e-10
7.788987136539056e-10
7.212958814655371e-10
6.679081825569058e-10
6.184392545929148e-10
5.725958097108859e-10
5.301214794111403e-10
4.907719959899309e-10
4.54319678519443e-10
4.205495974344864e-10
3.892625317339128e-10
3.602824405326075e-10
3.334415166982291e-10
3.085812943115276e-10
2.855566868090728e-10
2.642319651981958e-10
2.444832345669296e-10
2.2619820437854e-10
2.092623358673566e-10
1.935850751739303e-10
1.790731271205362e-10
1.65642420958532e-10
1.532114982681871e-10
1.417069994070888e-10
1.310630581159764e-10
1.212128875026689e-10
1.120959095378435e-10
1.036641410246147e-10
9.586027892781748e-11
8.863333029358989e-11
8.194571027675387e-11
7.575295029572979e-11
7.002193417886999e-11
6.471785779482497e-11
5.981370730840912e-11
5.5281638173246e-11
5.109272729702686e-11
4.722090878333925e-11
4.364354260410992e-11
4.033835494891006e-11
3.728189644283355e-11
3.445213601192371e-11
3.183737673405595e-11
2.941556463497037e-11
2.717870696020889e-11
2.510873444711236e-11
2.31902317869188e-11
2.141665812340284e-11
1.977802579328514e-11
1.826238675617743e-11
1.686318189367782e-11
1.557377168319847e-11
1.438238410286662e-11
1.328261284616811e-11
1.22670183997679e-11
1.133116212192458e-11
1.046356809640952e-11
9.660757843312007e-12
8.921083538700518e-12
8.238552911780148e-12
7.609246062099148e-12
7.029130774465796e-12
6.491006826442824e-12
5.987977074766184e-12
5.522110266683062e-12
5.090830925369725e-12
4.688648643841576e-12
4.321337405374878e-12
3.984222552556131e-12
3.674610805161586e-12
3.397644966301323e-12
3.140629681434001e-12
2.907524190582663e-12
2.691572105383008e-12
2.484180905263691e-12
2.294081864986751e-12
2.113458406411309e-12
1.945293305038933e-12
1.787797348811673e-12
1.644260124636457e-12
1.513507258545774e-12
1.395543077183498e-12
1.285076099995279e-12
1.184500705179609e-12
1.092150655497913e-12
1.010376363980055e-12
9.346614296624823e-13
8.651041554410081e-13
8.0057751943369e-13
7.392595611352144e-13
6.813640009051661e-13
6.267347861715848e-13
5.816271287859473e-13
5.363293701161227e-13
4.938446028785455e-13
4.539632509822889e-13
4.141254367460381e-13
3.758410830381175e-13
3.422775643000816e-13
3.119054468098013e-13
2.867762953574485e-13
2.712842682099465e-13
2.540277605381819e-13
2.393682961055205e-13
2.238074821378189e-13
2.079094581945329e-13
1.906049117015098e-13
1.748414932596411e-13
1.589742454717514e-13
1.462678144298698e-13
1.323090391658386e-13
1.189790267622839e-13
1.069421890978473e-13
9.932295928165105e-14
8.94111787617474e-14
7.881603087379942e-14
7.590909490683433e-14
7.061272156044677e-14
6.890022972385164e-14
6.563793881443678e-14
6.612406320138423e-14
6.200669300623745e-14
5.666582660639319e-14
5.077012645303327e-14
4.234494095846122e-14
3.806070295363561e-14
3.08928308591651e-14
2.764784972158782e-14
2.575750929112346e-14
2.425223074220541e-14
2.293143298149393e-14
1.97696885131493e-14
1.823965276752629e-14
1.837530464612044e-14
1.948603530779105e-14
1.980170203109263e-14
2.210287699424059e-14
2.37186512668893e-14
1.979473680105723e-14
1.497500500750754e-14
9.213629619879057e-15
5.955243787297711e-15
2.483571399657518e-15
1.720721582945245e-15
3.968442485576544e-15
7.912541166922732e-15
3.507683255665237e-15
2.728057784021159e-15
7.851499996699706e-15
1.331387674611401e-14
1.318158171820106e-14
9.098716902007016e-15
6.338333410615403e-15
1.970092830955182e-15
-1.596906798113451e-15
-2.215256104021111e-15
-8.397580244626135e-16
2.800496616964016e-15
2.485999741765764e-15
3.459243975910047e-15
4.453441107083644e-15
2.947042460905935e-15
3.313812307932802e-15
2.158452657379436e-15
-1.379395013184483e-15
-9.830557039494602e-16
-1.452608450535956e-15
2.573070825177116e-15
4.772051475330304e-15
5.068182658364329e-15
5.097595417163647e-16
2.212660061829182e-16
1.488209403978786e-15
2.712665567522675e-15
1.29638474474019e-15
-1.465386726693635e-15
-8.33313330941357e-17
-3.657834934939309e-15
-4.070095790989594e-15
-3.404950082957734e-15
-1.993865823519118e-15
3.349881034338937e-15
2.42639036074338e-15
5.830339434140856e-15
8.140080611683952e-15
5.369880613214211e-15
3.643934436515411e-15
-3.262061826256581e-15
-4.406415115994356e-15
-2.142691596776798e-15
-2.740941466093975e-15
-6.369056211701169e-15
-6.265951787227907e-15
-1.285767152507905e-15
-1.815062242762985e-16
-4.944600081342833e-16
5.58924261125174e-15
6.159788213309747e-15
9.282764840480969e-15
6.73458727745035e-15
1.955515519623998e-15
-1.859213858995909e-15
-1.755075971791386e-15
-2.716035584726464e-15
-5.945071146436831e-15
-7.719327584295826e-15
-7.438723404242393e-15
-4.065646973279114e-15
-3.941687608373264e-17
2.93219344107908e-15
5.521823648132024e-15
4.977335951554643e-15
5.768649413369503e-15
4.836895105450242e-15
4.5185664855404e-15
2.88376672523534e-15
-3.577333528512805e-16
-2.910503032564948e-15
-2.823293156461771e-15
-6.963233753757909e-15
-5.110936166436098e-15
-2.102411938558003e-15
-2.973397656597199e-15
-6.415566795114741e-15
-5.125360799459032e-15
8.595252337568042e-16
7.109177755051186e-15
1.185284108520762e-14
1.113157771219287e-14
9.384800863079693e-15
5.534069256975538e-15
-1.719724146827581e-15
-9.327381641044915e-15
-1.182217365951938e-14
-1.069443537764483e-14
-7.401101377726714e-15
-3.935313471412081e-15
1.438271806359614e-15
3.414764749091505e-15
6.867739364959014e-15
4.395173451771964e-15
6.086323897098838e-15
4.343618651261158e-15
3.483713607493717e-15
1.116666033296985e-15
-7.55400834321216e-16
-2.883912233627865e-15
-5.384887397028118e-15
-4.79345389736588e-15
-8.042412662839036e-16
-2.069492917172639e-15
1.248918709979713e-15
6.997554587432738e-16
2.251251730465841e-15
2.320387580583433e-15
1.560186979889302e-15
-2.96323273781748e-15
-7.206086228713244e-16
-1.896781727835656e-15
-9.341379437530134e-17
-2.419470086092917e-17
5.882793270693881e-16
2.595120263903247e-15
3.67056824560665e-15
5.441497791272333e-15
4.214958068313845e-15
5.111879738695274e-16
-4.674324391463183e-15
-5.135711821515304e-15
-8.080064241771086e-15
-8.056752805095175e-15
-3.968144021903523e-15
7.536216930863943e-16
3.889360911551601e-15
4.352239372449734e-15
1.261184087779685e-15
5.032394119976848e-15
7.766466712442769e-15
6.2727492800712e-15
6.205557535541724e-15
2.543460083439261e-16
