-6.330676164833275e-13
-3.730673873385704e-13
-2.227176751379947e-13
-1.334195627039463e-13
-8.030897974100332e-14
-4.875940122301013e-14
-3.000712539542791e-14
-1.887693176330686e-14
-1.265211143585674e-14
-8.936175045068199e-15
-7.537488864567645e-15
-6.904718925928728e-15
-7.428695804171239e-15
-8.492316283327327e-15
-9.93518488037747e-15
-1.175709452868254e-14
-1.310286394882335e-14
-1.482428886712861e-14
-1.616567080662616e-14
-1.750175765104836e-14
-1.735748598512346e-14
-1.792490108970447e-14
-1.673063923922598e-14
-1.479771791005137e-14
-1.11966025007455e-14
-5.851923997422411e-15
1.473168723511806e-15
1.115619630386664e-14
2.332833752692441e-14
4.030750320178081e-14
6.377329253818139e-14
9.458631831876186e-14
1.364172342760994e-13
1.930989675088976e-13
2.711852866996993e-13
3.778690612662682e-13
5.221050284034573e-13
7.19060453186497e-13
9.831634656588436e-13
1.340691823050894e-12
1.820557036642214e-12
2.462649093637743e-12
3.320027227602654e-12
4.459592908569897e-12
5.971449082985857e-12
7.971402019329532e-12
1.061073857637754e-11
1.408236246250702e-11
1.863789438575813e-11
2.46007469415839e-11
3.238582884532446e-11
4.252069826138951e-11
5.567921734385507e-11
7.271917079693252e-11
9.47231295358832e-11
1.230666547426098e-10
1.594754898100917e-10
2.061258307378713e-10
2.657467222825515e-10
3.417491371996854e-10
4.383946558276778e-10
5.609885198508479e-10
7.161215901218835e-10
9.119641686730706e-10
1.158614201233927e-09
1.468530580055645e-09
1.857046024745555e-09
2.342985648390344e-09
2.949412322320877e-09
3.704520268343553e-09
4.642692426163629e-09
5.805779711492835e-09
7.24460214951052e-09
9.020750738243341e-09
1.120870728756879e-08
1.389836328590825e-08
1.71979800817292e-08
2.12376879138029e-08
2.617359061558936e-08
3.219257933004478e-08
3.951797820615709e-08
4.841612860895193e-08
5.920407417322423e-08
7.225851029979825e-08
8.802617331965727e-08
1.070358969012184e-07
1.299125583366308e-07
1.573932008044348e-07
1.903456179873174e-07
2.297897501298142e-07
2.769222656562438e-07
3.331447546997527e-07
4.000959981786264e-07
4.796888430818456e-07
5.741522556629743e-07
6.860791930688135e-07
8.184809934514772e-07
9.748490583023862e-07
1.159224663295666e-06
1.376277823326918e-06
1.631396198802584e-06
1.930785131773418e-06
2.281580046641511e-06
2.691972707666255e-06
3.171352721539004e-06
3.730465791191076e-06
4.381590392123107e-06
5.138734705200785e-06
6.017855742292608e-06
7.037102757211617e-06
8.217087201243692e-06
9.581181597669814e-06
1.115584990018736e-05
1.297101204509569e-05
1.506044555723314e-05
1.746222727626545e-05
2.021921836781014e-05
2.337959601042895e-05
2.699743527533964e-05
3.113334487253452e-05
3.585516059827666e-05
4.123870044777525e-05
4.736858548869517e-05
5.433913070779618e-05
6.225531013594865e-05
7.123380062307328e-05
8.14041087257861e-05
9.290978539557311e-05
0.0001059097337617459
0.000120579614334872
0.0001371133520618789
0.000155724749733299
0.0001766492121232454
0.0002001455851036172
0.0002264981137217653
0.0002560185229625946
0.0002890482245474049
0.0003259606527164444
0.000367163731469378
0.0004131024758462538
0.0004642617354762912
0.0005211690851585964
0.0005843978577086267
0.0006545703127148771
0.0007323609433545315
0.0008184999242798747
0.0009137766998000623
0.001019043707300711
0.00113522023200495
0.001263296387600026
0.001404337217797398
0.00155948691186318
0.001729973124612841
0.001917111392444963
0.002122309632900112
0.002347072716205982
0.002593007095037111
0.002861825475663583
0.003155351515563743
0.003475524526805831
0.003824404166406542
0.00420417509218869
0.00461715155885327
0.005065781932392753
0.005552653093264833
0.006080494702203065
0.006652183299499787
0.007270746203997021
0.007939365183681346
0.008661379859841955
0.009440290812595719
0.01027976235222811
0.011183624915579
0.01215587705570673
0.01320068698008861
0.01432239360165724
0.01552550706362301
0.01681470869352808
0.01819485035534085
0.01967095315159113
0.02124820544087844
0.02293196013291281
0.0247277312170695
0.02664118949919246
0.02867815750054064
0.0308446034919516
0.03314663463274513
0.03559048917621166
0.03818252772898164
0.04092922352611813
0.04383715170975028
0.04691297759477235
0.05016344389600635
0.05359535692453349
0.05721557172882903
0.06103097618952358
0.06504847407173993
0.06927496702848396
0.0737173355907061
0.07838241913823059
0.08327699488658565
0.08840775591918482
0.09378128828248597
0.09940404721338554
0.1052823325144479
0.1114222631422542
0.1178297510667285
0.1245104744438373
0.1314698502045446
0.1387130060985159
0.1462447522901572
0.1540695525927837
0.1621914954058321
0.1706142644905936
0.1793411096418402
0.1883748173814893
0.1977176817833823
0.2073714755094276
0.2173374212162111
0.2276161634030099
0.2382077408513519
0.2491115597801206
0.2603263678010794
0.2718502288487289
0.2836804991567871
0.2958138044412215
0.3082460184161303
0.3209722427220812
0.3339867884452659
0.3472831592855452
0.3608540365249521
0.3746912659103332
0.3887858465144007
0.4031279217466383
0.4177067725413976
0.4325108128522129
0.4475275875391742
0.4627437726804349
0.4781451784526111
0.4937167545667382
0.5094425983536377
0.5253059655457574
0.5412892837482417
0.5573741687186602
0.5735414433771515
0.5897711595625628
0.6060426225306891
0.622334418197051
0.638624443291146
0.6548899381739807
0.671107521927257
0.6872532296543596
0.7033025527966728
0.7192304840077742
0.7350115647345675
0.7506199313529204
0.7660293594781082
0.7812133116914015
0.7961449943945976
0.8107974185394031
0.8251434581939
0.8391559063341535
0.8528075319947127
0.8660711409461368
0.87891963802328
0.8913260898156986
0.9032637874563122
0.9147063097544438
0.9256275867641605
0.9360019633769207
0.9458042626999629
0.9550098490192194
0.963594690139441
0.9715354190159611
0.9788093943775652
0.9853947601862718
0.9912705037436751
0.9964165122076073
1.000813627424274
1.004443698810564
1.007289634163021
1.009335448227644
1.010566308818077
1.010968580407069
1.01052986497313
1.009239040025092
1.0070862936796
1.004063156614284
1.000162530854506
0.9953787152369359
0.9897074275251877
0.9831458231049623
0.9756925101380222
0.9673475611827081
0.9581125211866973
0.9479904118746243
0.9369857325168551
0.9251044570335073
0.9123540275038787
0.8987433440427699
0.8842827511079082
0.8689840202840184
0.852860329572818
0.8359262393149206
0.8181976647623944
0.7996918454082286
0.7804273111718851
0.7604238455355379
0.7397024458032337
0.7182852805515293
0.6961956444173926
0.6734579103642332
0.6500974795599836
0.6261407290592488
0.601614957412435
0.5765483283888546
0.5509698129808958
0.5249091298390756
0.4983966843380172
0.4714635064281935
0.4441411874693263
0.4164618162259383
0.3884579141952584
0.3601623704700183
0.3316083762948016
0.3028293595039186
0.2738589190175215
0.2447307595639242
0.2154786268130346
0.1861362430745439
0.1567372437289737
0.1273151145511051
0.09790313007830226
0.06853429317877434
0.03924127595322058
0.01005636210779079
-0.01898860907200898
-0.04786229702363688
-0.07653391237067275
-0.104973267439852
-0.1331508247329379
-0.1610377432631014
-0.1886059226686677
-0.2158280450303185
-0.2426776143200552
-0.2691289934281278
-0.2951574387188071
-0.3207391320653877
-0.3458512103356685
-0.3704717922942253
-0.394580002910044
-0.4181559950600933
-0.4411809686179249
-0.4636371869417285
-0.485507990763719
-0.5067778095079651
-0.5274321700638378
-0.5474577030384445
-0.5668421465398905
-0.5855743475241086
-0.6036442607676635
-0.6210429455239429
-0.6377625599122981
-0.6537963531196539
-0.6691386554717562
-0.6837848664568645
-0.6977314407810035
-0.7109758725296702
-0.7235166775387426
-0.7353533740465363
-0.746486461731243
-0.7569173992266536
-0.7666485801908096
-0.7756833080278104
-0.7840257693540464
-0.7916810063302347
-0.7986548879577797
-0.8049540804142638
-0.8105860165351622
-0.8155588645263271
-0.8198814960109824
-0.8235634535064495
-0.8266149174219154
-0.8290466726956945
-0.8308700751341103
-0.832097017530617
-0.8327398956507485
-0.8328115741759564
-0.8323253527167421
-0.8312949319440031
-0.8297343799104216
-0.8276580986333787
-0.8250807910069787
-0.8220174281259143
-0.8184832170669464
-0.8144935691914297
-0.8100640690245778
-0.80521044376054
-0.7999485334595471
-0.7942942619648069
-0.7882636085842206
-0.7818725805750808
-0.7751371864606257
-0.768073410219606
-0.7606971863685604
-0.7530243759755038
-0.7450707436260262
-0.7368519353446499
-0.7283834574915733
-0.7196806566414711
-0.710758700461351
-0.7016325595936401
-0.6923169905434048
-0.6828265195812928
-0.6731754276497472
-0.6633777362762014
-0.6534471944857847
-0.6433972666915487
-0.6332411215490419
-0.6229916217671617
-0.6126613148827129
-0.6022624249807418
-0.5918068453176144
-0.5813061318189527
-0.5707714974414692
-0.5602138073989706
-0.5496435752276703
-0.5390709596434187
-0.5285057621580944
-0.5179574254380223
-0.5074350323983009
-0.4969473060039706
-0.4865026097285394
-0.4761089486341291
-0.4657739710534271
-0.4555049708619638
-0.4453088903104685
-0.4351923233717345
-0.4251615195691642
-0.4152223882622806
-0.4053805033698991
-0.3956411085018883
-0.3860091224651581
-0.3764891451194396
-0.367085463551031
-0.3578020585365992
-0.3486426112711302
-0.3396105103371443
-0.3307088588970273
-0.3219404820761236
-0.3133079345096634
-0.3048135080308367
-0.2964592394811494
-0.2882469186274771
-0.280178096158183
-0.2722540917340154
-0.2644760020753483
-0.2568447090727883
-0.2493608879104781
-0.2420250151777388
-0.23483737694936
-0.2277980768200174
-0.2209070438813537
-0.2141640406314523
-0.2075686708015486
-0.2011203870899037
-0.1948184987917029
-0.1886621793126333
-0.1826504735573614
-0.1767823051838986
-0.1710564837167932
-0.165471711512139
-0.1600265905688894
-0.1547196291837318
-0.1495492484407855
-0.1445137885293676
-0.1396115148864892
-0.1348406241632314
-0.1301992500149707
-0.1256854687103772
-0.1212973045560211
-0.1170327351357359
-0.112889696365459
-0.1088660873650111
-0.1049597751451991
-0.1011685991101504
-0.09749037537605162
-0.09392290090805903
-0.09046395747807277
-0.0871113154442657
-0.08386273735428661
-0.08071598137481267
-0.07766880455027192
-0.07471896589438642
-0.07186422931700252
-0.06910236638945212
-0.06643115895205923
-0.06384840156756127
-0.06135190382491444
-0.05893949249658759
-0.05660901355327158
-0.05435833404007069
-0.05218534381832818
-0.05008795717758747
-0.04806411432158591
-0.0461117827323866
-0.04422895841702389
-0.0424136670411043
-0.04066396495410496
-0.03897794011001044
-0.03735371288751982
-0.03578943681398798
-0.03428329919717091
-0.03283352166919003
-0.03143836064645534
-0.03009610770946975
-0.02880508990649836
-0.02756366998497103
-0.02637024655474377
-0.02522325418646377
-0.02412116344851886
-0.02306248088609512
-0.02204574894595484
-0.02106954585054552
-0.0201324854243514
-0.01923321687546774
-0.01837042453549575
-0.01754282756067372
-0.01674917959719119
-0.01598826841331104
-0.0152589155009693
-0.01455997564937561
-0.01389033649304394
-0.01324891803679014
-0.01263467215972479
-0.01204658210035692
-0.01148366192492539
-0.01094495598083632
-0.01042953833714611
-0.00993651221383564
-0.00946500940155643
-0.009014189673436179
-0.008583240190483005
-0.008171374901960524
-0.007777833942127467
-0.007401883024672699
-0.007042812836028956
-0.006699938428553333
-0.006372598614679254
-0.006060155362946503
-0.005761993197046236
-0.005477518598618043
-0.005206159414545812
-0.004947364269438438
-0.004700601984050837
-0.004465361000199472
-0.004241148812855959
-0.0040274914098171
-0.003823932719497952
-0.003630034067168094
-0.003445373640072314
-0.003269545961695543
-0.003102161375541201
-0.002942845538689475
-0.002791238925304923
-0.002646996340317481
-0.002509786443369352
-0.002379291283214328
-0.002255205842691964
-0.00213723759425889
-0.002025106066167028
-0.001918542419324165
-0.001817289034787947
-0.001721099111947429
-0.001629736277343121
-0.001542974203983621
-0.001460596241168862
-0.001382395054689264
-0.001308172277350009
-0.001237738169636999
-0.001170911290486268
-0.001107518177959708
-0.001047393039675132
-0.0009903774528957131
-0.0009363200740785274
-0.0008850763577259877
-0.0008365082843671783
-0.0007904840975050281
-0.0007468780493274688
-0.0007055701549671862
-0.0006664459551913039
-0.0006293962873217267
-0.0005943170641176501
-0.0005611090605398499
-0.0005296777081083165
-0.0004999328967028435
-0.0004717887836101489
-0.000445163609604595
-0.000419979521874496
-0.0003961624036533402
-0.0003736417102455385
-0.0003523503114075993
-0.0003322243397780639
-0.0003132030452376045
-0.0002952286549965381
-0.0002782462392369437
-0.0002622035820893452
-0.0002470510578528589
-0.0002327415122281651
-0.0002192301483864939
-0.0002064744177884032
-0.0001944339154731586
-0.0001830702797898354
-0.0001723470963255392
-0.0001622298058890747
-0.0001526856164682145
-0.0001436834189322267
-0.0001351937064085979
-0.0001271884971649871
-0.0001196412608596565
-0.0001125268480662435
-0.0001058214228959636
-9.950239866018076e-05
-9.354837639448668e-05
-8.793908619147542e-05
-8.265533115851864e-05
-7.767893396657458e-05
-7.299268584975552e-05
-6.85802979357674e-05
-6.442635486717638e-05
-6.051627058528222e-05
-5.683624614524744e-05
-5.337322958817186e-05
-5.011487766291134e-05
-4.704951939856853e-05
-4.416612138976955e-05
-4.145425479594865e-05
-3.890406389331855e-05
-3.650623618804995e-05
-3.425197396858574e-05
-3.213296724486884e-05
-3.014136804093774e-05
-2.826976595235594e-05
-2.651116489872459e-05
-2.485896107174953e-05
-2.330692194799792e-05
-2.184916637000466e-05
-2.048014565409411e-05
-1.919462564503529e-05
-1.79876696715786e-05
-1.685462238599843e-05
-1.579109442856826e-05
-1.479294789318706e-05
-1.385628252311968e-05
-1.297742264691908e-05
-1.215290478113623e-05
-1.137946589353355e-05
-1.065403226472184e-05
-9.973708954711847e-06
-9.33576981781237e-06
-8.737648049683494e-06
-8.176927233262438e-06
-7.651332879546456e-06
-7.158724399393289e-06
-6.697087519536882e-06
-6.264527129416409e-06
-5.859260459240027e-06
-5.479610691512584e-06
-5.124000884585513e-06
-4.790948234972149e-06
-4.479058662058091e-06
-4.187021685478823e-06
-3.913605585716386e-06
-3.657652827354589e-06
-3.418075761053001e-06
-3.193852527509696e-06
-2.984023229243574e-06
-2.787686290625605e-06
-2.603995026420102e-06
-2.43215442821741e-06
-2.271418086281376e-06
-2.121085326258167e-06
-1.980498493323908e-06
-1.849040395133845e-06
-1.726131898280407e-06
-1.611229634983765e-06
-1.503823872005419e-06
-1.403436491289134e-06
-1.309619089665136e-06
-1.221951180586401e-06
-1.140038520196353e-06
-1.063511506107856e-06
-9.920236758452938e-07
-9.252503184718526e-07
-8.628871331061092e-07
-8.046489818941466e-07
-7.502687234226143e-07
-6.994961100216648e-07
-6.520967419203476e-07
-6.078510905027707e-07
-5.665535880202278e-07
-5.28011751411622e-07
-4.920453776936063e-07
-4.584857829135878e-07
-4.271750838573361e-07
-3.979655239183302e-07
-3.707188406025364e-07
-3.453056726549092e-07
-3.216050018230375e-07
-2.995036137566814e-07
-2.788956263727686e-07
-2.596820187925343e-07
-2.417702001715833e-07
-2.250735899454002e-07
-2.095112569486407e-07
-1.950075355838711e-07
-1.814917154123975e-07
-1.688977103090964e-07
-1.571637702596744e-07
-1.462321961025294e-07
-1.360490780830151e-07
-1.265640651997693e-07
-1.177301214888143e-07
-1.095033269754908e-07
-1.018426644771548e-07
-9.470982924133466e-08
-8.806906982547067e-08
-8.188699456714216e-08
-7.613245571306068e-08
-7.077637190898935e-08
-6.579159248937266e-08
-6.115279742793789e-08
-5.683635639834446e-08
-5.282022844125772e-08
-4.908384896603234e-08
-4.560804238372239e-08
-4.237491882886011e-08
-3.936779546648719e-08
-3.657111701385385e-08
-3.397038349779708e-08
-3.155207733154855e-08
-2.93035904033227e-08
-2.721318118345552e-08
-2.52698976149143e-08
-2.346353583507585e-08
-2.178459235343934e-08
-2.022421015344126e-08
-1.877414285779369e-08
-1.742669840654272e-08
-1.617471750166161e-08
-1.501153349115768e-08
-1.393093277046906e-08
-1.292713967855316e-08
-1.19947663387192e-08
-1.112880345816669e-08
-1.032459021086366e-08
-9.577776581536607e-09
-8.884324363036165e-09
-8.240470874445914e-09
-7.642716635389318e-09
-7.087805115140173e-09
-6.572704067885902e-09
-6.094599821478642e-09
-5.650863528925441e-09
-5.239060116444134e-09
-4.856918379423831e-09
-4.502324140194219e-09
-4.173324854685934e-09
-3.868087743179388e-09
-3.584928604811504e-09
-3.322266841716537e-09
-3.078635435571799e-09
-2.852671963823514e-09
-2.643110826601757e-09
-2.448778030548042e-09
-2.268578964651433e-09
-2.101497833105602e-09
-1.946589796993519e-09
-1.802979533093113e-09
-1.669853688723408e-09
-1.546448724351537e-09
-1.432066465325627e-09
-1.326058269088492e-09
-1.227817448897503e-09
-1.13678411948376e-09
-1.052432052879807e-09
-9.742743273902148e-10
-9.018631528344636e-10
-8.347781012945151e-10
-7.72629453214356e-10
-7.150635514795345e-10
-6.617474851097647e-10
-6.123664171991928e-10
-5.666366584865966e-10
-5.242871442319919e-10
-4.850771718096937e-10
-4.48771414913423e-10
-4.151537552243776e-10
-3.84034474913745e-10
-3.552214086696653e-10
-3.285509310597106e-10
-3.038692229508717e-10
-2.810230998252867e-10
-2.598796016624032e-10
-2.403074872219191e-10
-2.221952167267481e-10
-2.054308398868602e-10
-1.899262965185119e-10
-1.75581833994423e-10
-1.623162679609815e-10
-1.500474085331489e-10
-1.386924136242146e-10
-1.281915350461119e-10
-1.184791708367992e-10
-1.094990166443521e-10
-1.011905494227124e-10
-9.350509306025076e-11
-8.639807256307198e-11
-7.982104560404352e-11
-7.374107535697075e-11
-6.811958542220328e-11
-6.292815544266008e-11
-5.813028023064717e-11
-5.369503499750292e-11
-4.959883296158989e-11
-4.581416401469855e-11
-4.231396941522024e-11
-3.908270204782412e-11
-3.609556824349369e-11
-3.333346508637724e-11
-3.077746718131979e-11
-2.841401169990086e-11
-2.622752633620963e-11
-2.420825508202718e-11
-2.234213844350325e-11
-2.062054234574026e-11
-1.903601946184493e-11
-1.75729841516623e-11
-1.62218974961226e-11
-1.49730154278486e-11
-1.381865497166205e-11
-1.275550284639045e-11
-1.177551991009132e-11
-1.08707697072865e-11
-1.003312141949702e-11
-9.255664505440047e-12
-8.537640033098784e-12
-7.86828449060821e-12
-7.254197818167748e-12
-6.691957474723839e-12
-6.169871730362368e-12
-5.688095597155493e-12
-5.24480289498696e-12
-4.836865797449835e-12
-4.466250834749655e-12
-4.12424266097628e-12
-3.809835385121207e-12
-3.515516221909957e-12
-3.24197683130106e-12
-2.989742261114499e-12
-2.753892344892886e-12
-2.534586895917461e-12
-2.333635451787986e-12
-2.149864452560119e-12
-1.977412953174531e-12
-1.823099130323913e-12
-1.682045886664392e-12
-1.551504894267248e-12
-1.430839297031263e-12
-1.319980923852269e-12
-1.218573724296176e-12
-1.124864230768282e-12
-1.033336869779718e-12
-9.547902928687305e-13
-8.774397769294333e-13
-8.083366800231737e-13
-7.465882266197826e-13
-6.878695205487532e-13
-6.37988375114957e-13
-5.875808416795316e-13
-5.402049941636631e-13
-4.950378974041263e-13
-4.542429482889796e-13
-4.144465292556487e-13
-3.762980193839882e-13
-3.477445500310497e-13
-3.201408957731419e-13
-2.968028751812448e-13
-2.755851952023984e-13
-2.583229164721099e-13
-2.416566191329307e-13
-2.27234265074972e-13
-2.108931211202563e-13
-1.958331000626028e-13
-1.795807070804606e-13
-1.608491986143252e-13
-1.373117653200629e-13
-1.204478308211906e-13
-1.090381968644619e-13
-9.867347474523482e-14
-9.029188332767325e-14
-8.560271074740057e-14
-8.444604026483016e-14
-8.443775363413676e-14
-8.501360471647438e-14
-8.42701626812613e-14
-7.927437805916006e-14
-7.113849875190323e-14
-5.919266143166939e-14
-4.734080624058274e-14
-3.768862357231843e-14
-3.205142377278823e-14
-2.617849880319221e-14
-2.477613267836002e-14
-2.33330107632879e-14
-2.371647535885182e-14
-2.469641763493349e-14
-2.55578138582482e-14
-3.041486159067382e-14
-3.168028643507389e-14
-2.902993086590272e-14
-2.511142911874567e-14
-2.162377100269442e-14
-1.675941151090139e-14
-1.391125946208367e-14
-1.007761381818382e-14
-8.129264358856387e-15
-5.001841039481348e-15
-4.389582152760949e-15
-6.191045401220125e-15
-6.17252516945126e-15
-5.001853412624145e-15
-1.016710165930247e-15
-2.612909792861474e-15
-4.081364159441128e-15
-9.613376564994262e-15
-1.338665964638715e-14
-1.527077938131234e-14
-1.433797205392718e-14
-1.254713399099349e-14
-8.973950058353903e-15
-4.696402621932132e-15
1.712259984190929e-15
7.745329825139161e-15
1.117356091109762e-14
1.186456251553049e-14
1.116727123411498e-14
3.202083348619438e-15
-2.592957681568506e-15
-7.85698125497896e-15
-1.23879816557071e-14
-1.590720249072733e-14
-1.566898132807518e-14
-1.173084751353441e-14
-8.991996128033428e-15
-4.110150166201295e-15
4.560177159461901e-15
1.09071513590461e-14
1.567496200275526e-14
1.569532564383988e-14
1.298303425280208e-14
7.413261468471591e-15
-2.716106951572007e-15
-7.762332981997634e-15
-1.357245460759169e-14
-1.282211240171593e-14
-1.301689920490998e-14
-1.124071652434536e-14
-8.763475434377127e-15
-5.143718732059916e-15
3.766687321113433e-15
1.185867549741252e-14
1.547610570633038e-14
1.722545371148059e-14
1.369133576087664e-14
8.285092344723196e-15
-2.747714818048447e-15
-1.304087740214364e-14
-1.758785292379351e-14
-1.63412918166974e-14
-1.09521080193049e-14
-3.071053731027281e-15
1.02937245254629e-15
8.704719124582578e-15
8.764955112615042e-15
9.832348951147924e-15
6.202818979981294e-15
3.016234280314484e-15
-1.76033389816459e-15
-1.610553335578292e-15
-1.683209266462682e-15
-2.188435158167584e-15
-5.250127406332068e-15
-4.55779916798441e-15
-5.564000449442254e-16
5.067263807062822e-16
-2.034013939334497e-15
-4.459434686963021e-15
-9.173223357051102e-16
2.409288319594359e-15
6.761870900056461e-15
6.773449373049469e-15
5.882947411293072e-15
1.200314285019396e-15
-2.185469967456374e-15
-5.408409266463772e-15
-8.675140831780962e-15
-7.765918225969068e-15
-1.797448755261099e-15
2.392781906160493e-15
7.659326915476172e-15
5.119136157505849e-15
2.298395174592523e-15
-2.891456645413195e-15
-9.24396020035549e-16
-1.684131445753681e-15
6.739218911982863e-16
7.188400432208542e-16
-5.213036640681856e-16
1.895186412514652e-15
9.025640295036062e-16
-7.16859587756032e-16
-1.99135873728257e-15
-2.659492989168719e-15
-3.396118208903986e-15
-8.012780094769549e-16
2.284491029691597e-15
5.434462476985721e-15
4.173800764187079e-15
2.499431377794121e-15
-1.563714256296214e-15
-4.014535068538686e-15
-3.96944879215195e-15
-3.475285643663451e-15
-1.52082446426231e-16
2.176093968540916e-15
6.123881565614053e-15
4.128119728449516e-15
-1.098670128068827e-15
-4.297756449566551e-15
-4.633321561470363e-15
-3.187655337285032e-15
-4.086754617961047e-15
2.49418452163054e-15
2.567503048112802e-15
5.162134754962862e-15
6.679853393281597e-15
3.278104453524891e-15
-2.262495261801222e-15
-5.758969020242225e-15
-3.799627178832503e-15
-1.705877429832508e-16
-1.057899034983877e-15
1.418870070023684e-15
-3.003299167974411e-15
-2.194638542485333e-15
-4.817249072132255e-17
1.875072759965562e-15
4.163630227112058e-15
7.023067766145415e-15
3.517604581422619e-15
5.051900283340094e-16
-1.248903863350388e-15
-2.990913407313817e-15
-7.209767561800065e-15
-5.961120628483293e-15
-2.808921063431357e-15
1.645935450485024e-16
1.000100471931192e-15
2.965069383324059e-15
4.390642501344827e-15
3.90551896970438e-15
4.178720544102661e-15
3.976090780230987e-15
3.148293064663895e-15
