-1.363877014963968e-12
-8.599395608771798e-13
-5.429752755061676e-13
-3.45598138050243e-13
-2.225129534809954e-13
-1.446113429718814e-13
-9.515358255843671e-14
-6.331598747266162e-14
-4.257486844530549e-14
-2.786855242413611e-14
-1.760726110750099e-14
-8.131969820002693e-15
1.630281030123984e-15
1.336035532192155e-14
2.944457719994377e-14
5.29563937229451e-14
8.653507273932385e-14
1.360851138765808e-13
2.069809744696402e-13
3.077404642093463e-13
4.507977398476948e-13
6.51878795991905e-13
9.306024855506305e-13
1.315473156707109e-12
1.845648715619767e-12
2.570883292520633e-12
3.558486407775484e-12
4.897421038618484e-12
6.706486830081537e-12
9.142851602808302e-12
1.241226634151966e-11
1.678566741100015e-11
2.261924460109127e-11
3.037445400318155e-11
4.065358964482515e-11
5.423689219864096e-11
7.21316709091705e-11
9.563745861471152e-11
1.264235553223974e-10
1.666280085614418e-10
2.189799690529057e-10
2.869630706330751e-10
3.749984142601166e-10
4.886925802988034e-10
6.351349092803156e-10
8.232639918828631e-10
1.064324212638134e-09
1.372423489824369e-09
1.765219713640152e-09
2.264755650338947e-09
2.898478003259965e-09
3.700475945816735e-09
4.712980625051785e-09
5.988180168993909e-09
7.590408693840841e-09
9.598787574858855e-09
1.211038782581671e-08
1.524402358061678e-08
1.914478199024228e-08
2.398942373130048e-08
2.999280717224547e-08
3.741550056258566e-08
4.657280897472182e-08
5.784541927371053e-08
7.169195298295221e-08
8.866372224834384e-08
1.094220458110752e-07
1.347585106800181e-07
1.656186536262325e-07
2.031295587176213e-07
2.48631961408361e-07
3.037175224814175e-07
3.702720056137546e-07
4.505252012632678e-07
5.471085347049793e-07
6.631214034178456e-07
8.022074313616028e-07
9.686419342798002e-07
1.167432060516614e-06
1.40443121341263e-06
1.686469560275757e-06
2.021502596274398e-06
2.418779943347002e-06
2.889036797148497e-06
3.444710633120935e-06
4.100186059497984e-06
4.872070955844289e-06
5.779507309110966e-06
6.8445204542317e-06
8.092410717765545e-06
9.552191788891461e-06
1.125708044463882e-05
1.324504258507741e-05
1.555940086391082e-05
1.824950950157373e-05
2.137150219164331e-05
2.49891192916804e-05
2.917462074654845e-05
3.400979143664498e-05
3.958704578268405e-05
4.601063860705421e-05
5.339798937077918e-05
6.18811287810533e-05
7.160828134100827e-05
8.274559072290091e-05
9.547899572504289e-05
0.0001100162659799697
0.0001265892068001514
0.0001454560426361047
0.0001669039886483196
0.0001912520198369958
0.000218853847077112
0.0002501011091670491
0.0002854267897162376
0.0003253088673009965
0.0003702742067639951
0.0004209026989265907
0.0004778316551706662
0.0005417604624302776
0.0006134555030401851
0.0006937553426246685
0.000783576187746349
0.0008839176134044499
0.0009958685585852475
0.001120613585985067
0.001259439399699349
0.001413741612379702
0.001585031754636626
0.00177494452571064
0.001985245264891504
0.002217837622196481
0.002474771406366604
0.002758250584824476
0.003070641406358567
0.003414480613129854
0.00379248370417803
0.004207553207907036
0.004662786916079848
0.005161486027327957
0.005707163152543067
0.006303550214604946
0.006954606223543486
0.007664524779499416
0.008437741149250883
0.009278938885933334
0.01019305597657061
0.01118529045624582
0.01226110538227587
0.01342623308753935
0.01468667862373643
0.01604872232289393
0.0175189213933695
0.01910411044976285
0.02081140090320969
0.02264817910706571
0.02462210317995958
0.02674109841997668
0.02901335120847652
0.03144730134057042
0.0340516326775662
0.0368352620562358
0.03980732638206388
0.04297716781696222
0.04635431702591531
0.04994847439401085
0.05376948918035978
0.05782733656753287
0.06213209254590093
0.06669390664426528
0.07152297245172605
0.07662949594839077
0.08202366165350231
0.08771559657712077
0.09371533205467276
0.1000327634573023
0.1066776078619099
0.1136593597544496
0.1209872448145249
0.1286701719445195
0.136716683593996
0.145134904541379
0.1539324892804434
0.1631165681260316
0.1726936922891283
0.1826697780338488
0.1930500501623425
0.2038389850486616
0.2150402533944793
0.2266566630365983
0.2386901019717196
0.2511414819172776
0.2640106826885858
0.2772964976087219
0.2909965803457042
0.3051073933706718
0.3196241584004835
0.3345408091365953
0.3498499465346536
0.3655427970359213
0.3816091739464771
0.3980374423332149
0.4148144877420122
0.4319256889547726
0.4493548952144102
0.4670844080530601
0.4850949680572953
0.5033657468256755
0.5218743442679229
0.5405967916170744
0.5595075602031053
0.5785795762486021
0.5977842418492491
0.6170914621762325
0.6364696791743408
0.6558859116756807
0.6753058020757068
0.6946936696040026
0.7140125700779629
0.7332243622702872
0.7522897806643913
0.7711685146130545
0.7898192937807686
0.8081999795878719
0.8262676626318494
0.8439787656994008
0.8612891522322572
0.8781542399703047
0.8945291193338568
0.9103686763748199
0.9256277197552524
0.9402611114641697
0.9542239008556977
0.9674714614511717
0.9799596302203035
0.9916448486738352
1.002484305362093
1.012436079261572
1.021459283406708
1.029514208395524
1.036562465041022
1.04256712570032
1.047492863719903
1.051306090342229
1.05397508869939
1.055470144139067
1.055763670354842
1.054830330783475
1.052647154771917
1.049193648324695
1.044451898539239
1.038406670705032
1.03104549769007
1.02235876257241
1.012339776358111
1.000984847453506
0.9882933369418491
0.9742676998109875
0.9589135195438604
0.9422395427065793
0.9242577056973698
0.9049831462981252
0.8844342001963704
0.8626323878218812
0.8396023938123093
0.8153720369476902
0.7899722294070689
0.7634369254337441
0.7358030599930229
0.707110477819389
0.6774018528384804
0.6467225981659193
0.6151207669601056
0.5826469444398148
0.5493541314887972
0.5152976201548424
0.4805348614829465
0.4451253261246724
0.4091303581712493
0.3726130227518633
0.335637947876798
0.2982711610917472
0.2605799215035248
0.222632547739597
0.1844982424589347
0.1462469139980047
0.1079489957805678
0.0696752641073005
0.03149665494012203
-0.006515919685114981
-0.04429175499918184
-0.08176053597063886
-0.1188525183001463
-0.1554987073331514
-0.1916310343027395
-0.2271825293194808
-0.2620874905531964
-0.2962816490679012
-0.3297023287783177
-0.3622886010451986
-0.3939814334179302
-0.4247238320841966
-0.4544609776066549
-0.4831403535419571
-0.5107118676084994
-0.5371279650441915
-0.5623437338628966
-0.586317001743735
-0.6090084243110572
-0.6303815646473545
-0.6504029638372441
-0.6690422024206961
-0.6862719526602059
-0.702068021547018
-0.7164093845561462
-0.7292782101222256
-0.7406598748991431
-0.7505429698762772
-0.7589192974271921
-0.7657838594544313
-0.7711348367625324
-0.7749735598713134
-0.7773044714882743
-0.7781350808651023
-0.7774759103436791
-0.7753404343446706
-0.7717450111255795
-0.7667088076395634
-0.7602537178272185
-0.7524042747411349
-0.743187556846477
-0.7326330888993701
-0.7207727378057268
-0.7076406038642002
-0.6932729078478301
-0.6777078743116776
-0.6609856115611235
-0.6431479887107183
-0.6242385102556522
-0.6043021886103501
-0.5833854150162325
-0.5615358292561552
-0.5388021885904093
-0.5152342363057717
-0.4908825702917834
-0.4657985120237454
-0.4400339763490675
-0.4136413424432307
-0.3866733262755864
-0.3591828549369856
-0.3312229431450877
-0.3028465722473729
-0.2741065720148532
-0.2450555054957366
-0.2157455571969484
-0.1862284248277811
-0.1565552148345755
-0.1267763419306333
-0.09694143280427298
-0.06709923417679838
-0.03729752535575654
-0.007583035415893919
0.02199863488206644
0.05140308634283683
0.08058718968283937
0.1095091489141383
0.1381285597263008
0.1664064628440204
0.1943053923531706
0.2217894190092042
0.2488241885505883
0.2753769550618924
0.3014166094427663
0.3269137030449377
0.3518404665589731
0.3761708242413832
0.3998804035972325
0.4229465406361586
0.4453482808171966
0.4670663758213432
0.4880832762880571
0.5083831206697215
0.5279517203613168
0.5467765412671037
0.5648466819898298
0.5821528487987279
0.5986873275455988
0.6144439527071512
0.6294180737410645
0.6436065189611214
0.6570075570954137
0.6696208567086966
0.6814474436720716
0.6924896568608517
0.7027511022756355
0.7122366057520197
0.7209521644387986
0.7289048972177967
0.7361029942320266
0.7425556657038213
0.748273090188826
0.7532663624254875
0.757547440931607
0.7611290954884161
0.764024854662478
0.7662489534922433
0.7678162814824361
0.7687423310293666
0.7690431463787247
0.7687352732311801
0.7678357090940809
0.7663618544848945
0.7643314650776044
0.7617626048715592
0.75867360047281
0.7550829965479208
0.7510095125245109
0.7464720005964742
0.7414894050718546
0.7360807231069826
0.7302649668725331
0.7240611272122099
0.7174881388222484
0.7105648469464577
0.7033099755950175
0.695742097311421
0.6878796045233209
0.6797406824796578
0.6713432837456552
0.6627051042407994
0.65384356082143
0.6447757704208246
0.6355185307286163
0.6260883023626397
0.6165011925001256
0.6067729399528548
0.5969189016800308
0.586954040706065
0.5768929153883812
0.5667496699940806
0.5565380265532283
0.5462712779616414
0.5359622822920884
0.5256234582633345
0.5152667818285664
0.5049037838330308
0.494545548694626
0.484202714062567
0.4738854714124375
0.4636035675413304
0.4533663069062972
0.4431825547556663
0.4330607410079446
0.4230088648375231
0.41303449993081
0.4031448003585595
0.3933465070142315
0.3836459545763053
0.374049078959669
0.3645614252248716
0.3551881558935292
0.3459340596249653
0.3368035602162879
0.3278007258926451
0.3189292788561754
0.3101926050550897
0.3015937641417176
0.293135499587089
0.284820248917809
0.2766501540464238
0.2686270716665556
0.26075258368691
0.2530280076789411
0.2454544073153197
0.2380326027810286
0.2307631811300018
0.2236465065636103
0.2166827306127231
0.2098718022094253
0.2032134776362449
0.1967073303330399
0.1903527605453667
0.1841490048018236
0.1780951452108698
0.1721901185692958
0.1664327252698618
0.160821637998771
0.1553554102155794
0.1500324844098661
0.1448512001307314
0.1398098017825738
0.1349064461829934
0.1301392098797927
0.1255060962250319
0.1210050422055647
0.1166339250280544
0.112390568458116
0.1082727489139944
0.1042782013159847
0.1004046246940269
0.09664968755428856
0.09301103300698946
0.08948628365831068
0.08607304626961049
0.08276891618812644
0.07957148155243221
0.07647832727681422
0.07348703881906624
0.07059520573680378
0.06780042503797873
0.06510030432988625
0.06249246477176018
0.05997454383646833
0.05754419788680891
0.05519910457241524
0.05293696505261208
0.05075550605089147
0.0486524817468653
0.04662567551166643
0.04467290149316112
0.04279200605618066
0.04098086908321674
0.03923740514145412
0.03755956452217978
0.03594533415865783
0.03439273842750183
0.03289983983880487
0.0314647396204675
0.03008557820203758
0.02876053560338455
0.02748783173317492
0.0262657266020386
0.02509252045528679
0.02396655383001343
0.02288620754120418
0.02184990260120395
0.02085610007663871
0.01990330088712231
0.01899004554965446
0.01811491387273268
0.01727652460382362
0.01647353503385901
0.01570464056225479
0.0149685742256426
0.01426410619363905
0.01359004323464429
0.01294522815471764
0.01232853921234877
0.01173888951154956
0.01117522637576131
0.01063653070509168
0.01012181631931502
0.009630129288785587
0.009160547255141678
0.008712178743680344
0.008284162469363534
0.007875666638102083
0.007485888245102799
0.007114052371589254
0.006759411481437889
0.006421244718974206
0.006098857209078212
0.005791579360778961
0.005498766175473135
0.005219796560705961
0.004954072650452165
0.004701019132566621
0.004460082584301953
0.004230730816473147
0.004012452227033292
0.003804755164480395
0.003607167301603483
0.003419235020037035
0.003240522805986453
0.003070612657558385
0.002909103503931899
0.002755610636569106
0.002609765152675206
0.002471213411123445
0.002339616500982158
0.002214649722666264
0.002096002081872691
0.001983375796236443
0.001876485814782288
0.001775059350088155
0.001678835423202171
0.001587564421142849
0.001501007666992391
0.001418937002381267
0.001341134382304418
0.00126739148204364
0.001197509316152227
0.0011312978692768
0.001068575738622083
0.001009169787914621
0.0009529148126214429
0.0008996532162611152
0.0008492346974936292
0.0008015159479126212
0.0007563603602109783
0.0007136377465113758
0.0006732240666556431
0.0006350011661765451
0.0005988565237466129
0.0005646830078671521
0.000532378642548816
0.0005018463816999338
0.000472993892074364
0.0004457333444468229
0.0004199812128452779
0.0003956580815620858
0.0003726884597564518
0.000351000603387685
0.0003305263442365408
0.0003112009258284263
0.0002929628460294538
0.0002757537060307285
0.0002595180656443843
0.0002442033045412595
0.0002297594893871001
0.0002161392465059703
0.0002032976400231234
0.0001911920551940027
0.0001797820867946003
0.0001690294323350607
0.0001588977899950999
0.0001493527610101601
0.0001403617563989907
0.0001318939078801844
0.0001239199827498055
0.0001164123026305784
0.0001093446659166793
0.0001026922737791357
9.643165952900061e-05
9.054062130624321e-05
8.499815787276005e-05
7.97844074170856e-05
7.488058924671146e-05
7.026894822327738e-05
6.593270185728319e-05
6.185598994819591e-05
5.802382659568925e-05
5.442205459741769e-05
5.10373020118825e-05
4.785694086605553e-05
4.48690478654184e-05
4.206236708590852e-05
3.942627445122895e-05
3.695074403361352e-05
3.462631601889874e-05
3.244406626604668e-05
3.039557742346614e-05
2.84729114948452e-05
2.666858381241867e-05
2.497553833468956e-05
2.338712421690787e-05
2.189707357176581e-05
2.049948040948579e-05
1.918878064998356e-05
1.79597331786923e-05
1.680740191567695e-05
1.57271387984552e-05
1.471456768969666e-05
1.376556912834122e-05
1.287626588490827e-05
1.204300928330808e-05
1.126236629550083e-05
1.05311072727133e-05
9.846194381099277e-06
9.204770655445172e-06
8.604149623951032e-06
8.04180553283212e-06
7.515364088494546e-06
7.022593715585821e-06
6.561397284187417e-06
6.129804314051817e-06
5.725963596769547e-06
5.34813623108766e-06
4.99468905232501e-06
4.664088425377429e-06
4.35489439062909e-06
4.065755134658915e-06
3.795401773028934e-06
3.542643444304655e-06
3.306362655303324e-06
3.085510925725814e-06
2.879104658478541e-06
2.68622124020012e-06
2.505995401309104e-06
2.337615743856538e-06
2.180321516149201e-06
2.033399530795704e-06
1.896181286763386e-06
1.768040258444546e-06
1.648389333990177e-06
1.536678413704743e-06
1.432392126915188e-06
1.335047737076545e-06
1.24419310729515e-06
1.159404835953996e-06
1.080286469021082e-06
1.006466833865396e-06
9.375984705076133e-07
8.733561702562251e-07
8.134355849716974e-07
7.57551916871524e-07
7.054386950022671e-07
6.568466426720242e-07
6.115425863195882e-07
5.693084440702954e-07
5.299402789273021e-07
4.932473913923585e-07
4.59051502381414e-07
4.271859489968032e-07
3.974949557652373e-07
3.698329293547753e-07
3.440638215029877e-07
3.20060508913249e-07
2.977042230339797e-07
2.768840291534757e-07
2.574963055950825e-07
2.394442772131674e-07
2.226375769426199e-07
2.069918174699336e-07
1.924282240436732e-07
1.788732578614997e-07
1.662582779830475e-07
1.545192313501354e-07
1.43596339870004e-07
1.334338296760572e-07
1.239796621003858e-07
1.151852925532025e-07
1.070054439947123e-07
9.939788607060225e-08
9.232323309168782e-08
8.574476670253032e-08
7.962825234236499e-08
7.394176447944808e-08
6.865555342405337e-08
6.374189620129235e-08
5.917494671312539e-08
5.493061821300579e-08
5.098647347954643e-08
4.732160911749509e-08
4.3916551065988e-08
4.075316522183042e-08
3.781456148488808e-08
3.508500333240201e-08
3.254984263028852e-08
3.019543374081832e-08
2.800908460417099e-08
2.597896520823647e-08
2.409407584601772e-08
2.234417707628001e-08
2.071973914073886e-08
1.921188924296686e-08
1.78123794016878e-08
1.651353192871876e-08
1.53082136669129e-08
1.41897748150967e-08
1.315204654654806e-08
1.218927623646153e-08
1.129612781134626e-08
1.046763660339651e-08
9.6991828989258e-09
8.9864713787968e-09
8.325511280398628e-09
7.712596532775379e-09
7.144270424261491e-09
6.617338678201296e-09
6.128818292887333e-09
5.675945104267901e-09
5.256157119274442e-09
4.867060098478595e-09
4.506441311549584e-09
4.17224281462195e-09
3.862556307049888e-09
3.575606623240086e-09
3.309745781111108e-09
3.063437654818689e-09
2.835264864098175e-09
2.623904936311737e-09
2.428130101874721e-09
2.246808511618195e-09
2.078882734643161e-09
1.923370730627348e-09
1.779370111272353e-09
1.646036066158105e-09
1.522591301919145e-09
1.408312712821725e-09
1.302522925100519e-09
1.204604124514948e-09
1.113972452304073e-09
1.030094299375437e-09
9.524717485753802e-10
8.806431979964986e-10
8.141739037108018e-10
7.526713664800768e-10
6.957686308596216e-10
6.43133755788065e-10
5.944400687154649e-10
5.49396805490806e-10
5.077318052164092e-10
4.691927919605371e-10
4.3355339237227e-10
4.005964741504825e-10
3.701243049951925e-10
3.41948821784002e-10
3.15903792771939e-10
2.918249687888613e-10
2.695654353217327e-10
2.489852467044957e-10
2.299631410496347e-10
2.123841411016681e-10
1.961354614095375e-10
1.811191943028461e-10
1.67242778279552e-10
1.544180328907617e-10
1.425661001448263e-10
1.316177148828805e-10
1.215027556968295e-10
1.121595763904815e-10
1.035272091996847e-10
9.555636093508509e-11
8.818902230901672e-11
8.13910344990056e-11
7.511498163842932e-11
6.932185721872238e-11
6.397025072005044e-11
5.902732158658369e-11
5.446105038039463e-11
5.024660631646946e-11
4.635272121632226e-11
4.275670801508252e-11
3.94367855546428e-11
3.637496373650619e-11
3.355058641954827e-11
3.094248571446134e-11
2.853616622568632e-11
2.631573221737803e-11
2.427207613268018e-11
2.237745316887272e-11
2.063414365076557e-11
1.902375998306418e-11
1.753871045718953e-11
1.617091561196526e-11
1.490972932887694e-11
1.374891372068992e-11
1.267531907815245e-11
1.168071195551357e-11
1.076760852821828e-11
9.919075538166439e-12
9.138700541406422e-12
8.420272760225625e-12
7.754236655425953e-12
7.142757472244722e-12
6.580952554832548e-12
6.065793498267401e-12
5.59224842720912e-12
5.154419738233199e-12
4.753648201503018e-12
4.380506931126432e-12
4.034687265249088e-12
3.714505814552892e-12
3.420684813455374e-12
3.151594693749437e-12
2.904099653673738e-12
2.671934130874609e-12
2.454175445041678e-12
2.256176489578191e-12
2.079827317863619e-12
1.914011175737357e-12
1.761958330528263e-12
1.621573743135053e-12
1.494300529410229e-12
1.380146038493066e-12
1.275924615358603e-12
1.176304962171158e-12
1.081925653652822e-12
9.948002230945015e-13
9.169660398808942e-13
8.42037512774337e-13
7.731353589503666e-13
7.049897552289069e-13
6.494561608494739e-13
5.968586950183299e-13
5.458506756531819e-13
5.060710356265084e-13
4.635009069913064e-13
4.27817997024311e-13
3.955018687357608e-13
3.684390409677466e-13
3.401987243477971e-13
3.170646942498936e-13
2.910678100541468e-13
2.675614501091822e-13
2.406044910259254e-13
2.211323370468027e-13
1.973309050257384e-13
1.805710688810586e-13
1.670180016961344e-13
1.56271905754876e-13
1.449343929801959e-13
1.339634399794597e-13
1.253638500762629e-13
1.167166059669336e-13
1.047370017482203e-13
9.571753563159275e-14
8.679915826239256e-14
7.668454656297052e-14
7.023792300889552e-14
6.849989176869048e-14
6.765891023946252e-14
6.443890889022621e-14
5.583703678947704e-14
4.715376724871765e-14
4.481330671965515e-14
4.136237661488723e-14
3.96212520054073e-14
3.531750488751748e-14
2.897376886299433e-14
2.325155595577608e-14
1.972327255609396e-14
2.083517957617309e-14
1.933487275639168e-14
2.141848069701943e-14
2.419328755649574e-14
2.409194299092281e-14
2.352352328214952e-14
2.153416061748294e-14
1.916044523462335e-14
1.428803770423245e-14
8.307734398733199e-15
6.518915803921748e-15
4.289202923121791e-15
4.272379315257241e-15
-1.428630378978117e-16
3.744474872129702e-15
2.762612857937098e-15
6.349181964355035e-15
9.336282097323726e-15
9.200189266360758e-15
1.363876338687363e-14
1.259544513815347e-14
9.102355634242966e-15
4.070758604687293e-15
3.446820099274881e-15
-1.025401838835473e-15
-4.722245824719975e-15
-5.641401494664708e-16
1.85997177681499e-15
3.848182706135238e-15
9.979406494358103e-16
1.224828903963338e-15
-2.198119347733318e-16
3.029077685584062e-15
2.475353542091011e-15
-1.177919347431926e-15
-4.191231825296334e-15
-6.990621038842614e-16
2.04589990924713e-15
6.469053759256838e-15
1.009476960230713e-14
8.960231136345499e-15
5.060296054978936e-15
3.65890147550903e-15
1.457849752085791e-17
-4.826888312843841e-15
-7.911567823605436e-15
-1.253399456560386e-14
-1.345219274698394e-14
-7.206264349838863e-15
4.26835699883143e-16
3.100117999243919e-15
8.348244339546258e-15
1.222315250154108e-14
1.545964995700016e-14
1.186516119674212e-14
8.869761103065199e-15
-1.539619783003037e-15
-5.762301672623695e-15
-9.081534249406651e-15
-1.070311707898005e-14
-8.535103841002411e-15
-4.692599607785605e-15
-1.891409604683424e-16
3.594724981441269e-15
2.208008058133732e-15
-2.637516888388525e-15
-5.985669670698301e-15
-2.307746227055876e-15
1.738486668080637e-15
6.229882262420593e-15
1.134036103322269e-14
1.562632667790094e-14
1.496773129128944e-14
1.124197143068837e-14
1.51448550449688e-15
-7.64975550915602e-15
-1.93835504424878e-14
-2.512813210471752e-14
-2.174494983646275e-14
-1.743034510329257e-14
-5.994076188261358e-15
5.513748722327067e-15
1.524253537122836e-14
2.263436885321547e-14
2.58636445251178e-14
2.272798413932266e-14
1.294595147247715e-14
5.743272543993698e-15
-2.782293537539343e-15
-9.839200762144295e-15
-2.01337610773496e-14
-2.829025760197551e-14
-2.782642194397684e-14
-2.005306169621512e-14
-6.357300171147492e-15
4.415357810325896e-15
1.775374975858416e-14
2.418728477526369e-14
2.607350601295264e-14
2.212956936290291e-14
1.240881192748435e-14
4.277749340982248e-15
-2.781262273925125e-15
-8.420214661986556e-15
-1.606903793932813e-14
-2.188398414959174e-14
-2.256337580598905e-14
-1.786090224854902e-14
-9.090942099618231e-15
2.461385130378201e-15
1.049239618048787e-14
1.57536512295251e-14
1.68127104555147e-14
1.567435321704379e-14
1.39440643685456e-14
8.144234550066253e-15
2.070983473287321e-15
-5.514384608981628e-15
-9.070313791063402e-15
-1.10557662647085e-14
-1.225933410953039e-14
-1.313262866893121e-14
-1.372797171614782e-14
-6.151143400749326e-15
1.416882176897963e-16
4.071083728694392e-15
9.191291165196166e-15
1.442077368822047e-14
1.497582817194815e-14
1.109274534420363e-14
7.238965953078302e-15
5.313659441916432e-15
-1.545705771292046e-15
-6.977760374345739e-15
-1.184594478161774e-14
-1.449822261968345e-14
-1.226578961621354e-14
-7.973996724598256e-15
-3.417698708832706e-15
-3.721258411508901e-16
3.497003860276164e-15
9.669646222025746e-15
9.995124867572139e-15
8.907974681122472e-15
8.298200885557112e-15
8.110557706661847e-15
5.31934338993841e-15
-2.45056945626731e-15
-8.863014663635017e-15
-9.806153252387181e-15
-8.566226245644279e-15
-8.100074130282545e-15
-4.221018296050987e-15
