1.15696878258116e-12
7.086095770465075e-13
4.362710423800957e-13
2.699186222662193e-13
1.673129225510547e-13
1.033256523697343e-13
6.323730906795814e-14
3.741958787087302e-14
2.066755890341654e-14
9.227851459754092e-15
1.328687732347085e-15
-4.872362390507643e-15
-1.005538427042455e-14
-1.461904045428601e-14
-1.980279885884334e-14
-2.606100959566706e-14
-3.293428296432795e-14
-4.277810937142015e-14
-5.555782355480715e-14
-7.409935645216455e-14
-9.973759754170282e-14
-1.354764765658051e-13
-1.855810633527317e-13
-2.574366112378832e-13
-3.568319048540298e-13
-4.946921258688204e-13
-6.872987066989567e-13
-9.537400074653754e-13
-1.318903174114151e-12
-1.81947587483517e-12
-2.502645256350203e-12
-3.4295229298112e-12
-4.684243483223112e-12
-6.375296452807835e-12
-8.647255794868404e-12
-1.169021027617975e-11
-1.575048003211729e-11
-2.115346795124007e-11
-2.831908902444971e-11
-3.779528469720859e-11
-5.028888390735002e-11
-6.671212809510217e-11
-8.823729085897058e-11
-1.163715287016784e-10
-1.530395073658786e-10
-2.006981631034709e-10
-2.624721047528213e-10
-3.423298307737416e-10
-4.452899615371328e-10
-5.776903198052263e-10
-7.47510101327156e-10
-9.647663382431662e-10
-1.242006338806799e-09
-1.59489990368231e-09
-2.042974199737283e-09
-2.610497724948009e-09
-3.327557118488456e-09
-4.231361803892256e-09
-5.367820905888189e-09
-6.793436688980677e-09
-8.577586779314056e-09
-1.080525782691177e-08
-1.358031426270595e-08
-1.702940547002691e-08
-2.130660483507605e-08
-2.659893795369989e-08
-3.313291778332489e-08
-4.118228900163164e-08
-5.107715388026197e-08
-6.321472641517635e-08
-7.807196503690086e-08
-9.62203845568473e-08
-1.18343386270597e-07
-1.452565004636237e-07
-1.779309587035622e-07
-2.17521126469135e-07
-2.653963244148381e-07
-3.23177694929524e-07
-3.927808207860385e-07
-4.7646488464014e-07
-5.768892897393788e-07
-6.971787220616054e-07
-8.409977908991231e-07
-1.012636484416011e-06
-1.217107822054667e-06
-1.4602592452072e-06
-1.748899425473936e-06
-2.090942365558575e-06
-2.495570835044205e-06
-2.973421391825792e-06
-3.536793447746291e-06
-4.199885038325969e-06
-4.979058224818019e-06
-5.893137247335415e-06
-6.963742844263874e-06
-8.215666360968512e-06
-9.677287554387498e-06
-1.138104023826814e-05
-1.336393015652452e-05
-1.566810971780945e-05
-1.834151442798794e-05
-2.143856611234946e-05
-2.502094892014189e-05
-2.915846620945504e-05
-3.392998394890166e-05
-3.942446685399641e-05
-4.574211423834639e-05
-5.299560290981231e-05
-6.131144469246903e-05
-7.083146643309023e-05
-8.171442056298239e-05
-9.413773448563851e-05
-0.0001082994072317832
-0.0001244200619214266
-0.0001427451626530505
-0.0001635474044441724
-0.0001871292847866559
-0.0002138258652573146
-0.0002440077313916834
-0.0002780841587464235
-0.0003165064926433232
-0.0003597717485658547
-0.0004084264395380388
-0.0004630706360034998
-0.0005243622628116782
-0.0005930216367767128
-0.0006698362471757387
-0.0007556657820168752
-0.0008514474057847618
-0.0009582012850123863
-0.001077036357181742
-0.001209156337860862
-0.001355865958889229
-0.001518577427993314
-0.001698817097595257
-0.001898232327656828
-0.002118598524270367
-0.002361826332311887
-0.002629968957147215
-0.002925229591491837
-0.003249968963494245
-0.003606712995940395
-0.003998160499229516
-0.004427190814355137
-0.004896871383962654
-0.005410465236463122
-0.00597143834318939
-0.006583466782807346
-0.007250443658611622
-0.007976485707831887
-0.008765939549409038
-0.009623387508216404
-0.01055365294231669
-0.01156180501226441
-0.01265316281198708
-0.01383329879314833
-0.0151080414081278
-0.01648347688573792
-0.01796595007298531
-0.01956206425039729
-0.02127867984828231
-0.02312291198482996
-0.02510212673494724
-0.02722393606774704
-0.0294961913578323
-0.03192697540548301
-0.03452459289458484
-0.0372975592040014
-0.04025458752919511
-0.04340457423017806
-0.04675658236398319
-0.05031982335385576
-0.05410363673291703
-0.05811746795647313
-0.06237084422432409
-0.06687334831034843
-0.07163459039104747
-0.07666417784959989
-0.08197168310522263
-0.08756660944884943
-0.0934583549378951
-0.09965617439649344
-0.1061691395488611
-0.113006097403842
-0.120175626923724
-0.1276859941004423
-0.1355451055509312
-0.1437604607161582
-0.1523391028571474
-0.1612875689381582
-0.1706118385947073
-0.1803172823652542
-0.1904086093286008
-0.200889814416674
-0.2117641255433101
-0.223033950812684
-0.2347008260441575
-0.2467653628042371
-0.2592271972816937
-0.2720849401791839
-0.2853361279311995
-0.2989771755226519
-0.3130033311274855
-0.3274086329475781
-0.3421858684304003
-0.3573265361947218
-0.3728208109463284
-0.3886575115956631
-0.4048240729611829
-0.4213065212120839
-0.4380894533681048
-0.4551560211094448
-0.4724879190615635
-0.4900653779049878
-0.5078671623984207
-0.5258705745804984
-0.5440514623341475
-0.5623842333893146
-0.5808418750319814
-0.5993959795124731
-0.6180167753364665
-0.6366731645185928
-0.6553327657493386
-0.6739619636309222
-0.6925259638469212
-0.7109888543293126
-0.7293136723716594
-0.7474624775008395
-0.7653964301350894
-0.7830758757446337
-0.8004604344332867
-0.8175090957473143
-0.8341803183900413
-0.8504321347432675
-0.866222259761436
-0.8815082040166297
-0.8962473905662716
-0.9103972751931249
-0.9239154697923767
-0.9367598683534603
-0.9488887751989765
-0.9602610350462045
-0.9708361643564692
-0.9805744836766481
-0.9894372503146992
-0.9973867908784814
-1.004386633181913
-1.010401637043031
-1.015398123776957
-1.019344003503189
-1.022208899222158
-1.023964267207578
-1.024583514569132
-1.024042115775215
-1.022317724801682
-1.019390276731363
-1.01524207856644
-1.009857896558813
-1.003225046984741
-0.9953334823572582
-0.9861758651051542
-0.9757476284066886
-0.9640470295292003
-0.9510751980246241
-0.9368361762654669
-0.9213369507878447
-0.904587474220361
-0.8866006781449236
-0.8673924770421838
-0.846981762986441
-0.8253903909894805
-0.802643154971551
-0.7787677543705447
-0.7537947515374505
-0.7277575199137981
-0.7006921831502477
-0.672637545326474
-0.6436350124338728
-0.6137285054150656
-0.5829643649631382
-0.5513912484112421
-0.5190600190385223
-0.486023628119633
-0.4523369901464371
-0.4180568515935973
-0.3832416536939562
-0.347951389679098
-0.31224745693919
-0.2761925046263165
-0.2398502771941266
-0.203285454422737
-0.1665634884653858
-0.1297504384522947
-0.0929128032227334
-0.05611735273766502
-0.01943095874648489
0.01707957473010622
0.05334768054094893
0.08930719660891841
0.1248925326481875
0.1600388348507633
0.1946821480115015
0.2287595745682723
0.2622094300648143
0.2949713945393946
0.3269866593734566
0.3581980691525474
0.388550258107921
0.417989780761332
0.4464652363747231
0.4739273868578557
0.5003292678097057
0.5256262923874206
0.5497763477617892
0.5727398838974
0.5944799944672416
0.6149624897266689
0.6341559611789032
0.6520318379407863
0.668564434698832
0.6837309912187506
0.697511703385985
0.709889745767444
0.7208512857640038
0.7303854893857311
0.7384845187566274
0.7451435214698426
0.750360611924231
0.7541368448479792
0.7564761811712809
0.7573854464766612
0.7568742822677071
0.75495509030931
0.7516429703569542
0.7469556515350622
0.7409134176846979
0.7335390270086279
0.7248576263451764
0.7148966604519323
0.7036857766344817
0.6912567251087337
0.6776432554733787
0.6628810096538306
0.6470074117200947
0.6300615549523233
0.6120840865645283
0.5931170904736142
0.5732039684806212
0.5523893202618415
0.5307188225330712
0.5082391077727624
0.4849976428676024
0.461042608024455
0.4364227763084273
0.4111873941303863
0.3853860630179139
0.3590686229813548
0.3322850377665241
0.3050852822894491
0.2775192325152472
0.2496365580445935
0.2214866176473365
0.1931183579620785
0.16458021557631
0.1359200226741123
0.1071849164305352
0.07842125231135333
0.04967452141923077
0.02098927201423101
-0.00759096468562116
-0.03602374433078789
-0.06426777481969971
-0.09228297717170658
-0.1200305418485227
-0.1474729804942629
-0.1745741730838378
-0.2012994104837771
-0.2276154324377821
-0.2534904610079658
-0.2788942295106407
-0.3037980070029083
-0.328174618386774
-0.3519984602079803
-0.3752455122491903
-0.3978933450066509
-0.4199211231533744
-0.4413096051033473
-0.4620411388049653
-0.4820996539110117
-0.5014706504500002
-0.5201411841401516
-0.5380998484940838
-0.5553367538659488
-0.5718435036086685
-0.5876131674909445
-0.602640252539146
-0.616920671468094
-0.630451708864009
-0.6432319852987587
-0.6552614195290899
-0.6665411889486835
-0.6770736884577182
-0.6868624879076304
-0.6959122882905194
-0.7042288768246724
-0.7118190811045875
-0.718690722468915
-0.7248525687213393
-0.730314286354075
-0.7350863924096038
-0.739180206124556
-0.7426078004878943
-0.7453819538354152
-0.747516101613912
-0.7490242884203847
-0.7499211204359433
-0.7502217183591924
-0.7499416709241749
-0.7490969890935589
-0.7477040610199116
-0.7457796078838521
-0.7433406406852699
-0.7404044180287859
-0.7369884049577508
-0.733110232907126
-0.728787660857479
-0.7240385377376748
-0.718880766089721
-0.7133322670228099
-0.7074109464996484
-0.7011346630100154
-0.6945211966526498
-0.6875882196138693
-0.6803532680447832
-0.6728337153567417
-0.6650467469641763
-0.6570093364737052
-0.6487382232921327
-0.6402498916399221
-0.6315605509645512
-0.6226861177535704
-0.6136421987292825
-0.6044440753954856
-0.5951066899184847
-0.5856446323096809
-0.5760721288804269
-0.5664030319392206
-0.556650810704283
-0.5468285434090835
-0.5369489105532907
-0.5270241892573647
-0.5170662486834554
-0.5070865464894952
-0.4970961262872726
-0.4871056160526667
-0.4771252274396837
-0.467164755958054
-0.457233581982025
-0.4473406725609962
-0.4374945839770538
-0.4277034650010113
-0.4179750608062347
-0.4083167175041372
-0.3987353872663538
-0.3892376339890347
-0.3798296394628507
-0.3705172100097772
-0.3613057835446409
-0.352200437025346
-0.3432058942550278
-0.3343265340021458
-0.3255663984048005
-0.3169292016279631
-0.3084183387474718
-0.300036894823032
-0.2917876541257853
-0.2836731094926784
-0.2756954717851057
-0.2678566794310518
-0.2601584080198115
-0.2526020799224626
-0.2451888739158813
-0.2379197347917314
-0.2307953829338471
-0.2238163238411128
-0.2169828575767051
-0.2102950881271706
-0.2037529326567974
-0.1973561306450412
-0.1911042528912489
-0.1849967103738695
-0.1790327629529469
-0.1732115279059823
-0.1675319882892287
-0.1619930011145194
-0.1565933053340965
-0.1513315296268844
-0.1462061999808514
-0.1412157470680213
-0.136358513406288
-0.131632760304489
-0.1270366745879971
-0.1225683751028252
-0.1182259189977125
-0.1140073077824535
-0.1099104931622234
-0.1059333826481672
-0.1020738449457234
-0.09832971512303207
-0.09469879955993074
-0.09117888067952988
-0.08776772146488718
-0.08446306976371884
-0.08126266238490544
-0.07816422898965525
-0.07516549578108049
-0.07226418899618096
-0.06945803820481639
-0.06674477942076382
-0.06412215802862915
-0.06158793153088583
-0.05913987212000097
-0.05677576908124918
-0.05449343103192168
-0.05229068800123055
-0.05016539335587343
-0.04811542557647249
-0.04613868989022515
-0.04423311976521074
-0.04239667827138662
-0.04062735931349657
-0.03892318874108436
-0.03728222534085837
-0.03570256171677172
-0.03418232506248721
-0.03271967783109959
-0.03131281830699043
-0.02995998108460962
-0.02865943745897593
-0.02740949573238389
-0.02620850144190318
-0.02505483751200844
-0.02394692433657765
-0.02288321979437346
-0.02186221920216202
-0.02088245520949029
-0.01994249763894272
-0.01904095327525118
-0.01817646560672961
-0.01734771452257644
-0.01655341596969332
-0.01579232157204667
-0.01506321821549625
-0.01436492760087215
-0.01369630576825573
-0.01305624259527655
-0.01244366127200853
-0.01185751775481583
-0.01129680020159195
-0.01076052839054725
-0.01024775312452053
-0.009757555622938792
-0.00928904690335363
-0.008841367154446861
-0.008413685102134246
-0.008005197370300279
-0.00761512783767312
-0.007242726992344704
-0.006887271285308836
-0.006548062484145499
-0.006224427028040374
-0.005915715385115388
-0.005621301413266917
-0.005340581725392913
-0.005072975059877125
-0.004817921657005836
-0.004574882642056807
-0.004343339415820336
-0.004122793053089963
-0.003912763709741471
-0.00371279003876677
-0.00352242861580965
-0.003341253374524109
-0.003168855052170419
-0.003004840645672732
-0.002848832878489549
-0.002700469678452892
-0.002559403666751014
-0.002425301658193445
-0.002297844172886871
-0.002176724959419872
-0.002061650529626101
-0.001952339704931329
-0.001848523174300765
-0.001749943063787449
-0.001656352517563992
-0.001567515290420997
-0.00148320535169189
-0.001403206500448523
-0.001327311991892236
-0.001255324174798144
-0.001187054139877691
-0.001122321378887568
-0.001060953454421128
-0.001002785680084407
-0.0009476608109676707
-0.0008954287441581333
-0.0008459462291470699
-0.0007990765879602499
-0.0007546894447269427
-0.0007126604645689839
-0.0006728711015510771
-0.0006352083555221101
-0.0005995645375768072
-0.0005658370439507329
-0.0005339281381542694
-0.0005037447411053705
-0.0004751982290661236
-0.0004482042391399329
-0.0004226824821501309
-0.0003985565626622655
-0.0003757538059590565
-0.0003542050917224982
-0.0003338446942935507
-0.0003146101292477813
-0.0002964420060841096
-0.0002792838868644664
-0.0002630821505658709
-0.0002477858630284749
-0.0002333466522311951
-0.0002197185887719129
-0.0002068580713286395
-0.0001947237169888129
-0.0001832762561926156
-0.0001724784321838032
-0.0001622949048250961
-0.0001526921585104548
-0.0001436384141735012
-0.0001351035450812396
-0.0001270589964232781
-0.0001194777084193361
-0.0001123340429106619
-0.0001056037132155457
-9.926371719072452e-05
-9.329227331619444e-05
-8.76687597217686e-05
-8.23736560263266e-05
-7.738848785223575e-05
-7.26957739328888e-05
-6.82789756959607e-05
-6.412244922239867e-05
-6.021139946440127e-05
-5.653183664193187e-05
-5.307053474967808e-05
-4.981499201305329e-05
-4.675339327760065e-05
-4.387457422971262e-05
-4.116798732191399e-05
-3.862366940615266e-05
-3.623221094187475e-05
-3.398472671698671e-05
-3.187282803032246e-05
-2.988859626729756e-05
-2.802455776935307e-05
-2.627366000747459e-05
-2.462924891832113e-05
-2.30850474133373e-05
-2.163513497307775e-05
-2.027392827634915e-05
-1.899616285361249e-05
-1.77968756352581e-05
-1.667138845196114e-05
-1.561529235911196e-05
-1.462443279015748e-05
-1.369489548616958e-05
-1.282299316284581e-05
-1.200525286396614e-05
-1.123840403093756e-05
-1.051936713591343e-05
-9.845242985014665e-06
-9.213302552903405e-06
-8.620977379394763e-06
-8.06585047397587e-06
-7.54564772762843e-06
-7.058229770006397e-06
-6.601584288327454e-06
-6.173818745779575e-06
-5.773153498208889e-06
-5.397915318699816e-06
-5.046531240287418e-06
-4.717522770750835e-06
-4.409500404328989e-06
-4.12115845346676e-06
-3.851270157549581e-06
-3.598683071320663e-06
-3.362314710637131e-06
-3.14114844497807e-06
-2.934229641219763e-06
-2.740661973025236e-06
-2.559604003845521e-06
-2.390265895659035e-06
-2.231906365754872e-06
-2.083829785487406e-06
-1.945383458363829e-06
-1.815955058936298e-06
-1.69497018744137e-06
-1.581890117845934e-06
-1.476209628910145e-06
-1.377454976946004e-06
-1.285182018528857e-06
-1.198974377974369e-06
-1.118441791866543e-06
-1.043218493109972e-06
-9.72961736554876e-07
-9.073503706663586e-07
-8.460835281433446e-07
-7.888793774560412e-07
-7.354739425820079e-07
-6.856200116323476e-07
-6.390860884372212e-07
-5.9565543763646e-07
-5.551251512387341e-07
-5.173052921668879e-07
-4.820180949246767e-07
-4.490971972124918e-07
-4.183869233882903e-07
-3.897416295928307e-07
-3.630250528421307e-07
-3.381097365489918e-07
-3.148764761012581e-07
-2.932137809583185e-07
-2.730174115822098e-07
-2.541898968733215e-07
-2.366401102415551e-07
-2.202828808443399e-07
-2.05038597330514e-07
-1.908328557390019e-07
-1.775961301335506e-07
-1.652634586401466e-07
-1.537741480917346e-07
-1.430715044896193e-07
-1.33102578082744e-07
-1.23817898682482e-07
-1.151712816674764e-07
-1.071196030347514e-07
-9.962259572657352e-08
-9.264267308997807e-08
-8.61447391617813e-08
-8.009604451869516e-08
-7.446602436058748e-08
-6.922615686866757e-08
-6.434982683231852e-08
-5.981220161455493e-08
-5.559012304762068e-08
-5.166198462036598e-08
-4.800763104742932e-08
-4.460827170762815e-08
-4.144637854639079e-08
-3.850560621474174e-08
-3.577072177798428e-08
-3.322752478473318e-08
-3.086276983475907e-08
-2.866412323520334e-08
-2.662007912321669e-08
-2.471992156382348e-08
-2.295367000929685e-08
-2.131202115634321e-08
-1.978630983378493e-08
-1.836846002779765e-08
-1.705095161570611e-08
-1.582678205162292e-08
-1.468942183018905e-08
-1.363280044083541e-08
-1.265126148886933e-08
-1.17395422324983e-08
-1.089274200657737e-08
-1.010630032134474e-08
-9.375966293278802e-09
-8.697792825072205e-09
-8.068107833608617e-09
-7.48348660242527e-09
-6.940743310784297e-09
-6.436913623559647e-09
-5.969243190478302e-09
-5.535168275524944e-09
-5.132305007537861e-09
-4.75843517810504e-09
-4.411503672724239e-09
-4.089593817568928e-09
-3.790918944713584e-09
-3.513816809187375e-09
-3.256755747204384e-09
-3.018291373900486e-09
-2.797105231759056e-09
-2.591956292105858e-09
-2.401698456803526e-09
-2.225260230382116e-09
-2.06165306967273e-09
-1.909952796347642e-09
-1.769299645301154e-09
-1.638905219372387e-09
-1.518022593073664e-09
-1.40596701017373e-09
-1.302104658483522e-09
-1.205833306703286e-09
-1.116607768805398e-09
-1.03391863415436e-09
-9.572921174433368e-10
-8.862888846137316e-10
-8.205029179092458e-10
-7.595543803016364e-10
-7.030906871949767e-10
-6.507850419773805e-10
-6.023403520263632e-10
-5.574690387320341e-10
-5.159123018971229e-10
-4.77427047429019e-10
-4.417831354337402e-10
-4.087763996258933e-10
-3.7821112788461e-10
-3.499050345377516e-10
-3.237005213578182e-10
-2.994395713467251e-10
-2.769809663901304e-10
-2.561947051420397e-10
-2.369540945200384e-10
-2.191443377391693e-10
-2.026630056266913e-10
-1.874150621746805e-10
-1.733078815695954e-10
-1.60253605625496e-10
-1.481775442570084e-10
-1.370000097799371e-10
-1.266570503465097e-10
-1.170875163181103e-10
-1.0823659311556e-10
-1.000478425397749e-10
-9.246831289626989e-11
-8.54609491304114e-11
-7.897856135927788e-11
-7.298393072923921e-11
-6.743796608098597e-11
-6.23154855348899e-11
-5.758131997173871e-11
-5.320497607551306e-11
-4.916047691793913e-11
-4.542400584265974e-11
-4.196837764309855e-11
-3.877531791663887e-11
-3.58210836813128e-11
-3.308869944587669e-11
-3.056209617364505e-11
-2.822252713018951e-11
-2.605508503455977e-11
-2.405466806306899e-11
-2.220643070088869e-11
-2.049957776775901e-11
-1.892675271754034e-11
-1.747771010869898e-11
-1.61411241110974e-11
-1.490869790197532e-11
-1.377492116186652e-11
-1.271978420389898e-11
-1.174779754565578e-11
-1.084590578319836e-11
-1.000924325239897e-11
-9.234082009878886e-12
-8.518470584183747e-12
-7.85277773161729e-12
-7.239757874548339e-12
-6.672663001953559e-12
-6.152949353408853e-12
-5.68048053581306e-12
-5.245943129925407e-12
-4.849047316897687e-12
-4.481325612160989e-12
-4.138719798407187e-12
-3.817936710754434e-12
-3.523179923385393e-12
-3.25138176353026e-12
-2.997120963125428e-12
-2.758582795014253e-12
-2.539270080103281e-12
-2.340902937906098e-12
-2.153741981701778e-12
-1.986109448524218e-12
-1.832689172431865e-12
-1.6899366484558e-12
-1.560132330713353e-12
-1.438207515710123e-12
-1.329436492944612e-12
-1.229580762155192e-12
-1.134535804307147e-12
-1.047956733551133e-12
-9.655109570614443e-13
-8.915836258946988e-13
-8.168611044473605e-13
-7.547717320615372e-13
-6.957187725358079e-13
-6.406856955337831e-13
-5.875454475722554e-13
-5.380630131300869e-13
-4.921808412501983e-13
-4.51575761244172e-13
-4.172602941322196e-13
-3.862179853831042e-13
-3.59440233499171e-13
-3.333885364623863e-13
-3.090790711856176e-13
-2.900243735373798e-13
-2.708059826847771e-13
-2.492888075651093e-13
-2.266289467981722e-13
-2.045517265047632e-13
-1.851251726821305e-13
-1.662835010677369e-13
-1.524416801015013e-13
-1.38502136380658e-13
-1.272524200914611e-13
-1.172531838376464e-13
-1.089794201496714e-13
-1.042658372662493e-13
-9.917017824802409e-14
-9.653240997493516e-14
-9.198969249271695e-14
-8.601765302130498e-14
-7.752293404347954e-14
-7.008639693558642e-14
-5.973578392605729e-14
-4.807286146590542e-14
-4.009613154580224e-14
-3.324636890490161e-14
-3.300250424526004e-14
-3.355599326590797e-14
-3.939239400194705e-14
-3.87215542550118e-14
-3.722916221015338e-14
-3.392164822917474e-14
-3.015319728060265e-14
-2.509230748542141e-14
-2.138416439809138e-14
-1.801742356681857e-14
-1.684809100894955e-14
-1.871495440611688e-14
-1.469425225580237e-14
-1.297006412903482e-14
-1.213952245176302e-14
-1.283193303097026e-14
-1.181994064807964e-14
-8.270198278640073e-15
-7.131718621725398e-15
-3.974770574095678e-15
-3.915151017411024e-15
-5.725398104834463e-15
-1.037707482536681e-14
-1.445735216170037e-14
-1.587216747375189e-14
-1.512729844983444e-14
-1.025478544780348e-14
-2.517207218725806e-15
4.471984205365977e-15
5.81538172756127e-15
7.357111920759609e-15
7.341926690261801e-15
1.410563739001238e-15
-2.562717870830782e-15
-6.300569621272402e-15
-1.20579926708478e-14
-1.563814411981762e-14
-1.156097800618466e-14
-1.063676309939855e-14
-4.678765986371555e-15
2.576441569830024e-16
5.521543306447665e-15
8.019238395825241e-15
8.480378677745877e-15
9.748687342482682e-15
1.046295318149749e-14
3.025969068595278e-15
-5.679519550204809e-15
-1.105036931089315e-14
-1.270337636808718e-14
-1.117162893893588e-14
-8.591962292959902e-15
-2.789642626739479e-15
1.249031003848578e-15
5.44066249544248e-15
1.727158446993746e-15
2.536191652606861e-15
4.186089454297002e-15
6.150422283404528e-15
6.90197371264788e-15
3.669556745186224e-15
1.823898233317441e-15
-2.096254865005214e-15
-3.237902254224279e-15
-2.863097680788851e-15
-4.207737378620816e-15
-7.861015322534155e-15
-7.897772855976366e-15
-6.568897749679365e-15
-6.40040824259507e-15
-3.718370275711816e-16
4.149705132717778e-15
1.100808557157661e-14
1.248243406554198e-14
1.115366282088907e-14
1.114238801747343e-14
5.172607588342882e-15
-3.323605093662042e-15
-1.032191188880585e-14
-1.430374490824977e-14
-1.188422276029612e-14
-9.631246949417303e-15
-5.431427960125498e-15
-2.135709095781171e-15
4.448123736762092e-15
6.656732877293405e-15
6.483083166875302e-15
9.135864501096401e-15
8.811968568182218e-15
6.441239524188176e-15
3.412658472833318e-15
-1.579609502833053e-15
-2.694582545575403e-15
-5.217009974458304e-15
-7.945301087522957e-15
-8.619170387896231e-15
-6.179033256468759e-15
-4.303366913285637e-15
8.685711912850711e-16
2.550822694214557e-16
1.931066284238746e-15
4.534838659324058e-15
8.382706834170633e-15
8.070568378251528e-15
5.489046771418994e-15
8.607164088938996e-16
-2.994232311302851e-15
-1.995207205376439e-15
-2.564866449708194e-15
-4.964862295714071e-15
-2.444335903195911e-15
-1.918459774136888e-15
-3.693218860705896e-16
-1.715211877965922e-15
-1.547182581990066e-15
-5.43388517291492e-15
-1.610760856287884e-15
1.872035176131494e-15
5.702193281777591e-15
7.89953252140368e-15
7.814187133086618e-15
4.925278069456845e-15
1.035281697131876e-15
4.487346271835362e-16
-2.85506115003237e-15
-6.671621203493155e-15
-5.446558298068923e-15
-8.027797666827295e-15
-7.963219708298672e-15
-2.75774239586521e-15
1.916191092250639e-15
6.585512161485079e-15
7.876166133564726e-15
6.647067793540454e-15
1.973003414346207e-15
-1.278707292127496e-15
-2.149081650437396e-15
1.132520535792579e-15
9.81416973400131e-16
-1.030003662647065e-15
5.773520353459452e-16
-1.201315595875991e-15
-6.412166094098177e-15
