-2.601698278529912e-12
-1.624095504528684e-12
-1.021111692899268e-12
-6.458421599140923e-13
-4.11654897910857e-13
-2.641506226006951e-13
-1.706612604258697e-13
-1.105887513767968e-13
-7.169838498966467e-14
-4.583896428816773e-14
-2.777465105128345e-14
-1.403410512496447e-14
-1.802978898371306e-15
1.032671534514397e-14
2.489516861434139e-14
4.377459847938299e-14
7.005199670105709e-14
1.057421458960038e-13
1.564721314318664e-13
2.284287615335279e-13
3.296996769478353e-13
4.704181401609243e-13
6.663405797293298e-13
9.378756525411776e-13
1.313911673763126e-12
1.828181508599661e-12
2.533900700228883e-12
3.494805337408328e-12
4.800469923609281e-12
6.565655091653198e-12
8.946002890125391e-12
1.214330444742816e-11
1.642180557101401e-11
2.213020215318576e-11
2.97187490238137e-11
3.977578495036003e-11
5.306171032290027e-11
7.055780701177064e-11
9.353059574759661e-11
1.236050491726059e-10
1.628637617561825e-10
2.139648006136633e-10
2.802979445461969e-10
3.661679028435508e-10
4.770331619664024e-10
6.197901358649264e-10
8.031381116111916e-10
1.038016330885722e-09
1.338146132534403e-09
1.7206943367709e-09
2.207089234676155e-09
2.82399945804986e-09
3.604536078666436e-09
4.589707203962534e-09
5.830176019383199e-09
7.388379234654555e-09
9.341085751760332e-09
1.178245502613327e-08
1.482770878434754e-08
1.861751337870586e-08
2.332320315009827e-08
2.915299041232819e-08
3.63593292713218e-08
4.52476401212614e-08
5.618659960880193e-08
6.962027409283055e-08
8.608237890648451e-08
1.062130132835889e-07
1.307782366594958e-07
1.606929522296932e-07
1.970475677218333e-07
2.411390183758678e-07
2.945067707301838e-07
3.589745436221452e-07
4.366985394438083e-07
5.302231013475059e-07
6.425448112456025e-07
7.771861643721619e-07
9.382800804215808e-07
1.13066666637244e-06
1.360003788826909e-06
1.632893197327432e-06
1.957024104748597e-06
2.34133634488917e-06
2.796205418699814e-06
3.333651982479043e-06
3.967578555515579e-06
4.714036491335806e-06
5.591526512623869e-06
6.621336392743436e-06
7.827919659479218e-06
9.239319484742258e-06
1.088764224719203e-05
1.280958554214874e-05
1.504702573772584e-05
1.764767046557933e-05
2.066578172930778e-05
2.416297558397441e-05
2.820910457361903e-05
3.288322931514712e-05
3.82746857919593e-05
4.448425508447175e-05
5.162544388865531e-05
5.982588806217128e-05
6.922888595118218e-05
7.999506904935146e-05
9.230421877953898e-05
0.0001063572384407018
0.000122378289515156
0.0001406171016301724
0.0001613514654823152
0.000184889918029606
0.0002115746291233176
0.000241784498590739
0.0002759384724736489
0.0003144990867765216
0.0003579762465572706
0.0004069312475984554
0.0004619810471343006
0.000523802789226122
0.0005931385893134192
0.0006708005812440626
0.0007576762286873658
0.0008547339012069421
0.0009630287134711671
0.001083708624013938
0.001218020787965819
0.001367318159150856
0.001533066342317109
0.001716850679307449
0.0019203835520041
0.002145511884328635
0.002394224822407428
0.002668661568467576
0.002971119340172854
0.003304061422987403
0.00367012527877564
0.004072130669218566
0.00451308774828717
0.004996205081451714
0.005524897619056938
0.006102794606387542
0.006733747299830765
0.007421836351752425
0.008171378834595656
0.008986934887612782
0.009873313929094676
0.01083558033636483
0.01187905851785195
0.01300933729352604
0.0142322735149163
0.0155539948446299
0.01698090159977068
0.01851966758698552
0.02017723982829309
0.02196083710016265
0.02387794720037986
0.02593632284300863
0.02814397611545813
0.03050917139385686
0.03304041664765515
0.03574645305695066
0.03863624285056264
0.04171895532077839
0.04500395092266998
0.04850076341490552
0.05221907999156655
0.05616871933683602
0.06035960759905892
0.06480175222058546
0.069505213625267
0.07448007475734876
0.0797364084451601
0.08528424264762036
0.09113352356342289
0.09729407666559674
0.1037755657152231
0.1105874497853458
0.1177389384315411
0.125238945043922
0.133096038517472
0.1413183933654421
0.1499137383711287
0.1588893039987979
0.1682517686595896
0.1780072040519546
0.188161019774718
0.1987179073679429
0.2096817840830011
0.2210557365333684
0.232841964520725
0.2450417252973574
0.2576552784685289
0.2706818319054232
0.28411948885516
0.2979651965937264
0.3122146969220418
0.3268624787353748
0.3419017330815924
0.357324310897438
0.3731206837848437
0.3892799081321066
0.4057895928037641
0.4226358708241537
0.4398033752062958
0.4572752192656767
0.4750329816872416
0.4930566965153678
0.5113248484480793
0.5298143735137488
0.5485006654102227
0.5673575876955728
0.5863574919017561
0.6054712418681074
0.6246682442570363
0.6439164854302409
0.6631825747562842
0.6824317942830244
0.701628154940574
0.7207344590999766
0.7397123695431789
0.7585224847710144
0.7771244204197658
0.7954768968029579
0.81353783224701
0.8312644421281258
0.8486133433821965
0.8655406641028991
0.8820021580990517
0.8979533239229122
0.9133495281221509
0.9281461323432146
0.9422986237747317
0.9557627486816013
0.9684946484061624
0.9804509974643247
0.991589143252395
1.001867246755304
1.0112444239085
1.019680886913745
1.027138085059933
1.033578844504627
1.038967506376936
1.043270062834358
1.046454290327933
1.048489879548886
1.049348561516844
1.049004229305759
1.047433055206549
1.044613602422987
1.040526930257766
1.035156692384261
1.028489229135908
1.020513655644899
1.011221942471419
1.000608982682999
0.9886726454389685
0.9754138235027107
0.9608364814108314
0.9449476963751569
0.9277576843779021
0.9092798115183146
0.8895305959817231
0.8685297029617951
0.8462999302821089
0.8228671834764586
0.7982604403451561
0.7725117055207428
0.7456559553876584
0.7177310732707983
0.6887777750301384
0.6588395252759034
0.6279624444528752
0.596195207160803
0.563588931955004
0.5301970630115315
0.4960752440441442
0.4612811848655438
0.4258745210885314
0.3899166673951624
0.3534706648981961
0.3166010231140352
0.2793735570688005
0.2418552201248963
0.204113933077095
0.1662184101230561
0.1282379823014071
0.09024241898960994
0.05230174808386502
0.0144860754648649
-0.02313459563154252
-0.06049054473405701
-0.09751251314353722
-0.1341318812318706
-0.1702808434429672
-0.2058925804251327
-0.2409014277391434
-0.2752430405926809
-0.3088545540909444
-0.3416747384880476
-0.3736441489667908
-0.4047052694931144
-0.4348026503057772
-0.4638830386652067
-0.4918955024647631
-0.5187915463683201
-0.5445252201626171
-0.5690532190352693
-0.5923349755689531
-0.6143327432024041
-0.6350116709845602
-0.6543398694742621
-0.6722884676584628
-0.6888316608436863
-0.7039467494414828
-0.7176141686565027
-0.729817509097608
-0.7405435283364943
-0.7497821535252752
-0.7575264751555663
-0.7637727321211794
-0.768520288255805
-0.7717716005243855
-0.7735321791288179
-0.7738105397385809
-0.772618148132808
-0.7699693575460254
-0.765881339013973
-0.7603740050851922
-0.7534699272102223
-0.745194247181287
-0.7355745829985952
-0.7246409295431746
-0.7124255544904436
-0.6989628898330085
-0.6842894194317042
-0.6684435630120528
-0.6514655570173967
-0.6333973327668566
-0.6142823923142505
-0.5941656824439466
-0.5730934672188264
-0.5511131994736739
-0.5282733916738662
-0.5046234865255944
-0.4802137277448889
-0.4550950313636545
-0.4293188579254799
-0.4029370859398926
-0.3760018869272734
-0.34856560239461
-0.320680623055726
-0.2923992705863663
-0.2637736822065479
-0.2348556983477574
-0.2056967536603473
-0.176347771591812
-0.1468590627450549
-0.1172802272176246
-0.08766006109425227
-0.05804646725503234
-0.02848637063825144
0.0009743619220554515
0.03029099717823364
0.05942000618576146
0.08831913018535578
0.1169474415997659
0.1452654001103115
0.1732349037981598
0.2008193353472529
0.2279836033260892
0.2546941785791078
0.2809191257662249
0.3066281301080038
0.3317925194043006
0.3563852814180734
0.3803810767214904
0.4037562471010874
0.4264888196417044
0.4485585066084015
0.4699467012635317
0.4906364697609752
0.5106125392653922
0.5298612824681374
0.5483706986456961
0.5661303914201025
0.5831315433900598
0.5993668878120141
0.6148306775284479
0.6295186513030004
0.6434279977391205
0.6565573169619149
0.6689065802417404
0.6804770877526292
0.6912714246313946
0.7012934155174854
0.710548077748425
0.7190415733800519
0.7267811602159712
0.7337751419966232
0.740032817912415
0.7455644315976638
0.7503811197523998
0.7544948605484657
0.7579184219544345
0.7606653101298438
0.7627497180201916
0.7641864742630892
0.7649909925295685
0.7651792214083273
0.7647675949477362
0.7637729839567347
0.7622126481538996
0.7601041892647231
0.7574655051373858
0.7543147449610871
0.7506702656554932
0.7465505894790301
0.7419743629098871
0.7369603168551186
0.7315272282588359
0.7256938831473926
0.7194790411156017
0.7129014012714335
0.705979569672746
0.6987320283009719
0.6911771055830476
0.6833329484409241
0.6752174958617931
0.6668484539984737
0.6582432728207311
0.6494191243066423
0.6403928821332966
0.6311811028399468
0.6218000084545865
0.6122654705838618
0.6025929959390619
0.5927977132477872
0.5828943615146914
0.5728972796035303
0.5628203971177502
0.5526772265421475
0.5424808565982251
0.5322439467778637
0.5219787230076998
0.5116969744001865
0.5014100510485888
0.4911288628260574
0.4808638791543534
0.4706251296863004
0.4604222058522296
0.4502642632258756
0.4401600246694978
0.4301177842224534
0.420145411678532
0.4102503578014723
0.4004396601361176
0.3907199493800425
0.3810974562840835
0.3715780190287004
0.3621670910298684
0.3528697491354464
0.3436907021776229
0.3346342998485877
0.3257045418592455
0.3169050873481059
0.3082392645062614
0.2997100803821028
0.2913202308351817
0.2830721106084736
0.2749678234911744
0.2670091925448607
0.259197770368066
0.2515348493793686
0.244021472089428
0.2366584413360645
0.2294463304619331
0.2223854934190664
0.2154760747862345
0.2087180196770301
0.2021110835202675
0.1956548416982133
0.1893486990312952
0.1831918990997007
0.1771835333873338
0.1713225502368391
0.1656077636065356
0.1600378616218779
0.1546114149158801
0.1493268847502406
0.144182630911367
0.1391769193767882
0.1343079297483856
0.129573762450581
0.1249724456900116
0.1205019421750926
0.1161601555945696
0.1119449368551488
0.1078540900796138
0.1038853783651166
0.1000365293028406
0.09630524026093143
0.09268918343315845
0.08918601065656448
0.08579335800065356
0.0825088501315195
0.07933010445474485
0.07625473504166169
0.07328035634407065
0.07040458670122463
0.06762505164363895
0.06493938699881691
0.0623452418040665
0.05984028103213275
0.05742218813456189
0.05508866740833821
0.05283744619131593
0.05066627689241928
0.04857293886270048
0.04655524011237673
0.04461101887921737
0.04273814505401038
0.04093452146928291
0.0391980850572719
0.03752680788222751
0.03591869805234432
0.03437180051674968
0.03288419775303828
0.03145401035073681
0.03007939749577275
0.02875855736097519
0.02748972740764795
0.02627118460308863
0.02510124555906644
0.0239782665954998
0.02290064373389688
0.02186681262480664
0.0208752484135936
0.01992446554867949
0.01901301753605985
0.01813949664411784
0.01730253356226495
0.016500797016962
0.01573299334857648
0.01499786605229419
0.01429419528645238
0.01362079735120406
0.01297652414021431
0.01236026256807484
0.01177093397617355
0.01120749351969517
0.01066892953806669
0.01015426291094723
0.009662546401863672
0.009192863991595036
0.008744330203205045
0.008316089420656191
0.007907315202540512
0.007517209592622292
0.007145002428581069
0.006789950650368419
0.006451337609428053
0.006128472380084317
0.00582068907426973
0.005527346160581053
0.005247825788571435
0.004981533119206462
0.004727895662332692
0.004486362621892583
0.004256404249585203
0.004037511207505228
0.003829193940312804
0.003630982057539204
0.003442423726440662
0.003263085075780275
0.003092549610812744
0.002930417639829588
0.002776305712468175
0.002629846070065823
0.002490686108187382
0.002358487851450223
0.002232927440772873
0.002113694633078405
0.002000492313521255
0.001893036020257097
0.001791053481705873
0.001694284166310235
0.001602478844683257
0.001515399164035539
0.001432817234876754
0.001354515229756935
0.001280284994010409
0.001209927668333202
0.001143253322981779
0.001080080603499536
0.001020236387695716
0.0009635554537347484
0.0009098801591468822
0.0008590601305130218
0.0008109519636395564
0.0007654189340020511
0.0007223307171958661
0.0006815631192305776
0.0006429978163756496
0.0006065221043760268
0.0005720286567896944
0.0005394152921502414
0.0005085847498357491
0.000479444474289387
0.0004519064074768242
0.0004258867892268344
0.0004013059653418021
0.0003780882031662028
0.0003561615144235183
0.0003354574850517597
0.0003159111119131405
0.0002974606460741102
0.000280047442449243
0.0002636158156550312
0.0002481129018097433
0.0002334885260980572
0.0002196950758962376
0.0002066873792938723
0.0001944225887836478
0.0001828600699363987
0.0001719612949239406
0.0001616897406370969
0.0001520107913032848
0.0001428916453862788
0.0001343012266515375
0.0001262100991656009
0.0001185903861520369
0.0001114156925020498
0.0001046610308393659
9.830275092780729e-05
9.231847238260434e-05
8.668702047403286e-05
8.138836491888343e-05
7.640356155544255e-05
7.171469675067502e-05
6.730483445955115e-05
6.315796580120791e-05
5.925896103173177e-05
5.55935238507489e-05
5.214814791585481e-05
4.891007544186442e-05
4.586725786351095e-05
4.300831841371649e-05
4.032251651294351e-05
3.779971399463683e-05
3.543034293332543e-05
3.320537513259239e-05
3.111629314069918e-05
2.91550627105074e-05
2.731410665631891e-05
2.558628005884623e-05
2.396484673531439e-05
2.244345689476474e-05
2.101612596045802e-05
1.967721448753577e-05
1.842140913816501e-05
1.724370461198923e-05
1.613938656181895e-05
1.51040153707878e-05
1.413341083255407e-05
1.322363759627145e-05
1.237099141619608e-05
1.157198611649359e-05
1.082334127971088e-05
1.012197056442758e-05
9.464970671939393e-06
8.849610915868101e-06
8.273323336078716e-06
7.733693377910423e-06
7.228451067682238e-06
6.755462667501888e-06
6.312722799289578e-06
5.89834700938474e-06
5.510564723216296e-06
5.147712616930798e-06
4.808228347391974e-06
4.490644630900811e-06
4.193583650127811e-06
3.915751797497178e-06
3.655934700867169e-06
3.412992511283626e-06
3.185855510535326e-06
2.973519912404251e-06
2.775043942873593e-06
2.589544133666932e-06
2.416191796031889e-06
2.254209782603213e-06
2.102869338491696e-06
1.961487206448447e-06
1.829422846120917e-06
1.706075865376005e-06
1.590883567468744e-06
1.483318662013882e-06
1.382887108829376e-06
1.289126070429894e-06
1.201601999620704e-06
1.119908832211605e-06
1.043666311065975e-06
9.725183760672626e-07
9.0613167443084e-07
8.441941546005543e-07
7.864137327687029e-07
7.325170640802882e-07
6.822483516563176e-07
6.353682640363011e-07
5.916529111253467e-07
5.508928492559809e-07
5.128922007458788e-07
4.774677722579529e-07
4.444482692091231e-07
4.136735448935703e-07
3.849938782796728e-07
3.58269322920779e-07
3.333690879537191e-07
3.101709416278476e-07
2.885606762008801e-07
2.684315885301502e-07
2.496839957792666e-07
2.322247913540432e-07
2.159670142362873e-07
2.008294537242277e-07
1.867362798023769e-07
1.736166993268838e-07
1.614046114130007e-07
1.500383232440709e-07
1.394602544014765e-07
1.29616675085697e-07
1.204574354348501e-07
1.119357522720401e-07
1.040079841382495e-07
9.663342332433182e-08
8.977409542414572e-08
8.339459482519318e-08
7.746189442307812e-08
7.194519945048189e-08
6.68158044133901e-08
6.204695037361908e-08
5.761369250574288e-08
5.349276923386329e-08
4.966251947455409e-08
4.610275591255391e-08
4.279466714096417e-08
3.972072326332831e-08
3.686460523180932e-08
3.421110644728778e-08
3.174606186315619e-08
2.945628690570649e-08
2.732950250133532e-08
2.5354278852296e-08
2.351996898347744e-08
2.181665945557074e-08
2.023513188513115e-08
1.876679695995576e-08
1.740366907382741e-08
1.613830947710244e-08
1.496380798074736e-08
1.387372650994186e-08
1.286207976764452e-08
1.192329938817816e-08
1.105221274324127e-08
1.024399447611435e-08
9.494174492988564e-09
8.798588617279773e-09
8.15336358284334e-09
7.5548985096008e-09
6.999853230659851e-09
6.48511394821305e-09
6.007788966499024e-09
5.565198515214498e-09
5.154847757046517e-09
4.774415205842925e-09
4.421748102339666e-09
4.094837264828499e-09
3.791832230991981e-09
3.510999974273893e-09
3.25073587158012e-09
3.009551181214747e-09
2.78606663537675e-09
2.579000457878623e-09
2.387166501197241e-09
2.209454512549673e-09
2.044831727098516e-09
1.892349143716743e-09
1.751120125048981e-09
1.620320232179935e-09
1.499190959177786e-09
1.387027197583571e-09
1.283169327215773e-09
1.187015353872752e-09
1.097993259507832e-09
1.015575153101108e-09
9.392818834708635e-10
8.686646074357232e-10
8.033053774338812e-10
7.428141667185314e-10
6.868385227272722e-10
6.350402849150975e-10
5.871101257446131e-10
5.427649076042302e-10
5.017426125431451e-10
4.637891462510171e-10
4.286806722940873e-10
3.962064974734451e-10
3.661693364035192e-10
3.383885105065056e-10
3.12694553664047e-10
2.88936241742119e-10
2.669622034847465e-10
2.466482312753004e-10
2.278643972704748e-10
2.105001970924279e-10
1.944443662962489e-10
1.796060834958338e-10
1.658914187860946e-10
1.532123869218246e-10
1.414946685669489e-10
1.306640628454127e-10
1.206623012610098e-10
1.114190955398518e-10
1.028809054624668e-10
9.498950847101256e-11
8.769300635402899e-11
8.095353660987625e-11
7.472540800249636e-11
6.897245465261829e-11
6.366070635287965e-11
5.875553106708432e-11
5.422811423275842e-11
5.004580710680337e-11
4.618522443834073e-11
4.261710936386718e-11
3.932183642564887e-11
3.627728652861587e-11
3.346944121398668e-11
3.087668473088907e-11
2.849124096985817e-11
2.628349155761063e-11
2.424749652460018e-11
2.236510979974225e-11
2.062520553678325e-11
1.901577413755675e-11
1.753351897103894e-11
1.616933573667955e-11
1.491536694528528e-11
1.375642040749806e-11
1.268858628364299e-11
1.169845803626766e-11
1.078370919071873e-11
9.936226116096391e-12
9.154708804503954e-12
8.43686184769874e-12
7.775494481359939e-12
7.167443598979762e-12
6.608350800283226e-12
6.097900028061488e-12
5.625633334816306e-12
5.187255768533046e-12
4.780369506316333e-12
4.402885044796104e-12
4.059864826943889e-12
3.737361786073263e-12
3.438988689999835e-12
3.16075595711523e-12
2.903235890032479e-12
2.67087764488506e-12
2.462627732509386e-12
2.270927139673571e-12
2.097505914747424e-12
1.938969596199644e-12
1.793291235907535e-12
1.65615240287995e-12
1.527819269182825e-12
1.409286877724447e-12
1.291557722410384e-12
1.184358973611111e-12
1.083255468851612e-12
9.8930585196614e-13
9.071652670277054e-13
8.305976431138728e-13
7.668875749561011e-13
7.097200682351694e-13
6.579108382108904e-13
6.092998316904819e-13
5.672694642972246e-13
5.243944185828228e-13
4.883549929491117e-13
4.526851980988927e-13
4.180283215086288e-13
3.796885829914231e-13
3.433451008355076e-13
3.069036005405966e-13
2.765523389948586e-13
2.501621092089372e-13
2.309801945096212e-13
2.134449266498174e-13
2.006508240849298e-13
1.878426896514506e-13
1.762186384124235e-13
1.655284422351286e-13
1.558551719517171e-13
1.480207603664898e-13
1.376767116708165e-13
1.229969176118372e-13
1.121484215856865e-13
9.767009472711913e-14
8.57988083239925e-14
7.776515924143035e-14
7.007888618525889e-14
5.97522435257212e-14
5.450207487220674e-14
4.960705371422161e-14
4.817646751946214e-14
4.871323108197431e-14
4.980500357177958e-14
4.838871766895436e-14
4.798466771241869e-14
4.406200555670248e-14
4.06767490889073e-14
3.481361492368407e-14
3.039281932296698e-14
2.421705325177801e-14
1.984113417282258e-14
1.945132177164991e-14
1.557509786455439e-14
1.16059948036487e-14
1.270654606611726e-14
1.115806352091383e-14
8.508907687525027e-15
4.869641082999852e-15
7.362133571567475e-15
1.531165260001167e-14
1.759137910931604e-14
1.90631598257695e-14
1.940419060964664e-14
1.619677818872121e-14
1.285895657295054e-14
1.10569098328098e-14
5.357525058871457e-15
-4.103615279825861e-16
-4.345179566309101e-15
-5.220475187317323e-15
-6.15923976996061e-15
-3.209282478221991e-15
-5.31306771189295e-15
-2.09191066570342e-15
2.264182528806798e-15
1.047033602509956e-14
1.56569854533931e-14
1.891802416105951e-14
1.857147265477032e-14
1.570188753022547e-14
7.058451291081883e-15
5.380675663740867e-16
-4.534403964084481e-15
-1.373925195695621e-14
-1.916338014311306e-14
-2.165750308476231e-14
-1.516186521376041e-14
-6.27361439098532e-15
3.754367593336183e-15
1.50774040942803e-14
2.201884024980409e-14
2.131481479722488e-14
1.856314271809633e-14
1.557651815270148e-14
4.786050612598417e-15
-6.941901027587045e-15
-1.769404404398954e-14
-1.884040422291305e-14
-1.805385418257874e-14
-1.136435965277671e-14
-5.468170017807163e-15
-1.304743245194773e-15
6.433668923328668e-15
1.200105653901526e-14
1.39482793242309e-14
1.064002095114287e-14
6.921526032941717e-15
3.721327554367796e-15
2.446421506685291e-15
2.899155681367555e-15
-2.655050325332764e-15
-5.431746463318172e-15
-8.909125066020151e-15
-8.830966749952712e-15
-8.952879794134044e-15
-4.163409453463389e-15
-4.425597397404448e-15
-1.496039156266601e-15
3.595058381141086e-15
8.668270592510124e-15
9.929732193212948e-15
9.913473811989173e-15
1.032868189091747e-14
6.224493802508666e-15
-2.465418963871624e-16
-6.120029700402143e-15
-7.179939875544489e-15
-5.566132540247817e-15
-8.503837523153536e-15
-6.660441446613531e-15
-6.071741123446149e-15
-3.446192376405398e-15
-2.804978167484939e-15
3.014803646159312e-15
7.611789753349491e-15
9.357495180887786e-15
7.621522749660789e-15
7.314698813193321e-15
7.698126340778252e-15
5.725721302801727e-15
-8.980776693698086e-16
-4.473386641022093e-15
-9.770178365195593e-15
-1.314072898368916e-14
-1.184885493428933e-14
-1.103642408188643e-14
-6.910270293272644e-15
3.33351776687182e-15
8.569470989113752e-15
1.059051277948809e-14
1.096476723457045e-14
8.994718436102446e-15
6.162735735310302e-15
5.317104633712398e-15
3.457330499270503e-15
6.26875282412836e-17
-6.117577307617444e-15
-9.059713461980737e-15
-1.067122178370556e-14
-1.413636651127742e-14
-1.207069070956513e-14
-7.655463815133822e-15
-3.510376932612031e-16
7.088803918871861e-15
1.163543788519113e-14
1.417193463360472e-14
1.564192021281591e-14
1.368335199564716e-14
1.038485790909477e-14
4.175971158228986e-15
-4.449460030156573e-15
-1.422715769212345e-14
-1.893027788256041e-14
-1.826238863020916e-14
-1.525856755853456e-14
-1.122216915549566e-14
-3.11264993301725e-15
6.004622032712448e-15
1.35146410652426e-14
1.972539289984018e-14
2.009236772102084e-14
1.726921517188168e-14
1.005317822354999e-14
1.700577697693245e-15
-5.055175323706134e-15
-1.384040000454387e-14
-1.933505357257344e-14
-1.783609667675173e-14
-1.48844163983766e-14
-9.18449939496231e-15
-2.423026878753103e-15
4.905627088306382e-15
9.881879643715243e-15
1.410576643337022e-14
1.702344968239198e-14
1.530273764202885e-14
1.214310926846854e-14
3.357457312330581e-15
-2.294353036813595e-15
