1.063272533481154e-12
6.768789456588975e-13
4.250519789130907e-13
2.696346799577185e-13
1.733618652071373e-13
1.120169205957399e-13
7.213138346666213e-14
4.562618971842178e-14
2.600834062356219e-14
1.073001069166234e-14
-3.822526179884121e-15
-1.921650519934928e-14
-3.793727464051774e-14
-6.196673849890292e-14
-9.543291292821718e-14
-1.410303325075194e-13
-2.062101035009187e-13
-2.947170643096428e-13
-4.196524307244926e-13
-5.939952661195241e-13
-8.354119751231864e-13
-1.169465477511425e-12
-1.631313435193664e-12
-2.265091926292949e-12
-3.131800062908563e-12
-4.312357153298768e-12
-5.915999168448243e-12
-8.082979918400947e-12
-1.10024564093377e-11
-1.492220738710128e-11
-2.016534558970484e-11
-2.715535983726191e-11
-3.644345362823837e-11
-4.874541675494896e-11
-6.498837031553858e-11
-8.636740202720573e-11
-1.144208689717701e-10
-1.511241946382945e-10
-1.990043896096748e-10
-2.612862716228329e-10
-3.420748694188106e-10
-4.465828298081634e-10
-5.814082856941946e-10
-7.548872770457261e-10
-9.775203442744134e-10
-1.26250241067507e-09
-1.626373625733823e-09
-2.089814856418822e-09
-2.678618984563448e-09
-3.424875300598497e-09
-4.368405002892845e-09
-5.558499885380748e-09
-7.056019456506057e-09
-8.935923732384259e-09
-1.129032052678168e-08
-1.423211649090696e-08
-1.789938915214704e-08
-2.246060658627526e-08
-2.812084006061714e-08
-3.512914795238971e-08
-4.378732179600079e-08
-5.446024067906022e-08
-6.758807264635822e-08
-8.370064985341752e-08
-1.034343519164893e-07
-1.275518870307667e-07
-1.569654350427353e-07
-1.927636479173595e-07
-2.362430962849593e-07
-2.889448112081876e-07
-3.526966592107804e-07
-4.296623850861575e-07
-5.223982562597107e-07
-6.339183468965836e-07
-7.677696497259354e-07
-9.281183033464267e-07
-1.119848411267946e-06
-1.348675051781787e-06
-1.621273270069543e-06
-1.94542503792392e-06
-2.330186362723039e-06
-2.786076955309529e-06
-3.325295099719413e-06
-3.961960616065258e-06
-4.712389078271917e-06
-5.595400734179813e-06
-6.632667864174e-06
-7.849104635554828e-06
-9.273303830318049e-06
-1.093802515364046e-05
-1.288074017829971e-05
-1.51442393194179e-05
-1.777730658526785e-05
-2.083546818173555e-05
-2.438182138042031e-05
-2.848795036498159e-05
-3.323493605356395e-05
-3.871446711449041e-05
-4.503005960642176e-05
-5.229839275669493e-05
-6.065076845813792e-05
-7.023470215457333e-05
-8.121565509128891e-05
-9.377892378829454e-05
-0.000108131693603565
-0.0001245052642813571
-0.0001431574571094134
-0.0001643752134450956
-0.0001884773943424247
-0.0002158177909101953
-0.0002467883548381167
-0.000281822658215633
-0.0003213995914014787
-0.0003660473071815189
-0.0004163474188137427
-0.0004729394588117036
-0.0005365256043768144
-0.0006078756743447878
-0.0006878324012514853
-0.0007773169806969299
-0.0008773348985814461
-0.0009889820349244186
-0.001113451040964784
-0.001252037983897849
-0.001406149251111627
-0.001577308702953951
-0.001767165060382945
-0.00197749951562492
-0.002210233561959448
-0.002467437014496422
-0.002751336192977681
-0.003064322237493651
-0.003408959524155908
-0.003787994143432609
-0.004204362399231752
-0.004661199281919036
-0.0051618468633442
-0.005709862556522311
-0.006309027177885207
-0.006963352756100992
-0.007677090129980622
-0.008454736315083837
-0.009301041462507747
-0.0102210152273258
-0.01121993251636972
-0.01230333860370843
-0.01347705354719007
-0.01474717578553654
-0.01612008482793713
-0.01760244293917228
-0.01920119574554193
-0.02092357167342298
-0.02277708011330311
-0.02476950823570611
-0.02690891634898166
-0.02920363172228942
-0.03166224078839524
-0.03429357962388871
-0.03710672265124101
-0.0401109694586497
-0.04331582968146996
-0.04673100588073867
-0.05036637433555956
-0.05423196373039585
-0.05833793165666209
-0.06269453891324601
-0.06731212158173118
-0.07220106083004771
-0.07737175048253116
-0.08283456231701265
-0.08859980913417524
-0.09467770563362214
-0.1010783271048508
-0.1078115660487118
-0.1148870867443647
-0.1223142778810765
-0.1301022033611418
-0.1382595513499302
-0.1467945817797855
-0.155715072384134
-0.1650282634639298
-0.1747408015700097
-0.1848586822453662
-0.1953871921235417
-0.2063308505205571
-0.2176933508069548
-0.2294775018152979
-0.2416851694815063
-0.2543172190925677
-0.2673734583247802
-0.2808525814261485
-0.2947521148496977
-0.3090683645697272
-0.3237963655089121
-0.3389298332760487
-0.354461118600274
-0.3703811647862149
-0.3866794684250515
-0.4033440438110331
-0.4203613912375481
-0.4377164695461248
-0.4553926732276081
-0.4733718142737326
-0.4916341092075192
-0.5101581713947442
-0.528921008953431
-0.5478980284896294
-0.5670630447685386
-0.5863882966702715
-0.6058444694245744
-0.6254007233480258
-0.6450247291984103
-0.6646827101234674
-0.6843394904354018
-0.7039585510590974
-0.7235020917458743
-0.7429311000205505
-0.7622054266744559
-0.7812838678774986
-0.8001242536002358
-0.8186835422957898
-0.8369179216478364
-0.8547829150196923
-0.8722334935147585
-0.8892241931760593
-0.9057092371199598
-0.9216426622529925
-0.9369784500540107
-0.9516706611889327
-0.9656735733384544
-0.9789418218882097
-0.9914305430004995
-1.003095518444785
-1.013893321852488
-1.023781465668618
-1.032718548349675
-1.040664401246319
-1.047580234485607
-1.053428781453562
-1.058174441116495
-1.061783417694168
-1.064223857106363
-1.065465979526559
-1.065482207667785
-1.064247290044752
-1.061738418694222
-1.057935340831949
-1.052820463971338
-1.046378954342547
-1.03859882775058
-1.029471031892243
-1.018989519809961
-1.007151315483991
-0.9939565734171379
-0.9794086289472711
-0.9635140335200397
-0.9462825752183517
-0.9277272919088977
-0.9078644834611207
-0.8867137153873029
-0.8642978068761787
-0.8406428035623283
-0.815777940307691
-0.7897355962739149
-0.7625512402862831
-0.7342633654977871
-0.7049134135483565
-0.6745456888792235
-0.6432072636787607
-0.6109478735544552
-0.5778198042314368
-0.5438777696489951
-0.5091787818581984
-0.4737820132233778
-0.4377486513278715
-0.4011417471027939
-0.3640260566987218
-0.3264678776255352
-0.2885348797638106
-0.250295931798667
-0.2118209236972874
-0.1731805858437774
-0.1344463054462022
-0.09568994086863308
-0.05698363451450739
-0.01839962491465156
0.01998994134043736
0.05811319718654066
0.09589874155090362
0.1332758240681719
0.1701745274314535
0.2065259467790402
0.2422623655206916
0.2773174270405998
0.3116263017146976
0.3451258487232666
0.3777547721571249
0.4094537709242979
0.4401656820270897
0.4698356167646893
0.4984110894803065
0.525842138493531
0.5520814388751983
0.5770844068040687
0.6008092952124625
0.6232172805049144
0.6442725401600965
0.6639423210510138
0.6821969984097259
0.6990101253112301
0.7143584726376879
0.7282220595101129
0.7405841741942759
0.7514313855756147
0.7607535452543653
0.7685437804063311
0.7747984775614311
0.7795172574526814
0.7827029411769403
0.7843615078723633
0.7845020441970985
0.7831366858969554
0.7802805517527285
0.7759516702759819
0.770170899465252
0.7629618400060338
0.7543507422978047
0.7443664076892546
0.7330400843654796
0.7204053582714817
0.7064980395100253
0.6913560446488523
0.6750192753693401
0.6575294939335216
0.6389301958776598
0.6192664803821775
0.5985849187592304
0.5769334214877259
0.5543611042518127
0.5309181533856103
0.5066556911559205
0.4816256412893729
0.4558805951251491
0.4294736787909725
0.4024584217645643
0.3748886271936285
0.3468182443157987
0.3183012432932242
0.2893914927823139
0.2601426405237272
0.2306079972365897
0.2008404240731976
0.1708922238670106
0.1408150363999417
0.1106597378839907
0.08047634484234027
0.05031392255071093
0.02022049817925256
-0.009757021239737774
-0.03957292591615804
-0.06918277539280876
-0.09854346555762382
-0.1276132905287889
-0.1563519993837937
-0.1847208477177054
-0.2126826440353922
-0.2402017909983328
-0.2672443215595834
-0.2937779300435001
-0.3197719982306559
-0.3451976165321229
-0.3700276003462322
-0.3942365016933727
-0.4178006162449382
-0.4406979858687559
-0.4629083968387653
-0.48441337385555
-0.5051961700179272
-0.5252417529105385
-0.5445367869659001
-0.5630696122769605
-0.5808302200369626
-0.5978102247856978
-0.6140028336652646
-0.629402812853226
-0.6440064513541617
-0.6578115223378402
-0.6708172422208014
-0.6830242277045677
-0.6944344509377934
-0.7050511929866797
-0.7148789957983157
-0.7239236128382176
-0.7321919585960858
-0.7396920571222321
-0.7464329897701241
-0.752424842313161
-0.7576786515956359
-0.7622063518922684
-0.7660207211129618
-0.76913532700271
-0.7715644734776013
-0.7733231472259873
-0.7744269647127379
-0.7748921197009023
-0.7747353314201971
-0.7739737934915948
-0.7726251236948412
-0.7707073146794103
-0.7682386857021305
-0.7652378354817321
-0.7617235962459425
-0.7577149890349218
-0.7532311803352901
-0.7482914400889857
-0.7429151011353774
-0.7371215201289705
-0.7309300399554234
-0.7243599536741623
-0.7174304700185405
-0.7101606804987759
-0.7025695281216124
-0.694675777707615
-0.6864979878010798
-0.678054484183448
-0.6693633350126347
-0.660442327578184
-0.6513089466324278
-0.6419803542720114
-0.6324733713600491
-0.6228044604908732
-0.612989710469185
-0.6030448222482664
-0.5929850962858493
-0.5828254212938379
-0.572580264367081
-0.5622636624511996
-0.5518892150888948
-0.5414700783977826
-0.5310189602417801
-0.5205481165635208
-0.5100693488320939
-0.4995940025520135
-0.489132966791158
-0.4786966746748567
-0.4682951047973176
-0.4579377835034855
-0.44763378799757
-0.4373917502403635
-0.4272198615779738
-0.4171258780514226
-0.4071171263415803
-0.3972005103085972
-0.3873825180893674
-0.3776692297001801
-0.3680663250958451
-0.358579092644453
-0.349212437984142
-0.3399708932316101
-0.3308586264935227
-0.3218794516383526
-0.3130368382932783
-0.3043339220351861
-0.2957735147465295
-0.2873581151006475
-0.2790899191480866
-0.27097083097443
-0.2630024733987544
-0.2551861986870431
-0.2475230992549513
-0.2400140183373003
-0.2326595606022177
-0.22546010269031
-0.2184158036634976
-0.211526615340167
-0.2047922924965003
-0.198212402918833
-0.1917863372960402
-0.1855133189425965
-0.1793924133358775
-0.1734225374548246
-0.1676024689103884
-0.1619308548609967
-0.1564062207078023
-0.1510269785602639
-0.1457914354654523
-0.1406978013963175
-0.1357441969957196
-0.1309286610744188
-0.1262491578591691
-0.1217035839888451
-0.1172897752578844
-0.113005513106897
-0.1088485308618634
-0.1048165197217744
-0.1009071344962113
-0.09711799909493433
-0.09344671177220987
-0.08989085012979535
-0.08644797588082097
-0.08311563937817128
-0.07989138391146185
-0.07677274977699414
-0.07375727812579772
-0.0708425145941577
-0.06802601272160878
-0.06530533716178429
-0.06267806669190712
-0.0601417970271925
-0.05769414344512248
-0.05533274322532306
-0.05305525791093044
-0.05085937539742028
-0.04874281185523732
-0.04670331349185183
-0.04473865815919305
-0.04284665681250074
-0.04102515482676892
-0.03927203317706032
-0.03758520948807049
-0.03596263895850758
-0.03440231516607967
-0.03290227075900617
-0.03146057804006443
-0.03007534944808505
-0.02874473794209248
-0.02746693729332899
-0.02624018229027975
-0.02506274886179574
-0.0239329541230393
-0.02284915634894083
-0.02180975487972677
-0.02081318996301409
-0.01985794253688411
-0.01894253395790031
-0.01806552567796666
-0.01722551887393083
-0.01642115403359176
-0.01565111050173547
-0.01491410598957999
-0.01420889605091209
-0.01353427352801317
-0.01288906797040665
-0.01227214502920782
-0.01168240582984725
-0.01111878632588361
-0.01058025663623729
-0.0100658203681969
-0.00957451392817482
-0.009105405822514675
-0.008657595950374323
-0.008230214890572057
-0.00782242318398455
-0.00743341061309614
-0.007062395480286438
-0.006708623886374902
-0.006371369010711858
-0.006049930394083451
-0.005743633225566814
-0.005451827634360704
-0.005173887987562039
-0.004909212194779802
-0.004657221020488553
-0.004417357404865776
-0.004189085793787233
-0.00397189147857933
-0.003765279946051445
-0.003568776239363147
-0.003381924330195547
-0.003204286502551969
-0.003035442748507445
-0.002874990176203315
-0.00272254243036071
-0.00257772912553424
-0.002440195292241201
-0.002309600836036742
-0.002185620009657982
-0.002067940898291196
-0.001956264917999272
-0.001850306327281632
-0.001749791751756296
-0.001654459721873368
-0.001564060223629193
-0.001478354262128805
-0.001397113437920736
-0.001320119535975841
-0.001247164127097658
-0.001178048181677304
-0.001112581695539576
-0.001050583327709433
-0.0009918800499269826
-0.000936306807688646
-0.0008837061926154206
-0.000833928125862449
-0.0007868295524297757
-0.0007422741460570676
-0.0007001320244998856
-0.0006602794749467452
-0.000622598689332055
-0.0005869775092745004
-0.0005533091804432408
-0.0005214921160303333
-0.0004914296691644389
-0.0004630299139702673
-0.0004362054350301568
-0.0004108731250027183
-0.0003869539902149284
-0.0003643729638399469
-0.0003430587266236713
-0.0003229435347539999
-0.0003039630547392582
-0.0002860562050539313
-0.0002691650043043532
-0.0002532344257089085
-0.0002382122576763768
-0.0002240489702619092
-0.0002106975873290275
-0.0001981135641688951
-0.0001862546704190112
-0.0001750808780754216
-0.0001645542543737305
-0.0001546388594383545
-0.0001453006484388778
-0.0001365073781509973
-0.0001282285176739098
-0.0001204351632469921
-0.0001130999568712784
-0.0001061970087253421
-9.970182310568031e-05
-9.359122784587793e-05
-8.784330697550536e-05
-8.24373365840563e-05
-7.735372366788018e-05
-7.25739479108681e-05
-6.808050620418912e-05
-6.385685986612868e-05
-5.988738437114166e-05
-5.615732151285804e-05
-5.265273393693756e-05
-4.936046182208995e-05
-4.626808178277053e-05
-4.336386772269322e-05
-4.063675367842147e-05
-3.807629848424029e-05
-3.567265224789139e-05
-3.341652446406463e-05
-3.12991537733475e-05
-2.931227925535491e-05
-2.744811317480639e-05
-2.569931511421362e-05
-2.405896746583924e-05
-2.252055217910119e-05
-2.107792868982824e-05
-1.972531304033343e-05
-1.845725805986599e-05
-1.726863460153729e-05
-1.615461377226056e-05
-1.511065007629408e-05
-1.413246549392857e-05
-1.321603437092263e-05
-1.23575691527873e-05
-1.155350685752865e-05
-1.080049629160895e-05
-1.009538596012574e-05
-9.435212627442338e-06
-8.817190499569423e-06
-8.238701016369148e-06
-7.697283168797868e-06
-7.190624400117699e-06
-6.716551956191922e-06
-6.273024756988923e-06
-5.858125696294008e-06
-5.470054387778003e-06
-5.107120301333252e-06
-4.767736311784572e-06
-4.450412574069267e-06
-4.153750764844835e-06
-3.876438669613653e-06
-3.617245035070275e-06
-3.375014764498645e-06
-3.148664343481213e-06
-2.937177552278902e-06
-2.739601427643023e-06
-2.555042440584185e-06
-2.382662927416362e-06
-2.221677675172704e-06
-2.071350763849884e-06
-1.930992566771139e-06
-1.799956912544229e-06
-1.677638437150947e-06
-1.563470077559761e-06
-1.456920737142111e-06
-1.357493058671747e-06
-1.26472133430429e-06
-1.178169574679777e-06
-1.097429630442358e-06
-1.022119493335333e-06
-9.518816717728234e-07
-8.863816358485134e-07
-8.253064157667336e-07
-7.683632207547759e-07
-7.152781868481518e-07
-6.657951735739953e-07
-6.196746672491327e-07
-5.766927239419801e-07
-5.366399621574615e-07
-4.993206679493681e-07
-4.645519158440629e-07
-4.321627503688951e-07
-4.019934298277231e-07
-3.738946964149015e-07
-3.477271264104008e-07
-3.2336046512854e-07
-3.006730731362098e-07
-2.795513489533348e-07
-2.598892251683943e-07
-2.415876657588926e-07
-2.245542184014651e-07
-2.087025966345926e-07
-1.939522445131984e-07
-1.802280077421892e-07
-1.674597491979401e-07
-1.555820341183109e-07
-1.445338153982604e-07
-1.342581655807853e-07
-1.247019735188092e-07
-1.158157180762723e-07
-1.075532154012177e-07
-9.987141115330258e-08
-9.273015807391232e-08
-8.609204197691506e-08
-7.992219318875275e-08
-7.418811858565795e-08
-6.885952124581716e-08
-6.390819661496794e-08
-5.930785042216112e-08
-5.503399470310487e-08
-5.106381679600041e-08
-4.737607261098533e-08
-4.395098405846053e-08
-4.077012097332187e-08
-3.781633688899547e-08
-3.507366307813655e-08
-3.252723222688446e-08
-3.016321153360565e-08
-2.796872278072433e-08
-2.593178894015094e-08
-2.404126603694976e-08
-2.228678193577669e-08
-2.0658685545425e-08
-1.914800229007886e-08
-1.774638741358553e-08
-1.644607695056238e-08
-1.523984339844033e-08
-1.412097901558072e-08
-1.308324528845484e-08
-1.212083223755573e-08
-1.122834819626707e-08
-1.040077825906409e-08
-9.633467058539492e-09
-8.922088827314337e-09
-8.262615305451827e-09
-7.651309063735579e-09
-7.08469777055783e-09
-6.559557973842548e-09
-6.072891393016897e-09
-5.621915249391108e-09
-5.204047109066677e-09
-4.816889371770007e-09
-4.4582114644769e-09
-4.125938505328038e-09
-3.818154391602098e-09
-3.533075158753109e-09
-3.269047479728737e-09
-3.024532887881291e-09
-2.798104791039471e-09
-2.58844775330559e-09
-2.394330388187771e-09
-2.214621241039087e-09
-2.048253347108326e-09
-1.894250683047012e-09
-1.751708219968489e-09
-1.619783153772793e-09
-1.497693493085272e-09
-1.384710190821506e-09
-1.280161296182029e-09
-1.183426383742387e-09
-1.093922674257188e-09
-1.011123457602451e-09
-9.34533206764459e-10
-8.636846315713903e-10
-7.981561227442134e-10
-7.375538523787905e-10
-6.815040053549418e-10
-6.296748208376202e-10
-5.817488421492304e-10
-5.374343321736049e-10
-4.964612023478233e-10
-4.585845264978086e-10
-4.235707453866558e-10
-3.912086291569517e-10
-3.612968953964507e-10
-3.33647465435469e-10
-3.080983046951946e-10
-2.844871568845578e-10
-2.626696906435016e-10
-2.425102839122004e-10
-2.238851277492873e-10
-2.066761642908262e-10
-1.907794606302335e-10
-1.760904049508093e-10
-1.625257383044225e-10
-1.499940952287187e-10
-1.384190194894212e-10
-1.277357635492672e-10
-1.178706791383433e-10
-1.087604270700471e-10
-1.003463561174095e-10
-9.257827426421244e-11
-8.541076229782158e-11
-7.879097598576859e-11
-7.267888386520004e-11
-6.703964213104212e-11
-6.18321390372705e-11
-5.702543996143871e-11
-5.258652426601297e-11
-4.849078536799353e-11
-4.471123803592021e-11
-4.12243614250016e-11
-3.80082775711251e-11
-3.504492355218511e-11
-3.231148641445615e-11
-2.978837024328847e-11
-2.746047680515225e-11
-2.532045342880083e-11
-2.334276250922319e-11
-2.151824766780215e-11
-1.982445783768925e-11
-1.826485701347628e-11
-1.682591685746316e-11
-1.549709026431055e-11
-1.427429933691826e-11
-1.315205950952909e-11
-1.211929381014216e-11
-1.116945207393012e-11
-1.029528653934189e-11
-9.491730254446015e-12
-8.749192277579311e-12
-8.058728886379103e-12
-7.423186645075848e-12
-6.836237340492686e-12
-6.292861477605444e-12
-5.791168057495247e-12
-5.32836258171461e-12
-4.902476272580129e-12
-4.508623738180925e-12
-4.148192672268274e-12
-3.817766510927294e-12
-3.516120421298326e-12
-3.242697420536512e-12
-2.993054381290677e-12
-2.761902395194703e-12
-2.547003003232159e-12
-2.344229038554233e-12
-2.156601014291156e-12
-1.983201788328014e-12
-1.825698644482073e-12
-1.678354848883295e-12
-1.539518766795077e-12
-1.411903962631712e-12
-1.289893672762794e-12
-1.180414116365034e-12
-1.080886323028526e-12
-9.955610684075073e-13
-9.233034409091654e-13
-8.596583304453485e-13
-7.999995319024379e-13
-7.452365502252161e-13
-6.933785379382171e-13
-6.430879442653207e-13
-5.898629578237006e-13
-5.334569869783914e-13
-4.760904220283286e-13
-4.252878427996252e-13
-3.800594560116884e-13
-3.421569669884395e-13
-3.162575722324281e-13
-2.960767253218928e-13
-2.803847381805679e-13
-2.673599406561689e-13
-2.565348067992828e-13
-2.455286779460492e-13
-2.308967322796921e-13
-2.14508622062513e-13
-1.933246549199579e-13
-1.720204951567426e-13
-1.479245114845558e-13
-1.278180707778317e-13
-1.095385448261786e-13
-9.23311954790725e-14
-8.288565420680429e-14
-7.441321805996066e-14
-7.348521430372389e-14
-7.771278661795552e-14
-7.824010289310259e-14
-8.349424192892405e-14
-8.611776677074818e-14
-8.082638647031559e-14
-7.177987186751447e-14
-6.114406041813657e-14
-5.117370325387874e-14
-4.029622776742468e-14
-3.05873132566333e-14
-2.125612972867058e-14
-1.297558708378188e-14
-1.035326492260403e-14
-1.428991313661586e-14
-1.546221197172243e-14
-2.030100801368118e-14
-2.521293858437798e-14
-3.233068068961215e-14
-3.521615573097803e-14
-3.211326723619019e-14
-2.838960111558249e-14
-2.149761493020092e-14
-1.425842768540205e-14
-6.753468101848266e-15
-3.47889688946619e-15
3.716612364931133e-16
1.057977952491296e-15
1.411780686437996e-16
3.231282396719919e-16
-2.674548015330984e-15
-6.379335177910796e-15
-8.543538582855389e-15
-1.155776303304882e-14
-1.152969547837753e-14
-1.258510115832195e-14
-1.022888394755301e-14
-8.277054432801465e-15
-2.12483892901168e-15
2.543681363769261e-15
7.970999910874536e-16
1.200072566616826e-15
-2.425662863737146e-15
-5.872493134469307e-15
-3.674879422114287e-15
-3.407663492976952e-15
-4.667746164906303e-15
-1.194061232364444e-15
1.48063852875141e-15
5.722656422203603e-15
9.351269593806719e-15
8.520901437200042e-15
3.631778274775655e-15
6.097162218806279e-16
-7.465186957781255e-15
-1.641909470805198e-14
-1.912371607644483e-14
-1.795396785444811e-14
-1.204372731887261e-14
-3.245343020405454e-15
5.817593219744622e-15
1.568397371267193e-14
2.058628239801383e-14
1.930846086050083e-14
1.530589952924748e-14
3.849684244454688e-15
2.867341482682809e-15
-3.785378459403215e-15
-1.229129265653693e-14
-1.548484946979114e-14
-1.95927321987213e-14
-1.734602675735076e-14
-1.483567460124075e-14
-8.008333278274716e-15
2.770846405207604e-15
1.099388849508502e-14
1.616981261437442e-14
1.603872710064221e-14
1.807275609477976e-14
1.73890296557966e-14
8.288119729282526e-15
1.37068198483735e-15
-6.200193722340548e-15
-1.084391151141723e-14
-1.521276392445591e-14
-1.585263226140038e-14
-1.98317476944671e-14
-1.598377098507893e-14
-1.002132026603833e-14
-5.35068636700099e-16
1.025272968856743e-14
1.380062476609488e-14
1.937009445481238e-14
1.66224338428751e-14
1.435885611346333e-14
1.173782047949372e-14
6.741637718365121e-15
-7.318452827304455e-16
-6.116601705542685e-15
-1.287752118996382e-14
-1.558574896144569e-14
-2.064533334474011e-14
-2.138355327462378e-14
-1.633325091618827e-14
-1.112534577800606e-14
8.423374084952876e-16
1.279027679543061e-14
2.100430972204748e-14
2.796775421964953e-14
3.232894472855819e-14
2.603591426894214e-14
9.836291358379277e-15
-3.971279438238253e-15
-1.709301026052316e-14
-2.737329032672572e-14
-3.279408728150937e-14
-2.664228547989898e-14
-1.936943078383966e-14
-7.964668026749135e-15
2.926172281541058e-15
1.491930546905272e-14
2.267917219451881e-14
2.525248483128873e-14
2.109909473942888e-14
1.707350818301956e-14
9.258826031669613e-15
-4.819072706355885e-16
-4.910869033605813e-15
-1.210450836359158e-14
-1.807597001501308e-14
-2.108465274620577e-14
-1.674807144883663e-14
-1.231330102395989e-14
-4.430214373620914e-15
-2.506330074811723e-15
4.455467351752628e-15
1.140042806049021e-14
1.554219854509101e-14
1.939589208743618e-14
1.990686555110664e-14
1.553736076987742e-14
4.636475093034173e-15
-3.907803987014005e-15
-1.023819664464771e-14
-1.787165672027343e-14
-1.920998469354316e-14
-1.593919045647497e-14
-1.229075313181537e-14
-4.542768614572235e-15
1.659031222899e-15
6.054891864928576e-15
7.390424852070476e-15
9.96959673519299e-15
1.046506411012882e-14
1.097637972377003e-14
1.237757336548017e-14
9.781582049328628e-15
6.218892768381374e-15
2.615343244875689e-17
-5.276955717384174e-15
-1.665455875079804e-14
-2.200745661763847e-14
-2.092138008368809e-14
-1.62188819218109e-14
-5.503059808026921e-15
5.527424368087977e-15
1.418054464041003e-14
1.960533019972186e-14
1.904031955689391e-14
1.381208128750803e-14
9.20243175482849e-15
3.816367015143086e-16
-5.610499212276195e-15
