1.511166860145394e-12
9.598862869219037e-13
6.130605278296657e-13
3.932839361363114e-13
2.542303473956169e-13
1.65680354179605e-13
1.095395783050404e-13
7.468432236573734e-14
5.438375616753159e-14
4.407641077747844e-14
4.230320940612618e-14
4.871241441689373e-14
6.377382852963377e-14
8.950840623509492e-14
1.289702143066e-13
1.870007060135347e-13
2.709171724279412e-13
3.894751521359305e-13
5.562802622915692e-13
7.893139858842763e-13
1.112574455856816e-12
1.55885586915839e-12
2.172855525365321e-12
3.013635840142395e-12
4.159563433015001e-12
5.716955845795774e-12
7.82594834282654e-12
1.066956418137e-11
1.449121986825011e-11
1.960861877707823e-11
2.643843592106268e-11
3.552255354930608e-11
4.756385153920614e-11
6.347626581661538e-11
8.443754696815591e-11
1.119625381499552e-10
1.480016081423248e-10
1.950475212319519e-10
2.562856998666425e-10
3.357720056668201e-10
4.386573947201626e-10
5.71468872591673e-10
7.424523611011623e-10
9.620023599227878e-10
1.243186396420972e-09
1.602392755910777e-09
2.060122230538983e-09
2.641958427442035e-09
3.379748177866069e-09
4.313036375895208e-09
5.490802312083428e-09
6.973561299539545e-09
8.835891668900261e-09
1.11694795057515e-08
1.408677825273977e-08
1.772538407713907e-08
2.225326569507464e-08
2.787499422061565e-08
3.483914672188991e-08
4.344708494957493e-08
5.406334694484733e-08
6.712790573268457e-08
8.317060925512742e-08
1.028281517762669e-07
1.268639701902041e-07
1.561915164702326e-07
1.919014373274385e-07
2.352932260383648e-07
2.879120196906979e-07
3.515912865867788e-07
4.285022449240169e-07
5.2121094737929e-07
6.327441091627032e-07
7.66664843387101e-07
9.271596454218577e-07
1.119138083247202e-06
1.348346849022416e-06
1.621499968310733e-06
1.946427172470146e-06
2.332242655436158e-06
2.78953663801859e-06
3.330592443663254e-06
3.969631990059981e-06
4.72309292457556e-06
5.609940883756008e-06
6.65202068830033e-06
7.874450572760307e-06
9.306063914139759e-06
1.097990323727817e-05
1.293377165096395e-05
1.52108471979003e-05
1.786036600087638e-05
2.093838038330424e-05
2.450859855574116e-05
2.864331272772597e-05
3.342442283968869e-05
3.894456336845008e-05
4.530834085590598e-05
5.263368998869921e-05
6.105335610639237e-05
7.071651199642161e-05
8.179051691126388e-05
9.446282833715526e-05
0.0001089430838002487
0.0001254653594432926
0.0001442906132115375
0.0001657093224469608
0.0001900443257609124
0.0002176538789636569
0.0002489349346167184
0.0002843266544892927
0.0003243141637875946
0.0003694325555184959
0.0004202711526907996
0.0004774780353095094
0.000541764838154146
0.0006139118242819841
0.0006947732379236355
0.00078528293900246
0.0008864603198826435
0.0009994165031047863
0.001125360816795815
0.001265607542154331
0.001421582924850844
0.001594832439373843
0.001787028292297125
0.001999977147468776
0.002235628058319384
0.002496080601622801
0.002783593179744515
0.003100591457702886
0.003449676901490418
0.003833635380014636
0.004255445788434371
0.004718288645801663
0.005225554614801056
0.005780852885952707
0.006388019363140689
0.007051124582325602
0.007774481302735993
0.008562651820178452
0.009420454981798512
0.01035297270779643
0.01136555582016244
0.01246382914911346
0.0136536959088638
0.0149413412735724
0.01633323502499346
0.01783613318021552
0.0194570784986224
0.02120339979250497
0.02308270995144498
0.0251029025702701
0.02727214710813181
0.02959888246662389
0.0320918089123346
0.03475987826014219
0.03761228221547868
0.04065843882579436
0.04390797693870664
0.04737071861738187
0.05105665945494327
0.05497594670966663
0.05913885525337036
0.06355576125825338
0.06823711361900649
0.07319340309742206
0.07843512915283038
0.0839727645135048
0.08981671745985516
0.09597729188218068
0.1024646451636909
0.1092887439107889
0.1164593176685579
0.1239858106499707
0.1318773316196979
0.1401426020584879
0.1487899027006697
0.1578270186774422
0.1672611833570454
0.1770990211073765
0.1873464891853778
0.1980088189137817
0.2090904564678573
0.2205950034229023
0.2325251573716911
0.2448826528859276
0.2576682030331228
0.270881441844826
0.2845208679288932
0.2985837895977388
0.3130662718322199
0.3279630853196195
0.343267658010364
0.3589720293936236
0.3750668078876495
0.3915411316732275
0.4083826332020669
0.4255774078368686
0.4431099867864651
0.4609633147082092
0.4791187322694402
0.4975559638515087
0.5162531108206835
0.5351866504447446
0.5543314407588863
0.5736607315892777
0.5931461818164617
0.6127578832112153
0.6324643908022636
0.6522327599744511
0.6720285903808838
0.6918160766085077
0.7115580658011248
0.731216122043416
0.7507505975637901
0.7701207106842145
0.7892846302844166
0.8081995668184905
0.8268218695257995
0.8451071297474091
0.863010290110845
0.8804857591705504
0.8974875313766388
0.9139693118512857
0.9298846457296327
0.94518705167246
0.9598301589893502
0.9737678481054081
0.9869543937100742
0.9993446102049998
1.010893998936802
1.021558896558145
1.031296624158323
1.040065636405724
1.047825670230987
1.054537892468858
1.060165045755175
1.064671592268521
1.068023854542453
1.070190152855764
1.071140938619357
1.07084892309291
1.069289201062136
1.066439368726927
1.062279635294318
1.056792927770245
1.049964988494188
1.041784465276935
1.032242993305029
1.021335267864729
1.009059107600042
0.9954155093335063
0.9804086963094454
0.964046156647272
0.9463386663633062
0.9273002973472186
0.9069484176046863
0.8853036901015821
0.8623900626904166
0.8382347423058158
0.8128681538730205
0.7863238891520108
0.7586386477698566
0.7298521685417025
0.7000071501819406
0.669149161662733
0.6373265429215151
0.6045902964374633
0.570993969833509
0.5365935298586781
0.5014472281738033
0.4656154593936901
0.4291606119310863
0.3921469120926156
0.3546402619864114
0.3167080718015804
0.2784190870242693
0.2398432112240094
0.2010513249966062
0.1621151017104967
0.1231068206948617
0.08409917850811462
0.04516509895357608
0.006377542486361294
-0.03219068432748648
-0.07046711865330267
-0.1083798298877289
-0.1458576061808984
-0.1828301383533448
-0.21922820060256
-0.2549838274107828
-0.2900304860694295
-0.3243032442778826
-0.3577389322723232
-0.3902762989919558
-0.4218561618077502
-0.4524215493479701
-0.4819178370255023
-0.5102928748536232
-0.5374971072076261
-0.5634836842115041
-0.5882085644465961
-0.6116306087659773
-0.6337116649629102
-0.6544166431228061
-0.6737135815148655
-0.6915737029042063
-0.7079714612599667
-0.7228845787790705
-0.7362940732347072
-0.7481842756839895
-0.7585428385882313
-0.7673607344882117
-0.7746322453304996
-0.7803549426355391
-0.7845296587036519
-0.7871604490535633
-0.7882545463765853
-0.7878223062507153
-0.7858771449375329
-0.782435469585833
-0.7775166011669319
-0.771142690542735
-0.7633386280087596
-0.7541319467233125
-0.7435527204319411
-0.73163345589179
-0.7184089804602688
-0.7039163252514232
-0.6881946043142015
-0.6712848902813912
-0.6532300869329583
-0.6340747991586196
-0.6138652007352714
-0.5926489003730721
-0.5704748064734844
-0.5473929910288535
-0.5234545531161704
-0.4987114823838069
-0.4732165229555477
-0.4470230381495464
-0.4201848763835818
-0.3927562386512252
-0.3647915479176871
-0.3363453207915978
-0.3074720417968237
-0.2782260405415675
-0.2486613720845153
-0.2188317007631116
-0.1887901877450264
-0.1585893825361542
-0.1282811186551406
-0.09791641367515518
-0.06754537380401339
-0.03721710316172919
-0.006979617890559339
0.02312023478713803
0.05303685246506176
0.08272594832590172
0.1121446167321108
0.1412513935953087
0.1700063115001903
0.1983709495798647
0.2263084781514077
0.2537836981410521
0.280763075342827
0.3072147695665418
0.3331086587546921
0.3584163581487506
0.3831112346101749
0.4071684162084949
0.4305647971893278
0.4532790384563652
0.4752915637056354
0.4965845513766587
0.517141922580948
0.5369493251607206
0.5559941140549863
0.5742653281423167
0.5917536637466488
0.6084514449917647
0.6243525911914624
0.6394525814860715
0.6537484168980063
0.6672385799916681
0.6799229923299557
0.6918029699269637
0.7028811769128731
0.7131615775781777
0.7226493869815708
0.7313510203052858
0.7392740411375021
0.746427108873737
0.7528199253961558
0.7584631812024502
0.7633685011480303
0.7675483899561865
0.7710161776652403
0.7737859651429692
0.775872569811484
0.777291471716638
0.7780587600632861
0.7781910803469213
0.7777055821875567
0.7766198679873033
0.774951942512028
0.7727201634754128
0.7699431932167692
0.7666399515472004
0.7628295698451135
0.7585313464678044
0.7537647035337341
0.7485491451408668
0.7429042170561719
0.7368494679259185
0.7304044120403833
0.7235884936670127
0.7164210529722977
0.7089212935546351
0.7011082516254521
0.6930007668445706
0.6846174547832735
0.6759766810031631
0.6670965367545048
0.6579948163091972
0.648688995911827
0.6391962143032415
0.6295332547852368
0.6197165288110185
0.6097620610975131
0.5996854762264694
0.5895019866748632
0.5792263822290169
0.568873020754575
0.5584558203031733
0.5479882525126143
0.5374833372371054
0.526953638358088
0.5164112607351072
0.505867848261605
0.4953345829779739
0.4848221851863906
0.474340914523559
0.4639005719375324
0.4535105025190777
0.4431795991397892
0.432916306852774
0.4227286280173773
0.4126241280909413
0.4026099420372042
0.3926927813062584
0.3828789413454653
0.3731743096053716
0.3635843739886985
0.3541142316950009
0.3447685984212103
0.3355518178852487
0.3264678716434654
0.3175203891547967
0.3087126580508769
0.3000476345782433
0.2915279541832154
0.283155942211645
0.2749336246900892
0.2668627391615743
0.2589447455482788
0.2511808370122896
0.243571950790466
0.2361187789798813
0.2288217792528368
0.2216811854814443
0.214697018253834
0.207869095268336
0.201197041584336
0.194680299711674
0.1883181395251888
0.1821096679950261
0.1760538387248876
0.1701494612837091
0.1643952103196362
0.1587896344483243
0.1533311649102796
0.1480181239933971
0.1428487332128615
0.1378211212432418
0.132933331599487
0.1281833300647381
0.1235690118645429
0.119088208584734
0.1147386948322226
0.1105181946389714
0.1064243876101994
0.1024549148189602
0.09860738444818283
0.09487937718238723
0.09126845135209917
0.08777214783441521
0.08438799471428551
0.08111351170958415
0.07794621436413771
0.07488361801345345
0.07192324152802737
0.06906261083983679
0.06629926225688894
0.06363074557124537
0.06105462696624511
0.05856849172903396
0.05616994677496456
0.05385662298907841
0.05162617739061843
0.04947629512672495
0.04740469130139306
0.04540911264611597
0.0434873390380116
0.04163718487143539
0.03985650028917661
0.03814317227940046
0.03649512564458851
0.03491032384793052
0.03338676974264304
0.031922506189933
0.03051561657153352
0.02916422520256982
0.0278664976496942
0.02662064095952353
0.02542490380254139
0.02427757653736862
0.02317699120041219
0.0221215214254272
0.02110958229752191
0.02013963014597395
0.01921016228025705
0.01831971667334534
0.01746687159625673
0.01665024520740326
0.01586849510055805
0.01512031781484762
0.01440444831024201
0.0137196594116482
0.01306476122481141
0.01243860052684118
0.01184006013420728
0.01126805825083308
0.01072154779886244
0.01019951573452644
0.009700982351444367
0.009225000573345509
0.008770655238139753
0.00833706237538745
0.007923368479079018
0.007528749777348881
0.007152411500685406
0.006793587149917939
0.006451537765595447
0.006125551199940128
0.005814941392660938
0.005519047651669762
0.005237233939728792
0.004968888167926521
0.004713421496822079
0.00447026764603749
0.004238882213021248
0.004018742001726201
0.003809344361669734
0.003610206537888628
0.003420865032256005
0.00324087497659246
0.003069809517933714
0.002907259216209191
0.002752831454575765
0.002606149862634519
0.002466853752680543
0.002334597569211937
0.00220905035168837
0.002089895210614174
0.00197682881694459
0.001869560904900078
0.001767813788083393
0.001671321888890116
0.001579831281109892
0.001493099245634878
0.0014108938391351
0.001332993475580177
0.001259186520494899
0.001189270897688828
0.001123053708379735
0.0010603508624545
0.001000986721625818
0.0009447937544239335
0.0008916122025858824
0.0008412897588218268
0.0007936812556269302
0.0007486483648662183
0.0007060593080024261
0.0006657885765689639
0.0006277166628059867
0.0005917298000161866
0.0005577197126151453
0.0005255833754098627
0.0004952227819993933
0.0004665447219767209
0.0004394605666688579
0.0004138860632516166
0.0003897411369241859
0.0003669497008870616
0.0003454394739265028
0.0003251418053399113
0.0003059915069625028
0.0002879266920995557
0.0002708886210996063
0.0002548215533724867
0.0002396726055943853
0.0002253916159483753
0.0002119310141135794
0.0001992456968600502
0.0001872929090258427
0.0001760321296477049
0.0001654249631403233
0.0001554350352153148
0.0001460278934890294
0.000137170912509179
0.0001288332030494029
0.0001209855255217262
0.0001136002073821701
0.0001066510642526969
0.000100113324734883
9.396355870270752e-05
8.817960893117559e-05
8.2740525962476e-05
7.76265060377792e-05
7.281883195945488e-05
6.829981680565014e-05
6.405275033100042e-05
6.006184796598055e-05
5.631220227908207e-05
5.278973680222268e-05
4.948116214728835e-05
4.637393425469718e-05
4.345621471153201e-05
4.071683306121607e-05
3.814525098492376e-05
3.573152826991617e-05
3.346629052698683e-05
3.134069850681176e-05
2.934641900327442e-05
2.747559723070295e-05
2.5720830637566e-05
2.407514403276095e-05
2.253196604974588e-05
2.108510680052891e-05
1.972873669610994e-05
1.845736639642679e-05
1.726582781202516e-05
1.61492560785592e-05
1.510307254141185e-05
1.412296860795503e-05
1.320489046553868e-05
1.234502463440824e-05
1.153978429039345e-05
1.078579634227581e-05
1.007988916800742e-05
9.41908108447204e-06
8.800569377050428e-06
8.221719994061287e-06
7.680057768724525e-06
7.173257185976998e-06
6.699133679080006e-06
6.255635389857768e-06
5.840835400569845e-06
5.452924402568789e-06
5.090203760609813e-06
4.751078994268769e-06
4.434053601261461e-06
4.137723248442199e-06
3.860770290519911e-06
3.601958587723063e-06
3.360128640913141e-06
3.134193004503891e-06
2.923131936235747e-06
2.725989325233623e-06
2.541868860053616e-06
2.369930387595528e-06
2.209386520742932e-06
2.059499413107368e-06
1.919577754794224e-06
1.788973908803613e-06
1.66708124535128e-06
1.553331626649456e-06
1.447193015931451e-06
1.34816728671045e-06
1.255788085920382e-06
1.169618895920417e-06
1.089251151934093e-06
1.014302534233365e-06
9.444152929993119e-07
8.792547502374679e-07
8.18507827229129e-07
7.618817022654328e-07
7.091025271076611e-07
6.599142344892577e-07
6.140774095393301e-07
5.713682291472979e-07
5.315775020257073e-07
4.945097005911276e-07
4.599821069435371e-07
4.278240016384203e-07
3.978758909038264e-07
3.699887833864674e-07
3.440235170155255e-07
3.198501201776364e-07
2.973472294722238e-07
2.764015358600986e-07
2.569072531228153e-07
2.387656286829358e-07
2.218844979805235e-07
2.061778524063801e-07
1.915654278514412e-07
1.779723310479911e-07
1.653287054899124e-07
1.535693759183149e-07
1.426335689830071e-07
1.324645988797838e-07
1.23009596767317e-07
1.142192911647925e-07
1.060477314875466e-07
9.845208298701114e-08
9.139242816063407e-08
8.483156733603429e-08
7.873483425320098e-08
7.306992050613864e-08
6.780672853361527e-08
6.291722900191292e-08
5.837531194693996e-08
5.415664852347577e-08
5.023859228064074e-08
4.660005781813815e-08
4.322140668530032e-08
4.00843630690377e-08
3.7171911294837e-08
3.446820622231544e-08
3.195851571108286e-08
2.962911730105032e-08
2.746725345486015e-08
2.54610536084684e-08
2.359946800346843e-08
2.187222651279706e-08
2.026976969226461e-08
1.878321147501705e-08
1.740429022366993e-08
1.612531980139119e-08
1.493915092679917e-08
1.383915267632845e-08
1.281914201286075e-08
1.187338564428462e-08
1.099655328501387e-08
1.018368212331869e-08
9.430176486037965e-09
8.731753176896767e-09
8.084439639640862e-09
7.484545478595194e-09
6.92864453981561e-09
6.41354352369682e-09
5.93629608076026e-09
5.494159550460454e-09
5.084572184562717e-09
4.705174722351539e-09
4.353766547477815e-09
4.028308420259897e-09
3.726906226842347e-09
3.447807010528381e-09
3.189372054321069e-09
2.950098749953531e-09
2.728578040162229e-09
2.523515587285752e-09
2.333702202092609e-09
2.15801334465771e-09
1.995411397206239e-09
1.844932930704369e-09
1.705680443918881e-09
1.57682589298694e-09
1.457606996341114e-09
1.347313203218549e-09
1.245279662888211e-09
1.150892724037334e-09
1.063590205346123e-09
9.82843921338608e-10
9.081694102596624e-10
8.39109158022855e-10
7.752466742810888e-10
7.161963437320593e-10
6.616039897220314e-10
6.111322720448852e-10
5.644730122044776e-10
5.213406275679972e-10
4.814755388907684e-10
4.446269627291082e-10
4.105785722572344e-10
3.791121675133481e-10
3.500355078654548e-10
3.231666801931883e-10
2.98343414382121e-10
2.754072980041517e-10
2.542228608754866e-10
2.34655260414818e-10
2.165721961664829e-10
1.998687203498286e-10
1.844417883828404e-10
1.701926040317565e-10
1.570407178114661e-10
1.448967402038169e-10
1.336866164184239e-10
1.233370353533677e-10
1.137829271225739e-10
1.04964575845101e-10
9.682284025460193e-11
8.930482181821033e-11
8.236221263058435e-11
7.595847229139277e-11
7.004735123335273e-11
6.459120775212343e-11
5.955466118096347e-11
5.490671429899736e-11
5.061927105779975e-11
4.666644413185465e-11
4.301882446609782e-11
3.965637041927197e-11
3.655452553652816e-11
3.36969352230843e-11
3.106199817808407e-11
2.863072167097294e-11
2.638652185671364e-11
2.431707106387948e-11
2.240917947476631e-11
2.065168509102379e-11
1.902304263208889e-11
1.752306969291694e-11
1.613705415083446e-11
1.486290583311984e-11
1.368606369886197e-11
1.260136680548004e-11
1.160859441810978e-11
1.069181600202597e-11
9.851496741281369e-12
9.079951543014798e-12
8.369322205492721e-12
7.710229697550339e-12
7.103945320177039e-12
6.541907622842517e-12
6.022602839696726e-12
5.5417551353303e-12
5.095981498166544e-12
4.683694886877399e-12
4.303251224197802e-12
3.955265685183158e-12
3.638619721821437e-12
3.348706003308112e-12
3.083824816101785e-12
2.845968996323801e-12
2.628480654930511e-12
2.426511404632931e-12
2.239388840177655e-12
2.063776212430399e-12
1.900217207005564e-12
1.744165833305593e-12
1.596331620260771e-12
1.463228409311123e-12
1.336452503254963e-12
1.223279101054036e-12
1.122282321473099e-12
1.030021803819754e-12
9.483732927142467e-13
8.762802648547229e-13
8.138982059560395e-13
7.57579407609865e-13
7.047522056006116e-13
6.52174767087368e-13
5.984835198146818e-13
5.491734558068835e-13
5.03968644477104e-13
4.582740203153911e-13
4.175878635590389e-13
3.756605753094451e-13
3.381738251396949e-13
3.07423536032627e-13
2.789741079199363e-13
2.598574467514237e-13
2.420426860324933e-13
2.301911685164313e-13
2.200251605269355e-13
2.084401696315368e-13
1.962557468825185e-13
1.823592979775311e-13
1.623028263460492e-13
1.465940369992414e-13
1.278630572425333e-13
1.133739737755208e-13
9.784286671723772e-14
8.847095424886179e-14
7.956971638051089e-14
7.33177648063031e-14
6.9336221515974e-14
6.783544245001776e-14
6.771192611618004e-14
6.675953776052985e-14
6.387247352084223e-14
5.565095681645074e-14
4.819423481202956e-14
4.409786286407979e-14
4.429030823186021e-14
3.934362520209913e-14
3.367782938170895e-14
2.997061501672853e-14
2.431087015240687e-14
2.292187148131163e-14
2.126543814068263e-14
1.767669330517476e-14
1.369540966662673e-14
1.161685975701497e-14
1.278234713369614e-14
1.354084378618114e-14
1.445164169938455e-14
1.42465020155839e-14
1.694423656225843e-14
1.542179509424521e-14
1.795336884441354e-14
1.644584899782636e-14
1.281181742020093e-14
8.832209233215097e-15
4.314565053243681e-15
2.128344721185942e-15
1.7572448437873e-16
1.947101115792708e-15
3.804795784823468e-15
1.175769338468415e-15
-9.584615382200787e-16
-6.791297112752683e-16
9.800566084661537e-16
2.182350516625521e-15
7.561685399790707e-15
9.005344409665305e-15
9.819721893929208e-15
9.752637727323448e-15
6.670458256269078e-15
6.507768144821237e-15
4.282071776344815e-15
2.511046680213221e-15
-2.715397785189398e-15
-3.978059651918897e-15
-5.953320097579862e-15
-9.348027784217598e-15
-7.745628034314331e-15
-7.275697144336831e-15
-4.167707636162901e-15
3.697331485082634e-15
7.995252703406657e-15
1.209809700709318e-14
1.472302764313189e-14
1.400180075860986e-14
1.138256924645455e-14
5.463827330871951e-15
-3.268521227524988e-15
-9.014831410485828e-15
-1.430385893007708e-14
-1.339783733256206e-14
-8.544766845304582e-15
-8.327188668077827e-15
-4.335581234069031e-15
1.637428636860189e-15
3.280357482471825e-15
1.04132367528688e-14
1.308944110702748e-14
1.095553165127024e-14
5.467289563377761e-15
2.704881985879413e-15
2.28443635279265e-15
2.538692208423333e-16
1.459332085433081e-15
-5.801917831178271e-15
-9.075830121324496e-15
-9.43415975632488e-15
-1.120610535414207e-14
-7.876185280625984e-15
-5.155757560201898e-15
1.35383526768115e-15
5.433596228052252e-15
1.0252142276562e-14
1.033033277444077e-14
8.051966763323607e-15
4.264779538217679e-15
4.307662373711692e-15
5.758994186668138e-15
3.361675864378892e-15
-2.628295623908054e-15
-6.935999086667274e-15
-9.688422496463121e-15
-1.003752381139862e-14
-9.574230614278664e-15
-8.490467507754648e-15
-4.014463859853866e-15
-9.94483748357197e-16
2.110054538903582e-15
6.950451818408749e-15
1.239182385284285e-14
1.397277723172765e-14
1.176979758203157e-14
8.679627787486026e-15
4.124144809824141e-15
-3.675540217498565e-15
-6.075496242237634e-15
-7.23136899106569e-15
-1.204792708160282e-14
-1.357580297948843e-14
-1.252750782447152e-14
-1.106372397041884e-14
-4.626943440173404e-15
2.039314752982967e-15
7.615137066931475e-15
1.278736870975771e-14
1.646980802081543e-14
1.78251115166398e-14
1.434079116743058e-14
9.481449276808204e-15
3.152318967285712e-15
-3.721569682214306e-15
-1.314292703358488e-14
-1.911786961939329e-14
-2.401876179762414e-14
-2.224548546002871e-14
-1.403602367638348e-14
-3.358989237971422e-15
6.16534768840745e-15
1.540825853826702e-14
1.954145048022775e-14
2.038580268474473e-14
1.945339452255045e-14
1.786275814440967e-14
1.00530775624244e-14
2.219552291017535e-15
-7.878626002029062e-15
-2.293281995807258e-14
-3.119784723802225e-14
-2.783025250222273e-14
-2.194414486651957e-14
-7.221875750503315e-15
5.256697824414048e-15
1.588521034375158e-14
2.205368631228789e-14
1.988799907193763e-14
2.007846422685743e-14
1.584112591233519e-14
8.468830970300718e-15
1.728095291672045e-16
-8.634831092480677e-15
-1.152118776106409e-14
-1.488376790321561e-14
-2.116128733849184e-14
-1.671898359332463e-14
-1.232384612628209e-14
-4.013315023327947e-15
1.142835824883278e-15
8.07574286246313e-15
1.354227147833988e-14
1.768942973272735e-14
1.568519626099704e-14
1.362322995699911e-14
8.269860101780267e-15
4.214368041155999e-15
-2.85080486167595e-15
-1.343208202195648e-14
-1.447543310351503e-14
-1.483832039279758e-14
-1.774376719927744e-14
-1.440809871799353e-14
-4.868688380002614e-15
