-2.371547477575226e-12
-1.494227537406774e-12
-9.475032211158351e-13
-6.043956442913276e-13
-3.891956209977926e-13
-2.535267420522942e-13
-1.678305790536037e-13
-1.140306889738506e-13
-8.092996047333109e-14
-6.196132265444706e-14
-5.370847963609093e-14
-5.284326869196688e-14
-5.890498204272945e-14
-7.281252090052279e-14
-9.558684343272418e-14
-1.299065631946679e-13
-1.789166868624025e-13
-2.485275323889767e-13
-3.472982423642627e-13
-4.86576090470484e-13
-6.775190453085454e-13
-9.447062414368904e-13
-1.312113771822499e-12
-1.819140891146865e-12
-2.512759489050021e-12
-3.458810815372215e-12
-4.744638471622917e-12
-6.487526924264151e-12
-8.838351719299417e-12
-1.200031601541057e-11
-1.624017956108783e-11
-2.190378154734278e-11
-2.944562175783259e-11
-3.945602338830088e-11
-5.270021562605818e-11
-7.016664539809353e-11
-9.313250484237004e-11
-1.232355421054662e-10
-1.625780223757407e-10
-2.138445810144563e-10
-2.804593885036847e-10
-3.66778071874732e-10
-4.783217970457325e-10
-6.220778755181955e-10
-8.068616010656948e-10
-1.043769184239397e-09
-1.346732538345419e-09
-1.733196883187545e-09
-2.22495531317531e-09
-2.849163619208256e-09
-3.639569458688255e-09
-4.638009981962806e-09
-5.896220935207192e-09
-7.478014102743709e-09
-9.461914642513621e-09
-1.194431857479514e-08
-1.504328225971831e-08
-1.890304828327267e-08
-2.369944840501241e-08
-2.964632493765914e-08
-3.70031640156502e-08
-4.608412036359993e-08
-5.72686942131424e-08
-7.101431019714146e-08
-8.787112024223461e-08
-1.084993659541485e-07
-1.336897302554133e-07
-1.643871037563516e-07
-2.017183109900117e-07
-2.470243689197966e-07
-3.018979507495759e-07
-3.682268061193484e-07
-4.482439702188439e-07
-5.445857266981674e-07
-6.603583679914943e-07
-7.992149590654532e-07
-9.654434101486799e-07
-1.164067347064247e-06
-1.400961395578207e-06
-1.682982700167674e-06
-2.018120672910672e-06
-2.41566718822649e-06
-2.88640964364106e-06
-3.442849552237777e-06
-4.099449584530837e-06
-4.87291223564636e-06
-5.782493585331681e-06
-6.850355910425871e-06
-8.101963206782627e-06
-9.566524019250644e-06
-1.127748628790847e-05
-1.327308925153877e-05
-1.55969778069565e-05
-1.829888502161369e-05
-2.143538885360107e-05
-2.507074942106587e-05
-2.927783345402659e-05
-3.413913281426705e-05
-3.97478841667532e-05
-4.620929704613508e-05
-5.364189761516341e-05
-6.217899558165322e-05
-7.197028379297438e-05
-8.318358531112366e-05
-9.600675487650767e-05
-0.0001106497426247325
-0.0001273468295007934
-0.0001463590439834396
-0.0001679767697725063
-0.0001925225540319149
-0.00022035412567883
-0.000251867632978565
-0.0002875011093974013
-0.0003277381762852558
-0.000373111990395828
-0.0004242094436165612
-0.0004816756215065485
-0.0005462185262732878
-0.0006186140687458202
-0.0006997113326208482
-0.000790438112796183
-0.0008918067279576572
-0.001004920105718782
-0.001130978136497776
-0.001271284289991627
-0.001427252485548035
-0.001600414205161214
-0.001792425839421261
-0.002005076263861825
-0.002240294621124815
-0.002500158283444044
-0.002786900969667096
-0.003102920987361865
-0.003450789566421498
-0.0038332592461624
-0.004253272273231207
-0.004713968962679776
-0.005218695969386156
-0.005771014412301686
-0.006374707799307185
-0.00703378979030183
-0.007752511778677766
-0.008535370128025748
-0.009387112894562302
-0.01031274600474126
-0.01131753887437901
-0.01240702940501523
-0.01358702824320191
-0.014863622217797
-0.01624317686160601
-0.01773233794381508
-0.01933803192678214
-0.02106746524282391
-0.02292812231712035
-0.02492776222875216
-0.02707441393227645
-0.02937636995371527
-0.03184217845870792
-0.03448063363347968
-0.03730076427396904
-0.04031182052247118
-0.0435232586831344
-0.04694472402986654
-0.05058603157976768
-0.05445714474751539
-0.05856815185671597
-0.06292924047584066
-0.067550669525607
-0.07244273918335471
-0.07761575853759638
-0.08308001102512222
-0.08884571767304046
-0.09492299814372131
-0.1013218296814483
-0.1080520039656375
-0.1151230819736465
-0.1225443469444996
-0.1303247555067727
-0.1384728871575017
-0.1469968921569459
-0.1559044380230989
-0.1652026547933059
-0.1748980791837255
-0.1849965979221166
-0.1955033903803733
-0.2064228707753142
-0.217758630177851
-0.2295133785178529
-0.2416888869383645
-0.2542859306754482
-0.267304232802103
-0.2807424091316058
-0.2945979145060553
-0.3088669908835396
-0.3235446174219019
-0.338624462935582
-0.354098841045156
-0.3699586682553366
-0.3861934254035138
-0.4027911226593369
-0.4197382684477969
-0.4370198425988142
-0.454619273931026
-0.4725184226995237
-0.4906975680258334
-0.5091354006357132
-0.5278090211464018
-0.5466939440315257
-0.5657641076240291
-0.5849918901768189
-0.6043481322224079
-0.6238021653688959
-0.6433218475372851
-0.6628736048916638
-0.6824224803432035
-0.7019321887454462
-0.7213651787783578
-0.7406827013683517
-0.7598448847440072
-0.7788108158561612
-0.7975386281421485
-0.8159855954739599
-0.8341082319629201
-0.8518623975603646
-0.869203409020714
-0.8860861560523686
-0.9024652223385073
-0.9182950109455673
-0.933529873914118
-0.948124245447078
-0.9620327783715479
-0.9752104834213791
-0.987612870745983
-0.9991960933323578
-1.009917091638419
-1.019733739006143
-1.028604987311352
-1.036491012182428
-1.043353357399853
-1.049155077728557
-1.053860879702767
-1.057437259791245
-1.059852639279605
-1.061077495493736
-1.06108448860694
-1.059848583506537
-1.057347166189364
-1.05356015419969
-1.048470100933887
-1.042062292934634
-1.034324839172581
-1.025248751967262
-1.014828020528762
-1.003059678968773
-0.9899438654822372
-0.9754838668439931
-0.9596861484485008
-0.9425603772812063
-0.9241194443626917
-0.9043794789233356
-0.8833598471254515
-0.8610831355960499
-0.837575125081169
-0.8128647565180452
-0.7869840874513452
-0.7599682377310371
-0.7318553246380155
-0.7026863880637613
-0.6725053061850003
-0.6413587016791501
-0.6092958387370875
-0.5763685112029409
-0.5426309222032456
-0.5081395557329054
-0.472953040557515
-0.4371320069163217
-0.4007389365119285
-0.3638380062783529
-0.3264949265043664
-0.2887767738324872
-0.2507518197316798
-0.2124893550350659
-0.1740595111355709
-0.1355330784782003
-0.0969813229579574
-0.05847580086744305
-0.02008817302498584
0.01810998128753029
0.05604734993864538
0.09365307248731039
0.130856923028291
0.1675894907380616
0.2037823575194336
0.2393682721688882
0.2742813204931608
0.3084570908381956
0.3418328345106145
0.3743476205796097
0.4059424846041854
0.436560570818488
0.4661472673662813
0.4946503341968917
0.5220200232508508
0.5482091906408362
0.5731734005046354
0.5968710202793491
0.619263307172465
0.6403144856292843
0.659991815685079
0.6782656520416556
0.6951094937920587
0.7105000247434293
0.7244171443080013
0.7368439890189
0.7477669446868017
0.7571756493057582
0.7650629868255056
0.771425071908574
0.7762612258794275
0.7795739440384457
0.7813688545934305
0.7816546694664772
0.7804431272379996
0.7777489285695087
0.7735896643914277
0.7679857372152077
0.7609602759306956
0.7525390444491769
0.7427503446172451
0.7316249137687818
0.7191958173378844
0.7054983369545954
0.6905698544440776
0.674449732197395
0.6571791903140062
0.6388011809602463
0.6193602603813189
0.5989024589942847
0.5774751500187607
0.5551269170488865
0.5319074210020978
0.5078672668561826
0.4830578705613462
0.4575313265336005
0.4313402761003442
0.4045377772827989
0.3771771762688192
0.3493119809030212
0.3209957365296912
0.2922819044881701
0.2632237435614713
0.2338741946515459
0.2042857689309219
0.1745104397160051
0.1445995382751317
0.114603653776497
0.08457253755658237
0.05455501186868495
0.0245988832579026
-0.005249139315745776
-0.03494352149941468
-0.0644399756294768
-0.09369552780557779
-0.1226685799069384
-0.1513189665173753
-0.1796080067439357
-0.207498550930873
-0.2349550222844435
-0.2619434534463544
-0.2884315180596515
-0.3143885573939367
-0.3397856021069602
-0.3645953892234707
-0.3887923744326844
-0.4123527398128219
-0.435254397116499
-0.4574769867512247
-0.479001872584621
-0.4998121327283107
-0.5198925464493899
-0.539229577376399
-0.5578113531683234
-0.5756276418186117
-0.5926698247900478
-0.6089308671437168
-0.6244052848384244
-0.6390891093848199
-0.6529798500474886
-0.6660764538052626
-0.678379263236037
-0.6898899725096655
-0.7006115816732246
-0.7105483494104221
-0.7197057444700441
-0.7280903959276777
-0.7357100424585563
-0.7425734807923705
-0.7486905135134171
-0.7540718963840107
-0.7587292853324651
-0.7626751832601006
-0.765922886813349
-0.7684864332554461
-0.7703805475813614
-0.7716205899962066
-0.7722225038928321
-0.7722027644443686
-0.7715783279052207
-0.7703665817277893
-0.7685852955851437
-0.7662525733966967
-0.7633868064397084
-0.7600066276175107
-0.7561308669656671
-0.7517785084476283
-0.7469686481050359
-0.7417204536124085
-0.7360531252653246
-0.729985858437548
-0.723537807544231
-0.7167280515635831
-0.709575561137092
-0.7020991672352525
-0.6943175313896771
-0.6862491175083891
-0.6779121653024698
-0.6693246653195423
-0.6605043355491722
-0.6514685995790909
-0.6422345662976677
-0.632819011149112
-0.6232383589176017
-0.6135086679887067
-0.6036456160500249
-0.5936644872110594
-0.5835801605310371
-0.5734070999177884
-0.5631593453394496
-0.5528505053044297
-0.5424937505741103
-0.5321018090780189
-0.5216869619875482
-0.5112610408957012
-0.5008354260620071
-0.49042104567091
-0.4800283760557282
-0.4696674428420899
-0.4593478229678641
-0.4490786475422263
-0.4388686054866953
-0.4287259479074291
-0.4186584931533059
-0.4086736325187914
-0.398778336555157
-0.3889791619363261
-0.3792822588300572
-0.3696933787328388
-0.3602178827343213
-0.3508607501803996
-0.3416265876848949
-0.3325196384460697
-0.3235437918315058
-0.3147025931993428
-0.3059992539254674
-0.2974366615999299
-0.2890173903627302
-0.280743711348253
-0.2726176032058743
-0.2646407626696018
-0.2568146151498626
-0.2491403253231634
-0.2416188076962407
-0.23425073712359
-0.2270365592617171
-0.219976500935148
-0.2130705803924187
-0.2063186174355005
-0.1997202434104294
-0.1932749110484362
-0.1869819041397423
-0.180840347025585
-0.1748492138976706
-0.1690073378970471
-0.1633134200060116
-0.1577660377223397
-0.1523636535079365
-0.1471046230060712
-0.1419872030228793
-0.137009559270415
-0.1321697738661773
-0.1274658525862418
-0.1228957318701625
-0.1184572855767606
-0.1141483314912971
-0.1099666375831382
-0.1059099280145827
-0.1019758889022192
-0.09816217383287823
-0.09446640913749872
-0.09088619892450547
-0.08741912987574957
-0.08406277580853334
-0.08081470200771158
-0.07767246933246534
-0.0746336381017815
-0.07169577176320457
-0.06885644034989054
-0.06611322373152115
-0.06346371466506155
-0.06090552165003207
-0.05843627159384294
-0.05605361229282818
-0.05375521473485521
-0.05153877522966803
-0.04940201737249593
-0.04734269384677892
-0.04535858807198558
-0.04344751570263408
-0.04160732598479645
-0.03983590297547989
-0.03813116663037531
-0.03649107376578765
-0.03491361890080939
-0.03339683498570196
-0.03193879402153368
-0.03053760757629557
-0.02919142720277613
-0.02789844476350423
-0.02665689266792252
-0.02546504402657785
-0.02432121272722387
-0.02322375343744796
-0.02217106153847919
-0.02116157299479718
-0.02019376416349295
-0.01926615154758052
-0.01837729149718801
-0.01752577986249877
-0.01671025160222078
-0.01592938035106583
-0.01518187794975424
-0.0144664939407162
-0.01378201503271779
-0.01312726453734696
-0.01250110178024823
-0.01190242149000347
-0.01133015316718353
-0.01078326043593485
-0.01026074038035111
-0.009761622867985756
-0.009284969862743424
-0.008829874729139858
-0.008395461529626821
-0.007980884316755003
-0.007585326421854418
-0.007207999741879479
-0.006848144025895518
-0.006505026162469825
-0.006177939469323791
-0.005866202986314848
-0.00556916077287217
-0.005286181210822286
-0.005016656313666787
-0.004760001043103017
-0.004515652633597586
-0.004283069925653022
-0.004061732708397887
-0.003851141072143448
-0.003650814771430922
-0.003460292599007834
-0.003279131771055141
-0.003106907324109082
-0.002943211523913567
-0.002787653286611427
-0.002639857612350064
-0.002499465031522474
-0.002366131063712811
-0.002239525689541789
-0.002119332835464323
-0.002005249871504886
-0.001896987121988475
-0.001794267389226305
-0.00169682549010382
-0.001604407805538136
-0.001516771842689657
-0.001433685809824469
-0.001354928203719121
-0.001280287409432816
-0.001209561312326015
-0.001142556922078004
-0.001079090008629075
-0.001018984749789484
-0.0009620733903516872
-0.0009081959124545314
-0.0008571997170124103
-0.0008089393159695725
-0.0007632760351523611
-0.0007200777274679035
-0.0006792184962592912
-0.0006405784285562974
-0.0006040433379200379
-0.000569504516751054
-0.0005368584977335792
-0.0005060068241609477
-0.0004768558290025603
-0.0004493164223599007
-0.0004233038870976679
-0.0003987376824415787
-0.0003755412552887921
-0.000353641858965818
-0.0003329703792597001
-0.0003134611674466189
-0.0002950518801443883
-0.0002776833256779704
-0.0002612993168234424
-0.0002458465296808019
-0.0002312743684927962
-0.0002175348361419469
-0.0002045824102041266
-0.0001923739243038925
-0.0001808684545985378
-0.0001700272112214356
-0.0001598134344671799
-0.000150192295566966
-0.0001411308018765244
-0.000132597706293098
-0.0001245634207672169
-0.0001169999337013954
-0.000109880731151352
-0.0001031807216046598
-9.687616425078547e-05
-9.094460056530661e-05
-8.536478908542411e-05
-8.011664326663679e-05
-7.518117223005944e-05
-7.054042437645062e-05
-6.617743362054385e-05
-6.207616827333015e-05
-5.822148233681628e-05
-5.459906917652032e-05
-5.119541745317219e-05
-4.799776920421753e-05
-4.499407997744118e-05
-4.217298096684848e-05
-3.952374297772158e-05
-3.70362422384882e-05
-3.470092789390963e-05
-3.250879113786722e-05
-3.04513359259147e-05
-2.852055114886895e-05
-2.670888424391724e-05
-2.500921615108702e-05
-2.341483756335115e-05
-2.19194264004175e-05
-2.051702644172296e-05
-1.920202708981227e-05
-1.796914418309391e-05
-1.681340181079362e-05
-1.573011509161774e-05
-1.47148738657087e-05
-1.376352724927271e-05
-1.287216901552987e-05
-1.203712376005208e-05
-1.125493381520434e-05
-1.052234683714913e-05
-9.836304119551266e-06
-9.193929495769322e-06
-8.592518864391377e-06
-8.029530281380122e-06
-7.502574612117654e-06
-7.009406673437427e-06
-6.54791688263083e-06
-6.116123367612968e-06
-5.712164513633743e-06
-5.334291916486817e-06
-4.980863763521314e-06
-4.650338537115928e-06
-4.341269105633822e-06
-4.052297145851296e-06
-3.782147877895173e-06
-3.529625096353336e-06
-3.293606480137691e-06
-3.073039193376946e-06
-2.866935710050858e-06
-2.674369902331684e-06
-2.49447334071505e-06
-2.326431809434692e-06
-2.169482037316821e-06
-2.022908585994095e-06
-1.886040978789069e-06
-1.758250929324441e-06
-1.638949793462438e-06
-1.527586118096984e-06
-1.423643374913724e-06
-1.326637803560006e-06
-1.236116389052424e-06
-1.151654990748325e-06
-1.072856528609029e-06
-9.993493162724446e-07
-9.307854816219753e-07
-8.668394759565267e-07
-8.072066829426402e-07
-7.516021119065525e-07
-6.997591715965157e-07
-6.51428496666196e-07
-6.063768921595185e-07
-5.643862911112508e-07
-5.252527993666312e-07
-4.887858065078163e-07
-4.548071341077323e-07
-4.231502519220775e-07
-3.936595414947024e-07
-3.661895773882366e-07
-3.406044999137349e-07
-3.167773805972462e-07
-2.945896599455445e-07
-2.739306117269079e-07
-2.546968348528415e-07
-2.367917785324776e-07
-2.201253006561781e-07
-2.046132415031249e-07
-1.901770582686647e-07
-1.767434388890373e-07
-1.642439715644971e-07
-1.526148227302278e-07
-1.417964333663678e-07
-1.31733244586089e-07
-1.223734271781894e-07
-1.136686440922845e-07
-1.055738242485364e-07
-9.804692911418492e-08
-9.104876708031459e-08
-8.454279633575025e-08
-7.849496436228406e-08
-7.287352195705557e-08
-6.764889803112748e-08
-6.279352202606887e-08
-5.82817124935719e-08
-5.40895363174666e-08
-5.019470506289639e-08
-4.65764512419567e-08
-4.321543503766324e-08
-4.009364235970196e-08
-3.719430412023618e-08
-3.450180193515974e-08
-3.200160076712001e-08
-2.968017079312919e-08
-2.752491691548497e-08
-2.552411878400553e-08
-2.366686112212671e-08
-2.194300321751306e-08
-2.03430959075444e-08
-1.885835032239227e-08
-1.748059441512597e-08
-1.620222608211177e-08
-1.501617829429383e-08
-1.39158720299264e-08
-1.289519775531125e-08
-1.194847033911396e-08
-1.107040708724639e-08
-1.025608995131116e-08
-9.500948760405371e-09
-8.800738222788715e-09
-8.151522785649946e-09
-7.549631259485218e-09
-6.991663548542234e-09
-6.474453788617209e-09
-5.995058118320064e-09
-5.550750419150681e-09
-5.139001765656832e-09
-4.757455045525762e-09
-4.403918831224754e-09
-4.076357089232654e-09
-3.772887678678574e-09
-3.491762124565549e-09
-3.231354231600168e-09
-2.990153119688212e-09
-2.76676393601594e-09
-2.559880503965113e-09
-2.368305511596144e-09
-2.190912086464155e-09
-2.026665601178514e-09
-1.874607827308139e-09
-1.733836077345501e-09
-1.603525108677349e-09
-1.482906971557709e-09
-1.371270380217981e-09
-1.267949958955215e-09
-1.172337889266087e-09
-1.083867069841515e-09
-1.002007991561366e-09
-9.262684216967654e-10
-8.562008061925049e-10
-7.913795407608541e-10
-7.314155203832707e-10
-6.759537855085238e-10
-6.246572047400151e-10
-5.772107742998242e-10
-5.333360609387859e-10
-4.927584410493738e-10
-4.552441996167307e-10
-4.205587683236996e-10
-3.884918666293462e-10
-3.588512254921585e-10
-3.314517321396026e-10
-3.061291784306023e-10
-2.827248742361627e-10
-2.610967218880099e-10
-2.411087294367745e-10
-2.226307106353284e-10
-2.055563924363097e-10
-1.897730253568911e-10
-1.75191727560136e-10
-1.617184231270825e-10
-1.492753749203229e-10
-1.37780246859231e-10
-1.271667791138219e-10
-1.173665192483144e-10
-1.083173199556846e-10
-9.996339670151456e-11
-9.224614108628796e-11
-8.512076721644446e-11
-7.854431166522531e-11
-7.246993620666301e-11
-6.685687405838693e-11
-6.167160929112916e-11
-5.688543599962676e-11
-5.246254420468269e-11
-4.838427060619632e-11
-4.462053070341481e-11
-4.114826374598727e-11
-3.794598821283671e-11
-3.499342293510846e-11
-3.226924947792526e-11
-2.975516710730282e-11
-2.743935017887349e-11
-2.530486845438652e-11
-2.333390074844594e-11
-2.151427146932268e-11
-1.983320253360991e-11
-1.827968124983221e-11
-1.684452554832259e-11
-1.551766836481167e-11
-1.429550090677066e-11
-1.316788469684309e-11
-1.212782611704283e-11
-1.117545266307005e-11
-1.02985207648063e-11
-9.494693758851396e-12
-8.753267269038337e-12
-8.068269650331453e-12
-7.440049180280748e-12
-6.85714865886078e-12
-6.315288644113852e-12
-5.819870400742975e-12
-5.360568845418856e-12
-4.93270716493791e-12
-4.537521905625451e-12
-4.17125855809528e-12
-3.837631075332783e-12
-3.530162642513722e-12
-3.247831644606337e-12
-2.993844375973109e-12
-2.759477124423022e-12
-2.541872521978888e-12
-2.34464261560364e-12
-2.161689845828083e-12
-1.993316928791907e-12
-1.842043930209304e-12
-1.696777867995184e-12
-1.56162985154276e-12
-1.434557615572711e-12
-1.317740162613273e-12
-1.207270896065922e-12
-1.10370323121598e-12
-1.00786739121775e-12
-9.246338346743471e-13
-8.515011135506649e-13
-7.865442509356044e-13
-7.300051690489419e-13
-6.737044873332508e-13
-6.252800263285208e-13
-5.812915644843574e-13
-5.373451079764727e-13
-4.95525946651245e-13
-4.581850226853536e-13
-4.219034647819542e-13
-3.794226662438283e-13
-3.431131952766615e-13
-3.078817935938228e-13
-2.788525595535692e-13
-2.520203667708964e-13
-2.33224756510867e-13
-2.173357806375495e-13
-2.033318139956894e-13
-1.955973626337118e-13
-1.870361449132932e-13
-1.714136822588197e-13
-1.605140093031587e-13
-1.469029593918922e-13
-1.341906929277693e-13
-1.191784686411746e-13
-1.041439763676453e-13
-9.519520853558241e-14
-8.797922361094021e-14
-7.856785621546569e-14
-7.073479829856689e-14
-6.381173074425902e-14
-6.043906950367167e-14
-5.421110019586308e-14
-5.048078555180548e-14
-4.458247306076899e-14
-4.239118852301134e-14
-4.281674980594309e-14
-4.488077584084272e-14
-4.726202610848871e-14
-4.473703757487661e-14
-3.929227918757281e-14
-3.256958162485723e-14
-2.603782605049796e-14
-2.218066728432843e-14
-1.877661539589557e-14
-1.389209092079718e-14
-9.124742250647705e-15
-4.010772218181463e-15
-2.727965460834461e-15
-5.436450709575607e-15
-9.982340831528024e-15
-1.384456274905012e-14
-1.680109153844798e-14
-2.060917413990235e-14
-2.196295414208151e-14
-2.049717684443147e-14
-1.923981095540846e-14
-1.429326143197539e-14
-6.954781889379186e-15
1.185623016471472e-16
5.853970236792259e-15
5.316647163290324e-15
5.727580192150879e-15
4.499011271339699e-15
4.411982325595124e-15
6.370936725544586e-16
-7.796953350375947e-16
-5.954409044878735e-15
-6.548001436361357e-15
-1.022728746815589e-14
-1.437531460367175e-14
-1.772018194758959e-14
-1.626602747630157e-14
-1.313904668913863e-14
-4.768535519095216e-15
4.868684693399736e-15
1.013132553107901e-14
1.355730725180563e-14
1.544414500982541e-14
1.608576246100872e-14
1.364048802782893e-14
6.334053234245026e-15
-2.490220322963229e-15
-1.079578328528706e-14
-1.654188332286609e-14
-2.122533352188165e-14
-1.838698707975759e-14
-1.44857988131514e-14
-1.110233426738086e-14
-2.48416246236594e-15
2.645228823271657e-15
9.734179648025085e-15
1.690775276507602e-14
2.30355943014626e-14
2.354875500959278e-14
1.917238384192005e-14
6.60549227198493e-15
-3.875587592775297e-15
-1.798973165718702e-14
-2.195075507158554e-14
-2.308563812463081e-14
-1.735264006777381e-14
-1.270676245812917e-14
-7.085293857788812e-15
1.233805958728475e-15
8.156387001074887e-15
1.693356980448287e-14
1.661685421448117e-14
1.482296280580087e-14
1.435857241334206e-14
8.281409075272171e-15
-4.93811294977727e-17
-5.522651254695487e-15
-6.086530327799388e-15
-6.839284317576956e-15
-9.963745783096582e-15
-1.128435998520131e-14
-1.456077982488759e-14
-1.259479688134933e-14
-1.060643686397064e-14
-2.33002406500351e-15
9.517888136530339e-15
1.753349901934771e-14
1.979309598167658e-14
2.050534267765205e-14
1.239378156882038e-14
5.681422162932947e-15
-5.521174003138683e-15
-1.085657617447009e-14
-1.504178038377641e-14
-1.621589064859126e-14
-1.119802163763069e-14
-4.833525018875291e-15
1.71206362201092e-15
3.247278889577468e-15
3.83139108613229e-15
1.971570235044673e-15
3.160415844072523e-15
2.468755029952086e-15
2.533185638181471e-15
8.278195378100862e-15
7.304608166688546e-15
4.233884753680793e-15
1.413003750746092e-15
-1.789932096467863e-15
-1.482099814799042e-15
-4.521491786015954e-15
-7.250189607786424e-15
-6.340963706603058e-15
-5.564692689218045e-15
-6.459850758848403e-15
-4.77849836698852e-15
-3.282349698096302e-15
2.849626119026434e-15
7.781040048969569e-15
1.008658550505664e-14
8.179921375639104e-15
8.089580755044764e-15
6.964544125713313e-15
2.070747167522315e-15
2.15979609655769e-16
-4.715881662258436e-15
-6.189594221192701e-15
-6.386050626628201e-15
-7.439311182256174e-15
-7.94860293805818e-15
-7.943303115966758e-15
-6.998365367374883e-15
-1.350908870322156e-15
5.971724310029615e-15
7.852211112707543e-15
1.098763068457823e-14
1.248837822085383e-14
7.711139475996278e-15
2.913081559439538e-15
4.908771207579812e-16
-3.033153535856545e-15
-5.858942746369621e-15
-7.449407573317965e-15
-7.331015010657199e-15
-4.299906897136829e-15
-1.278614020283033e-15
-3.743377535519187e-15
-3.852136202072383e-15
-3.751746996418863e-15
-1.793739135108929e-15
4.063690507097889e-15
1.000510400445749e-14
8.153897501801451e-15
9.582850126067077e-15
6.975278294585924e-15
4.375625425238642e-15
2.894211111671525e-15
1.785734478714589e-15
-5.868429468526439e-15
-1.362661790860303e-14
-1.409244929853349e-14
-1.218170250250191e-14
