1.776513577982906e-12
1.07125552198928e-12
6.498314610282545e-13
3.97218778461592e-13
2.454938543317166e-13
1.537617420436533e-13
9.785906226709542e-14
6.37365273112976e-14
4.297150866113839e-14
3.038890935188639e-14
2.254090183211663e-14
1.766437872802577e-14
1.457368241148425e-14
1.261814562206716e-14
1.101678531403997e-14
9.980364752117534e-15
8.336281185367531e-15
5.957008144172359e-15
2.811299642149723e-15
-1.531587907053355e-15
-8.408009373542389e-15
-1.844559243756422e-14
-3.302329995360073e-14
-5.504844063726379e-14
-8.541204048323382e-14
-1.294600642854982e-13
-1.918735100917085e-13
-2.816143880221514e-13
-4.038528817826525e-13
-5.741277061097399e-13
-8.092395811025962e-13
-1.130419760421036e-12
-1.568175881667251e-12
-2.163438007582342e-12
-2.969386335504239e-12
-4.057009887508733e-12
-5.519031350307863e-12
-7.478705558536561e-12
-1.009831991150613e-11
-1.35900916540066e-11
-1.822954578013969e-11
-2.437535576801077e-11
-3.249506915223555e-11
-4.319152670649831e-11
-5.724071138615307e-11
-7.564378445045587e-11
-9.968414524653666e-11
-1.309991613519487e-10
-1.716833700193846e-10
-2.243970564464464e-10
-2.925156996280625e-10
-3.803079423342604e-10
-4.931628713551572e-10
-6.378559395522413e-10
-8.228937467784045e-10
-1.0589217731589e-09
-1.35923283858295e-09
-1.740382922516773e-09
-2.222938613297458e-09
-2.832389383596909e-09
-3.600247234283326e-09
-4.565376071308585e-09
-5.775596020145091e-09
-7.289605820734717e-09
-9.17929458966617e-09
-1.153249866803118e-08
-1.445630105835379e-08
-1.80809522764238e-08
-2.256453545225911e-08
-2.809848991636811e-08
-3.491415104197841e-08
-4.329046825493119e-08
-5.356309293151908e-08
-6.613506290642057e-08
-8.148933479622352e-08
-1.002034565728663e-07
-1.229667016730079e-07
-1.506000505563227e-07
-1.840794348795305e-07
-2.245627302596656e-07
-2.734210359771375e-07
-3.322748611227609e-07
-4.030358888090614e-07
-4.879551065043297e-07
-5.896781513565362e-07
-7.113088416230523e-07
-8.56481955180588e-07
-1.029446460733935e-06
-1.235160503341592e-06
-1.479399620133315e-06
-1.76887977714482e-06
-2.11139700616422e-06
-2.515985572128915e-06
-2.993096790984599e-06
-3.554800796154931e-06
-4.215013761500185e-06
-4.98975328140471e-06
-5.897424818124437e-06
-6.959142345175579e-06
-8.199086512200101e-06
-9.644903878757592e-06
-1.132815096994445e-05
-1.328478752462779e-05
-1.555572449868289e-05
-1.818743125682459e-05
-2.123260680808019e-05
-2.475092047063827e-05
-2.880982768805732e-05
-3.348546700235762e-05
-3.88636444795598e-05
-4.504091218510146e-05
-5.212574754477134e-05
-6.023984071729183e-05
-6.951949730764264e-05
-8.01171639798666e-05
-9.220308471023813e-05
-0.0001059670955285085
-0.0001216205657602803
-0.000139398493757815
-0.0001595617651661106
-0.0001823995816572108
-0.0002082320679341589
-0.0002374130645827994
-0.0002703331140168855
-0.0003074226463396811
-0.0003491553714064743
-0.0003960518827856904
-0.0004486834796824292
-0.000507676214647493
-0.0005737151694340521
-0.0006475489608343653
-0.0007299944778784801
-0.0008219418505030872
-0.0009243596481576825
-0.001038300305099698
-0.001164905767153057
-0.001305413352478608
-0.001461161816579496
-0.0016335976092537
-0.00182428131153004
-0.00203489426506927
-0.002267245390321537
-0.002523278147209808
-0.002805077586836819
-0.003114877480489725
-0.003455067516130052
-0.00382820053619485
-0.004236999773284509
-0.004684366046459373
-0.005173384875684493
-0.005707333475556317
-0.006289687582889948
-0.006924128064114265
-0.007614547255220622
-0.008365054972947575
-0.009179984142570824
-0.0100638959818083
-0.01102158467157123
-0.01205808145545444
-0.01317865809117415
-0.01438882958877384
-0.01569435616451964
-0.01710124432968857
-0.01861574705137809
-0.02024436289871044
-0.02199383410647998
-0.02387114348254194
-0.02588351007459825
-0.02803838353885803
-0.03034343712350568
-0.03280655920767304
-0.03543584333122286
-0.03823957663938352
-0.04122622670463023
-0.04440442665033263
-0.04778295853904605
-0.05137073498394532
-0.0551767789304859
-0.05921020160732285
-0.06348017859627064
-0.06799592402244672
-0.07276666286159325
-0.07780160134835103
-0.08310989553565633
-0.08870061799455499
-0.09458272271054004
-0.1007650082258592
-0.1072560790586571
-0.1140643055122518
-0.1211977819136235
-0.1286642834024942
-0.1364712213813096
-0.1446255977116683
-0.1531339578420352
-0.1620023429578701
-0.1712362413419037
-0.1808405391162785
-0.1908194705071232
-0.2011765678879106
-0.2119146117378921
-0.2230355807615315
-0.2345406023928746
-0.2464299038709936
-0.2587027642036611
-0.2713574671842328
-0.2843912557501383
-0.2978002879402864
-0.3115795946585075
-0.325723039592654
-0.3402232814615375
-0.3550717388982159
-0.370258558232488
-0.3857725843694296
-0.401601335116419
-0.4177309791040817
-0.4341463175954649
-0.4508307704167356
-0.4677663661580201
-0.4849337369560078
-0.5023121179468891
-0.5198793516396143
-0.5376118973776096
-0.5554848459513753
-0.5734719395993413
-0.5915455973917715
-0.6096769461619247
-0.6278358570535985
-0.6459909876380732
-0.6641098297382428
-0.6821587628303567
-0.7001031130666667
-0.717907217865053
-0.7355344958981471
-0.7529475225066485
-0.7701081102654747
-0.7869773946137008
-0.8035159243623413
-0.8196837567802211
-0.8354405571541411
-0.8507457024214562
-0.865558388659186
-0.8798377421203184
-0.8935429334096725
-0.9066332946019413
-0.9190684387658221
-0.9308083815194542
-0.9418136642103773
-0.9520454783233752
-0.9614657909726996
-0.9700374706866297
-0.9777244125156559
-0.9844916620357632
-0.9903055390655037
-0.9951337628465041
-0.9989455755186835
-1.001711857852557
-1.003405236839469
-1.00400019217574
-1.003473168537766
-1.001802685869275
-0.9989694396785975
-0.9949563908072256
-0.9897488498737189
-0.9833345587167772
-0.9757037662364273
-0.9668492969573067
-0.9567666119461029
-0.9454538623005414
-0.9329119352328727
-0.9191444922517104
-0.9041579991785174
-0.8879617478092234
-0.870567869058363
-0.851991337566671
-0.8322499675791167
-0.8113644000726075
-0.7893580811087173
-0.7662572313809016
-0.742090807073469
-0.716890452039272
-0.6906904414476295
-0.663527617046717
-0.6354413141811579
-0.6064732808287866
-0.5766675888475074
-0.5460705377416456
-0.51473055124547
-0.4826980670169873
-0.450025419832583
-0.4167667186299862
-0.3829777178320965
-0.3487156833719119
-0.3140392538366935
-0.2790082972161975
-0.2436837637113424
-0.2081275351112116
-0.1724022712377079
-0.1365712539578219
-0.1006982292956808
-0.06484724815520172
-0.02908250618681776
0.006531816675128125
0.04193171647935937
0.07705352480496838
0.1118340670744159
0.1462108191210824
0.1801220615110617
0.2135070311277025
0.2463060695556362
0.2784607677960478
0.3099141068714643
0.3406105938952362
0.3704963931937632
0.3995194521152115
0.4276296211478533
0.4547787680228232
0.4809208854909932
0.506012192471218
0.5300112283277638
0.5528789400240854
0.5745787619606065
0.5950766883202548
0.614341337759083
0.6323440103499365
0.6490587366595953
0.6644623189078407
0.678534364173944
0.6912573096297139
0.702616439849825
0.7125998962168195
0.7211986785028019
0.728406638727668
0.7342204674105693
0.7386396723989371
0.7416665504110651
0.7433061514915299
0.7435662365932217
0.7424572285095443
0.7399921564369524
0.7361865944093391
0.7310585939065589
0.7246286109352384
0.7169194278707409
0.7079560703999475
0.6977657198816273
0.6863776214886684
0.6738229884799558
0.6601349029346748
0.6453482133241245
0.6294994292657328
0.6126266138378905
0.5947692738178638
0.5759682481901369
0.5562655953001563
0.5357044789936052
0.5143290541031863
0.4921843516270201
0.4693161639261062
0.4457709302831578
0.4215956231310655
0.3968376352713749
0.3715446683813693
0.3457646230886455
0.3195454908979761
0.2929352482247094
0.2659817527893677
0.2387326426088182
0.2112352378022132
0.1835364454246542
0.1556826675132696
0.1277197125256604
0.09969271032971407
0.07164603088543367
0.04362320675080007
0.01566685952620828
-0.01218136966168867
-0.03988088555611973
-0.06739219997985464
-0.09467698880478961
-0.1216981446419862
-0.148419825227595
-0.1748074974942817
-0.2008279773309123
-0.2264494650527697
-0.251641576607166
-0.2763753705519815
-0.3006233708575478
-0.3243595855970721
-0.3475595216103433
-0.370200195215975
-0.3922601390629214
-0.4137194052216334
-0.4345595646223328
-0.4547637029646929
-0.4743164132140052
-0.4932037848143684
-0.5114133897528478
-0.5289342656112583
-0.5457568957594471
-0.5618731868260356
-0.5772764435976303
-0.5919613414977126
-0.6059238967937832
-0.6191614346936825
-0.631672555479775
-0.6434570988467436
-0.6545161065983451
-0.6648517838440595
-0.6744674588517517
-0.6833675417015868
-0.691557481896083
-0.6990437250722511
-0.7058336689539793
-0.7119356186949432
-0.7173587417376751
-0.7221130223289218
-0.7262092158188801
-0.729658802853697
-0.7324739435767925
-0.7346674319575311
-0.736252650382427
-0.7372435246130609
-0.7376544791812865
-0.7375003933044253
-0.7367965574199221
-0.7355586304511893
-0.733802597882405
-0.7315447306857344
-0.7288015451573285
-0.7255897637348825
-0.7219262768817002
-0.717828106087921
-0.7133123680055594
-0.7083962397467606
-0.7030969253931124
-0.697431623772987
-0.6914174975326692
-0.6850716434989053
-0.6784110643436153
-0.6714526415698678
-0.6642131098426342
-0.6567090326690077
-0.6489567794191891
-0.640972503691209
-0.6327721230060291
-0.6243712998216217
-0.6157854238541824
-0.6070295956957532
-0.5981186117229057
-0.589066950262125
-0.5798887589832061
-0.5705978434958301
-0.5612076571280005
-0.5517312918689131
-0.5421814704327358
-0.5325705394027297
-0.5229104634230942
-0.5132128204138657
-0.5034887977869388
-0.4937491896117843
-0.4840043946857959
-0.4742644154718657
-0.4645388578702915
-0.45483693179259
-0.4451674524933179
-0.4355388426242803
-0.4259591349722345
-0.4164359758365436
-0.4069766290097028
-0.3975879803217793
-0.3882765427128392
-0.379048461796765
-0.3699095218821351
-0.3608651524215707
-0.3519204348464148
-0.3430801097475089
-0.3343485843694139
-0.325729940391603
-0.317227941971672
-0.3088460440132214
-0.3005874006254721
-0.2924548737467387
-0.2844510419078278
-0.2765782091135564
-0.268838413812695
-0.2612334379308784
-0.2537648159437669
-0.2464338439700398
-0.2392415888662202
-0.2321888973009382
-0.2252764047896548
-0.2185045446725958
-0.2118735570199917
-0.2053834974511153
-0.1990342458511402
-0.1928255149724243
-0.1867568589081464
-0.1808276814275586
-0.1750372441643488
-0.1693846746467924
-0.1638689741609575
-0.1584890254393743
-0.1532436001684268
-0.1481313663095438
-0.1431508952278477
-0.1383006686236964
-0.1335790852634219
-0.1289844675069307
-0.1245150676310416
-0.1201690739453077
-0.1159446166988067
-0.1118397737773472
-0.1078525761908793
-0.1039810133522404
-0.1002230381473019
-0.09657657179761123
-0.09303950851730891
-0.08960971996670997
-0.08628505950584464
-0.08306336624963016
-0.07994246892701418
-0.07692018954756244
-0.07399434687975862
-0.07116275974561628
-0.06842325013451094
-0.06577364614002792
-0.06321178472412878
-0.06073551431315553
-0.0583426972304836
-0.05603121197015969
-0.05379895531631899
-0.05164384431306691
-0.04956381808985021
-0.04755683954752667
-0.04562089690953661
-0.04375400514295049
-0.0419542072542805
-0.04021957546487478
-0.03854821227089899
-0.03693825139251068
-0.03538785861708333
-0.03389523254110723
-0.032458605215303
-0.03107624269751224
-0.02974644551780107
-0.02846754906048235
-0.02723792386725961
-0.02605597586529149
-0.02492014652410357
-0.02382891294563303
-0.02278078789155025
-0.02177431975162299
-0.02080809245647115
-0.01988072533809717
-0.01899087294184908
-0.01813722479327103
-0.01731850512304573
-0.01653347255305628
-0.01578091974664592
-0.01505967302576264
-0.01436859195771439
-0.01370656891419153
-0.01307252860517868
-0.01246542759030607
-0.01188425376982648
-0.01132802585735073
-0.01079579283645406
-0.01028663340321763
-0.009799655396739791
-0.009333995219220941
-0.008888817247333765
-0.008463313236449598
-0.008056701719389376
-0.007668227401178335
-0.007297160551047045
-0.006942796392919307
-0.006604454495510661
-0.006281478163267039
-0.005973233829158288
-0.005679110450286861
-0.005398518907185274
-0.005130891407610102
-0.004875680895607836
-0.004632360466574681
-0.004400422788946793
-0.004179379533102873
-0.003968760808034979
-0.003768114606216933
-0.00357700625706574
-0.003395017889423017
-0.003221747903436501
-0.003056810452120095
-0.002899834932856716
-0.002750465489068365
-0.002608360522238502
-0.002473192214412547
-0.002344646061306545
-0.002222420416126172
-0.002106226044190514
-0.001995785688391994
-0.00189083364545
-0.001791115353034548
-0.001696386987679901
-0.001606415073481208
-0.001520976101524431
-0.001439856159903659
-0.001362850574257074
-0.001289763558726191
-0.001220407877215594
-0.001154604514850434
-0.001092182359415122
-0.001032977892739395
-0.0009768348917237983
-0.000923604138975859
-0.0008731431427861496
-0.0008253158663012863
-0.000779992465738522
-0.0007370490373949305
-0.0006963673733317563
-0.0006578347254527625
-0.0006213435778652362
-0.0005867914272478491
-0.0005540805710978835
-0.0005231179036284386
-0.0004938147191135833
-0.0004660865224886809
-0.0004398528469796497
-0.0004150370786028219
-0.0003915662873221379
-0.0003693710647015088
-0.0003483853677882948
-0.0003285463691024873
-0.0003097943125208048
-0.0002920723748567503
-0.0002753265330120137
-0.0002595054364313393
-0.000244560284767583
-0.000230444710541833
-0.0002171146666186389
-0.0002045283183950641
-0.0001926459404542501
-0.0001814298175989358
-0.000170844150070998
-0.0001608549628243719
-0.0001514300186553343
-0.0001425387351374663
-0.000134152105158012
-0.0001262426209105076
-0.0001187842012838295
-0.000111752122406059
-0.0001051229513459159
-9.887448274752566e-05
-9.298567833245663e-05
-8.743660916092755e-05
-8.220840050916881e-05
-7.728317928724576e-05
-7.26440238696708e-05
-6.827491627070536e-05
-6.416069651758354e-05
-6.028701919700491e-05
-5.664031200567581e-05
-5.320773630365424e-05
-4.997714950618152e-05
-4.693706929502867e-05
-4.407663954024589e-05
-4.138559785931372e-05
-3.885424477204382e-05
-3.647341432291367e-05
-3.423444615522246e-05
-3.212915895311923e-05
-3.014982520779958e-05
-2.828914721257167e-05
-2.654023427320478e-05
-2.489658101574584e-05
-2.335204684870741e-05
-2.190083638875722e-05
-2.053748092337377e-05
-1.925682080417859e-05
-1.805398871420698e-05
-1.692439383842799e-05
-1.586370678492942e-05
-1.486784534629068e-05
-1.393296094955518e-05
-1.305542584378539e-05
-1.223182091745171e-05
-1.145892420453603e-05
-1.073369994568645e-05
-1.005328826643318e-05
-9.41499534958447e-06
-8.816284189487171e-06
-8.254765806922446e-06
-7.728190907480172e-06
-7.234442056089964e-06
-6.771526190970082e-06
-6.337567605327982e-06
-5.930801269725254e-06
-5.549566553457739e-06
-5.192301260288607e-06
-4.857536001048444e-06
-4.543888860287673e-06
-4.250060360728707e-06
-3.974828714753877e-06
-3.717045332945552e-06
-3.475630597538511e-06
-3.249569842557727e-06
-3.03790957968173e-06
-2.839753918740798e-06
-2.654261217202476e-06
-2.480640886517171e-06
-2.318150381145724e-06
-2.166092392004094e-06
-2.023812157339298e-06
-1.890694959797585e-06
-1.766163733216733e-06
-1.649676832994166e-06
-1.540725930625412e-06
-1.438834018824714e-06
-1.343553535912686e-06
-1.25446461054285e-06
-1.171173381446358e-06
-1.093310445880143e-06
-1.020529364983818e-06
-9.525053005925908e-07
-8.889336828959735e-07
-8.295290019394538e-07
-7.740236137756667e-07
-7.221666870484744e-07
-6.737231514809522e-07
-6.284727513410617e-07
-5.862091203860736e-07
-5.467389294965363e-07
-5.098811059010073e-07
-4.75466035130446e-07
-4.433348940772975e-07
-4.133389661080357e-07
-3.853389932759552e-07
-3.592046226997141e-07
-3.348138326719102e-07
-3.120524235583271e-07
-2.908135170449338e-07
-2.709970985358056e-07
-2.525095973844734e-07
-2.352634743703289e-07
-2.191768365361926e-07
-2.041730871448023e-07
-1.901805921783712e-07
-1.771323686128161e-07
-1.649657823866532e-07
-1.536222660028288e-07
-1.43047078914885e-07
-1.331890436007989e-07
-1.240003330072106e-07
-1.154362501775513e-07
-1.074550322617397e-07
-1.000176455696135e-07
-9.308762925127452e-08
-8.663092422726313e-08
-8.061571563601385e-08
-7.501228838173207e-08
-6.979289495595117e-08
-6.493162768673457e-08
-6.040429061367165e-08
-5.618829764728613e-08
-5.226256477958464e-08
-4.860740657894389e-08
-4.520445814770971e-08
-4.203657548174178e-08
-3.908776037648363e-08
-3.634308132448155e-08
-3.378860736663901e-08
-3.141135397522623e-08
-2.919920197163339e-08
-2.714084303562333e-08
-2.522573680848691e-08
-2.344405328136241e-08
-2.178663040484539e-08
-2.024492546442234e-08
-1.88109706433053e-08
-1.747733350200188e-08
-1.623709371802566e-08
-1.508380077928957e-08
-1.401144018831188e-08
-1.301440845849623e-08
-1.208747839916744e-08
-1.122579247080727e-08
-1.042481113569125e-08
-9.680312041175157e-09
-8.988366098597103e-09
-8.345311562887249e-09
-7.747733619651876e-09
-7.192463272187071e-09
-6.676539206211894e-09
-6.197205923662626e-09
-5.751900312496905e-09
-5.338240341635309e-09
-4.954002981844091e-09
-4.597124185223528e-09
-4.265678753813634e-09
-3.957873617057522e-09
-3.672044057237722e-09
-3.406640101451667e-09
-3.160218482762549e-09
-2.931433153940154e-09
-2.719039627414764e-09
-2.521866863022799e-09
-2.338847708724207e-09
-2.168969745010317e-09
-2.011299863813531e-09
-1.864975281531131e-09
-1.729188914599756e-09
-1.603196002614111e-09
-1.486293184090723e-09
-1.377835695357588e-09
-1.277223412898176e-09
-1.183890532551878e-09
-1.09730973856115e-09
-1.016997967262899e-09
-9.42506357660226e-10
-8.734152190779863e-10
-8.093391688038561e-10
-7.499157009519661e-10
-6.948144033005959e-10
-6.437276262144937e-10
-5.96359460485138e-10
-5.524438456927112e-10
-5.117388399054972e-10
-4.740054236589543e-10
-4.390352222183952e-10
-4.066232340208565e-10
-3.765856952142545e-10
-3.487467675534961e-10
-3.229466962305934e-10
-2.990357101617583e-10
-2.768798229010819e-10
-2.563472062979738e-10
-2.373246888914105e-10
-2.196999811615936e-10
-2.033734528823029e-10
-1.882523186538356e-10
-1.742451599997746e-10
-1.612707271335139e-10
-1.492593400322114e-10
-1.3813539162738e-10
-1.278335842918909e-10
-1.18294457368944e-10
-1.094665647184841e-10
-1.012881357259331e-10
-9.371553135584091e-11
-8.67054477939498e-11
-8.021354623478593e-11
-7.420104826682866e-11
-6.863323956926128e-11
-6.34787816359555e-11
-5.871290410411608e-11
-5.430101163623125e-11
-5.022147233087931e-11
-4.644683582656305e-11
-4.295518147004901e-11
-3.972545228869056e-11
-3.673560699187449e-11
-3.396855567277708e-11
-3.140844213917644e-11
-2.903705690781731e-11
-2.684278669674352e-11
-2.481596765059255e-11
-2.293944605779283e-11
-2.119986319893086e-11
-1.959272779421252e-11
-1.810452953917427e-11
-1.673201214632311e-11
-1.546495193827018e-11
-1.429469983762152e-11
-1.321657386348909e-11
-1.221767289431398e-11
-1.129075730606153e-11
-1.043289744112608e-11
-9.635464076181803e-12
-8.899461578733375e-12
-8.222860546706859e-12
-7.59321698009302e-12
-7.016677579216082e-12
-6.479003012902693e-12
-5.982159188996637e-12
-5.523693513415278e-12
-5.105041429119987e-12
-4.716208362869104e-12
-4.356706122330565e-12
-4.024625630384608e-12
-3.715590065630068e-12
-3.432859798724174e-12
-3.172150726281525e-12
-2.931790817223398e-12
-2.706865085197522e-12
-2.498310793836662e-12
-2.30174863508928e-12
-2.124729196202356e-12
-1.958670120407085e-12
-1.810624112970918e-12
-1.671709262503229e-12
-1.541190556245947e-12
-1.419736463321221e-12
-1.309788295132894e-12
-1.21030381937753e-12
-1.122725053960053e-12
-1.034344499992842e-12
-9.556997340671166e-13
-8.828059608610607e-13
-8.176396714994753e-13
-7.554647361720014e-13
-6.973968473716571e-13
-6.415494887946847e-13
-5.904528400967698e-13
-5.420422755426152e-13
-4.94863369931948e-13
-4.563620249355542e-13
-4.232004286486212e-13
-3.903660050181396e-13
-3.588025017297597e-13
-3.305471864118579e-13
-3.061439291940974e-13
-2.807079649913672e-13
-2.637031826707493e-13
-2.4976500694082e-13
-2.355420302522085e-13
-2.190542186446271e-13
-1.997960773552935e-13
-1.802184290835712e-13
-1.61030625877215e-13
-1.41346562336514e-13
-1.261970285878415e-13
-1.14496034119288e-13
-1.049840317904668e-13
-1.004963135237217e-13
-9.654261416851828e-14
-9.52114249391175e-14
-9.168691729636389e-14
-8.666674156805367e-14
-7.984877660584557e-14
-7.310645432799965e-14
-6.550401819790457e-14
-5.762294679575354e-14
-4.651004499937476e-14
-4.465869614557824e-14
-4.043263288419618e-14
-3.680268553902822e-14
-3.62631389807372e-14
-3.454632046000478e-14
-3.202066889560361e-14
-2.726931474583072e-14
-2.439813294305683e-14
-2.340356756854392e-14
-2.245890160407952e-14
-2.116927928918958e-14
-1.790800798543209e-14
-1.626867472657089e-14
-1.575423491508665e-14
-1.744874215459574e-14
-1.835697699964162e-14
-1.887671816966003e-14
-1.855102565525221e-14
-1.63217508075468e-14
-1.428277892322427e-14
-1.08677358175717e-14
-4.704533399167442e-15
-1.102184808081509e-15
3.430896988326051e-15
8.546843162814497e-15
7.022183400579175e-15
9.326615861643001e-16
-6.926265152243735e-15
-1.243146626166278e-14
-1.554277911265225e-14
-1.783662264195502e-14
-1.847905734121793e-14
-1.543323769126293e-14
-1.084808269771995e-14
-4.532871520414567e-15
1.430623281733818e-15
9.802562758043159e-15
1.341757875291269e-14
1.344710489588022e-14
9.047302477908733e-15
4.398271726481531e-15
3.281383273200949e-15
1.505371905882343e-15
-6.952764721035386e-15
-1.285409342015338e-14
-2.00924261410985e-14
-2.133164584628843e-14
-1.692067302732069e-14
-6.780087419444026e-15
2.62493492574122e-15
1.092996629904489e-14
1.478348471270338e-14
1.282721212272442e-14
1.126160998954435e-14
6.972144376631675e-15
2.125794316707275e-15
1.218754818664273e-15
-1.075842811010046e-15
-4.85928515173815e-15
-6.20466588555743e-15
-9.967040493842493e-15
-1.010906970240255e-14
-1.073682880052143e-14
-7.91363436252453e-15
-3.259981092730028e-15
3.28229360669889e-15
9.99780875365776e-15
9.298166924395755e-15
6.838292736130642e-15
4.624546146556789e-15
7.847021343473148e-16
-5.742152642714443e-16
1.740986599661594e-15
4.608574419760825e-15
2.261003088289089e-15
-1.393925379561732e-15
-2.969419292753307e-15
-7.239785203042638e-15
-9.17230785620467e-15
-9.311327068027115e-15
-7.428500401003155e-15
-1.060239318383413e-15
-1.569173364154966e-15
2.334785460972627e-15
3.546795247775062e-15
7.112160004210532e-15
7.619569500339737e-15
9.073292971757328e-15
1.099622040189626e-14
9.702005264073847e-15
4.326114220693555e-15
-1.01227746172842e-15
-1.049162223323475e-14
-1.238318514222467e-14
-1.381064787153486e-14
-1.574014283351782e-14
-1.296208761101126e-14
-7.064016622432189e-15
5.190688149229388e-16
8.624875880973347e-15
1.596527845122507e-14
1.682617620681938e-14
1.658605840290592e-14
1.134861785785093e-14
8.120506800474968e-15
4.56749067809397e-16
-5.391503604633185e-15
-1.165141595402542e-14
-1.22437716624712e-14
-1.29074185367756e-14
-1.367833187443888e-14
-9.932368196104944e-15
-6.144167952355051e-15
-2.506530591824269e-15
4.786581659315039e-15
1.020070033393806e-14
1.217181982452712e-14
1.330197958858917e-14
1.571030262880088e-14
1.476908520329408e-14
8.296192181508284e-15
2.951878728967134e-16
-8.332663728535637e-15
-1.60855621080256e-14
-2.010200946599126e-14
-1.831651638409279e-14
-1.333310777699138e-14
-7.466087458621355e-15
4.268511536119813e-16
9.578978953961162e-15
1.322129960647409e-14
1.524189379056361e-14
1.372675719143022e-14
