1.113206976082346e-12
7.075191348244752e-13
4.482763649921276e-13
2.867509154573581e-13
1.857181822799336e-13
1.220162016012267e-13
8.144408992179858e-14
5.659720195862071e-14
4.156817699979875e-14
3.442139043299887e-14
3.345433506369463e-14
3.924482934931673e-14
5.182043701933343e-14
7.428693134279646e-14
1.076658057747299e-13
1.582960775038343e-13
2.310668401215312e-13
3.354007351694088e-13
4.838035537067819e-13
6.896935236905617e-13
9.791091242640043e-13
1.37693673834955e-12
1.926823238674075e-12
2.679705282261288e-12
3.70754273725471e-12
5.104056766149164e-12
6.996511502453728e-12
9.550237607429877e-12
1.298438130221318e-11
1.758647376296259e-11
2.373305373518202e-11
3.191499098469615e-11
4.27702758333927e-11
5.712675070918231e-11
7.60547980813121e-11
1.009331775419257e-10
1.335334971590427e-10
1.761286310812132e-10
2.316201008557331e-10
3.03709140258991e-10
3.971009850310309e-10
5.1775893008958e-10
6.732259898291743e-10
8.730196918105382e-10
1.129111189505301e-09
1.456528985761749e-09
1.874085546233869e-09
2.405277927201961e-09
3.079375933159864e-09
3.932752315293608e-09
5.010493903581236e-09
6.368346438819221e-09
8.075063652899914e-09
1.021523223627654e-08
1.289267494627741e-08
1.623452042402178e-08
2.039607256206287e-08
2.556661138091671e-08
3.197629866120039e-08
3.990436729991357e-08
4.968882536254964e-08
6.173790526108274e-08
7.654357379395687e-08
9.469740792493262e-08
1.169092266761337e-07
1.440289026038269e-07
1.770718482578346e-07
2.172487181947022e-07
2.659999666874338e-07
3.250359646409799e-07
3.963834713125575e-07
4.824393555085255e-07
5.860325885038108e-07
7.104956176505657e-07
8.59746390616453e-07
1.038382435843232e-06
1.251788561535447e-06
1.50625989791982e-06
1.809142204097323e-06
2.168991547033909e-06
2.59575569912232e-06
3.100979814547011e-06
3.69803920062038e-06
4.402402255756677e-06
5.231926947231845e-06
6.207194457620859e-06
7.351883991217471e-06
8.693192999716008e-06
1.026230746874299e-05
1.209492722263341e-05
1.423185156577902e-05
1.67196309319779e-05
1.961129055862942e-05
2.296713256193644e-05
2.685562308348838e-05
3.135437153139478e-05
3.655120915735097e-05
4.254537447492444e-05
4.94488131703378e-05
5.738760024315022e-05
6.650349214372581e-05
7.695561671866016e-05
8.892231128647083e-05
0.00010260312554668
0.0001182209961029239
0.0001360246004962527
0.0001562909004739606
0.0001793278843269454
0.0002054775180749515
0.0002351189150991447
0.000268671733576087
0.0003065998107016338
0.0003494150422513166
0.0003976815153976603
0.0004520199020287066
0.0005131121189206377
0.0005817062601226043
0.0006586218057207918
0.0007447551097954323
0.0008410851688334704
0.0009486796701103689
0.001068701317581805
0.001202414430624364
0.001351191808526321
0.001516521850918177
0.001700015921381555
0.001903415938629351
0.002128602181645583
0.002377601303849593
0.002652594525304586
0.002955925971235835
0.003290111125106296
0.003657845360532822
0.004062012511832105
0.004505693438207285
0.004992174531557215
0.005524956112605685
0.006107760654546677
0.006744540768517184
0.007439486892080628
0.008197034727367413
0.009021872408247983
0.009918947209430162
0.01089347160463327
0.01195092864405517
0.01309707664131657
0.01433795310169562
0.01567987776637457
0.01712945468246695
0.01869357319947597
0.02037940781686528
0.02219441679347409
0.02414633940973089
0.02624319180965319
0.0284932613113099
0.03090509911017788
0.03348751129091081
0.03624954804541523
0.03920049104495112
0.04234983886304915
0.0457072903969034
0.04928272622639053
0.05308618783032341
0.05712785464762058
0.0614180189061678
0.06596705821112238
0.07078540587514554
0.07588351894989584
0.0812718440068501
0.08696078063407243
0.09296064270449354
0.09928161745974216
0.1059337224258694
0.1129267602897795
0.1202702717593693
0.1279734865395121
0.1360452725418271
0.1444940834141126
0.1533279046115784
0.1625541980950439
0.1721798458722167
0.1822110925780063
0.1926534872478599
0.2035118245961156
0.2147900859448342
0.2264913801033177
0.2386178844648849
0.2511707865272523
0.2641502262231474
0.2775552392506012
0.2913837017676085
0.3056322767659261
0.3202963623600161
0.335370042429325
0.3508460398141567
0.3667156724572408
0.3829688128180722
0.3995938507934448
0.4165776605983313
0.4339055717751437
0.4515613447043655
0.4695271509117436
0.4877835583617887
0.5063095221638999
0.5250823807797348
0.5440778580411902
0.5632700711956539
0.5826315450719119
0.6021332327063998
0.6217445424035258
0.6414333714390729
0.6611661465029998
0.6809078708365904
0.7006221782792801
0.7202713940467699
0.7398166023121983
0.7592177205346411
0.7784335803207508
0.7974220148717588
0.8161399526776014
0.8345435173850866
0.8525881336202922
0.8702286383719247
0.8874193978230948
0.9041144291306196
0.9202675269236769
0.9358323941459399
0.9507627766970733
0.9650126016203177
0.9785361181913323
0.9912880415378998
1.003223698289544
1.014299173613754
1.024471459289347
1.033698602071075
1.041939851882305
1.049155809261307
1.055308571364802
1.06036187612206
1.064281243770176
1.067034115279553
1.068589987089005
1.068920541483111
1.067999772239998
1.065804104796576
1.06231251041989
1.057506613871696
1.05137079410209
1.04389227782354
1.035061225117865
1.024870806115384
1.013317268445416
1.000399996475814
0.9861215641991224
0.9704877785307848
0.9535077073251926
0.9351936924594315
0.9155613553175938
0.8946296010607424
0.8724206141079821
0.8489598379269786
0.824275939536857
0.7984007639690215
0.7713692809495132
0.7432195218626394
0.7139925060595698
0.6837321567442903
0.6524852071217293
0.6203010973108931
0.5872318621546242
0.5533320102591303
0.5186583946658134
0.4832700755886384
0.4472281757455922
0.4105957287146686
0.3734375208580715
0.3358199273589445
0.29781074291996
0.259479007745698
0.2208948293813674
0.1821292010449651
0.1432538170817615
0.1043408861707156
0.06546294294457743
0.02669265866114415
-0.01189734841582794
-0.05023470228185106
-0.08824745746124278
-0.1258642856435396
-0.1630146600582644
-0.1996290369782621
-0.2356390337580938
-0.2709776028177469
-0.3055792010206067
-0.3393799538935481
-0.3723178141854455
-0.4043327142779166
-0.4353667119711624
-0.4653641292353047
-0.4942716835009157
-0.5220386111302034
-0.5486167827323485
-0.573960810003561
-0.5980281438575783
-0.6207791635780952
-0.6421772568040032
-0.6621888901852091
-0.6807836705710405
-0.6979343966870447
-0.713617101201481
-0.7278110831714775
-0.7404989308840988
-0.7516665351271836
-0.7613030930131351
-0.7694011024338754
-0.775956347319584
-0.7809678738797793
-0.7844379580047628
-0.786372064093852
-0.786778795539205
-0.785669837172857
-0.7830598899867526
-0.7789665984371072
-0.7734104707216973
-0.7664147923602723
-0.7580055334785786
-0.7482112501950305
-0.7370629805056459
-0.7245941351236606
-0.7108403836700283
-0.6958395366628602
-0.6796314237494444
-0.6622577686203022
-0.6437620610873664
-0.6241894267392382
-0.603586494626195
-0.5820012634177545
-0.5594829664628859
-0.536081936207258
-0.5118494683682201
-0.4868376862952366
-0.4610994059172361
-0.4346880016525186
-0.4076572736714028
-0.3800613168660879
-0.3519543918909394
-0.3233907986046538
-0.2944247522186592
-0.2651102624602255
-0.2355010160234442
-0.2056502625786954
-0.1756107045832055
-0.1454343911120634
-0.1151726159206712
-0.0848758199195077
-0.05459349823076666
-0.02437411197242599
0.00573499510492933
0.035687675019377
0.06543904890978644
0.09494557526912381
0.1241651130094374
0.1530569793245883
0.1815820023373087
0.2097025685299974
0.2373826649787892
0.2645879164255582
0.2912856172348666
0.3174447583062568
0.3430360490145347
0.3680319342749022
0.3924066068378301
0.416136014919595
0.4391978652955958
0.4615716219884181
0.4832385007087237
0.5041814592040099
0.524385183663168
0.543836071349312
0.562522209626019
0.5804333515593385
0.5975608882778096
0.6138978182746806
0.6294387138598688
0.644179684932833
0.658118340260012
0.6712537464476246
0.6835863848085161
0.6951181063380633
0.7058520849665829
0.7157927692725932
0.7249458328413489
0.7333181234490039
0.7409176112653209
0.7477533362354348
0.7538353548139087
0.7591746862167397
0.7637832583482638
0.7676738535740826
0.7708600544731369
0.7733561897148249
0.7751772801979824
0.7763389855764097
0.7768575513044488
0.7767497563118142
0.7760328614325596
0.7747245586921107
0.7728429215340175
0.7704063560817812
0.7674335535135183
0.7639434436343682
0.7599551497169976
0.7554879446683883
0.7505612085918738
0.7451943877833636
0.7394069552145682
0.7332183725406776
0.7266480536498089
0.7197153297777029
0.7124394162133894
0.7048393806364354
0.6969341130945754
0.6887422975985293
0.680282385324483
0.671572569431042
0.6626307615084761
0.6534745696463814
0.6441212780764188
0.6345878283608758
0.6248908021141742
0.6150464052553982
0.6050704537609336
0.5949783608591845
0.5847851256234958
0.5745053229369537
0.5641530948115953
0.5537421430201029
0.543285722977598
0.5327966388250635
0.5222872396747548
0.5117694169835686
0.5012546030073911
0.4907537702813863
0.4802774320831232
0.4698356438249132
0.4594380053260902
0.4490936639178699
0.4388113183366076
0.4285992233671723
0.4184651951792879
0.4084166173063263
0.3984604472212654
0.3886032234690088
0.3788510733190301
0.3692097208858396
0.3596844956694789
0.350280341475661
0.3410018256825279
0.3318531488242342
0.3228381544436158
0.3139603391724557
0.3052228630048002
0.2966285597333876
0.2881799475207011
0.279879239570456
0.2717283548719898
0.2637289289891528
0.2558823248640758
0.2481896436110819
0.2406517352764299
0.2332692095422249
0.2260424463536181
0.2189716064507357
0.2120566417909701
0.2052973058394807
0.1986931637090371
0.1922436021350459
0.1859478392757915
0.1798049343293694
0.1738137969521544
0.1679731964668617
0.1622817708516627
0.1567380355044656
0.1513403917779546
0.1460871352768987
0.1409764639120521
0.1360064857067176
0.1311752263534499
0.1264806365199771
0.1219205989010878
0.1174929350153448
0.1131954117463527
0.1090257476292458
0.1049816188842718
0.101060665197994
0.0972604952541504
0.09357869201673502
0.09001281776851648
0.0865604189092969
0.08321903051663776
0.07998618067307661
0.07685939456419877
0.07383619835240991
0.07091412283168823
0.06809070686807403
0.06536350063114893
0.06273006862206186
0.06018799250415276
0.05773487374254151
0.05536833605785495
0.05308602769998767
0.05088562354787009
0.0487648270413665
0.04672137195162198
0.04475302399565097
0.04285758230113595
0.04103288072751052
0.03927678904949774
0.03758721400939905
0.03596210024350693
0.03439943108821216
0.03289722927153854
0.03145355749598298
0.0300665189186321
0.02873425753337187
0.02745495846037862
0.02622684814800556
0.02504819449216288
0.02391730687812928
0.02283253614947352
0.02179227450865813
0.02079495535380087
0.01983905305596605
0.01892308268129361
0.01804559966180664
0.0172051994187444
0.01640051694210972
0.01563022633008146
0.01489304029170767
0.01418770961621874
0.0135130226120674
0.01286780451875058
0.01225091689420556
0.01166125698059252
0.01109775705101933
0.01055938373980667
0.01004513735864866
0.009554051200673231
0.009085190834546123
0.008637653390578768
0.008210566840932238
0.007803089275592961
0.007414408175644859
0.007043739685368362
0.00669032788464696
0.006353444063055445
0.006032385996928838
0.005726477230484185
0.005435066362162724
0.005157526337027815
0.004893253746188066
0.004641668134057477
0.004402211314213554
0.004174346694636379
0.003957558612839291
0.00375135168151049
0.003555250145018158
0.003368797247418296
0.003191554612266975
0.003023101634546579
0.002863034884982192
0.002710967527004411
0.002566528746550497
0.002429363194939777
0.002299130444844108
0.002175504459446764
0.00205817307486427
0.001946837495848216
0.001841211804733597
0.00174102248365467
0.001646007949925193
0.001555918104477234
0.001470513893333413
0.001389566881913065
0.00131285884206124
0.001240181351704141
0.001171335406845731
0.001106131045831382
0.001044386985588816
0.0009859302697254504
0.0009305959281739893
0.0008782266482984478
0.0008286724571333486
0.0007817904145294634
0.0007374443170460867
0.0006955044122283878
0.0006558471230992825
0.0006183547826231746
0.0005829153778654578
0.0005494223035862883
0.0005177741250651631
0.0004878743498605393
0.0004596312082653241
0.0004329574422395335
0.0004077701025568336
0.0003839903538732196
0.0003615432875738207
0.0003403577420456163
0.0003203661302362997
0.0003015042742039015
0.0002837112464705989
0.0002669292179484684
0.0002511033121562804
0.0002361814656311601
0.0002221142941837224
0.0002088549648921813
0.0001963590736005097
0.0001845845277057913
0.0001734914340727361
0.0001630419918303001
0.0001532003899460976
0.0001439327093320956
0.000135206829341722
0.0001269923384870527
0.0001192604492119291
0.0001119839165139386
0.0001051369603541812
9.869519161058221e-05
9.26355414948019e-05
8.693619425906086e-05
8.157652306788292e-05
7.653702890077612e-05
7.179928233991159e-05
6.734586816891129e-05
6.316033261201192e-05
5.92271331310496e-05
5.553159065025919e-05
5.205984410791047e-05
4.879880725412795e-05
4.573612756840994e-05
4.286014718503196e-05
4.015986580468202e-05
3.76249054433379e-05
3.524547693355671e-05
3.301234815475209e-05
3.091681380426771e-05
2.89506667997111e-05
2.710617104973789e-05
2.537603571575387e-05
2.375339070342021e-05
2.223176350617551e-05
2.080505719522698e-05
1.946752960938648e-05
1.82137735897533e-05
1.70386982853209e-05
1.593751140918581e-05
1.490570249611733e-05
1.393902700245225e-05
1.303349126862196e-05
1.218533829596241e-05
1.139103428283918e-05
1.064725589629894e-05
9.950878209498573e-06
9.298963343288985e-06
8.688749684677441e-06
8.117641714826719e-06
7.583200401025838e-06
7.083134108406293e-06
6.615290018194694e-06
6.177646026685873e-06
5.768303090044919e-06
5.385478015001602e-06
5.027496628636997e-06
4.692787348781785e-06
4.379875122745161e-06
4.087375690905118e-06
3.813990182577132e-06
3.55850004445683e-06
3.319762219566895e-06
3.096704635563843e-06
2.888321930614414e-06
2.693671446882586e-06
2.511869445987733e-06
2.342087524223114e-06
2.183549275323932e-06
2.035527115034216e-06
1.897339318149964e-06
1.76834720526085e-06
1.647952504096189e-06
1.535594881555472e-06
1.430749594927854e-06
1.332925312889905e-06
1.24166203020741e-06
1.156529148430038e-06
1.077123625559116e-06
1.003068289647859e-06
9.34010208131312e-07
8.696191705767989e-07
8.095862833549824e-07
7.536226108881731e-07
7.014579353783256e-07
6.528395673901717e-07
6.07531231071509e-07
5.653120567429005e-07
5.259755633974092e-07
4.893287740747332e-07
4.551913432784251e-07
4.233947455785942e-07
3.937815392285089e-07
3.662046400249254e-07
3.405266577126732e-07
3.166192745825078e-07
2.943626622780228e-07
2.73644932915609e-07
2.543616297739581e-07
2.364152377649511e-07
2.197147319821242e-07
2.041751713927131e-07
1.897172741267936e-07
1.762670806507634e-07
1.637555805990853e-07
1.521183981100222e-07
1.412954869981718e-07
1.312308432705754e-07
1.218722469729545e-07
1.131709894384487e-07
1.050816835436987e-07
9.756199585522806e-08
9.05724779246442e-08
8.40763563331758e-08
7.803938080185325e-08
7.242961513252495e-08
6.721730474094533e-08
6.237474406987524e-08
5.787612276382535e-08
5.369738820915867e-08
4.981615225928554e-08
4.621156696444812e-08
4.286421083212688e-08
3.975600296986579e-08
3.687011656819663e-08
3.419088667573237e-08
3.170372856802276e-08
2.939508569225546e-08
2.725232844238702e-08
2.526371780427207e-08
2.341832082906107e-08
2.170597356363976e-08
2.011722246119151e-08
1.864326924508282e-08
1.727593923050078e-08
1.600762409853795e-08
1.48312524643992e-08
1.374025947522905e-08
1.272853110489865e-08
1.179038055157662e-08
1.092053524900312e-08
1.011408133273765e-08
9.366466000608829e-09
8.673449751943886e-09
8.031095830439151e-09
7.435748823304612e-09
6.884015061391858e-09
6.372743253570126e-09
5.899004790434142e-09
5.460080836831911e-09
5.053439458326291e-09
4.676744297047422e-09
4.327812549350965e-09
4.004623590339847e-09
3.705301720076986e-09
3.428106133650869e-09
3.171418677198771e-09
2.933743239633283e-09
2.713679531878807e-09
2.509945989787575e-09
2.321343218804666e-09
2.146760128741494e-09
1.985168676800432e-09
1.835613784427445e-09
1.697205709447424e-09
1.569122746110752e-09
1.450608275234846e-09
1.340960766299517e-09
1.239515491947457e-09
1.145668755086905e-09
1.058857630833853e-09
9.785632051079002e-10
9.042945859683269e-10
8.356067965968715e-10
7.720792415069794e-10
7.133317628692041e-10
6.590090595418536e-10
6.08785541378493e-10
5.62349732581353e-10
5.19422610391334e-10
4.797430893024136e-10
4.430677958897973e-10
4.09175682514526e-10
3.77856305106668e-10
3.489093680815339e-10
3.221596163317409e-10
2.974419915350382e-10
2.746049044575796e-10
2.535004794370888e-10
2.340085013021893e-10
2.159940152562279e-10
1.993563484312813e-10
1.839877318207819e-10
1.697909069178773e-10
1.566790025345813e-10
1.445752978974927e-10
1.334002085400186e-10
1.230832582585183e-10
1.135597301361779e-10
1.047676234243293e-10
9.664933901620078e-11
8.91549531622512e-11
8.223233872356135e-11
7.584454674649097e-11
6.994967198472301e-11
6.450977420451435e-11
5.949034525919418e-11
5.485635098819298e-11
5.058137555900302e-11
4.663301112449026e-11
4.299068195478915e-11
3.963262065164422e-11
3.653297171058106e-11
3.367410597223914e-11
3.103930478876213e-11
2.860901080148697e-11
2.637113008527712e-11
2.430787695781791e-11
2.240265885204103e-11
2.064506580254401e-11
1.902505451988698e-11
1.752943859727182e-11
1.615350249300395e-11
1.488674946793421e-11
1.37119914960627e-11
1.262760788402056e-11
1.162878820938372e-11
1.070940252798194e-11
9.862721473454879e-12
9.080433437526649e-12
8.359983981360617e-12
7.696297297257516e-12
7.087467389582399e-12
6.530070186040051e-12
6.019153970613586e-12
5.54960778007097e-12
5.116490052094449e-12
4.713889546528065e-12
4.338556541237289e-12
3.993575653749407e-12
3.671168014700532e-12
3.374518107701122e-12
3.100668924683577e-12
2.849637206724058e-12
2.617114953381867e-12
2.405673476008785e-12
2.21120430923308e-12
2.037434980167738e-12
1.878041642115417e-12
1.733109502014267e-12
1.601996508946588e-12
1.485214686255856e-12
1.373177121968636e-12
1.267822294350293e-12
1.162753928091062e-12
1.06193482470074e-12
9.684615116506333e-13
8.815840338525248e-13
8.016966161253159e-13
7.295567389597634e-13
6.719560327963211e-13
6.270191341776756e-13
5.781661931590514e-13
5.369350603335512e-13
4.991669181338983e-13
4.665229584923926e-13
4.332303123722466e-13
3.976386281894084e-13
3.682065669687901e-13
3.350537674598596e-13
3.063390416381556e-13
2.76210308708037e-13
2.482719718749835e-13
2.254214366504002e-13
2.014696576222511e-13
1.827480546445729e-13
1.676385943785967e-13
1.548919807034935e-13
1.492715620704755e-13
1.406490161268403e-13
1.342622811492902e-13
1.271383279958377e-13
1.201825140153533e-13
1.087273338820273e-13
9.756319958652203e-14
9.130464797443736e-14
8.199496924525155e-14
7.181971811337805e-14
5.926634028868278e-14
5.547499166474595e-14
5.028083204987175e-14
4.297792613877749e-14
3.853510960041922e-14
3.568750825304349e-14
3.384881509432317e-14
3.200145737955354e-14
3.325930829920306e-14
3.415001469390183e-14
3.469333665053192e-14
3.518753826982344e-14
3.339994889984511e-14
3.059730986428556e-14
2.872895270008764e-14
2.298228716382149e-14
1.526678770147405e-14
7.164634235893838e-15
3.022456587475367e-15
3.186109720738228e-15
1.664022798796782e-15
4.185419981076255e-15
8.265483961102526e-15
7.519903394188961e-15
8.746446677154976e-15
1.14729162071139e-14
1.359832099721865e-14
1.510187551811945e-14
1.645574602509374e-14
1.471875653157835e-14
1.1204962207737e-14
7.937900628135462e-15
9.614561300760258e-16
-2.366798599916677e-15
-4.824959849003012e-15
-7.046015408884313e-15
-4.397238435768757e-15
-3.553530982140481e-15
5.350916864184989e-16
-5.488466240800187e-16
1.286573533304259e-15
4.992255483910104e-15
6.765993647269095e-15
7.77142815713027e-15
1.085077473856615e-14
9.450353399680438e-15
9.878596695524131e-15
8.093602418635381e-15
4.045261401036704e-15
-3.609855158622207e-15
-8.031279480572003e-15
-8.994279507146804e-15
-8.500761575118478e-15
-6.579596060759484e-15
-6.263046956550743e-15
-3.772698896475529e-15
-2.622615968309085e-15
9.555685589503373e-16
2.107374074871546e-15
8.121658608722936e-15
1.482497769662936e-14
1.588670397928505e-14
1.277143588684153e-14
7.336749105626724e-15
3.538209061974393e-15
-1.575644772963061e-15
-7.479442836710386e-15
-1.501385381232477e-14
-1.838226317032247e-14
-1.581428577569069e-14
-1.422811596638259e-14
-7.564381593068961e-15
2.793454449337901e-15
1.291632473752788e-14
1.583736153951214e-14
1.482025414959435e-14
1.375102777324823e-14
1.306960131212345e-14
1.024141240487232e-14
1.452244840920143e-15
-7.67831921833722e-15
-1.066040243116803e-14
-1.139879103352805e-14
-1.191418091718355e-14
-8.090640365690776e-15
-1.17641720345156e-14
-9.517987010387411e-15
-7.663919717823396e-15
1.080979502052875e-15
1.003945467617865e-14
1.554701977165496e-14
1.648447248885986e-14
1.362831984615524e-14
8.120566234791424e-15
6.889338212087857e-15
1.765634689617088e-15
-4.836226751155347e-15
-7.701520093185803e-15
-9.333338892684419e-15
-1.165846469586902e-14
-1.404711589323835e-14
-1.024016283891917e-14
-7.013910233398386e-15
-3.489086921537771e-15
-1.733956680646014e-15
5.304703557251689e-15
1.096779118988609e-14
1.505617461879318e-14
1.860800754014004e-14
1.589965978686979e-14
1.033834736329897e-14
4.966433470929133e-15
-2.71349030387243e-15
-7.913846030949413e-15
-1.735829621331275e-14
-2.110040296836676e-14
-2.328530942455176e-14
-1.772837018530117e-14
-7.901012172356729e-15
1.178814899249029e-15
7.945130473835473e-15
1.479945695043129e-14
2.167983567077457e-14
2.320443274995763e-14
2.044037345345649e-14
1.329303456218679e-14
3.348341344426868e-15
-6.953133711856159e-15
-1.402569582274135e-14
-1.746954006104258e-14
-2.231754052038937e-14
-1.983745632840404e-14
-1.573270499020698e-14
-9.843010375921732e-15
-1.479458455645403e-16
8.283457106296366e-15
1.624672040003465e-14
2.096068556363068e-14
2.397433949212488e-14
2.172139961934294e-14
1.18858758658966e-14
6.371095177894836e-15
-4.628683185552293e-15
-1.469455881667331e-14
-2.194836904474593e-14
-2.792358788560658e-14
-2.536462428108764e-14
-1.575932374249664e-14
-4.584040950887525e-15
6.360928997393553e-15
1.461709097902874e-14
2.47913685037076e-14
2.509310652005812e-14
1.959783399160685e-14
1.226223883364983e-14
4.051058619899311e-15
-7.715717268081219e-15
-1.394232119853784e-14
-1.888074905803609e-14
-1.729422069994326e-14
-1.591819432154977e-14
-7.454826097578678e-15
-1.359271042470488e-15
2.983100810989337e-15
1.022554481389703e-14
1.282476756142722e-14
1.337015607924663e-14
7.698399668420968e-15
1.791077447453138e-15
3.184953857732395e-15
-9.286578656588629e-16
