-7.701417935676925e-13
-4.560690532400205e-13
-2.716578888849815e-13
-1.628399158209467e-13
-9.879144827924384e-14
-6.061244584621722e-14
-3.751292081932995e-14
-2.341195794593689e-14
-1.412481254479548e-14
-8.218058687976748e-15
-3.931919364285903e-15
-7.543377581225636e-16
1.7917834736032e-15
4.229929854352757e-15
6.293242927249112e-15
8.387123355647386e-15
1.015440887587247e-14
1.140315193717747e-14
1.237132645777848e-14
1.284639548958235e-14
1.2176358315667e-14
1.080119808811075e-14
7.617453159833678e-15
3.605413642843133e-15
-4.75966677332591e-15
-1.566106019915424e-14
-3.190056513861072e-14
-5.538803440468574e-14
-8.820730120168511e-14
-1.347916491809401e-13
-1.996864499422297e-13
-2.898908275845746e-13
-4.167545297237826e-13
-5.894577690596882e-13
-8.264606330701342e-13
-1.149939723649824e-12
-1.590699754552995e-12
-2.185948737333074e-12
-2.987783872597329e-12
-4.06652147548095e-12
-5.511156183285257e-12
-7.441579389443338e-12
-1.001368778965783e-11
-1.343199003484283e-11
-1.796213039944321e-11
-2.394853372387948e-11
-3.183961260435282e-11
-4.220973733696807e-11
-5.580277934840038e-11
-7.356921202816574e-11
-9.672720477589987e-11
-1.268308089912882e-10
-1.65855556465148e-10
-2.163094411793855e-10
-2.813665687329034e-10
-3.650329788662668e-10
-4.723506761494127e-10
-6.096531795931164e-10
-7.848697209549842e-10
-1.007907897557635e-09
-1.291114670159285e-09
-1.649835412695775e-09
-2.103101601389394e-09
-2.674453775654761e-09
-3.392944631419753e-09
-4.294344067491951e-09
-5.422588942865223e-09
-6.831526421297675e-09
-8.586994696431016e-09
-1.076932082555144e-08
-1.347628475077622e-08
-1.682665436010348e-08
-2.096437755700187e-08
-2.606355144005934e-08
-3.233428485895438e-08
-4.002962536698155e-08
-4.945370868969063e-08
-6.097132171857547e-08
-7.501912555534483e-08
-9.211877117916701e-08
-1.128922248789819e-07
-1.380796134142272e-07
-1.685599844082565e-07
-2.053753920415443e-07
-2.497588086969497e-07
-3.03166386486748e-07
-3.673146886874159e-07
-4.442235726031857e-07
-5.362654776771209e-07
-6.462219897509049e-07
-7.773486052500582e-07
-9.334487715017053e-07
-1.118958344442387e-06
-1.339041761030949e-06
-1.599701337831553e-06
-1.907901248141962e-06
-2.2717078585619e-06
-2.70044829719471e-06
-3.204889228041546e-06
-3.797438029620805e-06
-4.492368686311709e-06
-5.306074926770552e-06
-6.257353464755367e-06
-7.367720889269387e-06
-8.661767318507082e-06
-1.016755019996722e-05
-1.191703204716253e-05
-1.394656614540597e-05
-1.629743451569922e-05
-1.901644273448482e-05
-2.215657642196055e-05
-2.577772454705291e-05
-2.994747491912488e-05
-3.474198754104286e-05
-4.024695173494228e-05
-4.655863322796777e-05
-5.378501760818493e-05
-6.204705678987555e-05
-7.148002532835317e-05
-8.223499359355797e-05
-9.448042496224163e-05
-0.0001084039042719635
-0.0001242140048540339
-0.0001421423014649284
-0.0001624455363553064
-0.0001854079456373147
-0.0002113437528947889
-0.0002405998373659084
-0.0002735585850896245
-0.0003106409286452385
-0.0003523095809023913
-0.0003990724680591503
-0.000451486366550068
-0.0005101607476224341
-0.0005757618323473168
-0.0006490168587906425
-0.0007307185617142399
-0.0008217298637821394
-0.0009229887756909928
-0.001035513502610876
-0.001160407768027015
-0.00129886635696313
-0.001452180856179953
-0.001621745565118377
-0.001809063572340755
-0.002015752994148816
-0.002243553362320055
-0.002494332137241268
-0.002770091325569875
-0.003072974177744365
-0.003405271941979546
-0.0037694306467006
-0.004168057877252965
-0.00460392951581228
-0.005079996403874799
-0.005599390889601457
-0.006165433217544415
-0.006781637711680652
-0.007451718708116854
-0.00817959618103753
-0.008969401011105911
-0.009825479840419055
-0.01075239945053034
-0.01175495060961474
-0.01283815131840914
-0.01400724939456648
-0.01526772432986359
-0.01662528834621047
-0.01808588659178841
-0.01965569639816376
-0.02134112553527154
-0.02314880939616697
-0.02508560703449553
-0.02715859600105007
-0.0293750658996005
-0.03174251060586192
-0.03426861908933161
-0.0369612647689448
-0.03982849336682915
-0.04287850919082375
-0.04611965980972307
-0.04956041908194038
-0.0532093684887188
-0.05707517676770513
-0.06116657780126653
-0.0654923467594342
-0.0700612744932599
-0.0748821401619498
-0.07996368213487684
-0.08531456715917464
-0.09094335784196328
-0.096858478490306
-0.1030681793361254
-0.1095804992454698
-0.1164032269475375
-0.1235438608898993
-0.1310095678180746
-0.1388071401581857
-0.1469429523682163
-0.1554229163405301
-0.1642524360213104
-0.17343636140119
-0.1829789420077418
-0.1928837801316792
-0.2031537839113247
-0.213791120496038
-0.2247971694917377
-0.2361724768593739
-0.2479167095497511
-0.2600286110304599
-0.2725059579691377
-0.2853455183089013
-0.2985430109272088
-0.312093067194522
-0.3259891945964567
-0.3402237427033487
-0.3547878717304055
-0.369671523871142
-0.3848633977199408
-0.4003509259304669
-0.4161202563887622
-0.4321562371210148
-0.4484424050765384
-0.4649609790705871
-0.4816928569822121
-0.4986176174419907
-0.5157135261724421
-0.5329575470522283
-0.5503253581289825
-0.5677913725894369
-0.5853287648390302
-0.602909501765389
-0.6205043791661675
-0.638083063482812
-0.6556141387342147
-0.6730651586962365
-0.6904027042908875
-0.7075924460501485
-0.7245992116842068
-0.7413870585264789
-0.7579193507829984
-0.7741588414303062
-0.7900677585149662
-0.8056078957870921
-0.8207407072976772
-0.8354274057235885
-0.8496290641487648
-0.8633067210326414
-0.8764214883187316
-0.8889346620454498
-0.9008078346413768
-0.9120030085607952
-0.9224827120615399
-0.9322101188210418
-0.9411491685392711
-0.9492646828856715
-0.9565224763001841
-0.9628894682242146
-0.9683338034323049
-0.9728249732288687
-0.9763339298087111
-0.9788331930879286
-0.9802969549261437
-0.980701183000079
-0.9800237217775464
-0.9782443888754818
-0.9753450663408681
-0.9713097869732846
-0.9661248156172481
-0.959778724817389
-0.9522624644487401
-0.9435694249982602
-0.9336954941901058
-0.9226391067893461
-0.9104012872250274
-0.8969856848455677
-0.8823986016062415
-0.8666490119724457
-0.8497485749760512
-0.8317116382326614
-0.8125552338802108
-0.7922990663855132
-0.7709654921533378
-0.7485794910102426
-0.7251686295441611
-0.7007630164167491
-0.675395249749058
-0.6491003566697165
-0.6219157252341522
-0.5938810288659537
-0.5650381435810339
-0.5354310582407071
-0.5051057780733028
-0.4741102217991622
-0.4424941126530257
-0.4103088636782533
-0.37760745765978
-0.3444443220641412
-0.3108751994196524
-0.2769570135340388
-0.2427477320005716
-0.2083062254424662
-0.1736921239492054
-0.1389656711906202
-0.1041875766692145
-0.06941886659876353
-0.03472073389506144
-0.0001543877647081942
0.03421909661923446
0.06833892787864607
0.1021447471489116
0.1355767752830326
0.1685759580751527
0.2010841090562968
0.2330440494162129
0.2643997446285559
0.2950964373692606
0.3250807763231738
0.354300940510703
0.3827067587634372
0.4102498240173936
0.4368836021075476
0.4625635347589619
0.4872471365226236
0.5108940853886796
0.5334663068618801
0.5549280513016611
0.5752459643431247
0.5943891502764899
0.6123292282399252
0.6290403811375326
0.6444993972138766
0.658685704235541
0.6715813962946363
0.6831712532120884
0.6934427525795102
0.7023860744970702
0.709994099079541
0.7162623968618993
0.7211892122057634
0.724775439872279
0.7270245949300177
0.7279427761640076
0.7275386232086455
0.725823267611941
0.7228102780939338
0.7185156002539732
0.7129574909730663
0.7061564478094061
0.6981351336613225
0.6889182970162633
0.6785326880957718
0.6670069711981609
0.654371633579793
0.6406588911856503
0.6259025915733343
0.6101381143638694
0.5934022695413408
0.5757331939510687
0.5571702463138041
0.537753901098334
0.5175256415776412
0.4965278523779748
0.4748037118481671
0.4523970845459397
0.4293524141491493
0.4057146170842879
0.3815289771506517
0.3568410414239073
0.3316965176907792
0.3061411736729807
0.2802207382777481
0.2539808050924047
0.2274667383401987
0.2007235814972146
0.1737959687653479
0.1467280395719576
0.1195633562483437
0.09234482503478048
0.06511462054091141
0.03791411378024722
0.01078380388122177
-0.01623674643703877
-0.04310897155014053
-0.06979535971712958
-0.09625950592433109
-0.122466160748913
-0.1483812752212138
-0.173972041682799
-0.199206930642867
-0.2240557236482043
-0.2484895421935822
-0.2724808727100655
-0.2960035876848781
-0.3190329629675386
-0.3415456913314634
-0.3635198923682096
-0.3849351187983683
-0.4057723593001402
-0.4260140379492051
-0.4456440103780496
-0.4646475567677915
-0.4830113717873201
-0.5007235516082628
-0.5177735781186111
-0.5341523004751447
-0.5498519141301977
-0.5648659374599473
-0.5791891861363634
-0.5928177453794171
-0.6057489402368176
-0.6179813040342506
-0.6295145451347066
-0.6403495121587959
-0.650488157798654
-0.659933501372981
-0.6686895902620289
-0.676761460346304
-0.684155095580083
-0.6908773868352737
-0.6969360901685138
-0.7023397846377386
-0.7070978297636816
-0.7112203227438043
-0.7147180555430792
-0.7176024719993253
-0.7198856250496835
-0.7215801341519956
-0.7226991429872271
-0.7232562775457949
-0.7232656047136242
-0.7227415914407176
-0.7216990645409881
-0.7201531711844978
-0.7181193401616937
-0.7156132440091084
-0.7126507620545079
-0.7092479444103583
-0.7054209769574278
-0.7011861473682278
-0.6965598122248379
-0.6915583652656088
-0.686198206780807
-0.6804957141889434
-0.67446721380748
-0.6681289538332423
-0.6614970785463509
-0.6545876037523077
-0.6474163934817598
-0.6399991379358307
-0.6323513326697385
-0.6244882590107108
-0.6164249657093216
-0.6081762518266811
-0.5997566508306048
-0.5911804158760881
-0.5824615062527904
-0.5736135749904554
-0.5646499576153743
-0.5555836620173461
-0.5464273593923593
-0.5371933762338744
-0.5278936873496093
-0.5185399098805128
-0.5091432982847309
-0.4997147402577398
-0.4902647535551886
-0.4808034836789283
-0.471340702392739
-0.4618858070318815
-0.4524478205724761
-0.4430353924257893
-0.4336567999239485
-0.424319950469682
-0.4150323843050577
-0.4058012778575784
-0.396633447629311
-0.3875353546010163
-0.3785131091247498
-0.3695724762629329
-0.3607188815364576
-0.3519574170497902
-0.3432928479651595
-0.3347296193000409
-0.3262718630121387
-0.317923405340629
-0.3096877743752854
-0.3015682078273395
-0.2935676609786966
-0.2856888147801577
-0.2779340840732586
-0.2703056259119869
-0.2628053479620334
-0.2554349169579364
-0.2481957671950408
-0.2410891090362997
-0.2341159374151779
-0.2272770403174976
-0.2205730072276973
-0.2140042375211406
-0.2075709487873586
-0.2012731850703303
-0.1951108250129233
-0.1890835898946621
-0.1831910515503936
-0.1774326401593481
-0.1718076518953032
-0.1663152564301609
-0.1609545042849738
-0.1557243340194881
-0.1506235792536588
-0.1456509755157408
-0.1408051669122156
-0.1360847126162859
-0.1314880931706345
-0.1270137166013774
-0.1226599243410599
-0.1184249969595984
-0.1143071597031072
-0.1103045878386983
-0.1064154118042265
-0.1026377221634618
-0.09896957436840929
-0.09540899333111454
-0.09195397780502032
-0.08860250457726936
-0.08535253247414372
-0.08220200618226178
-0.0791488598886078
-0.07619102074200436
-0.07332641213928985
-0.07055295683955952
-0.06786857991033231
-0.06527121150981192
-0.06275878950862981
-0.06032926195486318
-0.05798058938651975
-0.05571074699570257
-0.05351772664898515
-0.05139953876812262
-0.04935421407570007
-0.0473798052101106
-0.04547438821415802
-0.04363606390186449
-0.04186295910793699
-0.04015322782473193
-0.03850505223111594
-0.03691664361701665
-0.03538624320787643
-0.03391212289359691
-0.03249258586671354
-0.03112596717395726
-0.02981063418478502
-0.02854498698079357
-0.02732745867017823
-0.02615651563142231
-0.02503065768984897
-0.0239484182307769
-0.02290836425287246
-0.02190909636510659
-0.0209492487305366
-0.02002748896029202
-0.01914251796111114
-0.01829306973969888
-0.01747791116670804
-0.01669584170312627
-0.01594569309190521
-0.01522632901758508
-0.01453664473663345
-0.01387556668086625
-0.01324205203610482
-0.01263508829844718
-0.0120536928104782
-0.01149691227960048
-0.01096382228029969
-0.0104535267421596
-0.009965157425409713
-0.009497873385827024
-0.009050860430629318
-0.008623330566876966
-0.008214521443749775
-0.007823695790162673
-0.007450140848905219
-0.007093167808651064
-0.006752111234873429
-0.006426328500819216
-0.006115199219499721
-0.005818124677610674
-0.005534527272102339
-0.005263849950412316
-0.00500555565499457
-0.004759126772889247
-0.004524064590985386
-0.004299888757485246
-0.00408613675016118
-0.003882363351770452
-0.003688140133130078
-0.003503054944232642
-0.003326711413793821
-0.003158728457465173
-0.002998739795027669
-0.002846393476750275
-0.002701351419164366
-0.002563288950445817
-0.002431894365524565
-0.002306868490981702
-0.002187924259818392
-0.002074786296199439
-0.0019671905101949
-0.0018648837025642
-0.001767623179515047
-0.001675176377508095
-0.001587320497970797
-0.001503842151891133
-0.001424537014222938
-0.001349209488043704
-0.001277672378313257
-0.001209746575197127
-0.001145260746755597
-0.001084051040931274
-0.001025960796632808
-0.0009708402638323927
-0.0009185463324675338
-0.0008689422700966213
-0.0008218974680197521
-0.000777287195773606
-0.0007349923637499105
-0.0006948992938580653
-0.000656899498028176
-0.0006208894643342092
-0.000586770450613686
-0.0005544482853247992
-0.0005238331755404971
-0.0004948395218550604
-0.0004673857400420124
-0.0004413940892474874
-0.0004167905065799756
-0.0003935044478713578
-0.000371468734481818
-0.0003506194059480107
-0.0003308955782890007
-0.0003122393078245811
-0.0002945954603146488
-0.000277911585241522
-0.0002621377951225833
-0.0002472266496281609
-0.0002331330443965995
-0.0002198141043670206
-0.0002072290814758658
-0.0001953392565969669
-0.0001841078455029319
-0.0001734999088195294
-0.0001634822657295666
-0.0001540234113492433
-0.0001450934376460329
-0.0001366639577201762
-0.0001287080333863158
-0.0001212001058739969
-0.0001141159295964257
-0.0001074325087793081
-0.0001011280369529933
-9.518183909241932e-05
-8.957431636883255e-05
-8.428689338404921e-05
-7.930196777406731e-05
-7.460286211932306e-05
-7.017377805923804e-05
-6.599975252541411e-05
-6.206661594465722e-05
-5.836095244674893e-05
-5.487006187059846e-05
-5.158192361387595e-05
-4.848516211571789e-05
-4.5569014049115e-05
-4.282329700392514e-05
-4.023837970409747e-05
-3.780515364598705e-05
-3.551500610418809e-05
-3.335979443397321e-05
-3.133182164331507e-05
-2.94238131442341e-05
-2.76288946474648e-05
-2.594057113945051e-05
-2.435270691160269e-05
-2.285950657311939e-05
-2.14554970045334e-05
-2.013551022705998e-05
-1.889466713060097e-05
-1.77283620101557e-05
-1.663224787962373e-05
-1.560222257990334e-05
-1.46344155407283e-05
-1.372517525679875e-05
-1.287105736327716e-05
-1.206881335628276e-05
-1.131537991224341e-05
-1.060786874695015e-05
-9.943557031024448e-06
-9.319878252111959e-06
-8.734413567674586e-06
-8.184883623249313e-06
-7.669140815577513e-06
-7.185161957969374e-06
-6.731041344288281e-06
-6.304984154951378e-06
-5.905300250719381e-06
-5.530398278031815e-06
-5.178780092070268e-06
-4.849035491695443e-06
-4.539837236926909e-06
-4.249936322158847e-06
-3.978157534556779e-06
-3.723395218367146e-06
-3.484609316214123e-06
-3.26082159692387e-06
-3.051112089615167e-06
-2.854615725706079e-06
-2.67051917740592e-06
-2.498057852675741e-06
-2.336513058946959e-06
-2.185209348745666e-06
-2.0435119830519e-06
-1.910824557390024e-06
-1.78658675438367e-06
-1.670272220374511e-06
-1.561386578188259e-06
-1.459465529700824e-06
-1.364073088371912e-06
-1.274799887220466e-06
-1.191261613902731e-06
-1.113097519704818e-06
-1.039969002202687e-06
-9.715582995893191e-07
-9.075672313708454e-07
-8.477160240354837e-07
-7.917422088802003e-07
-7.393995765619362e-07
-6.904572030654727e-07
-6.446985220619037e-07
-6.019204453487425e-07
-5.619325632299393e-07
-5.245563611024315e-07
-4.896244985099839e-07
-4.569801274630416e-07
-4.264762507193611e-07
-3.979751177690983e-07
-3.713476556654869e-07
-3.464729369066593e-07
-3.232376881124992e-07
-3.015357910908084e-07
-2.812678596855209e-07
-2.623408255675474e-07
-2.446675336501917e-07
-2.281663881226637e-07
-2.127609918107964e-07
-1.983798353738195e-07
-1.849559874561456e-07
-1.724267943267623e-07
-1.607336333974907e-07
-1.498216570938602e-07
-1.396395396249803e-07
-1.301392616622068e-07
-1.212759187305176e-07
-1.130075005995608e-07
-1.05294715528258e-07
-9.810082487323317e-08
-9.139146707619918e-08
-8.513452472562095e-08
-7.929997070825281e-08
-7.385973134413866e-08
-6.878756830374359e-08
-6.405896451927563e-08
-5.965099261060852e-08
-5.554224433178983e-08
-5.171270653522049e-08
-4.814369485123428e-08
-4.481773895038865e-08
-4.171853132537491e-08
-3.883084264976969e-08
-3.614045067671434e-08
-3.363406502001944e-08
-3.129928098072943e-08
-2.912451456865822e-08
-2.709895625317749e-08
-2.5212508603003e-08
-2.34557472193538e-08
-2.181988347243112e-08
-2.02967019098616e-08
-1.887855229212985e-08
-1.755829135201832e-08
-1.632925053667052e-08
-1.518521469664114e-08
-1.412037745158532e-08
-1.312932699249959e-08
-1.220701763944003e-08
-1.13487451950961e-08
-1.055012171641164e-08
-9.807057315127462e-09
-9.115731192954764e-09
-8.472590849702197e-09
-7.874319196648005e-09
-7.317820663455025e-09
-6.800209623107365e-09
-6.318807865103312e-09
-5.871110380267109e-09
-5.454784994904121e-09
-5.067662959995316e-09
-4.707719710967097e-09
-4.373069270612293e-09
-4.061955237583574e-09
-3.772738826850991e-09
-3.503899963847775e-09
-3.254022711013087e-09
-3.021785261921524e-09
-2.805954123323304e-09
-2.605378921322991e-09
-2.418998355553875e-09
-2.245816037194252e-09
-2.084904412870029e-09
-1.935406361556828e-09
-1.796525991585969e-09
-1.667512607808365e-09
-1.547672105138697e-09
-1.436362963712971e-09
-1.332982466105512e-09
-1.236971531741015e-09
-1.147812795317714e-09
-1.065015069267832e-09
-9.881331642150622e-10
-9.167469578341912e-10
-8.504751264992948e-10
-7.889517475097189e-10
-7.318386269638745e-10
-6.788239960976887e-10
-6.296152779404102e-10
-5.839441923542818e-10
-5.415545049928261e-10
-5.022141523430954e-10
-4.657049814720837e-10
-4.318242846464774e-10
-4.003906474103385e-10
-3.712228188366745e-10
-3.441605582496581e-10
-3.190530153887598e-10
-2.957623482027106e-10
-2.741546036455975e-10
-2.541143598858411e-10
-2.35534216401869e-10
-2.182989447090753e-10
-2.023203134580302e-10
-1.875001437163093e-10
-1.737593408208909e-10
-1.610138842392459e-10
-1.491918217839928e-10
-1.382272280940197e-10
-1.280623951035469e-10
-1.186382921465578e-10
-1.099038823230382e-10
-1.018128716215067e-10
-9.430927502567157e-11
-8.735511244709533e-11
-8.091171006097866e-11
-7.494117367344152e-11
-6.94056929341018e-11
-6.427343842540285e-11
-5.95197235254682e-11
-5.51154510438756e-11
-5.103956130964926e-11
-4.726044827764334e-11
-4.376014757011354e-11
-4.052014784145928e-11
-3.751346451477684e-11
-3.47252312651866e-11
-3.214261186507497e-11
-2.974986630380434e-11
-2.75329186629139e-11
-2.547906845632432e-11
-2.358182708361874e-11
-2.18229270805613e-11
-2.019572653615658e-11
-1.869258569444595e-11
-1.730375990965036e-11
-1.601739725744623e-11
-1.48273296303795e-11
-1.372165251013276e-11
-1.269540158568657e-11
-1.174313947835371e-11
-1.086140375475136e-11
-1.004155459932013e-11
-9.287255310856451e-12
-8.586812445784682e-12
-7.939700824776403e-12
-7.345447864605714e-12
-6.794106257636127e-12
-6.282773502666514e-12
-5.814358892100683e-12
-5.381787310962425e-12
-4.978394088119641e-12
-4.608504282778676e-12
-4.263507764083299e-12
-3.945402997140562e-12
-3.64714934200131e-12
-3.368942872868093e-12
-3.109979563489225e-12
-2.867996603213728e-12
-2.649101103081513e-12
-2.447191794000367e-12
-2.262279702866202e-12
-2.093394026687935e-12
-1.936979185661073e-12
-1.796265122730801e-12
-1.663027212265626e-12
-1.540667012760229e-12
-1.420243350789591e-12
-1.311728003609027e-12
-1.210319215112728e-12
-1.121247659994699e-12
-1.035701791734811e-12
-9.552413313681231e-13
-8.80594759130677e-13
-8.118799106026886e-13
-7.497721571047845e-13
-6.897117547252422e-13
-6.34835831340504e-13
-5.905325662060021e-13
-5.492565767800692e-13
-5.080691974138757e-13
-4.716598786221119e-13
-4.39136100366724e-13
-4.081833205422394e-13
-3.761259101423652e-13
-3.432225366555075e-13
-3.135133129846419e-13
-2.846030311165441e-13
-2.622535977539404e-13
-2.387050083357561e-13
-2.195497514069731e-13
-2.08104927286358e-13
-1.962694661873421e-13
-1.861276310872514e-13
-1.766743837555595e-13
-1.615138017593565e-13
-1.4950149702148e-13
-1.373190186252989e-13
-1.215925239287891e-13
-1.039455508317399e-13
-9.297170114905018e-14
-8.481060540700172e-14
-7.985131819380185e-14
-7.799172534146664e-14
-7.573252651262548e-14
-7.260786030841156e-14
-7.235993277500097e-14
-6.863133209009276e-14
-6.041499997544035e-14
-5.157496294602242e-14
-4.498998674669947e-14
-3.948275841151277e-14
-3.766647197256988e-14
-3.570137410701163e-14
-3.084911929018365e-14
-2.87600107315034e-14
-2.697562986674719e-14
-2.716800176990258e-14
-2.462364685119942e-14
-2.192818961133147e-14
-1.906271001807052e-14
-1.45404637893796e-14
-1.474715351208223e-14
-1.709821893651352e-14
-1.718581055578666e-14
-2.119452574507799e-14
-1.812722500994846e-14
-1.84820504570147e-14
-1.692429779391511e-14
-1.523146361555565e-14
-9.786357334535417e-15
-9.853120666458284e-16
1.804973294109049e-15
3.303315786813225e-15
4.137978851597146e-15
4.198221383553795e-16
-1.318557208015663e-15
-9.092511651564723e-15
-1.187101820328216e-14
-1.528479845244271e-14
-1.573823819071821e-14
-1.335347557994715e-14
-1.118026152510485e-14
-8.941427241880575e-15
-2.811584362418885e-15
4.016483024456551e-15
7.840734962568468e-15
8.056015315338918e-15
7.204343410044057e-15
5.8444859666427e-15
6.665215652977984e-15
3.312832155173294e-15
-1.012277682944499e-15
-9.29478968563979e-15
-1.410681405773721e-14
-1.526089630093857e-14
-1.45712883013805e-14
-1.234659144013795e-14
-7.091957414133824e-15
1.114102207524064e-15
8.146022517178185e-15
1.189117629221573e-14
1.172739649605082e-14
1.032553480104743e-14
7.755383992345848e-15
7.036197950392293e-15
2.899305388550526e-15
-2.808325186955673e-15
-9.529593385552125e-15
-1.268212418793879e-14
-1.249450473546781e-14
-1.162147429104642e-14
-8.138326015646691e-15
-4.227232310291368e-15
-4.231656013080499e-16
2.701437530443976e-15
5.705591741467523e-15
1.007510413179033e-14
1.361837031057193e-14
1.446127294996749e-14
8.940354009903313e-15
2.018154974776209e-15
-5.303640523133195e-15
-8.418575276816102e-15
-1.311196611653205e-14
-1.08398070507431e-14
-8.19689376555048e-15
-5.084074903705357e-15
-3.042660132963439e-15
3.665925505510362e-15
4.439764729063986e-15
5.009736383625581e-15
3.582201334855909e-15
2.217023691834311e-15
5.022958230124442e-15
5.198910262678172e-15
6.365059845761633e-15
3.661017650748159e-15
1.652260890548597e-15
-5.180908852887061e-15
-7.476577579534415e-15
-8.655443493112032e-15
-9.43653812203006e-15
-3.889210906154532e-15
2.448385852248987e-16
2.982427119156266e-15
4.155955139526298e-15
1.509944314483591e-15
-6.725542949648992e-16
2.447564980274898e-16
1.221913004558722e-15
6.058354177655387e-15
4.867017785398175e-15
5.563743741232275e-15
1.930702781449377e-15
1.279416192562541e-15
-1.466081272781531e-15
-4.957520724580142e-15
-3.808386413093827e-15
-7.202872360456273e-15
-9.052639124236123e-15
-6.086349818972156e-15
-1.136989220173137e-15
1.865704171397502e-15
3.130967236692906e-15
6.684527537153213e-15
6.461691362018625e-15
6.13872500048541e-15
3.794956305434633e-15
