2.099020276489185e-12
1.327913255604528e-12
8.431117182675372e-13
5.359786141369702e-13
3.416921318035613e-13
2.166629974328161e-13
1.345685068224416e-13
7.871441873117984e-14
3.745938627741605e-14
2.503532360175422e-15
-3.215662267514094e-14
-7.262190800017276e-14
-1.256377590715377e-13
-1.97073291626179e-13
-2.962696450929868e-13
-4.347296069271075e-13
-6.282101227712379e-13
-8.988092836502789e-13
-1.276619729342327e-12
-1.800674415996987e-12
-2.525623980583952e-12
-3.525982719527761e-12
-4.90178843328977e-12
-6.783608749789683e-12
-9.351800360853199e-12
-1.284055081032373e-11
-1.756248835128808e-11
-2.393141155007528e-11
-3.24883650280584e-11
-4.394429910243975e-11
-5.922830392113686e-11
-7.954889039480096e-11
-1.064793540668013e-10
-1.420512442361789e-10
-1.888922139425303e-10
-2.503791498978438e-10
-3.308483870471667e-10
-4.358482106221008e-10
-5.72456731694821e-10
-7.496844364217968e-10
-9.789639767343909e-10
-1.274768522089609e-09
-1.655372337899417e-09
-2.143786009957931e-09
-2.768914293247676e-09
-3.566974734004724e-09
-4.583230236375775e-09
-5.874111404268823e-09
-7.50979134521541e-09
-9.577317570921292e-09
-1.218439119819718e-08
-1.546393158869086e-08
-1.957956316307313e-08
-2.47322131969085e-08
-3.116802098938507e-08
-3.91877949220175e-08
-4.915828019787701e-08
-6.152556240036376e-08
-7.683097297368139e-08
-9.572991111168507e-08
-1.190140690758667e-07
-1.476376180164204e-07
-1.827479806503795e-07
-2.257219199379616e-07
-2.78207760449564e-07
-3.421746773479516e-07
-4.199701087243365e-07
-5.143864806117222e-07
-6.287385928925e-07
-7.669531731935011e-07
-9.336722968555942e-07
-1.134372562812784e-06
-1.375502152459289e-06
-1.66463811913981e-06
-2.010666543477643e-06
-2.423988447196409e-06
-2.916754696278065e-06
-3.503133422869393e-06
-4.199613852987706e-06
-5.025350821678332e-06
-6.002554669488715e-06
-7.156931635942553e-06
-8.51818032672654e-06
-1.012055030171702e-05
-1.200346934467006e-05
-1.421224647758492e-05
-1.679885834204953e-05
-1.982282709388037e-05
-2.335219854226009e-05
-2.746462978515097e-05
-3.224859618405085e-05
-3.780472801992395e-05
-4.424728768792903e-05
-5.170579875884151e-05
-6.032683861664618e-05
-7.027600673546709e-05
-8.174008084782393e-05
-9.492937338185362e-05
-0.0001100803004779927
-0.000127458175630421
-0.000147360239591798
-0.0001701189378148542
-0.0001961054617387555
-0.0002257335837156561
-0.0002594637927215678
-0.0002978077399052656
-0.0003413330064463416
-0.0003906682058090247
-0.0004465084316382875
-0.0005096210615095997
-0.000580851925479999
-0.0006611318469196648
-0.0007514835613795834
-0.000853029017287831
-0.0009669970600284514
-0.001094731498415459
-0.001237699549778479
-0.00139750065669776
-0.0015758756649793
-0.001774716348634576
-0.00199607526343488
-0.002242175906081155
-0.002515423151061573
-0.002818413931955437
-0.003153948128164595
-0.003525039611964176
-0.003934927404980097
-0.004387086897679883
-0.004885241103635422
-0.005433371866771047
-0.006035730939324116
-0.00669685084935926
-0.007421555469846805
-0.008214970193682192
-0.009082531611140386
-0.01002999657816276
-0.01106345055564676
-0.01218931509161687
-0.01341435431149092
-0.01474568029868308
-0.01619075746019791
-0.01775740583804266
-0.0194538030013003
-0.02128848415133835
-0.02327034040087292
-0.02540861522966822
-0.02771289900855908
-0.03019312137787165
-0.03285954134128156
-0.03572273492480548
-0.03879358030338562
-0.04208324027692026
-0.04560314194675087
-0.04936495351959162
-0.0533805581001225
-0.05766202440888057
-0.06222157435229057
-0.06707154734640307
-0.07222436139661244
-0.0776924708480419
-0.08348832082347724
-0.08962429835677685
-0.09611268020117938
-0.102965577423397
-0.1101948767822295
-0.1178121790223896
-0.1258287342024584
-0.1342553741399728
-0.1431024422200735
-0.1523797206725956
-0.1620963555842905
-0.1722607798941241
-0.1828806345732306
-0.1939626883883328
-0.2055127564626845
-0.2175356180372235
-0.2300349338068629
-0.2430131631491593
-0.2564714817898698
-0.2704097002110353
-0.2848261833222679
-0.2997177718723674
-0.3150797059993835
-0.3309055515679104
-0.3471871296540935
-0.3639144497802686
-0.3810756474292544
-0.3986569262550257
-0.4166425056787733
-0.4350145742229572
-0.4537532491961614
-0.4728365432380758
-0.4922403380887166
-0.5119383662369971
-0.5319022007080216
-0.5521012535201494
-0.5725027832135494
-0.5930719116831742
-0.6137716508534885
-0.6345629392722675
-0.655404688979589
-0.6762538428604508
-0.6970654425066937
-0.7177927069276936
-0.7383871219292534
-0.7587985402714663
-0.7789752925522911
-0.7988643085638015
-0.8184112491848463
-0.8375606483371568
-0.8562560648351348
-0.8744402437784261
-0.892055286925612
-0.9090428318155594
-0.9253442388590545
-0.9409007859408814
-0.9556538698878113
-0.9695452139450577
-0.9825170807350095
-0.9945124896690742
-1.005475438115811
-1.015351125440849
-1.02408617882694
-1.031628880129159
-1.037929392560507
-1.042939986342304
-1.046615262289685
-1.048912372130638
-1.049791234710459
-1.049214746815119
-1.047148987684914
-1.043563416172443
-1.038431059383563
-1.031728691989801
-1.02343700502265
-1.013540763301755
-1.002028950577226
-0.9888949013972402
-0.9741364190480007
-0.9577558786140606
-0.9397603145333868
-0.9201614919908985
-0.8989759614790936
-0.876225096176105
-0.8519351115193308
-0.8261370666344773
-0.7988668473420691
-0.7701651305663689
-0.7400773302667051
-0.708653524538273
-0.6759483635717221
-0.6420209587430566
-0.6069347540013484
-0.5707573810950656
-0.5335604969252052
-0.4954196004673278
-0.4564138308668392
-0.4166257517869795
-0.376141125386367
-0.3350486720925442
-0.2934398140065536
-0.2514084038448563
-0.2090504429167511
-0.166463789746493
-0.1237478594719224
-0.08100331484150075
-0.03833175011644687
0.004164630737516776
0.04638334028253153
0.08822193700934471
0.1295783565887705
0.1703512436382664
0.210440282661893
0.2497465268473758
0.2881727233833754
0.3256236339923961
0.3620063493913117
0.397230596400756
0.4312090365017575
0.4638575546189556
0.4950955369997306
0.5248461370934413
0.5530365283614243
0.5795981430696164
0.6044668961049979
0.6275833929920661
0.6488931213294716
0.6683466249015628
0.6858996598713473
0.7015133324636387
0.715154217706675
0.7267944588475449
0.7364118470971163
0.7439898815271393
0.7495178089453933
0.7529906437373395
0.7544091677127542
0.7537799100437299
0.7511151075444682
0.7464326455280146
0.7397559796258067
0.731114039007725
0.7205411114903075
0.7080767111617863
0.6937654291206565
0.6776567680509128
0.659804961401965
0.6402687779834965
0.6191113128936975
0.5963997656492797
0.5722052064851508
0.546602331816988
0.5196692098796559
0.4914870176227027
0.4621397699037461
0.431714042084318
0.4002986871235474
0.3679845482552719
0.3348641683711926
0.3010314971933857
0.2665815973397185
0.2316103503600268
0.1962141637970062
0.1604896803236137
0.1245334899569397
0.08844184633748568
0.05231038802357312
0.01623386571244533
-0.01969412373451027
-0.05538139563571663
-0.09073742741487327
-0.1256735993695282
-0.1601034255930593
-0.1939427744194073
-0.2271100778039662
-0.2595265291119481
-0.2911162688402358
-0.3218065578513028
-0.351527937768368
-0.3802143782183996
-0.4078034106829677
-0.4342362487671899
-0.4594578947396537
-0.4834172322706211
-0.5060671053315019
-0.5273643832953696
-0.5472700123169653
-0.5657490531034463
-0.5827707052617198
-0.5983083184285816
-0.6123393904594501
-0.6248455529811605
-0.635812544638383
-0.6452301724291938
-0.6530922615277143
-0.6593965940508737
-0.6641448372435993
-0.6673424615699061
-0.6689986492491734
-0.6691261937654084
-0.6677413909245177
-0.6648639220361939
-0.6605167297945819
-0.6547258874707876
-0.647520462007088
-0.6389323716310584
-0.6289962386011806
-0.6177492376876152
-0.6052309410124482
-0.5914831598365041
-0.5765497839001
-0.5604766189026178
-0.5433112226794252
-0.5251027406426049
-0.5059017410290989
-0.4857600505035744
-0.4647305906263871
-0.4428672156638814
-0.4202245522194379
-0.3968578411292619
-0.3728227820561263
-0.3481753811859757
-0.3229718024071298
-0.2972682223387009
-0.2711206895250803
-0.2445849880991116
-0.2177165061953903
-0.1905701093719357
-0.1632000192754406
-0.1356596977423545
-0.1080017365121223
-0.08027775270491128
-0.05253829019127175
-0.02483272695835591
0.002790811450780056
0.03028553236836294
0.05760605027014786
0.08470845486895447
0.1115503730440131
0.1380910246354094
0.1642912721521891
0.190113664460822
0.2155224745365472
0.2404837313795171
0.2649652462092356
0.2889366330711427
0.312369323999574
0.3352365788873799
0.3575134902294442
0.3791769829134132
0.4002058092458286
0.4205805394069759
0.4402835475320618
0.4592989936310892
0.4776128015527754
0.4952126332127433
0.5120878593044574
0.5282295267039082
0.5436303227864236
0.5582845368803133
0.5721880190981139
0.5853381367684156
0.597733728666084
0.6093750572483418
0.6202637591175953
0.6304027939448258
0.6397963920608244
0.6484500008930405
0.6563702304338243
0.6635647979394488
0.6700424720699845
0.6758130166492223
0.6808871341900626
0.685276409338514
0.6889932524040862
0.6920508431518393
0.6944630749993979
0.6962444997308747
0.6974102728483899
0.6979760996863034
0.6979581824151559
0.6973731680399153
0.6962380974789709
0.6945703558187865
0.692387623817592
0.6897078307296489
0.6865491085164821
0.6829297475097124
0.678868153591402
0.6743828069226385
0.6694922222521177
0.6642149108369413
0.6585693440081611
0.6525739184142578
0.6462469229421113
0.6396065073137941
0.6326706523630031
0.6254571420010482
0.6179835368826014
0.6102671497424152
0.6023250223780328
0.5941739042593336
0.5858302327482816
0.5773101149100076
0.5686293108791342
0.5598032187528847
0.5508468609753576
0.5417748721691202
0.5326014883755105
0.5233405376606863
0.5140054320456171
0.5046091607156294
0.4951642844658094
0.4856829313445552
0.4761767934363919
0.4666571247281286
0.4571347400100209
0.4476200147700236
0.4381228860404772
0.4286528541382549
0.4192189852440402
0.4098299147721235
0.4004938514867034
0.3912185823228068
0.3820114778580337
0.3728794983865353
0.3638292005496779
0.3548667444804594
0.3459979014219673
0.3372280617731394
0.3285622435197724
0.3200051010107319
0.3115609340410463
0.3032336972069143
0.2950270094938517
0.2869441640628316
0.2789881382012411
0.2711616034073233
0.2634669355803121
0.2559062252842107
0.2484812880570478
0.2411936747395725
0.234044681798474
0.2270353616222969
0.2201665327664912
0.2134387901265503
0.2068525150202108
0.2004078851617314
0.1941048845138086
0.1879433129993749
0.1819227960587572
0.1760427940393413
0.1703026114060343
0.1647014057629657
0.1592381966757488
0.1539118742856271
0.1487212077081641
0.1436648532106128
0.1387413621638192
0.1339491887623891
0.129286697508256
0.1247521704549542
0.1203438142115186
0.1160597667059809
0.11189810370597
0.107856845095702
0.1039339609098295
0.1001273771253674
0.09643498121363542
0.09285462745390848
0.0893841420111761
0.08602132778101464
0.08276396900506199
0.07960983566141598
0.07655668763313375
0.07360227865890781
0.07074436007048958
0.06798068432157972
0.06530900831344759
0.06272709652210502
0.06023272393256695
0.05782367878551694
0.05549776514179766
0.05325280527035263
0.05108664186538917
0.04899714009886496
0.04698218951406949
0.04503970576530645
0.04316763220928732
0.04136394135429281
0.03962663617342811
0.03795375128759723
0.0363433540231464
0.03479354534960267
0.0333024607031516
0.03186827070161353
0.03048918175611931
0.02916343658454602
0.02788931463191057
0.02666513240250603
0.02548924370839773
0.02436003983906189
0.02327594965700436
0.02223543962393272
0.02123701376165721
0.02027921355167954
0.01936061777771094
0.01847984231496913
0.01763553987036506
0.01682639967691134
0.01605114714574954
0.01530854347919267
0.01459738524818282
0.01391650393745544
0.01326476546114647
0.01264106965151338
0.01204434972355286
0.01147357171814479
0.01092773392628638
0.01040586629662381
0.009907029828511745
0.009430315952671138
0.008974845901426975
0.008539770070489252
0.00812426737391256
0.007727544594054993
0.00734883572798149
0.006987401331741772
0.006642527863884055
0.006313527029442443
0.005999735125720246
0.005700512390926163
0.005415242356639662
0.005143331205193669
0.00488420713261896
0.004637319718100673
0.004402139300550525
0.004178156363055308
0.003964880925813923
0.003761841948076045
0.003568586739515164
0.003384680381505886
0.003209705158698815
0.003043260001309827
0.002884959938297655
0.002734435561686411
0.002591332502249029
0.002455310916709824
0.002326044986632804
0.002203222429088525
0.002086544019171646
0.001975723124411346
0.001870485251077139
0.001770567602317569
0.001675718648210736
0.001585697707544629
0.001500274541334302
0.001419228957975534
0.001342350429899754
0.001269437721601709
0.00120029852890364
0.001134749129272233
0.001072614043121678
0.001013725705844308
0.0009579241504410815
0.0009050567005042608
0.0008549776733614807
0.0008075480932047778
0.000762635414021984
0.0007201132520727508
0.0006798611277145613
0.0006417642163267813
0.000605713108156633
0.0005716035768403708
0.0005393363564216145
0.0005088169265548306
0.000479955305757152
0.0004526658524382351
0.0004268670735077581
0.0004024814403668488
0.000379435211997251
0.0003576582650151491
0.0003370839303925354
0.00031764883671038
0.0002992927596832308
0.0002819584778024569
0.0002655916338789134
0.0002501406022222556
0.0002355563614230871
0.000221792372360711
0.0002088044613953408
0.0001965507084716097
0.0001849913400452725
0.0001740886265597504
0.0001638067844120969
0.0001541118821580111
0.0001449717508178159
0.0001363558981795605
0.0001282354268444044
0.0001205829560200727
0.0001133725467365223
0.000106579630507265
0.0001001809412148783
9.415445010839029e-05
8.8479303780303e-05
8.313576505160433e-05
7.810515656181528e-05
7.336980701841419e-05
6.891299997191142e-05
6.471892499404996e-05
6.077263120004006e-05
5.70599829710113e-05
5.35676178119025e-05
5.028290621462941e-05
4.719391351728553e-05
4.428936356654534e-05
4.155860417222125e-05
3.8991574290946e-05
3.657877275710084e-05
3.431122864835252e-05
3.218047306185212e-05
3.017851232254024e-05
2.829780255589833e-05
2.653122551666367e-05
2.487206564423393e-05
2.331398829193453e-05
2.185101907391996e-05
2.047752426109798e-05
1.91881921803873e-05
1.797801558318647e-05
1.684227494070273e-05
1.577652257297211e-05
1.477656765565763e-05
1.38384619467761e-05
1.29584863227009e-05
1.213313800208412e-05
1.13591184662416e-05
1.063332203725306e-05
9.952825008563002e-06
9.314875371709082e-06
8.716883100009303e-06
8.156410978656957e-06
7.631165928550138e-06
7.138990790126375e-06
6.677856547667404e-06
6.245854997479066e-06
5.841191790710024e-06
5.462179882716632e-06
5.107233339567999e-06
4.774861492129792e-06
4.463663382447735e-06
4.172322571725754e-06
3.899602183756056e-06
3.644340276147245e-06
3.405445433785571e-06
3.181892623176909e-06
2.972719291199358e-06
2.777021672470817e-06
2.593951314067275e-06
2.42271178380321e-06
2.262555584878878e-06
2.112781247452018e-06
1.972730568716386e-06
1.841786018594217e-06
1.719368313327394e-06
1.604934110486055e-06
1.497973838406745e-06
1.398009657887572e-06
1.30459354706978e-06
1.217305487605878e-06
1.13575176051671e-06
1.05956335646378e-06
9.883944472684699e-07
9.21920999637089e-07
8.598394072873622e-07
8.018652469263278e-07
7.477321107237195e-07
6.971904743189879e-07
6.500066656990925e-07
6.05961892672687e-07
5.648513045737352e-07
5.26483122095863e-07
4.906778399026369e-07
4.572674504185687e-07
4.260947267187858e-07
3.970125452822404e-07
3.698832626848431e-07
3.445781047522559e-07
3.209766209175099e-07
2.989661534995963e-07
2.784413366485306e-07
2.593036542454561e-07
2.414609856809628e-07
2.248272171300794e-07
2.093218403084304e-07
1.948696158445554e-07
1.814002187420043e-07
1.688479317746303e-07
1.571513486009193e-07
1.462530990197505e-07
1.360995819698341e-07
1.266407350222318e-07
1.178297996350211e-07
1.096231039763707e-07
1.019798647883027e-07
9.486201515404092e-08
8.823400222974142e-08
8.20626431196066e-08
7.631696024988428e-08
7.096804585923241e-08
6.598891489058846e-08
6.135439357395615e-08
5.704098475874031e-08
5.302677525395508e-08
4.929131715955904e-08
4.581553921791576e-08
4.258165187089892e-08
3.957306585203446e-08
3.677430571919624e-08
3.417094756741528e-08
3.174953898604067e-08
2.949754856127272e-08
2.740328347380507e-08
2.545585243068474e-08
2.364510347308224e-08
2.196156808423143e-08
2.039643910564391e-08
1.89414974657507e-08
1.758908971400266e-08
1.63320920617573e-08
1.516386244007798e-08
1.407820581779673e-08
1.30693669364018e-08
1.213197627711493e-08
1.126104295075381e-08
1.045191156988838e-08
9.70025436561464e-09
9.002038822916509e-09
8.353511794387414e-09
7.751181166063818e-09
7.191793865384729e-09
6.672334347275255e-09
6.189982320338048e-09
5.742121832020866e-09
5.32631838121149e-09
4.940299091508644e-09
4.581959229571017e-09
4.249334626842741e-09
3.940605698098715e-09
3.654071159598353e-09
3.388157031342903e-09
3.14138747242181e-09
2.912404422724596e-09
2.699940499091045e-09
2.502823243297964e-09
2.319949455165781e-09
2.150302537159889e-09
1.992940523215044e-09
1.846983395942778e-09
1.711610635154728e-09
1.586063760254355e-09
1.469634159929582e-09
1.361668198679497e-09
1.261558240275213e-09
1.168739090011489e-09
1.082685143323933e-09
1.002908158304616e-09
9.289547342957338e-10
8.604063072988644e-10
7.968728946054929e-10
7.379892826340372e-10
6.834139795193377e-10
6.328347243293759e-10
5.859630406931667e-10
5.425319358878694e-10
5.022911437915865e-10
4.65008055529368e-10
4.304675753333411e-10
3.984731681095728e-10
3.688369899137684e-10
3.413868642143103e-10
3.159641735767104e-10
2.924187794821469e-10
2.706160357964187e-10
2.504277674786361e-10
2.317295669702802e-10
2.14416840525644e-10
1.983865561155108e-10
1.835429911292688e-10
1.697953895879433e-10
1.570685383860476e-10
1.452871699181607e-10
1.343807528086478e-10
1.242868308234466e-10
1.149467017772782e-10
1.063069109719596e-10
9.831649578907363e-11
9.092740969463121e-11
8.408931874224094e-11
7.775904456573824e-11
7.190101905656901e-11
6.648069007672051e-11
6.146217676949378e-11
5.6818049787833e-11
5.251787432348453e-11
4.854043299101929e-11
4.4859636622024e-11
4.145521621920281e-11
3.831027272384761e-11
3.540370495188346e-11
3.272000459869965e-11
3.02407851213793e-11
2.795439744137917e-11
2.583990598975826e-11
2.388175116410813e-11
2.207126186782214e-11
2.039107544834645e-11
1.883066227227259e-11
1.739560310110407e-11
1.606679521161379e-11
1.483707893803117e-11
1.369942301799584e-11
1.265080341017244e-11
1.168392257237165e-11
1.079015751940567e-11
9.966042703730454e-12
9.200438208611292e-12
8.499550959896845e-12
7.852885224298179e-12
7.253615352953246e-12
6.700587215745061e-12
6.190355189306788e-12
5.715623325612113e-12
5.275539365413252e-12
4.869870511341534e-12
4.496308455834921e-12
4.148865344007164e-12
3.82802836005788e-12
3.527279736245095e-12
3.254064965950336e-12
3.004623263019185e-12
2.766074930829537e-12
2.547949354772337e-12
2.352295535231228e-12
2.175546246846245e-12
2.009415907534328e-12
1.861081391220564e-12
1.723637285113596e-12
1.597821005179585e-12
1.474543641558832e-12
1.356954423512939e-12
1.249080816891691e-12
1.148015449695352e-12
1.055736172610465e-12
9.701053202396526e-13
8.89291133336433e-13
8.191725658240907e-13
7.538761871612816e-13
6.945026055175301e-13
6.422235591031057e-13
5.959371285032607e-13
5.552569737581014e-13
5.138340834812863e-13
4.793386040061194e-13
4.465059240712094e-13
4.125288780096922e-13
3.795405453069917e-13
3.483808886841951e-13
3.177378434188258e-13
2.90691253847622e-13
2.615814916282124e-13
2.370318278527676e-13
2.141869924039478e-13
1.933408710402053e-13
1.767037397785923e-13
1.652607154311539e-13
1.587500351138305e-13
1.536525734173124e-13
1.488516873770181e-13
1.411100068553714e-13
1.354440340705703e-13
1.251141695743673e-13
1.102389704356401e-13
9.723870588478521e-14
8.472975210101353e-14
7.141105418227059e-14
6.306099035292554e-14
5.844451126010952e-14
5.191094495556727e-14
4.607528046338912e-14
4.020514009100396e-14
3.861018359258541e-14
3.918081351678838e-14
4.329124489755079e-14
4.621480212701446e-14
4.760283507120502e-14
4.874411543165588e-14
4.301938163586848e-14
3.587889374489247e-14
2.810892626634939e-14
2.3957007228764e-14
1.885200896044847e-14
1.192325829564139e-14
5.67788469466961e-15
6.334484623333842e-16
1.45802010925627e-15
5.104555524418664e-15
8.809626043929979e-15
1.143184661683225e-14
1.691162504542654e-14
2.104285485862632e-14
2.299947575474162e-14
1.999413816825661e-14
1.706819287144019e-14
1.377473226643084e-14
8.711550994289863e-15
2.099112806413926e-15
1.705042650591925e-15
-3.197389361244301e-16
-3.487557269982827e-15
-4.164874113889913e-15
-5.286305870637078e-15
-3.03065388099207e-15
-2.157964998347721e-15
1.423704770178645e-15
3.721531510718491e-15
4.101465922543126e-15
8.246929388915989e-15
9.780788180374493e-15
1.787819266976851e-14
2.017213283590823e-14
1.577313242982392e-14
4.941274553355593e-15
-5.602082519062639e-15
-1.048395269164251e-14
-1.383849265479262e-14
-1.475085618886458e-14
-1.121594178675453e-14
-9.090716353955208e-15
-5.280362535912336e-15
2.516481292821789e-16
7.31467135457506e-15
1.257905815061852e-14
1.225346889017192e-14
1.243182990060249e-14
1.439746825426413e-14
1.147890179400926e-14
7.520135371671491e-15
3.530702747515266e-15
-4.716685178983143e-15
-1.268550241040844e-14
-1.601573294350781e-14
-1.613801969217632e-14
-1.541019587108693e-14
-1.171050499943815e-14
-6.814152851743799e-15
2.112091590100401e-16
9.21699802956891e-15
1.806268480528912e-14
2.331099765234636e-14
2.128957570389193e-14
1.662657313334336e-14
7.659908708150932e-15
4.127580888171235e-16
-9.250469998911701e-15
-1.538883579444858e-14
-2.246998658242244e-14
-2.26640571554082e-14
-1.805770255785805e-14
-1.008094269502334e-14
-1.264607209865493e-15
9.432871874859624e-15
1.802780076716605e-14
1.97654259621025e-14
2.037643128676491e-14
1.674955537860439e-14
7.431172343015736e-15
-1.502377294061002e-15
-8.374615652755671e-15
-1.138697126121091e-14
-1.114133592467688e-14
-1.078214037020142e-14
-1.084687317634496e-14
-9.021740895924992e-15
-6.856680834975003e-15
-4.623023799420277e-15
4.447081783777878e-15
8.956606175455299e-15
1.461288187218403e-14
1.572250227569326e-14
1.304228258216411e-14
8.126551909902975e-15
1.655929133802418e-15
-4.378567138695623e-15
-1.05575651724077e-14
-1.33739428491193e-14
-1.108833319101761e-14
-5.571866328556834e-15
-2.657457236173271e-15
-2.067657870333007e-15
8.056448371452365e-17
2.132640898501779e-15
3.771821972284773e-15
6.760598093319937e-15
8.370061983146619e-15
6.68125799505754e-15
4.772852731648261e-15
3.816392287811067e-15
-1.916688898434543e-15
-5.531909311784422e-15
-6.368269721171379e-15
-4.4207575443896e-15
-7.870367363188921e-16
-4.455008668538495e-15
-4.881312368426001e-15
