-2.36772334638034e-12
-1.463287100558809e-12
-9.085157805749033e-13
-5.666077033703052e-13
-3.561695791105615e-13
-2.25174712204514e-13
-1.425137251497773e-13
-8.979411477632979e-14
-5.53598384513854e-14
-3.21070925609019e-14
-1.513196764959025e-14
-1.783338417983222e-15
1.036411005834427e-14
2.313017850167805e-14
3.86426509407713e-14
5.831358660739443e-14
8.579895923025453e-14
1.23302021699217e-13
1.762744122849344e-13
2.520625072142419e-13
3.587272491000497e-13
5.079626224741183e-13
7.185728379744433e-13
1.012450068328251e-12
1.420641646787047e-12
1.988241146196921e-12
2.771509801588893e-12
3.846636154755711e-12
5.318502130599402e-12
7.322422102974761e-12
1.004096769300557e-11
1.371593673847867e-11
1.866268201370343e-11
2.529912535886266e-11
3.417210337210672e-11
4.599362384359692e-11
6.169404658386801e-11
8.247764911161837e-11
1.099070804567441e-10
1.459960349184121e-10
1.933382486074228e-10
2.55262402293076e-10
3.360243003544604e-10
4.410633126521878e-10
5.77294972665042e-10
7.535032921232741e-10
9.808074495104237e-10
1.273248832237858e-09
1.64851179005627e-09
2.128808650380432e-09
2.741965718831264e-09
3.52275430325476e-09
4.51450196502997e-09
5.771065077149213e-09
7.359217569098421e-09
9.361540510773778e-09
1.187991708356256e-08
1.503973115303851e-08
1.899491842219152e-08
2.393401293127055e-08
3.008737656080443e-08
3.773581802420683e-08
4.722085092123626e-08
5.895685340739825e-08
7.34454831689399e-08
9.129269294599451e-08
1.132287857486596e-07
1.401320057839153e-07
1.730562120200733e-07
2.132632784353844e-07
2.62260948540987e-07
3.218469599627111e-07
3.941603765584278e-07
4.817411689750639e-07
5.875992485889044e-07
7.152942552000716e-07
8.690276313680499e-07
1.053748612772303e-06
1.275276024117811e-06
1.540437938788428e-06
1.857231518060704e-06
2.235005583914122e-06
2.684668744940583e-06
3.218926198922073e-06
3.85254863128867e-06
4.602676972107499e-06
5.489167110799912e-06
6.534979077509638e-06
7.766615529754995e-06
9.214614859078786e-06
1.091410461141675e-05
1.290542136017216e-05
1.523480363067226e-05
1.795516489372824e-05
2.112695410658759e-05
2.481911170541199e-05
2.911012934704863e-05
3.408922208889817e-05
3.985762200526227e-05
4.653000251986054e-05
5.423604289437529e-05
6.312214258495315e-05
7.335329735341125e-05
8.511515453761072e-05
9.861625703729257e-05
0.00011409048661656
0.0001317997187609651
0.0001520367015956708
0.0001751281714243429
0.0002014382174462876
0.0002313719080729699
0.000265379191019479
0.0003039590789867037
0.000347664132234402
0.0003971052486653263
0.0004529567712164297
0.0005159619213166964
0.0005869385659303458
0.0006667853242684058
0.0007564880185548981
0.0008571264712809939
0.0009698816491710635
0.00109604315157942
0.00123701703819231
0.001394333987792187
0.00156965777633662
0.001764794059135303
0.00198169944282307
0.0022224908400099
0.0024894550744063
0.002785058702209702
0.003111958014200723
0.003473009177853931
0.003871278473136867
0.004310052569570817
0.004792848785747595
0.005323425265761173
0.005905790999941727
0.00654421561081234
0.007243238829953966
0.008007679692554575
0.008842645411173954
0.009753539726342964
0.01074607052211587
0.01182625665156867
0.0130004339363586
0.01427526024632122
0.0156577195071368
0.01715512451708437
0.01877511844352571
0.02052567489269719
0.02241509643171295
0.02445201142107085
0.02664536905163835
0.02900443244123619
0.03153876968196577
0.03425824272076275
0.0371729939381484
0.0402934303417903
0.04363020524060229
0.04719419731857181
0.05099648702071481
0.05504833014546247
0.05936112861054697
0.0639463982952443
0.06881573393642061
0.07398077104990128
0.07945314482847314
0.08524444606456112
0.09136617406532446
0.09782968662573567
0.104646147118564
0.1118264687365534
0.1193812560461456
0.1273207439068287
0.1356547339313019
0.1443925286532784
0.1535428635421945
0.1631138371550784
0.1731128395772943
0.1835464794493682
0.1944205098623385
0.2057397533657551
0.2175080265070642
0.2297280641496243
0.2424014439872733
0.2555285116430063
0.2691083066797155
0.2831384900482665
0.2976152732910742
0.3125333500102986
0.3278858300588551
0.3436641768300484
0.3598581482394452
0.3764557417378024
0.3934431438990327
0.410804685056032
0.4285227993541671
0.4465779908257271
0.4649488057771815
0.4836118119954758
0.5025415851896855
0.5217107029636845
0.5410897468603439
0.5606473126463923
0.5803500292326965
0.6001625865137529
0.6200477722659056
0.639966518493018
0.6598779572033524
0.6797394858370104
0.6995068424271351
0.7191341904110315
0.7385742132664549
0.7577782187128278
0.7766962524641073
0.7952772213661499
0.8134690255661347
0.8312186996229007
0.8484725620381168
0.8651763729477648
0.8812754995408669
0.8967150885746541
0.9114402456295333
0.9253962203280192
0.9385285970085442
0.9507834901768362
0.9621077438723401
0.9724491343720906
0.9817565752441273
0.9899803240328343
0.9970721897171199
1.002985739934444
1.007676507253287
1.011102193378607
1.013222870456661
1.014001178536374
1.013402518129767
1.011395237103249
1.007950810787317
1.003044014473868
0.9966530873959794
0.9887598872199512
0.9793500343748863
0.9684130452081381
0.9559424532063615
0.9419359175454277
0.926395318303508
0.9093268379783059
0.8907410283539516
0.8706528617213228
0.8490817660878642
0.8260516451542637
0.8015908844779663
0.7757323409724558
0.7485133111664518
0.7199754788895084
0.6901648484892288
0.6591316683833797
0.6269303388158251
0.5936192988648692
0.5592608936547572
0.5239212261020098
0.4876699950380348
0.450580318617792
0.4127285428251903
0.3741940357718955
0.3350589687903512
0.2954080852031599
0.2553284574704596
0.2149092335825293
0.1742413736389561
0.1334173776036773
0.09253100528895863
0.05167698961022926
0.01095074422240813
-0.02955193333314095
-0.06973516181753746
-0.1095032786452121
-0.1487611432125847
-0.1874144400135266
-0.2253699803515944
-0.2625360014520413
-0.2988224618084984
-0.3341413315871795
-0.3684068769602006
-0.4015359372572732
-0.4334481938319364
-0.4640664296165307
-0.4933167783359952
-0.5211289624443384
-0.5474365188777102
-0.5721770117389295
-0.5952922311435214
-0.6167283774586495
-0.636436230288222
-0.6543713015999061
-0.6704939724281455
-0.6847696127265991
-0.6971686839351741
-0.7076668239620363
-0.7162449143362263
-0.7228891293393533
-0.727590967068706
-0.7303472623649895
-0.731160181673123
-0.7300371999650084
-0.7269910599124401
-0.7220397136328617
-0.7152062472965286
-0.7065187890119323
-0.6960104004593964
-0.6837189527892444
-0.6696869874119338
-0.6539615622864677
-0.636594084424487
-0.6176401293505832
-0.5971592482789005
-0.5752147638570296
-0.551873555310912
-0.5272058338994143
-0.5012849095957348
-0.4741869499224809
-0.4459907319236915
-0.4167773882194857
-0.3866301481348611
-0.355634074887818
-0.3238757998150766
-0.2914432546353872
-0.2584254027076267
-0.2249119702529722
-0.1909931784897704
-0.1567594776081178
-0.1223012835002559
-0.08770871811440151
-0.05307135428535065
-0.01847796586071863
0.01598371609364033
0.05022724026118114
0.08416766451137343
0.117721777141461
0.1508083093049521
0.1833481380494789
0.2152644794371426
0.2464830712632883
0.276932344947573
0.3065435862176832
0.3352510842467381
0.3629922689682533
0.3897078363290835
0.4153418613053021
0.4398418985493033
0.4631590705748806
0.4852481434540146
0.5060675900243112
0.5255796406709247
0.543750321783276
0.5605494820190875
0.5759508065714172
0.5899318196480962
0.6024738754340927
0.6135621378320256
0.6231855492956616
0.6313367891276879
0.6380122216147062
0.6432118344202116
0.6469391676726947
0.6492012342003172
0.6500084314062088
0.6493744452633118
0.6473161469501298
0.643853482647566
0.6390093570098094
0.632809510851395
0.6252823935891326
0.6164590310045025
0.6063728888718724
0.595059732978379
0.5825574860839868
0.5689060823482495
0.5541473197582603
0.5383247110772812
0.5214833338211229
0.5036696797754592
0.4849315045167923
0.465317677399129
0.4448780324586953
0.4236632206769579
0.4017245640325595
0.379113911720478
0.3558834989125757
0.3320858084145035
0.3077734355524891
0.2829989566085204
0.2578148010860054
0.2322731280746417
0.2064257069587271
0.1803238026895456
0.1540180658249513
0.1275584275067111
0.1009939995302419
0.07437297963828911
0.04774256214768607
0.02114885399925932
-0.005363203702490204
-0.0317499086119612
-0.05796886450141641
-0.08397904304820474
-0.1097408400597906
-0.1352161261630275
-0.1603682920023631
-0.1851622880075078
-0.2095646588052273
-0.2335435723677294
-0.2570688439987677
-0.2801119552757929
-0.302646068076253
-0.3246460338208601
-0.3460883980790894
-0.3669514006940988
-0.3872149716036589
-0.406860722531473
-0.42587193471326
-0.4442335428334533
-0.4619321153640867
-0.4789558315141231
-0.4952944549856016
-0.5109393047157118
-0.5258832227937948
-0.5401205397570105
-0.5536470374831638
-0.5664599098796894
-0.5785577215437004
-0.5899403645765545
-0.6006090137519831
-0.6105660802472418
-0.6198151641230873
-0.6283610057135227
-0.636209436094651
-0.6433673268084296
-0.6498425390208508
-0.6556438722758876
-0.6607810129911273
-0.6652644828495422
-0.6691055872229893
-0.6723163637611328
-0.6749095312757278
-0.6768984390482068
-0.6782970166909159
-0.6791197246574846
-0.6793815054982694
-0.67909773595668
-0.6782841800020171
-0.6769569428950382
-0.6751324263470536
-0.6728272848311401
-0.670058383107908
-0.6668427550340349
-0.663197563720984
-0.6591400630693282
-0.6546875607056483
-0.6498573823536959
-0.6446668376725734
-0.6391331875909155
-0.6332736131456816
-0.627105185840257
-0.6206448395274683
-0.6139093438116118
-0.6069152789674191
-0.599679012367232
-0.5922166764068856
-0.5845441479158889
-0.5766770290366484
-0.5686306295621432
-0.560419950695345
-0.5520596701948721
-0.5435641288778071
-0.5349473184566615
-0.5262228706872407
-0.5174040477804878
-0.5085037340348935
-0.4995344286510001
-0.4905082396933085
-0.4814368791658406
-0.4723316591516542
-0.4632034889707914
-0.4540628733135902
-0.4449199113077174
-0.4357842964798277
-0.4266653175627657
-0.4175718601032421
-0.4085124088263024
-0.3994950507136372
-0.3905274787559088
-0.3816169963329782
-0.3727705221797044
-0.3639945958960064
-0.3552953839615208
-0.3466786862186238
-0.3381499427811168
-0.3297142413302153
-0.3213763247609938
-0.3131405991435272
-0.3050111419661184
-0.2969917106249304
-0.2890857511273358
-0.2812964069779336
-0.2736265282188697
-0.2660786805986294
-0.2586551548388388
-0.2513579759724067
-0.244188912728184
-0.2371494869386329
-0.2302409829495797
-0.2234644570094696
-0.2168207466178211
-0.2103104798144579
-0.2039340843928862
-0.1976917970235501
-0.1915836722694996
-0.1856095914790562
-0.1797692715428921
-0.1740622735052647
-0.1684880110208684
-0.1630457586450108
-0.1577346599475442
-0.1525537354426692
-0.1475018903279264
-0.1425779220269404
-0.1377805275299925
-0.1331083105279514
-0.128559788335909
-0.1241333986038606
-0.119827505813119
-0.1156404075556113
-0.1115703405948703
-0.1076154867081948
-0.1037739783101705
-0.1000439038584921
-0.09642331304289774
-0.09291022175892179
-0.08950261686849262
-0.0861984607494086
-0.0829956956365251
-0.07989224775773435
-0.07688603126882274
-0.07397495199068302
-0.07115691095170065
-0.0684298077390162
-0.06579154366352159
-0.06324002474401251
-0.06077316451494618
-0.05838888666158799
-0.05608512748710865
-0.05385983821694781
-0.05171098714591293
-0.04963656163303299
-0.04763456994901982
-0.04570304298168354
-0.04384003580403423
-0.04204362910996159
-0.04031193052257988
-0.03864307578070175
-0.03703522980871247
-0.0354865876744716
-0.03399537543992774
-0.03255985090930084
-0.03117830427983529
-0.02984905870006754
-0.02857047073982288
-0.02734093077619558
-0.02615886329999462
-0.02502272714719594
-0.02393101565990642
-0.02288225678049665
-0.02187501308274249
-0.02090788174370754
-0.01997949446037222
-0.01908851731472251
-0.01823365059058849
-0.01741362854562387
-0.01662721914164684
-0.01587322373648786
-0.01515047674040219
-0.01445784523991967
-0.01379422859192521
-0.01315855799066689
-0.0125497960100465
-0.01196693612356083
-0.01140900220429178
-0.01087504800725629
-0.0103641566361712
-0.009875439996630158
-0.009408038237597213
-0.008961119182974204
-0.008533877754826495
-0.008125535389900658
-0.007735339450973518
-0.007362562634497702
-0.007006502375874134
-0.006666480253404716
-0.006341841392233222
-0.00603195386936002
-0.005736208120793034
-0.005454016351740125
-0.005184811950583079
-0.004928048907521896
-0.004683201238562905
-0.004449762415656221
-0.004227244803475895
-0.00401517910355648
-0.003813113806159474
-0.003620614650409522
-0.003437264092987472
-0.003262660785884676
-0.003096419063441466
-0.002938168439023485
-0.002787553111548204
-0.002644231482083664
-0.002507875680638046
-0.002378171103308162
-0.002254815959899514
-0.002137520832094128
-0.002026008242303084
-0.001920012233141406
-0.001819277957529485
-0.001723561279384335
-0.001632628384910834
-0.001546255404501353
-0.00146422804508936
-0.001386341232906822
-0.001312398766448647
-0.001242212979670029
-0.001175604415232203
-0.001112401507663042
-0.001052440276280788
-0.0009955640277205264
-0.0009416230679160453
-0.000890474423389266
-0.0008419815716432185
-0.0007960141804839042
-0.0007524478561005627
-0.0007111638997071169
-0.0006720490725211102
-0.0006349953689446909
-0.000599899797742075
-0.0005666641709940324
-0.000535194900672345
-0.0005054028025878542
-0.0004772029075237815
-0.0004505142794112084
-0.0004252598402798407
-0.0004013662018435141
-0.0003787635035171635
-0.0003573852566628958
-0.0003371681949047506
-0.0003180521302681803
-0.0002999798150304451
-0.0002828968090545331
-0.0002667513524542768
-0.0002514942434093482
-0.0002370787209645673
-0.0002234603526345146
-0.0002105969266489351
-0.0001984483486994691
-0.0001869765430024129
-0.0001761453575646628
-0.0001659204734521383
-0.0001562693179466751
-0.0001471609814510307
-0.000138566137988764
-0.0001304569691731622
-0.0001228070914971835
-0.0001155914868748413
-0.0001087864362282645
-0.0001023694560368747
-9.631923779186702e-05
-9.061559009446628e-05
-8.523938346870555e-05
-8.017249765743985e-05
-7.539777132482503e-05
-7.0898954116368e-05
-6.666066089685485e-05
-6.266832816485838e-05
-5.890817248657431e-05
-5.536715088367142e-05
-5.203292311583472e-05
-4.889381573236626e-05
-4.593878785273052e-05
-4.315739858652276e-05
-4.053977602389311e-05
-3.807658774088001e-05
-3.575901273008929e-05
-3.357871466208043e-05
-3.152781647226762e-05
-2.959887624994926e-05
-2.778486433461994e-05
-2.607914155538721e-05
-2.447543845335164e-05
-2.296783556113481e-05
-2.155074469903393e-05
-2.02188912460721e-05
-1.896729732606027e-05
-1.779126579339574e-05
-1.668636506936972e-05
-1.564841471991091e-05
-1.467347182898503e-05
-1.375781801943593e-05
-1.28979471948709e-05
-1.20905538860008e-05
-1.133252220364239e-05
-1.062091541451476e-05
-9.952966000481372e-06
-9.326066292757086e-06
-8.737759575732393e-06
-8.185731667659369e-06
-7.667802950106647e-06
-7.181920845300565e-06
-6.726152648789948e-06
-6.298678789110998e-06
-5.897786435537445e-06
-5.521863455301237e-06
-5.169392686976746e-06
-4.838946535669931e-06
-4.529181872849325e-06
-4.23883519793284e-06
-3.966718063193815e-06
-3.711712780371313e-06
-3.472768322397259e-06
-3.248896493080272e-06
-3.039168267974763e-06
-2.842710384701903e-06
-2.658702090588462e-06
-2.486372072237866e-06
-2.324995585260878e-06
-2.173891708703661e-06
-2.0324207859283e-06
-1.899981984781537e-06
-1.776011030029025e-06
-1.659978034363662e-06
-1.551385449944554e-06
-1.449766168308072e-06
-1.354681707876073e-06
-1.265720497228974e-06
-1.182496277521239e-06
-1.104646589537913e-06
-1.031831333923318e-06
-9.637314493135515e-07
-9.000476218030495e-07
-8.404991210514244e-07
-7.848226525993575e-07
-7.327713232652769e-07
-6.841136331703191e-07
-6.386325501397648e-07
-5.961246075077813e-07
-5.56399096572771e-07
-5.192772861807325e-07
-4.845916759389574e-07
-4.521853196634503e-07
-4.219111663440623e-07
-3.936314642760967e-07
-3.672171731804404e-07
-3.425474360234563e-07
-3.195090690635584e-07
-2.979960797872288e-07
-2.779092270107869e-07
-2.591556006313398e-07
-2.416482279680988e-07
-2.25305705120291e-07
-2.100518366835075e-07
-1.958153174445133e-07
-1.825294265270418e-07
-1.701317380279552e-07
-1.585638359202065e-07
-1.47771093138206e-07
-1.377023976692251e-07
-1.283099573919409e-07
-1.195490694053937e-07
-1.113779431984797e-07
-1.03757500669499e-07
-9.665120346274797e-08
-9.002489928203326e-08
-8.384667027381382e-08
-7.808667539663189e-08
-7.271703318983421e-08
-6.771168283688538e-08
-6.304627974971978e-08
-5.869807630177155e-08
-5.464582431434198e-08
-5.086967174623478e-08
-4.73510797398433e-08
-4.407273346037992e-08
-4.101845669576845e-08
-3.817315395294593e-08
-3.552273743554446e-08
-3.305403969099829e-08
-3.075477304152343e-08
-2.861347041536379e-08
-2.661942779102438e-08
-2.476265535763251e-08
-2.303383495108179e-08
-2.142426386410555e-08
-1.992582168229194e-08
-1.853093883691925e-08
-1.723255151361937e-08
-1.602407528548965e-08
-1.489936447768792e-08
-1.385268605478548e-08
-1.287869384102822e-08
-1.197240187309159e-08
-1.112916502643315e-08
-1.034464977429877e-08
-9.614822100786731e-09
-8.935910797553755e-09
-8.304411991118398e-09
-7.717052952439996e-09
-7.170784579374893e-09
-6.662770152924916e-09
-6.190363455100825e-09
-5.75109905766351e-09
-5.342674768910135e-09
-4.962953738770427e-09
-4.609932678597192e-09
-4.281759907089774e-09
-3.976704053894492e-09
-3.693160373558305e-09
-3.429625350385462e-09
-3.184706940404048e-09
-2.957102406775841e-09
-2.745607414523142e-09
-2.549095858175457e-09
-2.366511016795568e-09
-2.196876572398672e-09
-2.039283551020413e-09
-1.89288334928156e-09
-1.756895872114019e-09
-1.630581834695544e-09
-1.513259418821989e-09
-1.404296460182251e-09
-1.303109272649264e-09
-1.209141863357822e-09
-1.121888491281253e-09
-1.040878547016478e-09
-9.656609384007877e-10
-8.958346514312723e-10
-8.310127093384065e-10
-7.708457948794292e-10
-7.149930631068756e-10
-6.631520966199374e-10
-6.150362836461043e-10
-5.703807644132103e-10
-5.289389241663973e-10
-4.904763515984769e-10
-4.547872410725527e-10
-4.216728538716242e-10
-3.909512724687923e-10
-3.624508325602198e-10
-3.360111908831787e-10
-3.114824772606895e-10
-2.887289234662697e-10
-2.676262016079353e-10
-2.480566184077235e-10
-2.2990849598272e-10
-2.130785444673745e-10
-1.974652883100565e-10
-1.829902624385093e-10
-1.695635719061595e-10
-1.57116942401241e-10
-1.455762840757132e-10
-1.348745302190101e-10
-1.249497829609278e-10
-1.157507639246895e-10
-1.072249895686092e-10
-9.932633893786758e-11
-9.200396344191421e-11
-8.521973384436263e-11
-7.893344524705693e-11
-7.310860484383506e-11
-6.770664067220022e-11
-6.2698326513158e-11
-5.806049948637965e-11
-5.376642236678228e-11
-4.978428840039642e-11
-4.609498529449255e-11
-4.268209027489026e-11
-3.95148089608206e-11
-3.657993411578353e-11
-3.385537304511854e-11
-3.133559853083827e-11
-2.900698889989488e-11
-2.684671685108995e-11
-2.485181659584587e-11
-2.30023273026211e-11
-2.129465450122895e-11
-1.970860385833606e-11
-1.824076114600111e-11
-1.687933849063128e-11
-1.562091099713018e-11
-1.445440352286523e-11
-1.337261520272911e-11
-1.237138833498901e-11
-1.144427874106295e-11
-1.05817655369321e-11
-9.789353198291458e-12
-9.055629796677317e-12
-8.376968559378314e-12
-7.748777468163643e-12
-7.166252119890304e-12
-6.631930548502842e-12
-6.136255954678802e-12
-5.678801094457967e-12
-5.250122517753603e-12
-4.856750602200981e-12
-4.49058207996863e-12
-4.152392140931288e-12
-3.838842418143572e-12
-3.549711718990502e-12
-3.279924782649615e-12
-3.029601509350563e-12
-2.799525355774547e-12
-2.589601031029955e-12
-2.397018931918841e-12
-2.21596356543901e-12
-2.047135643041735e-12
-1.889376229511681e-12
-1.744573961119117e-12
-1.61752868090134e-12
-1.495795084541906e-12
-1.38680976338895e-12
-1.282437861809242e-12
-1.186144120794699e-12
-1.096225498186673e-12
-1.011456061445084e-12
-9.309760494092029e-13
-8.59190311900933e-13
-7.885906125146706e-13
-7.257392894560046e-13
-6.746319842821085e-13
-6.271373291637539e-13
-5.801246850316727e-13
-5.379697618321428e-13
-4.939496342497242e-13
-4.584720393846867e-13
-4.233109684596192e-13
-3.913890827736216e-13
-3.628331942978609e-13
-3.383356905281958e-13
-3.12464176843184e-13
-2.871832827428139e-13
-2.575959422373391e-13
-2.37497033136745e-13
-2.190282870875158e-13
-2.007786235137954e-13
-1.892304285649041e-13
-1.749259662712657e-13
-1.654806052746521e-13
-1.521716505483862e-13
-1.377830064038814e-13
-1.26289747190371e-13
-1.189208301913458e-13
-1.129546483014175e-13
-1.057953055176389e-13
-9.794646887866159e-14
-9.098450264662556e-14
-7.899425753122612e-14
-7.223745846517e-14
-6.385122041072248e-14
-5.672213123621759e-14
-4.800162837485467e-14
-4.499721631046246e-14
-4.290030032549038e-14
-4.690289099354898e-14
-4.935610328060748e-14
-4.832172462320243e-14
-4.650606178529479e-14
-4.101733032641758e-14
-3.160721457081902e-14
-2.507450678170497e-14
-2.24573547372558e-14
-1.889462928862972e-14
-1.432187847392835e-14
-1.376110430817376e-14
-1.22328951205504e-14
-1.506524068296288e-14
-1.679476935172647e-14
-1.979485361003128e-14
-1.840271588665724e-14
-1.720073773649751e-14
-1.735965579253859e-14
-1.347103825715621e-14
-1.405087942446721e-14
-8.88588418697528e-15
-7.324153991588724e-15
-5.214963838449959e-15
-3.350673905199374e-15
-2.414154236283471e-15
-8.048829407446361e-16
5.630542106398179e-16
1.389068257807316e-15
-1.701942275465105e-15
-4.982066231054175e-15
-1.108904157302869e-14
-1.535061638487671e-14
-1.398475106042191e-14
-9.653246649454945e-15
-4.434373747949006e-15
-2.276241319695176e-16
4.467164399618763e-16
-1.145946856157722e-15
-1.177871361600958e-16
9.418789617925993e-16
9.809198233526153e-15
1.144712300677023e-14
5.903299461210788e-15
2.127701802486271e-15
-5.66397160557854e-15
-6.879714325631893e-15
-1.299795727590274e-14
-1.91088014125811e-14
-1.559390433000886e-14
-1.026752977955591e-14
-2.360136314943057e-15
5.061391339933264e-15
1.039883813332495e-14
1.600557062029629e-14
1.356169353225449e-14
1.036130518425151e-14
8.301059034692041e-15
3.510707535957554e-15
-1.50554579010369e-15
-8.256521543678843e-15
-1.475163009327557e-14
-1.809280316405881e-14
-1.671708511252496e-14
-1.421344274954821e-14
-7.050940102506863e-15
3.272124339350364e-15
1.049574133119831e-14
1.767064939961425e-14
1.935308197512644e-14
1.602955056327112e-14
7.577588538569066e-15
1.624983833415913e-15
-3.352573975510346e-15
-1.031674196357517e-14
-1.261983911213119e-14
-1.393474331052201e-14
-1.316320270252501e-14
-6.175388825396984e-15
-3.740433226372091e-16
1.689396650360682e-15
8.028738768508761e-15
7.726478019347452e-15
7.797546866350766e-15
6.922205233111861e-15
4.097229855639009e-15
3.36864885081018e-16
-1.447003413377965e-15
-4.64717451074387e-17
-7.077208784920343e-16
-1.113434562738396e-16
-2.115257414852032e-15
-1.389600660289928e-16
-1.203876020967115e-16
-5.674005998813162e-15
-8.803659443486939e-15
-7.114161091644697e-15
-6.012360943467875e-15
-2.731349939921352e-15
3.444603740861913e-15
8.675152762348323e-15
1.130696119353075e-14
1.077772775031886e-14
9.280160324068396e-15
6.261527878957293e-15
