1.080397990605776e-12
6.718328992945584e-13
4.22408053897114e-13
2.673485478110339e-13
1.711817734530666e-13
1.109636800100863e-13
7.280423477661681e-14
4.831054734363602e-14
3.19700463806791e-14
2.010103037701201e-14
9.995561490047973e-15
6.886724170885681e-17
-1.176720439585453e-14
-2.797594445118229e-14
-4.964097893029283e-14
-8.087272284243771e-14
-1.256006498816751e-13
-1.889801920184821e-13
-2.788074160850708e-13
-4.042127860621635e-13
-5.805457109014963e-13
-8.254732961210611e-13
-1.163423883384287e-12
-1.632981137186172e-12
-2.277794551805044e-12
-3.164347076106863e-12
-4.375268596212375e-12
-6.030089662971267e-12
-8.27989103678708e-12
-1.132716117813949e-11
-1.544427180964274e-11
-2.098619864880223e-11
-2.842047955306621e-11
-3.835778924915282e-11
-5.159767395572291e-11
-6.917914139396823e-11
-9.244956822602785e-11
-1.231540790130731e-10
-1.635402066743336e-10
-2.164998872710365e-10
-2.857466810583297e-10
-3.760259429640766e-10
-4.933931780510506e-10
-6.455521053571947e-10
-8.422778425137446e-10
-1.095939983184272e-09
-1.422151924350402e-09
-1.840569457889859e-09
-2.375872185499053e-09
-3.058965985297727e-09
-3.928458243281011e-09
-5.032442307846222e-09
-6.430675408408689e-09
-8.197221996871985e-09
-1.042364707196696e-08
-1.322287345393227e-08
-1.673382216456589e-08
-2.112698388166622e-08
-2.661109216977061e-08
-3.344109633680789e-08
-4.192765840649172e-08
-5.244845046659754e-08
-6.546155087948172e-08
-8.152130612154681e-08
-1.012970380677862e-07
-1.255951038488347e-07
-1.553848109545237e-07
-1.918288049161253e-07
-2.363186326417418e-07
-2.905162606132699e-07
-3.564024505634567e-07
-4.363329873785935e-07
-5.33103927171465e-07
-6.500271155983079e-07
-7.910174523732187e-07
-9.606934916540413e-07
-1.16449320712364e-06
-1.408806912689037e-06
-1.701129593914873e-06
-2.050235118922029e-06
-2.466375099798784e-06
-2.961505426228081e-06
-3.549543846710261e-06
-4.24666224923018e-06
-5.071617701060629e-06
-6.046126641329417e-06
-7.195287034885341e-06
-8.54805371195786e-06
-1.013777254460874e-05
-1.200277956180798e-05
-1.418707157654495e-05
-1.674105534759279e-05
-1.972238279330977e-05
-2.319688022436401e-05
-2.723958002389581e-05
-3.193586364108369e-05
-3.738272514970433e-05
-4.369016498068193e-05
-5.098272371729155e-05
-5.940116603067382e-05
-6.910432495634888e-05
-8.027111684059706e-05
-9.310273998315151e-05
-0.0001078250767669632
-0.0001246913089274328
-0.0001439847567489712
-0.000166021954936491
-0.0001911559780303163
-0.0002197800281976479
-0.0002523312979959648
-0.0002892951204095129
-0.0003312094179969536
-0.0003786694623652199
-0.000432332954412842
-0.0004929254348255575
-0.0005612460331304028
-0.0006381735622637748
-0.0007246729639749231
-0.0008218021085512875
-0.0009307189502151485
-0.001052689037152179
-0.001189093372415937
-0.001341436618924806
-0.001511355638414644
-0.001700628350486618
-0.001911182893825462
-0.002145107067646918
-0.002404658032816358
-0.002692272261070288
-0.003010575690559701
-0.003362394043998281
-0.0037507632645779
-0.004178940019220133
-0.004650412212481611
-0.005168909447854413
-0.005738413366276645
-0.006363167784412719
-0.007047688547792953
-0.007796773007089757
-0.008615509032634734
-0.009509283603478701
-0.01048379092969003
-0.01154503987278758
-0.01269936042041368
-0.01395340915937405
-0.01531417371451486
-0.01678897605300561
-0.01838547448664266
-0.02011166424533368
-0.0219758764842877
-0.02398677561585263
-0.0261533548411001
-0.02848492973368125
-0.0309911297717555
-0.03368188766983502
-0.03656742640596301
-0.03965824383085018
-0.04296509472669845
-0.04649897024467869
-0.05027107459223019
-0.05429279890451657
-0.05857569222735978
-0.06313142951926935
-0.06797177666464441
-0.07310855241714606
-0.07855358727845078
-0.084318679311052
-0.09041554686097275
-0.09685577827680729
-0.1036507786196114
-0.1108117134694035
-0.1183494499257222
-0.1262744948721167
-0.1345969307141375
-0.1433263486797288
-0.1524717799066291
-0.1620416245298859
-0.1720435789497295
-0.1824845616275929
-0.1933706375997986
-0.2047069420590859
-0.216497603334464
-0.2287456655539018
-0.24145301146576
-0.254620285699881
-0.2682468189355859
-0.2823305534056079
-0.2968679700947967
-0.3118540182064836
-0.3272820472355034
-0.3431437421932246
-0.359429062468529
-0.3761261847132468
-0.3932214503746994
-0.4106993182131675
-0.4285423223620269
-0.4467310364047437
-0.4652440438257675
-0.484057915441451
-0.5031471940729864
-0.5224843869519055
-0.5420399662457112
-0.5617823779563682
-0.5816780597044974
-0.6016914675064753
-0.6217851118917501
-0.6419196035838083
-0.662053708810435
-0.6821444145727514
-0.7021470037660738
-0.7220151402957331
-0.7417009641829984
-0.7611551964777121
-0.7803272540679563
-0.7991653740144453
-0.8176167472991683
-0.8356276617150095
-0.8531436534287692
-0.8701096670267581
-0.8864702234024613
-0.902169595121328
-0.917151988719353
-0.9313617331887069
-0.9447434741948564
-0.9572423731362072
-0.968804310441004
-0.9793760923257292
-0.9889056600546748
-0.9973423010407537
-1.004636860711655
-1.010741954351138
-1.015612177987606
-1.019204317258578
-1.021477553484973
-1.022393665790876
-1.021917228401795
-1.020015802152161
-1.016660119126868
-1.011824259663972
-1.00548582060828
-0.997626074000082
-0.9882301153180384
-0.9772870003415942
-0.9647898700026093
-0.9507360622712722
-0.9351272103827786
-0.9179693267446251
-0.8992728719443731
-0.8790528085857813
-0.8573286391094176
-0.8341244267324118
-0.8094687992703385
-0.7833949367015067
-0.7559405439220477
-0.727147806064379
-0.6970633222158549
-0.665738018421024
-0.6332270458895304
-0.5995896689228755
-0.5648891368977971
-0.5291925359537704
-0.4925706215707238
-0.4550976362210593
-0.4168511139053716
-0.3779116707626902
-0.3383627818096248
-0.2982905446658136
-0.2577834313787789
-0.2169320293478694
-0.1758287722018802
-0.1345676616296328
-0.09324398122584159
-0.051954003454966
-0.01079469088006796
0.03013660719840224
0.0707424615024629
0.1109256717322682
0.1505895764971004
0.1896383630031835
0.2279773752665892
0.2655134196352936
0.30215506641312
0.3378129463789947
0.37240004104877
0.4058319655146135
0.4380272427678735
0.4689075684352125
0.498398064872298
0.5264275236566334
0.5529286355189628
0.577838206864781
0.6010973620727187
0.622651730783283
0.642451619522331
0.6604521670060511
0.676613482609516
0.6909007675268172
0.7032844181932042
0.7137401116889226
0.7222488728352493
0.728797122836216
0.7333767093759594
0.7359849181361959
0.7366244658453737
0.735303474949757
0.7320354301335553
0.7268391169743713
0.7197385430776462
0.7107628421655646
0.6999461615586799
0.6873275336130785
0.6729507317243928
0.6568641115519659
0.6391204382199951
0.6197767002273137
0.598893910899983
0.5765368982372496
0.5527740840150358
0.5276772530911968
0.5013213138344471
0.4737840506621303
0.4451458696731548
0.4154895383639222
0.3848999204589464
0.3534637068459971
0.3212691436385237
0.2884057583738188
0.2549640853403815
0.2210353910365361
0.1867114007163971
0.1520840269789405
0.1172451013275276
0.08228610959811633
0.04729793213114673
0.01237058951311076
-0.02240700531183755
-0.05694728780064259
-0.09116427472180939
-0.1249737885443005
-0.1582936726757962
-0.1910439969706045
-0.2231472529759937
-0.254528538428606
-0.2851157305709043
-0.3148396479000168
-0.3436342000259786
-0.371436525362564
-0.3981871164141262
-0.4238299324897185
-0.4483124997096224
-0.4715859982372953
-0.4936053367110691
-0.5143292138866069
-0.5337201675693346
-0.5517446109373083
-0.5683728564197238
-0.5835791273297748
-0.597341557478837
-0.6096421790612863
-0.6204668991072138
-0.6298054648598818
-0.6376514184541716
-0.6440020412875979
-0.6488582885285193
-0.6522247142022739
-0.6541093873398279
-0.6545237996848839
-0.653482765464371
-0.6510043137655255
-0.6471095740417011
-0.6418226553068378
-0.6351705195722098
-0.6271828500664471
-0.6178919148046379
-0.6073324260635299
-0.5955413963414041
-0.5825579913563425
-0.5684233806128375
-0.5531805860845306
-0.5368743295348405
-0.5195508790003972
-0.5012578949434664
-0.4820442765631838
-0.4619600087566694
-0.4410560101693742
-0.4193839827696098
-0.3969962633691388
-0.3739456774961394
-0.3502853960134084
-0.3260687948233036
-0.3013493179932403
-0.2761803446146722
-0.2506150596851105
-0.2247063292854393
-0.1985065802890434
-0.1720676848239267
-0.1454408496838917
-0.1186765108609797
-0.09182423335212127
-0.06493261636278796
-0.03804920401318341
-0.01122040162985517
0.01550860231569885
0.04209390857971977
0.06849297380954789
0.09466467149663003
0.1205693472379221
0.1461688683398813
0.1714266678170011
0.1963077828517159
0.2207788878000075
0.2448083218410843
0.2683661113809232
0.2914239873373872
0.3139553974393494
0.3359355136891409
0.3573412351448896
0.3781511861809984
0.3983457103964208
0.4179068603509674
0.436818383328848
0.4550657033221767
0.4726358994137523
0.4895176807489324
0.5057013583022001
0.521178813659427
0.5359434650212407
0.549990230612466
0.5633154896916239
0.5759170413693971
0.5877940614582406
0.5989470575530048
0.6093778225153065
0.6190893865427988
0.628085968019588
0.6363729233539376
0.643956695983018
0.6508447646975817
0.657045591448051
0.662568568798942
0.6674239672019473
0.6716228822382794
0.6751771819645133
0.6780994545043815
0.6804029560093365
0.6821015591085059
0.6832097019642084
0.6837423380473477
0.6837148867486523
0.6831431849065875
0.6820434393330311
0.6804321804177722
0.6783262168925869
0.6757425918361024
0.6726985399654546
0.6692114462583711
0.6652988059535994
0.6609781859834158
0.6562671878912271
0.6511834122456475
0.6457444245644268
0.6399677227666536
0.6338707061728659
0.6274706460693401
0.6207846578328503
0.6138296746189491
0.6066224226077546
0.5991793977906323
0.5915168442852512
0.5836507341604122
0.5755967487515671
0.5673702614437919
0.5589863218982245
0.5504596417031997
0.541804581406229
0.5330351388845348
0.5241649390187408
0.5152072246404199
0.5061748487243567
0.4970802677740039
0.4879355363523235
0.4787523027156087
0.4695418055116547
0.4603148715050864
0.4510819142776009
0.4418529338554502
0.4326375172190146
0.4234448396512241
0.4142836668842702
0.4051623579948235
0.396088869002211
0.3870707571256248
0.3781151856574842
0.3692289294132037
0.3604183807121092
0.351689555848018
0.3430481020092125
0.3344993046094516
0.3260480949950553
0.3176990584872013
0.3094564427230341
0.301324166260597
0.2933058274142045
0.2854047132894166
0.277623808984823
0.2699658069300761
0.2624331163319408
0.2550278727023324
0.247751947445065
0.2406069574737145
0.2335942748367363
0.2267150363277813
0.2199701530604608
0.2133603199893297
0.2068860253573931
0.2005475600526797
0.1943450268580751
0.1882783495806261
0.1823472820484243
0.1765514169605144
0.1708901945771123
0.1653629112400234
0.1599687277155217
0.1547066773532418
0.1495756740514989
0.1445745200217324
0.139701913346514
0.1349564553265455
0.1303366576132559
0.1258409491231665
0.1214676827314815
0.1172151417431143
0.1130815461402443
0.1090650586067429
0.1051637903283324
0.1013758065688499
0.09769913202358908
0.09413175595130165
0.09067163708705721
0.08731670833806655
0.08406488126536507
0.08091405035438444
0.07786209707757689
0.07490689375284236
0.07204630720169448
0.06927820221203848
0.06660044480973557
0.06401090534264878
0.06150746138146267
0.05908800044268953
0.05675042253967191
0.05449264256649472
0.0523125925191504
0.05020822355881771
0.04817750792288822
0.04621844068940792
0.04432904140016687
0.04250735554750591
0.04075145593026903
0.03905944388380727
0.03742945038900071
0.03585963706538869
0.03434819705388417
0.03289335579423859
0.03149337170189519
0.03014653674889227
0.02885117695346208
0.02760565278333755
0.02640835947735763
0.02525772728962243
0.02415222166021257
0.02309034331679776
0.02207062831142138
0.02109164799672627
0.02015200894510033
0.01925035281432146
0.01838535616329264
0.01755573022151399
0.01676022061572429
0.01599760705685697
0.01526670299035965
0.01456635521283105
0.01389544345793515
0.01325287995426187
0.0126376089578185
0.01204860626166779
0.01148487868509446
0.01094546354446603
0.01042942810786386
0.009935869035640362
0.009463911808914389
0.009012710147845064
0.00858144542140433
0.008169326050349143
0.007775586904864055
0.007399488698253608
0.00704031737812628
0.00669738351636172
0.006370021699063724
0.006057589917660952
0.005759468962048138
0.005475061816796306
0.005203793061392419
0.004945108275353201
0.004698473448907852
0.004463374399907008
0.004239316197587229
0.004025822593786853
0.003822435462226179
0.003628714246179972
0.003444235415129338
0.003268591930652205
0.003101392721930238
0.002942262171089189
0.002790839608678427
0.002646778819487372
0.002509747558892994
0.002379427079862187
0.002255511670713408
0.00213770820372204
0.002025735694631483
0.00191932487304093
0.00181821776378011
0.001722167279218415
0.00163093682245657
0.001544299901330915
0.001462039753117721
0.001383948979914713
0.00130982919461804
0.001239490677340964
0.001172752042111464
0.001109439913727321
0.001049388614636966
0.000992439861663538
0.0009384424724874447
0.0008872520815580469
0.0008387308653580442
0.0007927472768630119
0.0007491757889038494
0.0007078966463423344
0.0006687956268072719
0.0006317638097940397
0.0005966973539413314
0.0005634972822546059
0.0005320692751238907
0.0005023234708826918
0.0004741742737715003
0.0004475401690396054
0.0004223435449961379
0.0003985105218373456
0.0003759707870500017
0.0003546574371489712
0.0003345068256221135
0.0003154584168582985
0.0002974546458586798
0.0002804407836081298
0.0002643648078007315
0.0002491772789008282
0.0002348312212138459
0.0002212820089101041
0.0002084872567448981
0.0001964067154092678
0.0001850021712467667
0.0001742373502542089
0.0001640778261514251
0.0001544909324540719
0.0001454456783031144
0.0001369126679927009
0.0001288640240169398
0.0001212733135135176
0.0001141154779539834
0.0001073667660065201
0.0001010046693646659
9.500786152574343e-05
8.935613931189774e-05
8.403036707525914e-05
7.90124234729584e-05
7.428515066125922e-05
6.98323058852153e-05
6.563851531264566e-05
6.168923003038528e-05
5.797068410826648e-05
5.446985465375176e-05
5.117442374843155e-05
4.807274224993228e-05
4.515379527304417e-05
4.240716937569668e-05
3.982302132383193e-05
3.739204835955055e-05
3.51054599570339e-05
3.295495093182322e-05
3.093267590972523e-05
2.903122502907972e-05
2.724360085177729e-05
2.556319639927156e-05
2.398377437048752e-05
2.249944738458592e-05
2.110465924893266e-05
1.979416706866528e-05
1.856302432330257e-05
1.740656478088457e-05
1.632038730074084e-05
1.530034139965457e-05
1.434251356026921e-05
1.344321422085329e-05
1.259896549673671e-05
1.180648948087479e-05
1.106269720223349e-05
1.036467815111956e-05
9.709690373532821e-06
9.095151052654956e-06
8.518627622569745e-06
7.977829369220194e-06
7.470599421316635e-06
6.994907241970287e-06
6.548841477450509e-06
6.130603207081704e-06
5.738499569404277e-06
5.370937710677853e-06
5.026419084136149e-06
4.703534068115483e-06
4.40095684432336e-06
4.117440592432749e-06
3.851812940123777e-06
3.602971641123312e-06
3.369880546174304e-06
3.151565736772543e-06
2.947111920656228e-06
2.755659008304436e-06
2.576398897146053e-06
2.408572404225683e-06
2.251466405030876e-06
2.104411128723249e-06
1.966777589968363e-06
1.83797518450279e-06
1.717449409812321e-06
1.604679728529474e-06
1.499177542374918e-06
1.400484298027442e-06
1.308169678648805e-06
1.221829924824511e-06
1.141086221880495e-06
1.065583217574627e-06
9.949876121072129e-07
9.289867967203599e-07
8.672876466731616e-07
8.096152995190271e-07
7.557120732360414e-07
7.053364026022397e-07
6.582618599776584e-07
6.142762440956195e-07
5.731806959649948e-07
5.347888846600478e-07
4.989262358704504e-07
4.654292121749683e-07
4.341446304135599e-07
4.049290238310272e-07
3.77648034174074e-07
3.521758461998004e-07
3.283946639347565e-07
3.061942079397659e-07
2.854712454994066e-07
2.661291527828854e-07
2.480775044382926e-07
2.312316847417792e-07
2.155125082190021e-07
2.008458961972119e-07
1.871625491273885e-07
1.743976433951081e-07
1.624905479166994e-07
1.513845627852941e-07
1.410266681229082e-07
1.313672829918049e-07
1.223600544262213e-07
1.139616520171007e-07
1.06131579128837e-07
9.883197905129585e-08
9.202747042607178e-08
8.568498986046636e-08
7.977364374729283e-08
7.426457284528006e-08
6.913081415782269e-08
6.434717728166086e-08
5.989014099967471e-08
5.573774071345877e-08
5.186946166212731e-08
4.826614452289501e-08
4.49099051377184e-08
4.178404692014388e-08
3.88729797483179e-08
3.616215158900955e-08
3.363798461190649e-08
3.128780080097691e-08
2.909978088808753e-08
2.706287934140331e-08
2.516680881244956e-08
2.340196027709195e-08
2.175937345908342e-08
2.023068770862105e-08
1.880811923064144e-08
1.748439661598039e-08
1.625274259299902e-08
1.510683770123344e-08
1.404078483528208e-08
1.304909836194454e-08
1.212665621563882e-08
1.126867690449078e-08
1.047071242763947e-08
9.728620754154723e-09
9.038531770259926e-09
8.396851012446722e-09
7.800221101980133e-09
7.245525433117689e-09
6.729847136428116e-09
6.250472678256619e-09
5.804872809550266e-09
5.390707983398176e-09
5.005781721633836e-09
4.648053453070405e-09
4.31561982553412e-09
4.006717066228922e-09
3.719698891587808e-09
3.453033640685854e-09
3.205290958455502e-09
2.975143793966659e-09
2.761354390281375e-09
2.562772541222824e-09
2.378329750715686e-09
2.207028537153507e-09
2.04794255215102e-09
1.900213596677301e-09
1.763038768842512e-09
1.635672667002736e-09
1.517420737784421e-09
1.407636665665783e-09
1.305727405494867e-09
1.211129088649303e-09
1.123318499519076e-09
1.041814907233355e-09
9.66167388051368e-10
8.95963232308354e-10
8.308166225820603e-10
7.703604795847217e-10
7.142641954903843e-10
6.622142522297597e-10
6.139230656129415e-10
5.69124502226031e-10
5.275637599731495e-10
4.890149028622136e-10
4.532631243824229e-10
4.201071710433478e-10
3.893577760696339e-10
3.608401188025061e-10
3.343855936328353e-10
3.098512716512147e-10
2.871051430875805e-10
2.660163251357294e-10
2.464616873571902e-10
2.283356620146142e-10
2.115297099796155e-10
1.959471826714798e-10
1.815080687563186e-10
1.681247338368965e-10
1.55721018777938e-10
1.442229463606204e-10
1.33572112583793e-10
1.236987206607998e-10
1.145520269396329e-10
1.060779445682897e-10
9.822390983854806e-11
9.09423653068065e-11
8.420172356499205e-11
7.79569420049913e-11
7.217126203155744e-11
6.681117567513603e-11
6.184587091746814e-11
5.724380329127655e-11
5.298405139439344e-11
4.903611841810172e-11
4.538032912688284e-11
4.199826869298418e-11
3.88668319873106e-11
3.596968969532932e-11
3.328624450248369e-11
3.080276315395385e-11
2.850165814631764e-11
2.637322685543094e-11
2.440170729842243e-11
2.257554459309158e-11
2.088492661095584e-11
1.932019709170958e-11
1.787288688822186e-11
1.652995581919973e-11
1.528305189534369e-11
1.412830139703629e-11
1.306131829333903e-11
1.207854704703854e-11
1.117303983706831e-11
1.033742351594003e-11
9.566809574167667e-12
8.851714591223311e-12
8.187493771232599e-12
7.570606324045598e-12
6.998180926724483e-12
6.467929028860097e-12
5.978072502132761e-12
5.521479623475136e-12
5.103465357862322e-12
4.717295684165433e-12
4.359688963233013e-12
4.026467161953868e-12
3.7227988446595e-12
3.435972336587807e-12
3.172915375290485e-12
2.940328814043719e-12
2.719595718951133e-12
2.515462657152053e-12
2.328529652797622e-12
2.153839697670614e-12
1.990118399655616e-12
1.837895899380082e-12
1.698397091500596e-12
1.567554859045253e-12
1.443925575271465e-12
1.332600337879748e-12
1.227286327276908e-12
1.128989021845669e-12
1.042761240296561e-12
9.632893360268154e-13
8.899788449978264e-13
8.235944142798788e-13
7.64994653917541e-13
7.097906320554562e-13
6.607297740848553e-13
6.167394887978289e-13
5.695056151728502e-13
5.223105622606862e-13
4.795818909947848e-13
4.395232691932039e-13
4.011850553865451e-13
3.670391469910623e-13
3.393674279208713e-13
3.110084814146623e-13
2.866805775611828e-13
2.647409346354354e-13
2.445760981296768e-13
2.269116456770704e-13
2.113690969874996e-13
1.96261615914064e-13
1.867235767771756e-13
1.800830662859805e-13
1.694666806197812e-13
1.573976527307649e-13
1.424019675220963e-13
1.263524075844793e-13
1.11175585917202e-13
9.60648698787398e-14
8.470062427335888e-14
7.750903379609509e-14
6.670172602367197e-14
6.286005018208906e-14
6.147747648319337e-14
6.055560552534934e-14
6.305038388918442e-14
6.172937791089472e-14
6.096785241792599e-14
6.018810617102226e-14
5.505100014067507e-14
5.292369512220927e-14
4.592907928947849e-14
3.602289561718162e-14
2.808569912890449e-14
2.034041975418026e-14
1.439102594763382e-14
9.847430411688878e-15
5.233849857506621e-15
8.215232823810015e-15
8.094816002918958e-15
1.217275756198703e-14
2.005211667189991e-14
2.627842686598162e-14
3.349626618117935e-14
3.31806546005083e-14
3.149509995294874e-14
2.818613486646868e-14
2.015750713813575e-14
8.262722522460586e-15
-3.813577341886457e-15
-1.382877052886917e-14
-1.839891514346306e-14
-1.552786248001162e-14
-1.324091081085218e-14
-4.215139716602952e-15
9.072569496426918e-15
1.566474046704012e-14
2.169200577233456e-14
2.55857630297683e-14
2.678350499958906e-14
2.406688973271434e-14
1.456151317703072e-14
5.744524017396852e-15
-5.257453385010354e-15
-1.574541947440779e-14
-2.202331543959361e-14
-1.967426646281238e-14
-1.279305730540585e-14
-5.248706977428053e-15
1.753465853909761e-15
8.436725704764675e-15
1.175769598203948e-14
1.344725765865547e-14
1.509201477183069e-14
1.171937917040814e-14
6.7090470832374e-15
3.894667743064715e-15
-8.516390975130509e-16
-1.26815794605122e-16
1.5095328985149e-16
-2.570669168821402e-15
-4.365623891609165e-15
-8.19285904808082e-15
-1.25789277721521e-14
-1.262048592815821e-14
-9.800988096390903e-15
-4.437355638980273e-15
1.437990995342676e-15
9.717027314689917e-15
1.744202503271916e-14
1.885708132666205e-14
1.76853848806608e-14
1.24499987873393e-14
4.675334233586751e-15
-4.451552787428091e-15
-1.04201112378921e-14
-1.335273937344731e-14
-1.576843337501984e-14
-1.610002465628131e-14
-1.15972111302825e-14
-8.456139548455576e-15
-1.864916184602602e-15
5.33615599992706e-15
1.279225134765446e-14
1.697282917657765e-14
1.847441719188772e-14
1.466867193991255e-14
1.003303436567007e-14
5.399791371030464e-15
-4.546438761690462e-15
-1.193455238166302e-14
-1.514350627547363e-14
-1.691607685578053e-14
-1.318842997733941e-14
-1.049507069307961e-14
-6.210632811370877e-15
1.406526025193042e-15
8.233535189378407e-15
1.50113726621463e-14
1.887842972788359e-14
1.407969145656328e-14
6.848538961837725e-15
1.210448041187985e-15
-3.264209096854826e-15
-7.164904890128991e-15
-8.032298831710349e-15
-1.051759547064658e-14
-1.213852370554713e-14
-5.643840414192504e-15
-1.270023127098686e-15
2.931060047585836e-15
5.351874962223067e-15
2.03807665819001e-15
1.875772351844356e-15
2.266037340225436e-15
1.781484661467906e-15
3.873170231749489e-15
