-4.296005659571262e-13
-2.388706625442028e-13
-1.404302476149798e-13
-8.062039864328024e-14
-4.653056753064492e-14
-2.653353475738786e-14
-1.457301503600925e-14
-6.835097989765365e-15
-1.570730964652599e-15
2.413034521274409e-15
4.664175391324486e-15
6.357585210967767e-15
6.496053523405215e-15
6.138127438978823e-15
5.148243530663715e-15
3.745909850225671e-15
1.634050021901393e-15
-4.25498643679864e-16
-2.807212514312754e-15
-4.778042729008485e-15
-5.92814957175004e-15
-6.450674451790105e-15
-5.474006426644618e-15
-3.833626807369e-15
-2.209455293984273e-16
5.197500181905987e-15
1.374592709211112e-14
2.751450325753997e-14
4.518160063290263e-14
7.26596312214326e-14
1.107547771208673e-13
1.645326600204271e-13
2.400238559068743e-13
3.464198957853262e-13
4.91390803930004e-13
6.930478838313691e-13
9.69098754645443e-13
1.345147930209144e-12
1.856602543024777e-12
2.552725890853752e-12
3.493171898969189e-12
4.762638434200219e-12
6.471019501907208e-12
8.763565467183259e-12
1.183081994395137e-11
1.592313470899164e-11
2.136620526607717e-11
2.858523681610936e-11
3.813073401549667e-11
5.07154944919009e-11
6.725807109030961e-11
8.894265462605957e-11
1.172872778831397e-10
1.54233180860247e-10
2.022566543791154e-10
2.645065240270928e-10
3.449809799434149e-10
4.487348139181534e-10
5.821494769070302e-10
7.532560920402872e-10
9.72136631127375e-10
1.251412445897873e-09
1.606850927436026e-09
2.058093642666458e-09
2.62955419365948e-09
3.35149207639277e-09
4.26133764511704e-09
5.405270394927236e-09
6.840130967292574e-09
8.63572363764275e-09
1.087757409769226e-08
1.367022911163164e-08
1.71412053570982e-08
2.144568973219132e-08
2.677212822790122e-08
3.334886248110592e-08
4.145198591016033e-08
5.141462263352307e-08
6.363787151200738e-08
7.860368144334369e-08
9.688996735464059e-08
1.191883219469464e-07
1.463247276658591e-07
1.79283727560265e-07
2.192365721762993e-07
2.675739393219271e-07
3.259438860417894e-07
3.962957881629633e-07
4.809311086990392e-07
5.82561943953926e-07
7.043784047675844e-07
8.501260131696803e-07
1.024194431569557e-06
1.23171898020578e-06
1.478696557639849e-06
1.772117743573418e-06
2.120117040389106e-06
2.532143396710122e-06
3.019153356075645e-06
3.593829374660035e-06
4.270826067687248e-06
5.06704737256072e-06
6.001958016474589e-06
7.097933388773609e-06
8.38065157904173e-06
9.879531709594742e-06
1.16282231038981e-05
1.366515019704888e-05
1.603411840519157e-05
1.878498656522871e-05
2.197441186214292e-05
2.566667356733553e-05
2.993458224356346e-05
3.486048144935394e-05
4.053734932021205e-05
4.707000775416949e-05
5.457644725559078e-05
6.318927581171539e-05
7.305730043504594e-05
8.434725029819536e-05
9.724565055845507e-05
0.0001119608561677047
0.0001287252550438608
0.0001477976500568651
0.0001694658292118237
0.0001940493333269184
0.0002219024303040861
0.0002534173054382815
0.000289027478315485
0.0003292114538866297
0.0003744966150194096
0.0004254633634825931
0.0004827495155437428
0.0005470549572249544
0.00061914656308071
0.000699863380881726
0.0007901220829444919
0.0008909226829562895
0.001003354515143172
0.001128602472179435
0.001267953512741921
0.001422803439516238
0.001594663921327594
0.001785169728152196
0.00199608616997544
0.002229316732121717
0.002486910888404451
0.002771072061023304
0.003084165698512704
0.003428727438069826
0.0038074713192943
0.004223298010375814
0.004679303000192223
0.005178784712322663
0.005725252485577132
0.006322434367989055
0.006974284665150147
0.007684991175477759
0.008458982050431316
0.00930093220246221
0.01021576918919817
0.01120867849593662
0.0122851081293056
0.01345077244534944
0.01471165511612034
0.01607401114997459
0.01754436787456263
0.01912952478174061
0.0208365521512002
0.02267278834632415
0.02464583569446155
0.02676355485857405
0.02903405759748062
0.03146569783971785
0.03406706096684035
0.03684695123042324
0.03981437722368444
0.04297853531994027
0.0463487910306036
0.04993465819828211
0.05374577598144796
0.05779188358563936
0.06208279268763791
0.06662835755379927
0.0714384428084385
0.07652288886426492
0.0818914750254174
0.08755388026256712
0.0935196417305378
0.09979811104373408
0.1063984083966316
0.1133293746135281
0.1205995211970999
0.1282169785336824
0.1361894423423269
0.1445241185417115
0.1532276667031661
0.1623061422391455
0.1717649375817199
0.1816087225121347
0.1918413839030131
0.2024659651243919
0.2134846053401746
0.2248984790420865
0.2367077360452692
0.2489114422834942
0.2615075217229331
0.2744926996766328
0.2878624479334166
0.3016109319661056
0.3157309606095415
0.3302139385646203
0.3450498220308538
0.360227077912662
0.3757326468643752
0.3915519105744033
0.4076686636372275
0.4240650902869658
0.4407217464137955
0.4576175470831748
0.4747297599223346
0.4920340046629033
0.509504259028856
0.5271128713144941
0.5448305797709545
0.5626265390682726
0.5804683540067567
0.5983221205361048
0.6161524743023729
0.6339226466863042
0.6515945284456065
0.6691287409725055
0.6864847150599199
0.703620777235457
0.7204942434329138
0.7370615199265784
0.7532782113482763
0.7690992354853252
0.784478944724982
0.7993712537160385
0.81372977297574
0.8275079480666127
0.840659203858758
0.8531370935744611
0.864895451977564
0.8758885522055606
0.8860712656972362
0.8953992246629877
0.9038289867692575
0.9113182010841231
0.9178257741533731
0.9233120355737902
0.9277389035905111
0.93107005210145
0.9332710758239927
0.9343096477058196
0.93415566796467
0.932781411074403
0.9301616768138048
0.9262739377903767
0.9210984757148958
0.9146185056929701
0.9068202931039405
0.8976932649230547
0.8872301128002875
0.8754268860942563
0.862283074282938
0.8478016787167342
0.8319892735093316
0.814856054906423
0.7964158787032253
0.7766862853683687
0.7556885125767214
0.7334474950018565
0.7099918510889465
0.6853538567053907
0.6595694055883053
0.6326779565307746
0.6047224674015645
0.5757493160285135
0.5458082081262916
0.5149520724715927
0.4832369435571661
0.4507218320843727
0.4174685836262462
0.3835417259152911
0.3490083052291894
0.3139377123752173
0.2784014988731723
0.2424731839340842
0.2062280529164421
0.1697429479570121
0.1330960514989551
0.09636666350191885
0.05963497312488402
0.02298182571759543
-0.01351151403254415
-0.0497636019324808
-0.08569305620918861
-0.1212188006356947
-0.1562603079553765
-0.1907378427014275
-0.2245727025040111
-0.2576874569982057
-0.2900061834341633
-0.3214546981160692
-0.3519607828110777
-0.3814544052844384
-0.4098679331714432
-0.4371363403797759
-0.4631974052720938
-0.4879918999086591
-0.5114637696575766
-0.5335603025557958
-0.5542322877976821
-0.573434162813711
-0.5911241484341264
-0.6072643716590896
-0.6218209756518146
-0.6347642165760022
-0.6460685469929761
-0.6557126855731523
-0.6636796729145896
-0.6699569133643311
-0.6745362027306329
-0.6774137418739071
-0.6785901362063439
-0.6780703811700172
-0.6758638338615813
-0.6719841709621388
-0.6664493332215915
-0.6592814567878813
-0.6505067917117261
-0.6401556080431755
-0.6282620899134578
-0.6148642180763463
-0.6000036414159472
-0.5837255379561908
-0.5660784659723155
-0.5471142057890011
-0.5268875929145953
-0.5054563431699911
-0.4828808704770644
-0.4592240980194585
-0.4345512634807409
-0.4089297191035055
-0.382428727305103
-0.3551192525795341
-0.32707375044226
-0.2983659541547883
-0.2690706599812762
-0.239263511713249
-0.2090207851839954
-0.1784191734968032
-0.1475355736633329
-0.1164468753427893
-0.08522975234798143
-0.05396045756109043
-0.02271462188440299
0.008432942179894962
0.0394084317501299
0.070139239046906
0.1005541306265497
0.1305834198888405
0.1601591324129003
0.1892151637108374
0.2176874290235775
0.2455140048166241
0.2726352616766821
0.2989939883373788
0.3245355066081878
0.3492077770138906
0.3729614949793674
0.3957501774396268
0.4175302397868341
0.438261063116578
0.457905051760803
0.4764276811151898
0.4937975358181855
0.5099863383588902
0.5249689682330829
0.5387234717926004
0.5512310629600561
0.5624761150268858
0.5724461437430295
0.5811317819415494
0.5885267459695184
0.59462779422493
0.5994346781329699
0.6029500858717558
0.6051795791904357
0.6061315236788578
0.6058170128596909
0.6042497864980347
0.6014461435082026
0.5974248498595922
0.5922070418863857
0.585816125407291
0.5782776710791191
0.5696193063831482
0.5598706046577659
0.5490629715864159
0.5372295295422125
0.5244050001970482
0.5106255857840776
0.4959288494105978
0.4803535947995379
0.4639397458184125
0.4467282261581682
0.4287608395062091
0.4100801505540289
0.3907293671616843
0.3707522239847726
0.3501928678642875
0.329095745252257
0.3075054919410946
0.2854668253438507
0.2630244395508211
0.2402229033784549
0.2171065616129803
0.1937194396402626
0.1701051516249449
0.1463068123786228
0.1223669530491813
0.09832744075275923
0.07422940225399396
0.05011315177588407
0.02601812300280854
0.001982805331130464
-0.0219553155910513
-0.04575981301039085
-0.06939536989430971
-0.09282782544057781
-0.1160242172842044
-0.1389528194294037
-0.1615831759512073
-0.1838861305218433
-0.2058338518212796
-0.227399854902171
-0.2485590185914474
-0.2692875990241733
-0.2895632394104131
-0.3093649761392341
-0.328673241336046
-0.3474698619903605
-0.3657380557780169
-0.3834624237078287
-0.4006289397297773
-0.4172249374517411
-0.4332390940993671
-0.4486614118591903
-0.4634831967503419
-0.4776970351763429
-0.4912967683152583
-0.5042774644881212
-0.5166353896464084
-0.5283679761259289
-0.5394737898227956
-0.5499524959518769
-0.5598048235184681
-0.5690325286361397
-0.5776383568288004
-0.5856260044584345
-0.593000079418649
-0.5997660612177804
-0.605930260581569
-0.6114997786972403
-0.6164824662103002
-0.6208868820882213
-0.6247222524582574
-0.627998429525136
-0.6307258506685175
-0.6329154978179864
-0.6345788572075287
-0.6357278795818117
-0.6363749409246128
-0.6365328037842847
-0.6362145792760113
-0.635433689838464
-0.6342038327928667
-0.6325389447522081
-0.6304531669312128
-0.6279608114091754
-0.6250763283962257
-0.6218142745304414
-0.6181892822342278
-0.6142160301579077
-0.6099092147367455
-0.6052835228874645
-0.6003536058533778
-0.5951340542083362
-0.5896393740278255
-0.583883964232689
-0.5778820951115922
-0.571647888015699
-0.5651952962201237
-0.5585380869446831
-0.5516898245248824
-0.5446638547258491
-0.5374732901782701
-0.5301309969180671
-0.5226495820104192
-0.5150413822368103
-0.5073184538251786
-0.4994925631953135
-0.4915751786925263
-0.4835774632825769
-0.4755102681816379
-0.4673841273970086
-0.45920925314306
-0.4509955321004377
-0.4427525224870254
-0.4344894519085712
-0.4262152159592085
-0.4179383775363885
-0.4096671668366323
-0.4014094819994523
-0.3931728903680877
-0.3849646303382823
-0.3767916137581511
-0.3686604288441716
-0.3605773435818481
-0.352548309582816
-0.3445789663718892
-0.3366746460689597
-0.3288403784342636
-0.321080896248029
-0.3134006409965423
-0.3058037688382871
-0.2982941568220058
-0.2908754093304989
-0.2835508647250158
-0.2763236021664147
-0.269196448591922
-0.2621719858221046
-0.2552525577758748
-0.2484402777725867
-0.2417370359012796
-0.2351445064388106
-0.2286641552980068
-0.2222972474890662
-0.2160448545778789
-0.2099078621251075
-0.203886977091795
-0.1979827351977552
-0.192195508221944
-0.1865255112324122
-0.1809728097322485
-0.1755373267100866
-0.1702188495870511
-0.1650170370538644
-0.1599314257897335
-0.1549614370533552
-0.1501063831386316
-0.1453654736901016
-0.1407378218741845
-0.1362224504014158
-0.1318182973950924
-0.1275242221034994
-0.1233390104518329
-0.1192613804306718
-0.1152899873192513
-0.1114234287430775
-0.1076602495658513
-0.1039989466141195
-0.1004379732338845
-0.09697574367960528
-0.09361063733673568
-0.09034100277962236
-0.08716516166497439
-0.0840814124617687
-0.08108803401950813
-0.07818328897783204
-0.07536542702066903
-0.07263268797639322
-0.06998330476594959
-0.06741550620194027
-0.06492751964222165
-0.06251757350160081
-0.06018389962447467
-0.05792473552176721
-0.05573832647553949
-0.05362292751502611
-0.05157680526784654
-0.04959823968994707
-0.04768552567836273
-0.04583697457042141
-0.04405091553273155
-0.04232569684345032
-0.04065968707199325
-0.03905127616021113
-0.03749887640876679
-0.03600092337240283
-0.03455587666795557
-0.03316222069849591
-0.03181846529698037
-0.03052314629299992
-0.02927482600638165
-0.02807209367118256
-0.0269135657933169
-0.02579788644481647
-0.02472372749803736
-0.02368978880323966
-0.02269479831287326
-0.02173751215518298
-0.02081671465982914
-0.01993121833839886
-0.01907986382265859
-0.01826151976334725
-0.0174750826919804
-0.01671947684827784
-0.01599365397562429
-0.0152965930866882
-0.01462730020138224
-0.0139848080593996
-0.01336817580947802
-0.01277648867733405
-0.0122088576140988
-0.01166441892717598
-0.01114233389510447
-0.01064178836805539
-0.01016199235553735
-0.009702179603000115
-0.009261607158906454
-0.008839554933422559
-0.008435325249755028
-0.008048242389450977
-0.007677652132997631
-0.007322921296940931
-0.006983437268375159
-0.006658607537616573
-0.00634785922998826
-0.006050638637672133
-0.005766410752486668
-0.005494658800297205
-0.005234883777562513
-0.004986603990804733
-0.004749354599498668
-0.004522687163104754
-0.004306169192618381
-0.004099383707119071
-0.003901928795695357
-0.003713417185179917
-0.00353347581392681
-0.003361745412043005
-0.003197880088400182
-0.003041546924648277
-0.002892425576449595
-0.002750207882022427
-0.002614597478194795
-0.00248530942415073
-0.002362069832956164
-0.002244615510974933
-0.002132693605287675
-0.002026061259153689
-0.001924485275443241
-0.00182774178813739
-0.00173561594187805
-0.001647901579578944
-0.001564400938056145
-0.00148492435162069
-0.001409289963645448
-0.001337323445950543
-0.00126885772598162
-0.001203732721698209
-0.001141795084088476
-0.001082897947186087
-0.0010269006855055
-0.0009736686787750203
-0.0009230730838423305
-0.0008749906136552922
-0.000829303323152565
-0.0007858984019915139
-0.0007446679739349838
-0.0007055089028043308
-0.0006683226047949722
-0.0006330148670431772
-0.0005994956723122972
-0.0005676790296840939
-0.0005374828110687307
-0.0005088285934024574
-0.0004816415063937965
-0.0004558500856622629
-0.0004313861311624162
-0.0004081845706899841
-0.0003861833283892715
-0.0003653231981040831
-0.0003455477214260308
-0.0003268030702682723
-0.0003090379339267084
-0.0002922034104078332
-0.0002762529019942121
-0.0002611420147792612
-0.0002468284618940483
-0.000233271970564582
-0.0002204341931501437
-0.0002082786220192764
-0.0001967705075936035
-0.0001858767792072559
-0.0001755659690709183
-0.0001658081396900614
-0.0001565748144381458
-0.0001478389109954732
-0.000139574677416216
-0.0001317576308364971
-0.0001243644987910668
-0.000117373163008018
-0.0001107626056549545
-0.0001045128577940256
-9.860495013985254e-05
-9.302086589177839e-05
-8.774349562502254e-05
-8.275659417977201e-05
-7.804473942118314e-05
-7.359329284268436e-05
-6.938836188567213e-05
-6.541676398054754e-05
-6.166599215390171e-05
-5.812418222705318e-05
-5.478008147967921e-05
-5.162301872064384e-05
-4.864287576295194e-05
-4.583006018951079e-05
-4.317547935186622e-05
-4.067051561223299e-05
-3.830700270347379e-05
-3.607720320917493e-05
-3.397378708791312e-05
-3.198981123027732e-05
-3.011869994618182e-05
-2.835422641836516e-05
-2.669049500475957e-05
-2.512192440400493e-05
-2.364323162310999e-05
-2.224941672912481e-05
-2.093574831180349e-05
-1.969774968337799e-05
-1.853118574094874e-05
-1.743205044662122e-05
-1.639655495972886e-05
-1.542111632484071e-05
-1.45023467315064e-05
-1.363704330081417e-05
-1.282217839596624e-05
-1.205489039340296e-05
-1.133247493413734e-05
-1.065237659080814e-05
-1.001218099716417e-05
-9.409607328490305e-06
-8.842501196032879e-06
-8.308827885747237e-06
-7.80666594928989e-06
-7.334201128250711e-06
-6.889720575658302e-06
-6.471607388097603e-06
-6.078335414549567e-06
-5.708464335041406e-06
-5.360634996112008e-06
-5.033564993234919e-06
-4.726044474800468e-06
-4.436932176045455e-06
-4.165151654498117e-06
-3.909687722367758e-06
-3.669583075797686e-06
-3.443935097379417e-06
-3.23189282322713e-06
-3.032654087711581e-06
-2.845462803554308e-06
-2.669606406223294e-06
-2.504413405636438e-06
-2.349251095442961e-06
-2.203523388868131e-06
-2.066668737922144e-06
-1.938158214769905e-06
-1.817493658330494e-06
-1.704205938649019e-06
-1.597853303849368e-06
-1.49801984155691e-06
-1.404313990114855e-06
-1.316367169649684e-06
-1.233832464522411e-06
-1.156383375411753e-06
-1.083712659872259e-06
-1.01553121402309e-06
-9.515670444756774e-07
-8.915642814011682e-07
-8.352822257193423e-07
-7.824945024534517e-07
-7.329882002154577e-07
-6.865631174699751e-07
-6.430309962276896e-07
-6.022148504639927e-07
-5.639482888064712e-07
-5.280749129020706e-07
-4.944477092496524e-07
-4.629285258442944e-07
-4.333875307250945e-07
-4.057027234183103e-07
-3.797594933643779e-07
-3.554501576082235e-07
-3.326735644113236e-07
-3.113346981526919e-07
-2.913443311082064e-07
-2.72618658998044e-07
-2.550789949269261e-07
-2.386514557462599e-07
-2.232666693477781e-07
-2.08859509353667e-07
-1.953688484708652e-07
-1.827373101232747e-07
-1.709110508701269e-07
-1.598395346239324e-07
-1.494753415112694e-07
-1.397739815922842e-07
-1.306937099455918e-07
-1.221953700455049e-07
-1.14242230080838e-07
-1.067998347422245e-07
-9.98358766777359e-08
-9.332005131440074e-08
-8.722394523214672e-08
-8.152091415599373e-08
-7.61859841793806e-08
-7.119573590524046e-08
-6.652821537038809e-08
-6.216284929032171e-08
-5.808034856425855e-08
-5.426263029719002e-08
-5.069276621474726e-08
-4.735488164773737e-08
-4.423410424211001e-08
-4.131651076562134e-08
-3.858905120394948e-08
-3.603950375684273e-08
-3.365641648082633e-08
-3.142906214886131e-08
-2.934739694035649e-08
-2.740200476143393e-08
-2.558408253807433e-08
-2.388538870572936e-08
-2.229819842387635e-08
-2.081529493011618e-08
-1.942990920869255e-08
-1.813570685059859e-08
-1.692676033290489e-08
-1.579752170449309e-08
-1.47428005683404e-08
-1.375773500078703e-08
-1.283778214000658e-08
-1.197868785880748e-08
-1.117647658771291e-08
-1.042742410257071e-08
-9.728052918898676e-09
-9.075103685530451e-09
-8.465528027983414e-09
-7.896476633995483e-09
-7.365290336035948e-09
-6.869477274252431e-09
-6.406705057310756e-09
-5.974798106976134e-09
-5.571718603627509e-09
-5.195567380216239e-09
-4.844563433538784e-09
-4.517044357620374e-09
-4.211451709579809e-09
-3.926334914827871e-09
-3.66033498517793e-09
-3.412186299560866e-09
-3.180703600920312e-09
-2.96477632836275e-09
-2.76337538912356e-09
-2.575530971335322e-09
-2.400338325186605e-09
-2.236956180843263e-09
-2.08459324510436e-09
-1.942517547877127e-09
-1.810039656063855e-09
-1.686518207112307e-09
-1.571348548257794e-09
-1.463978346270421e-09
-1.363878623847215e-09
-1.270565874280726e-09
-1.183580325273603e-09
-1.102496833629735e-09
-1.026923641236544e-09
-9.564866502666624e-10
-8.908444569674005e-10
-8.296700203496805e-10
-7.726620737447581e-10
-7.195361328732907e-10
-6.700370415287409e-10
-6.23912273808246e-10
-5.809416436000591e-10
-5.409047456604126e-10
-5.036081060346107e-10
-4.688622039343265e-10
-4.364944908772468e-10
-4.063455629614769e-10
-3.782617562299468e-10
-3.521041161123942e-10
-3.277359042893316e-10
-3.050446458220097e-10
-2.839108936704382e-10
-2.642274070745182e-10
-2.459018415330703e-10
-2.288401700535218e-10
-2.12957215616018e-10
-1.981642983348649e-10
-1.843979475199787e-10
-1.715830863433954e-10
-1.596508805756886e-10
-1.485426229392729e-10
-1.381952585729547e-10
-1.285611268902634e-10
-1.195925990696103e-10
-1.112470318275761e-10
-1.034781731326982e-10
-9.625061032149763e-11
-8.952476632798054e-11
-8.327195322513408e-11
-7.74553902071654e-11
-7.203946118572026e-11
-6.700044723693884e-11
-6.231171819493851e-11
-5.794273478195598e-11
-5.387948785744813e-11
-5.00998447680447e-11
-4.658102635435412e-11
-4.331339444924876e-11
-4.026918085678739e-11
-3.743849091839204e-11
-3.480639588214826e-11
-3.23591837203973e-11
-3.008438647124109e-11
-2.796579818853693e-11
-2.59937902758805e-11
-2.416476727400354e-11
-2.246295056499849e-11
-2.088035469775149e-11
-1.940848212814601e-11
-1.803784456749624e-11
-1.676346495367813e-11
-1.557837386598597e-11
-1.447630187297931e-11
-1.345034448805366e-11
-1.249910672336479e-11
-1.161398574587736e-11
-1.079152867888789e-11
-1.002622798276882e-11
-9.318056478825421e-12
-8.660886148057124e-12
-8.048398487155438e-12
-7.480538332767695e-12
-6.949024240092432e-12
-6.45548083351984e-12
-5.993387930271739e-12
-5.563372463707761e-12
-5.166877559786062e-12
-4.796538318902013e-12
-4.451469458859352e-12
-4.136650939233565e-12
-3.848845789247882e-12
-3.578919149514204e-12
-3.325692951593738e-12
-3.090597082837434e-12
-2.868869678311462e-12
-2.66297971257551e-12
-2.472857302306085e-12
-2.295171183274076e-12
-2.130110375041185e-12
-1.973515924560797e-12
-1.828122005536797e-12
-1.697651544387477e-12
-1.578604926688461e-12
-1.46704220478821e-12
-1.362214546630552e-12
-1.26838248336152e-12
-1.182690907946917e-12
-1.099945556292233e-12
-1.02112929895236e-12
-9.431035215926489e-13
-8.70656922983588e-13
-8.07573164682853e-13
-7.484496789235169e-13
-6.970038480133691e-13
-6.473892477472737e-13
-6.003068528591334e-13
-5.578261446950843e-13
-5.203118377135321e-13
-4.837321214593503e-13
-4.474416000614833e-13
-4.158924803402541e-13
-3.835288728078966e-13
-3.558470830550033e-13
-3.283648677489882e-13
-3.038299410392059e-13
-2.819117943859884e-13
-2.637787116656797e-13
-2.478645969337479e-13
-2.327288229744516e-13
-2.158540726925732e-13
-2.024944808328259e-13
-1.834687179255993e-13
-1.69606062444448e-13
-1.561993474897482e-13
-1.430493660155343e-13
-1.30620514201081e-13
-1.170117594038657e-13
-1.095035854013088e-13
-1.045127657998664e-13
-9.939632350029229e-14
-9.603543323903169e-14
-9.119646170852595e-14
-8.483245988496136e-14
-8.021493016129253e-14
-7.30184483411609e-14
-6.300256080502195e-14
-5.753015506984403e-14
-5.593152571821772e-14
-4.810242195640315e-14
-4.185153161838944e-14
-3.864746831376268e-14
-3.895293742952856e-14
-3.800164357333072e-14
-3.366014772909334e-14
-3.320185708290565e-14
-3.031228954441062e-14
-2.681120820328486e-14
-2.603263529383321e-14
-2.474621899429562e-14
-2.38837650091273e-14
-2.376807347921772e-14
-2.116709665201523e-14
-2.124125053238048e-14
-1.869014908188583e-14
-1.683118191311829e-14
-1.139064509305511e-14
-9.066206583211648e-15
-9.817611533547251e-15
-6.922543133308462e-15
-9.547658344894866e-15
-9.494707076012482e-15
-8.03049504807483e-15
-5.526433238154033e-15
-7.108168445028303e-15
-5.62167861680883e-15
-8.767299858167055e-15
-1.18901906394832e-14
-1.232996234989265e-14
-1.048318090890632e-14
-8.204281822201789e-15
-3.175486243436328e-15
-3.86547715736889e-15
3.531848230586103e-17
3.156550985838344e-15
3.858634930710618e-15
3.81686145623809e-15
1.935043219315534e-16
-3.654137240422506e-15
-5.838155368242626e-15
-7.592306266015852e-15
-6.50244051387742e-15
-3.768170612026016e-15
-6.124717094660031e-15
-5.031823430067449e-15
-2.039704081816129e-15
-3.630292876039979e-15
1.044439276630771e-15
3.928998471686095e-15
4.876103646199765e-15
1.507646349359524e-15
-1.609782252998954e-15
-1.983799298480079e-15
-2.620833683625609e-15
-9.043563708700874e-16
