3.76206028225163e-13
2.222746083643499e-13
1.32823013249873e-13
7.961862415830723e-14
4.737819843568603e-14
2.795198306182671e-14
1.595188740161525e-14
8.519559934613574e-15
3.698109619940799e-15
7.868710639766147e-16
-1.843947681040388e-15
-3.491784437521934e-15
-5.341409231121398e-15
-6.491462906750436e-15
-8.180514224755066e-15
-9.700206207494107e-15
-1.14695445737309e-14
-1.33984227564817e-14
-1.561240553820523e-14
-1.85620082229952e-14
-2.263525210632714e-14
-2.788799866396468e-14
-3.58979288969799e-14
-4.746243548415435e-14
-6.493501624762648e-14
-9.093867436582646e-14
-1.28517176609058e-13
-1.839134379622816e-13
-2.64060030839285e-13
-3.777171309136392e-13
-5.375697394857337e-13
-7.629820706271526e-13
-1.074350692737777e-12
-1.504300886498849e-12
-2.093098846122783e-12
-2.897610063344586e-12
-3.99056482400581e-12
-5.468810191125205e-12
-7.462197356685601e-12
-1.014055546395214e-11
-1.372933176615741e-11
-1.852291032736282e-11
-2.490665445408597e-11
-3.338409037398396e-11
-4.460795450944001e-11
-5.942752547199518e-11
-7.893641362227948e-11
-1.045471096996036e-10
-1.380730169185487e-10
-1.818363402085399e-10
-2.38806148291108e-10
-3.127631420205242e-10
-4.085088817207314e-10
-5.321307965704477e-10
-6.913170413287112e-10
-8.95757071007409e-10
-1.157630579801447e-09
-1.492204929996682e-09
-1.918571521621545e-09
-2.460538726415124e-09
-3.147728740982957e-09
-4.016900526210617e-09
-5.113556771237749e-09
-6.493890181554096e-09
-8.227127380270636e-09
-1.039834752217876e-08
-1.311186907981979e-08
-1.649530309726911e-08
-2.070439790043502e-08
-2.592881119448364e-08
-3.239897825935084e-08
-4.039425626906815e-08
-5.025257533182547e-08
-6.23818338802115e-08
-7.727333649469901e-08
-9.551760032671834e-08
-1.178229162986347e-07
-1.450370811410529e-07
-1.781728157121603e-07
-2.184374117426774e-07
-2.672672493356943e-07
-3.263678996765921e-07
-3.977606410430161e-07
-4.838362719528583e-07
-5.874172781108204e-07
-7.118294882545278e-07
-8.609845107532139e-07
-1.03947438949899e-06
-1.252680072736017e-06
-1.506895473309291e-06
-1.809469081439045e-06
-2.168965294566621e-06
-2.595347859186307e-06
-3.100188022056228e-06
-3.696900270260858e-06
-4.401008765908551e-06
-5.230447866793593e-06
-6.205900386066641e-06
-7.351177540363495e-06
-8.693644815929258e-06
-1.026469825095356e-05
-1.210029596596315e-05
-1.424155044565749e-05
-1.673538846995341e-05
-1.963528447271204e-05
-2.300207359085392e-05
-2.690485137425269e-05
-3.142196751716713e-05
-3.664212137035567e-05
-4.266556741236088e-05
-4.960543920660628e-05
-5.758920075677629e-05
-6.676023452153697e-05
-7.72795756492354e-05
-8.932780229153494e-05
-0.0001031070920962677
-0.0001188434551614007
-0.0001367891538837281
-0.0001572253201740453
-0.0001804647805367812
-0.0002068550993569431
-0.0002367818505847668
-0.0002706721276369043
-0.0003089983009172944
-0.0003522820317480429
-0.0004010985507456317
-0.0004560812078542126
-0.0005179263014595729
-0.0005873981958471219
-0.0006653347297429569
-0.0007526529177518731
-0.0008503549456888505
-0.000959534458880342
-0.001081383140305694
-0.001217197572918373
-0.001368386377747316
-0.001536477616262498
-0.00172312644213914
-0.0019301229840912
-0.002159400441120786
-0.002413043399921445
-0.00269329636460516
-0.003002572437941266
-0.003343462085965458
-0.003718741961769359
-0.004131383768334385
-0.004584563120240789
-0.005081668342665392
-0.005626309152688131
-0.00622232516092228
-0.00687379413511132
-0.007585039958804966
-0.008360640207189867
-0.009205433269742243
-0.01012452493184607
-0.01112329433515411
-0.01220739922896062
-0.0133827804139222
-0.01465566529280306
-0.01603257042010313
-0.01752030295660389
-0.01912596092779807
-0.02085693217367966
-0.02272089189959816
-0.02472579870960014
-0.02687988902716814
-0.02919166980225271
-0.03166990939166653
-0.03432362653394289
-0.03716207730530445
-0.04019473997898904
-0.04343129770563626
-0.04688161892073689
-0.05055573543460201
-0.05446381811638754
-0.0586161501336134
-0.06302309770618861
-0.06769507832315863
-0.07264252643750453
-0.07787585659739328
-0.08340542403905869
-0.08924148276515412
-0.09539414112022908
-0.1018733149604314
-0.1086886784440119
-0.1158496125553416
-0.1233651514711093
-0.1312439268588884
-0.1394941103032807
-0.1481233539681229
-0.1571387297078608
-0.1665466668315276
-0.1763528886959858
-0.1865623484299729
-0.1971791639790089
-0.2082065527820524
-0.2196467663736094
-0.2315010251691727
-0.2437694538344018
-0.25645101749355
-0.2695434591665763
-0.2830432387976443
-0.2969454741915155
-0.3112438843316951
-0.3259307353683195
-0.3409967897105702
-0.3564312586174424
-0.3722217586166697
-0.388354272247898
-0.4048131134078756
-0.4215808977327892
-0.4386385183908225
-0.4559651275720732
-0.473538124138998
-0.4913331476457732
-0.5093240791012167
-0.5274830487668053
-0.5457804511704124
-0.5641849676956036
-0.5826635968320818
-0.6011816923484287
-0.619703009538463
-0.6381897595557652
-0.6566026720389146
-0.6749010659345696
-0.6930429286055753
-0.7109850031859904
-0.7286828839970775
-0.7460911200333062
-0.7631633262080486
-0.7798523022297101
-0.7961101588534213
-0.8118884511121699
-0.827138318331695
-0.8418106303899604
-0.8558561398724038
-0.869225639654165
-0.8818701253054434
-0.8937409619198424
-0.9047900546321282
-0.9149700222865947
-0.9242343736090292
-0.9325376851262667
-0.9398357802959166
-0.9460859089488501
-0.9512469263191021
-0.9552794709033186
-0.9581461404051193
-0.9598116652781172
-0.960243078726368
-0.9594098818699828
-0.9572842033501177
-0.9538409538724291
-0.9490579770345356
-0.9429161929799517
-0.9353997288687581
-0.9264960357702647
-0.9161959984967869
-0.9044940443523867
-0.8913882430617295
-0.8768803904089768
-0.8609760752205154
-0.8436847343749621
-0.8250196977125537
-0.8049982203953032
-0.7836415012263132
-0.7609746866418221
-0.7370268606020985
-0.7118310204518165
-0.6854240384342951
-0.6578466087799677
-0.6291431803890448
-0.5993618751887615
-0.5685543923872861
-0.5367758987586552
-0.5040849052578583
-0.4705431302990392
-0.4362153500667188
-0.4011692363603965
-0.3654751824408603
-0.3292061174702717
-0.2924373101651703
-0.2552461623157964
-0.2177119929176341
-0.1799158136558042
-0.1419400965638956
-0.1038685346957829
-0.06578579667565898
-0.02777727604318595
0.01007116368150316
0.04767344725452886
0.08494354832140183
0.1217957514043915
0.158144914274793
0.193906729711907
0.2289979856599547
0.2633368227991278
0.2968429885450473
0.3294380865283
0.3610458205953355
0.3915922324174297
0.4210059318151452
0.4492183189241187
0.4761637974005839
0.5017799778514884
0.5260078707479948
0.5487920681193416
0.570080913362361
0.5898266585997148
0.6079856089990399
0.6245182535628823
0.6393893819484716
0.6525681869216822
0.6640283521564853
0.6737481250849793
0.6817103746182753
0.6879026335992148
0.6923171258831377
0.694950778057428
0.6958052158154502
0.694886745107926
0.6922063182355861
0.6877794850869886
0.6816263298323221
0.6737713933709433
0.6642435819304831
0.6530760622515471
0.6403061438256715
0.625975148743289
0.6101282696901488
0.5928144167093954
0.5740860533744396
0.5539990230443824
0.5326123659383082
0.5099881277323397
0.4861911604419024
0.4612889163658546
0.4353512358787803
0.4084501298951124
0.3806595578007053
0.3520552016820137
0.3227142376723091
0.2927151052231186
0.2621372751250169
0.2310610170782666
0.1995671676190625
0.1677368991810018
0.135651491048878
0.1033921029552992
0.0710395520384387
0.03867409386246086
0.006375208169512048
-0.0257786099974676
-0.05771005319014363
-0.08934319789244172
-0.1206036937584968
-0.1514189452462665
-0.1817182851768458
-0.2114331397923251
-0.2404971849185783
-0.2688464928857376
-0.2964196698976522
-0.3231579835760221
-0.34900548045618
-0.373909093240255
-0.3978187376637643
-0.4206873988689084
-0.4424712072125634
-0.4631295034908489
-0.4826248935802979
-0.500923292550948
-0.5179939583347465
-0.5338095150537577
-0.5483459661613861
-0.5615826975752898
-0.5735024710319185
-0.584091407906003
-0.5933389637480558
-0.6012378938408361
-0.6077842100840137
-0.6129771295520178
-0.6168190150851467
-0.6193153082896535
-0.620474455360418
-0.6203078261127645
-0.6188296266360459
-0.6160568059989512
-0.6120089574522943
-0.6067082145960845
-0.6001791429386566
-0.5924486272975756
-0.5835457554956027
-0.573501698803689
-0.5623495895937296
-0.5501243966361288
-0.536862798486801
-0.5226030553986784
-0.5073848801824081
-0.4912493084450923
-0.4742385686020749
-0.4563959520590907
-0.4377656839472441
-0.4183927947761791
-0.3983229933656477
-0.377602541389749
-0.3562781298643583
-0.3343967578828435
-0.3120056138814532
-0.2891519597088085
-0.2658830177513804
-0.242245861354322
-0.2182873087549502
-0.1940538207259513
-0.1695914021122431
-0.1449455074194959
-0.1201609505998114
-0.0952818191588264
-0.07035139268866625
-0.0454120659174844
-0.02050527634999348
0.004328563443814071
0.02905012885606842
0.05362124156387573
0.07800492313802447
0.1021654439431483
0.1260683673537432
0.1496805893249543
0.1729703733641164
0.1959073809603712
0.2184626975451765
0.240608854074809
0.2623198443320721
0.2835711380434985
0.3043396899186535
0.3246039447342176
0.3443438386015091
0.3635407965547675
0.3821777265907793
0.4002390103013383
0.4177104902504777
0.4345794542589172
0.4508346167543563
0.4664660973423334
0.4814653967633479
0.4958253703947839
0.5095401994595674
0.5226053601052881
0.5350175905210918
0.546774856266208
0.5578763139614625
0.568322273497876
0.5781141589192158
0.5872544681383579
0.5957467316510854
0.6035954703839228
0.6108061528109382
0.6173851514795899
0.6233396990923961
0.628677844292815
0.6334084072665641
0.6375409352701475
0.6410856582031254
0.6440534443416983
0.6464557563482313
0.6483046076509287
0.6496125192936807
0.6503924773458916
0.6506578909496187
0.6504225510838387
0.6497005901173835
0.6485064422200386
0.6468548046944165
0.644760600288667
0.6422389405540511
0.6393050902803233
0.6359744330407308
0.6322624378830715
0.6281846272082053
0.6237565458752226
0.6189937315430646
0.6139116862591631
0.6085258493088262
0.6028515713412277
0.5969040897867449
0.5906985055583702
0.5842497610321017
0.5775726193015034
0.5706816447005333
0.5635911845898157
0.5563153523858213
0.5488680118150068
0.5412627623737299
0.5335129259735076
0.5256315347521245
0.5176313200210914
0.5095247023214811
0.5013237825596359
0.4930403341936715
0.4846857964443532
0.4762712684925364
0.4678075046289357
0.4593049103219974
0.4507735391688507
0.4422230906966781
0.4336629089756975
0.4251019820067556
0.4165489418475533
0.4080120654429377
0.3994992761275139
0.3910181457596346
0.3825758974502326
0.374179408850888
0.3658352159660611
0.3575495174571183
0.3493281794016294
0.3411767404740256
0.3331004175150215
0.3251041114590559
0.3171924135918969
0.3093696121042068
0.3016396989094493
0.2940063766977916
0.2864730662011217
0.2790429136459455
0.2717187983645963
0.2645033405387313
0.2573989090513468
0.2504076294251222
0.2435313918264383
0.2367718591133651
0.2301304749079583
0.2236084716743229
0.2172068787852866
0.2109265305629184
0.2047680742750993
0.1987319780731477
0.1928185388566705
0.1870278900529336
0.1813600092994669
0.1758147260183285
0.1703917288722774
0.1650905730936144
0.1599106876766671
0.1548513824264853
0.149911854856895
0.1450911969331885
0.1403884016538373
0.1358023694645018
0.1313319144995428
0.1269757706486412
0.1227325974475772
0.118600985790632
0.114579463461118
0.1106665004782479
0.1068605142603624
0.1031598746052251
0.09956290848753563
0.09606790467374633
0.09267311815570732
0.08937677440366752
0.08617707343987108
0.0830721937347048
0.08006029592839808
0.07713952638144746
0.07430802055573549
0.07156390622886577
0.06890530654495954
0.06633034290571145
0.06383713770573801
0.06142381691515876
0.05908851251263132
0.05682936477282478
0.0546445244128789
0.05253215460256089
0.05049043284139899
0.04851755270643462
0.04661172547481403
0.04477118162582851
0.04299417222679944
0.04127897020675522
0.03962387152198015
0.03802719621757014
0.03648728938924894
0.03500252204954224
0.03357129190236525
0.0321920240301484
0.03086317149745451
0.0295832158745361
0.02835066768461045
0.02716406677865556
0.02602198264167727
0.02492301463397642
0.02386579217081645
0.02284897484405637
0.0218712524888508
0.02093134519850102
0.02002800329057229
0.0191600072274703
0.01832616749454393
0.01752532443835889
0.01675634806776238
0.0160181378204097
0.01530962229746024
0.01462975896908413
0.01397753385288298
0.01335196116730227
0.01275208296228413
0.01217696872926311
0.01162571499258904
0.01109744488420904
0.01059130770349002
0.01010647846388414
0.00964215742796328
0.009197569632371722
0.008771964404173023
0.008364614870047206
0.007974817459709682
0.007601891404646145
0.007245178233472504
0.006904041264896785
0.006577865099305367
0.00626605510997377
0.005968036934860715
0.005683255969978656
0.005411176864951897
0.005151283021367076
0.004903076094659102
0.00466607550021732
0.004439817924438005
0.004223856841123016
0.004017762033567988
0.003821119122888705
0.003633529102934955
0.00345460788231615
0.003283985833737243
0.003121307350874338
0.002966230413079601
0.002818426158200845
0.002677578463640275
0.002543383535870782
0.002415549508475185
0.002293796048877078
0.00217785397377504
0.002067464873350435
0.001962380744325317
0.001862363631922132
0.001767185280713125
0.001676626794331503
0.001590478303972479
0.001508538645686904
0.001430615046381108
0.001356522818483946
0.001286085063159207
0.001219132382081237
0.001155502597547663
0.001095040480895609
0.001037597489015182
0.0009830315089296535
0.0009312066102627971
0.0008819928054898439
0.0008352658177905898
0.0007909068564249906
0.0007488023994039639
0.0007088439833440038
0.0006709280003619891
0.0006349555018336058
0.0006008320088705249
0.0005684673293526991
0.0005377753813314101
0.0005086740226952206
0.0004810848869096045
0.0004549332246445492
0.000430147751195525
0.0004066604994960094
0.000384406678576974
0.000363324537305474
0.0003433552332519209
0.0003244427065454177
0.0003065335585582952
0.0002895769352941851
0.0002735244152995074
0.0002583299019821891
0.000243949520170874
0.0002303415168035824
0.0002174661655834547
0.0002052856755158072
0.0001937641031251469
0.0001828672682971679
0.0001725626735660618
0.0001628194267565006
0.0001536081668731233
0.0001449009931110083
0.0001366713968376952
0.0001288941963833497
0.0001215454745962665
0.0001146025193010083
0.0001080437664244668
0.0001018487455224727
9.599802740759731e-05
9.047317406995306e-05
8.525669093468726e-05
8.033198136565968e-05
7.568330321263462e-05
7.129572720937825e-05
6.715509724392358e-05
6.324799244066009e-05
5.956169100328561e-05
5.608413568124457e-05
5.280390085501787e-05
4.971016108360152e-05
4.679266119660694e-05
4.404168771933509e-05
4.144804165225336e-05
3.900301255034309e-05
3.669835380053351e-05
3.452625908963815e-05
3.247933998839295e-05
3.055060461575273e-05
2.87334373104935e-05
2.702157931187439e-05
2.540911033999218e-05
2.389043111655488e-05
2.246024670774448e-05
2.111355068051202e-05
1.984561006342213e-05
1.865195103190148e-05
1.752834528653185e-05
1.647079716870693e-05
1.547553136474791e-05
1.453898122049804e-05
1.365777769309706e-05
1.282873881592346e-05
1.204885972214896e-05
1.131530315960698e-05
1.062539051182205e-05
9.976593228961657e-06
9.366524777498112e-06
8.792932915931965e-06
8.253692434625401e-06
7.746798249021394e-06
7.270358843549866e-06
6.822590062575512e-06
6.401809250414493e-06
6.006429650413812e-06
5.634955144688645e-06
5.285975238497513e-06
4.958160334610612e-06
4.650257243588952e-06
4.361084934661332e-06
4.089530522999478e-06
3.834545462011886e-06
3.595141928223433e-06
3.370389432865181e-06
3.159411591774776e-06
2.961383081474244e-06
2.775526744865677e-06
2.601110871601431e-06
2.437446623013108e-06
2.28388559178821e-06
2.139817494383156e-06
2.004668002189328e-06
1.877896685068036e-06
1.758995060669748e-06
1.647484767259235e-06
1.542915825075794e-06
1.444864999002728e-06
1.3529342518616e-06
1.266749284432565e-06
1.185958168272131e-06
1.11023003551969e-06
1.039253850485195e-06
9.727372519351084e-07
9.104054696165079e-07
8.520002831659604e-07
7.972790613298878e-07
7.460138370302441e-07
6.979904446274448e-07
6.530077117029561e-07
6.108766669097141e-07
5.71419851626203e-07
5.344706220951208e-07
4.998724922898839e-07
4.674785533894214e-07
4.371508737977502e-07
4.087599914355786e-07
3.821843887329782e-07
3.57310016327718e-07
3.340298550313832e-07
3.12243479384273e-07
2.918566703875024e-07
2.72781037861328e-07
2.54933670881385e-07
2.382367988626074e-07
2.226174875864593e-07
2.080073299999741e-07
1.943421852482795e-07
1.815619130919003e-07
1.696101343687662e-07
1.584340023606408e-07
1.47983973908488e-07
1.382136118671962e-07
1.290793985960965e-07
1.205405546114734e-07
1.12558865895101e-07
1.050985330674908e-07
9.812601817518758e-08
9.160990052367318e-08
8.552075482386838e-08
7.983101391553151e-08
7.451486205029468e-08
6.954812604624075e-08
6.49081785073587e-08
6.057381871499422e-08
5.652521274110457e-08
5.274379080448473e-08
4.921217178309348e-08
4.591407915865775e-08
4.283428586979439e-08
3.995854064890596e-08
3.727350139264002e-08
3.476669902182986e-08
3.242646084952765e-08
3.024186625518823e-08
2.820269844888253e-08
2.629940393989476e-08
2.452305342425769e-08
2.286529002154988e-08
2.131830211118704e-08
1.987478235600007e-08
1.852789338323064e-08
1.72712492646776e-08
1.609887429429636e-08
1.50051927620985e-08
1.398498894917451e-08
1.303338233964464e-08
1.214582003344518e-08
1.131804373005458e-08
1.054606895298642e-08
9.826185934954803e-09
9.154920670058703e-09
8.529026908422171e-09
7.945471482941187e-09
7.401427131400832e-09
6.894251722507186e-09
6.421469129790229e-09
5.980783653120333e-09
5.570032833813814e-09
5.187205832990999e-09
4.830432464865455e-09
4.497950141559492e-09
4.188129568484443e-09
3.899436334094475e-09
3.630450382779535e-09
3.379838782529493e-09
3.146359575274764e-09
2.928854464754419e-09
2.726242544926769e-09
2.537513650331159e-09
2.361727548721311e-09
2.198008377784339e-09
2.045534331109688e-09
1.903542071684512e-09
1.771315042931652e-09
1.64819169035763e-09
1.533550296328497e-09
1.426812775764434e-09
1.327434435705269e-09
1.23491319246386e-09
1.148787706806248e-09
1.068616088657091e-09
9.939870638930802e-10
9.245254199770283e-10
8.598752705854997e-10
7.997091813315656e-10
7.437202352425568e-10
6.916221537578332e-10
6.43146073573009e-10
5.980377735758391e-10
5.560666362693715e-10
5.170155758529167e-10
4.806831847696687e-10
4.468806036247782e-10
4.154367972921311e-10
3.861907097932228e-10
3.589812380900016e-10
3.336751685991473e-10
3.101400974607592e-10
2.882554003265153e-10
2.679068721291984e-10
2.489784437875686e-10
2.313855710924523e-10
2.150209210320564e-10
1.998052267175434e-10
1.85656568206339e-10
1.725021889729019e-10
1.602711202571139e-10
1.489001316653461e-10
1.383295506180018e-10
1.285056302443907e-10
1.193767543925402e-10
1.108929752677164e-10
1.030076451566749e-10
9.568050879578483e-11
8.887083875978472e-11
8.253963036778153e-11
7.665601458037354e-11
7.118658997496146e-11
6.610732925224381e-11
6.138572821045566e-11
5.700011544826521e-11
5.292731919699074e-11
4.914427507203368e-11
4.56286732293706e-11
4.236393310829215e-11
3.933319525255992e-11
3.651553503230781e-11
3.38986322568166e-11
3.147057862133563e-11
2.921421205991248e-11
2.71194249231495e-11
2.516859905109739e-11
2.335493742971115e-11
2.167239921489409e-11
2.011362469671377e-11
1.866729356486802e-11
1.732393081427346e-11
1.607622926709943e-11
1.492008338943503e-11
1.384573430353604e-11
1.284930054110763e-11
1.192421846681558e-11
1.106635985572614e-11
1.026607876948534e-11
9.52471252593012e-12
8.834788506464947e-12
8.195680955206373e-12
7.600562470704355e-12
7.047544847220972e-12
6.533976793071806e-12
6.060280704342787e-12
5.621522363218524e-12
5.215587251424955e-12
4.834593560446274e-12
4.484717266857759e-12
4.16372460626607e-12
3.864771875216412e-12
3.590474413128279e-12
3.330891722822116e-12
3.090649431693029e-12
2.864172821039317e-12
2.653042313134925e-12
2.456769337569687e-12
2.268840804438445e-12
2.093205385620159e-12
1.937911181717791e-12
1.799811080321529e-12
1.673087801455348e-12
1.556460549385832e-12
1.451055801512101e-12
1.349333866671415e-12
1.254744475806587e-12
1.164798980533795e-12
1.080113155074717e-12
9.956100263975425e-13
9.199712345809502e-13
8.461276186897756e-13
7.793489300983925e-13
7.19884440185674e-13
6.652840102043706e-13
6.171954114713888e-13
5.728916398765312e-13
5.331857641720518e-13
4.971330994878246e-13
4.632302645609189e-13
4.358047404177554e-13
4.044140111341057e-13
3.759085684907722e-13
3.508017544231462e-13
3.229503348594055e-13
2.971664403514828e-13
2.743534715481775e-13
2.494945366104456e-13
2.284751721900909e-13
2.06289901592192e-13
1.867743134593039e-13
1.706279555778044e-13
1.599694754080134e-13
1.52707624787769e-13
1.480520851315324e-13
1.407863258401981e-13
1.348832350659301e-13
1.299959348164192e-13
1.243635346462446e-13
1.121173676571818e-13
9.831479748667169e-14
8.668520153552158e-14
7.525567315787581e-14
6.5682697629062e-14
5.889317023268354e-14
5.167487818910642e-14
4.780999539157182e-14
4.618563723834104e-14
4.607497582066092e-14
4.588746240318885e-14
4.596469612582159e-14
4.583830750248507e-14
4.665498893507917e-14
4.378455112507578e-14
4.248031029807482e-14
3.536477216831671e-14
3.238331277651215e-14
2.967777256653046e-14
2.313845510183799e-14
1.563904286511127e-14
9.08595173651289e-15
3.948735760794003e-15
3.749403409735905e-15
6.436764707761337e-15
1.112359483285119e-14
1.287196783583192e-14
1.572361189199503e-14
2.232104458974011e-14
2.199858288826833e-14
2.246115124541142e-14
1.801270868506582e-14
1.689324716842533e-14
1.485294026822184e-14
1.12171973190838e-14
3.610591769158968e-15
-3.942546367948392e-15
-1.337281948044936e-14
-1.485437787030109e-14
-1.193657266041956e-14
-6.086544857974613e-15
3.636541248386169e-15
1.335960914987999e-14
2.108292589305175e-14
2.483552307737969e-14
2.303906248207133e-14
1.21607648113123e-14
5.8281199371363e-15
6.690438735911504e-16
-4.446353713072939e-15
-9.523418664466379e-15
-1.171238974594809e-14
-1.282234785876084e-14
-9.708353925659823e-15
-4.813806731244337e-15
1.029082654353041e-15
9.431149362686881e-15
1.193894166454119e-14
1.103565554545861e-14
1.184362782977985e-14
9.342083974740628e-15
5.220403094937198e-15
-9.410779294295637e-16
-4.906164934243691e-15
-7.511003757449453e-15
-6.995713204684959e-15
-1.606227839972898e-15
-2.385336012151819e-15
2.667061855288565e-15
4.724052930375958e-15
1.784570115908218e-15
4.195650481377555e-16
4.830762204523246e-16
-8.291588662680498e-17
-3.017224054767761e-15
-3.583363596148354e-15
-3.11189851896184e-16
2.084384467909669e-15
5.539106452600802e-15
6.870577005098127e-15
6.452488433347242e-15
2.377392249714273e-15
