-3.249890706754452e-12
-2.040658874065544e-12
-1.294729431695183e-12
-8.24078449129769e-13
-5.271654765972782e-13
-3.37843200639984e-13
-2.160972923267803e-13
-1.361191210131449e-13
-8.227814355742608e-14
-4.326942712386203e-14
-1.306115440603712e-14
1.435407691557975e-14
4.405856280093957e-14
7.956332719810392e-14
1.265860594670054e-13
1.92690800756066e-13
2.849970866876336e-13
4.1692556472448e-13
6.021234709938528e-13
8.617153373043871e-13
1.22652527984982e-12
1.732132222974205e-12
2.431622320243609e-12
3.395280556459622e-12
4.716484770303469e-12
6.521981328848491e-12
8.979273561055298e-12
1.230930984266094e-11
1.680914256056994e-11
2.286673319841274e-11
3.099606041582537e-11
4.186604870822224e-11
5.635443057537824e-11
7.560209028695982e-11
1.010896796473593e-10
1.347340135628009e-10
1.790063016715683e-10
2.370876973824957e-10
3.130553160606359e-10
4.121298928264662e-10
5.40963658891709e-10
7.080268325628764e-10
9.240628826063011e-10
1.202669027712224e-09
1.561010928816411e-09
2.020695536572768e-09
2.608861489571827e-09
3.35949840034352e-09
4.31507461927333e-09
5.528512539085987e-09
7.065593132679733e-09
9.007870158420203e-09
1.145619164513884e-08
1.453495204935574e-08
1.839721618728158e-08
2.323086620859686e-08
2.926597324863874e-08
3.67835934182711e-08
4.612625726647157e-08
5.771044447193373e-08
7.204137193240677e-08
8.973049666743849e-08
1.115161833817083e-07
1.382880429130767e-07
1.711155326014227e-07
2.112814972083109e-07
2.603213973193243e-07
3.200691133411256e-07
3.927102865737807e-07
4.808443193195549e-07
5.875562764643196e-07
7.165001111358499e-07
8.719947608979337e-07
1.059134927286592e-06
1.283918466627959e-06
1.553392633735564e-06
1.875821601306111e-06
2.260877976536164e-06
2.719861304246538e-06
3.265946862170488e-06
3.914468410026282e-06
4.683238890203206e-06
5.592913466545806e-06
6.667399692121784e-06
7.934320032381606e-06
9.425532396085912e-06
1.117771483016591e-05
1.323302099063331e-05
1.563981352463362e-05
1.845348298959571e-05
2.173736047951634e-05
2.55637326081942e-05
3.00149680355779e-05
3.518476517574329e-05
4.117953120382381e-05
4.811990286579191e-05
5.614241993776447e-05
6.540136244748369e-05
7.607076291690131e-05
8.834660490158204e-05
0.000102449218988917
0.0001186258873803074
0.000137153671841756
0.0001583424894838339
0.0001825384453800005
0.0002101274324827633
0.0002415390118700758
0.0002772505862727894
0.0003177918794226172
0.0003637497331832629
0.0004157732336967188
0.0004745791768508678
0.0005409578822633221
0.0006157793636363765
0.000699999861812785
0.00079466874500534
0.0009009357786967573
0.001020058765275981
0.001153411550928473
0.001302492394310902
0.001468932688279239
0.001654506022354515
0.001861137569608499
0.002090913777320693
0.002346092336037716
0.002629112396535596
0.002942604999268507
0.003289403683521706
0.003672555256405021
0.004095330661115444
0.00456123588242332
0.005074022826998417
0.005637700109908232
0.006256543671513808
0.006935107141669497
0.007678231860467047
0.008491056456852421
0.009379025878410817
0.01034789975864722
0.01140376001934769
0.01255301776810271
0.01380241944809125
0.01515905194310207
0.01663034633433287
0.01822408025716252
0.01994837883801227
0.02181171410382766
0.0238229026718955
0.02599110158390499
0.0283258021371009
0.03083682160496145
0.03353429272178291
0.03642865077918319
0.03953061824090312
0.04285118672833532
0.04640159628757141
0.05019331183969349
0.05423799669424538
0.05854748308568334
0.0631337396210909
0.06800883560911698
0.07318490223246765
0.07867409050275784
0.08448852604345983
0.09064026065559171
0.09714122072900773
0.1040031525536228
0.1112375645563987
0.1188556666260287
0.1268683065724474
0.135285903904083
0.1441183810931853
0.1533750924637181
0.1630647510040333
0.1731953532561299
0.1837741025948952
0.1948073311923207
0.2063004209175406
0.2182577236206779
0.2306824810520893
0.243576744856313
0.2569412970495391
0.2707755713281978
0.2850775757771695
0.2998438173065793
0.3150692283598684
0.3307470963819965
0.3468689964459785
0.3634247276790706
0.3804022538464752
0.3977876486835351
0.4155650464860462
0.4337165983484517
0.4522224347024935
0.4710606344693907
0.4902072013843126
0.5096360479459958
0.5293189873013799
0.5492257336518813
0.5693239113658557
0.5895790732351953
0.6099547281884606
0.6304123786136002
0.6509115677300371
0.6714099369860247
0.6918632937224776
0.7122256891995788
0.7324495069024707
0.7524855613322342
0.7722832069998024
0.7917904576164295
0.8109541153084239
0.8297199094870209
0.84803264530528
0.8658363611271996
0.8830744947237822
0.8996900577348536
0.9156258177295639
0.9308244875022557
0.9452289207605961
0.9587823136665874
0.971428411505752
0.983111719552155
0.9937777175158299
1.003373076509094
1.011845877779713
1.019145832289799
1.025224500038449
1.03003550835422
1.033534767962317
1.03568068594484
1.036434374582346
1.035759854934892
1.033624254348962
1.029997996686057
1.024854984389467
1.018172771418149
1.009932725988044
1.000120182382903
0.9887245807758007
0.975739594315769
0.9611632426859242
0.9449979913052039
0.9272508356619805
0.9079333699676402
0.8870618395928866
0.8646571767984752
0.8407450193653168
0.8153557120338208
0.7885242901374178
0.760290444827232
0.7306984698959063
0.6997971912139709
0.6676398802765519
0.6342841496703264
0.5997918270758023
0.5642288090596256
0.5276649001949169
0.4901736414769515
0.4518321232575163
0.412720779429294
0.3729231644290503
0.3325257169326258
0.2916175119688874
0.2502900011257951
0.2086367413059418
0.1667531131371665
0.1247360303118097
0.0826836410226857
0.0406950225779872
-0.001130129617985713
-0.04269181748987617
-0.08389005886932453
-0.1246252079638272
-0.1647982764433163
-0.2043112538645393
-0.2430674261555288
-0.2809716908778084
-0.3179308680245574
-0.3538540050960642
-0.3886526752480151
-0.4222412673302711
-0.4545372666478341
-0.4854615253651248
-0.5149385214633206
-0.5428966052655947
-0.569268232580369
-0.5939901835377753
-0.6170037663222614
-0.6382550050047311
-0.6576948108165404
-0.6752791362502577
-0.6909691114071252
-0.7047311621631481
-0.7165371097298988
-0.726364251338064
-0.7341954218216221
-0.7400190359274019
-0.7438291113348424
-0.745625272359308
-0.7454127344626174
-0.7432022697500416
-0.7390101536874202
-0.732858093418965
-0.724773138040154
-0.7147875713148479
-0.7029387873790262
-0.6892691500252109
-0.6738258362837978
-0.6566606649741605
-0.6378299110124455
-0.6173941063011313
-0.5954178280570573
-0.5719694755221864
-0.5471210359684041
-0.5209478409922416
-0.4935283140991969
-0.4649437105793416
-0.4352778507353391
-0.4046168474925921
-0.3730488294635697
-0.3406636605254886
-0.3075526569591727
-0.2738083032173594
-0.2395239673431739
-0.2047936170698718
-0.1697115376053451
-0.1343720520774527
-0.09886924560241543
-0.06329669388912439
-0.02774719727134008
0.007687478980303324
0.04291685725483125
0.07785199233694781
0.1124057075612783
0.1464928217068926
0.1800303660034057
0.2129377906680813
0.24513716045329
0.2765533387256142
0.3071141596610801
0.3367505881918951
0.3653968673840343
0.3929906529932866
0.4194731349875823
0.4447891458958954
0.4688872558878312
0.491719854525286
0.5132432192008503
0.5334175703053025
0.5522071132370062
0.569580067402345
0.5855086823876782
0.5999692415514599
0.6129420532977277
0.6244114303551915
0.6343656574119489
0.6427969474772391
0.6497013873994644
0.6550788729681971
0.6589330340818413
0.6612711504733465
0.6621040584929486
0.66144604949315
0.6593147603474935
0.6557310566710319
0.6507189093125495
0.6443052646888143
0.6365199095608682
0.6273953308222604
0.6169665708984944
0.6052710793415614
0.5923485611837905
0.5782408226308795
0.5629916146579771
0.5466464750846127
0.5292525696726967
0.5108585327624371
0.491514307970176
0.471270989441016
0.4501806641446865
0.4282962556788536
0.4056713700224587
0.3823601436750352
0.3584170945663963
0.3338969761108142
0.3088546347622892
0.2833448714071075
0.2574223069110887
0.2311412520907646
0.2045555823653585
0.1777186173232872
0.1506830054120511
0.1235006139397442
0.09622242454373391
0.06889843426386526
0.04157756233281348
0.01430756277297343
-0.01286505713212663
-0.03989511244868444
-0.06673881026142967
-0.09335381339666746
-0.1196992982150167
-0.1457360065090698
-0.1714262915580297
-0.196734158411505
-0.2216252984901004
-0.2460671186011753
-0.2700287644857574
-0.2934811390233497
-0.3163969152374945
-0.3387505442546749
-0.3605182583771219
-0.3816780694464156
-0.402209762673447
-0.4220948861263938
-0.4413167360709279
-0.4598603383537344
-0.4777124260298523
-0.4948614134427016
-0.5112973669832169
-0.5270119727420552
-0.5419985012489782
-0.5562517695036159
-0.5697681005164447
-0.5825452805928001
-0.5945825145713928
-0.6058803792029266
-0.6164407748633902
-0.626266875810266
-0.6353630792020722
-0.6437349530745553
-0.651389183435615
-0.6583335206492158
-0.664576725293432
-0.6701285136859234
-0.6749995032409497
-0.6792011577920367
-0.68274573302331
-0.6856462221569984
-0.6879163020473392
-0.6895702798094762
-0.6906230400945563
-0.6910899931302356
-0.6909870236252248
-0.6903304406339699
-0.6891369284729082
-0.6874234987774402
-0.6852074437905095
-0.6825062909377082
-0.6793377587447235
-0.6757197141528966
-0.6716701312885615
-0.667207051742381
-0.6623485463800695
-0.6571126787041449
-0.6515174697911742
-0.6455808648348096
-0.6393207013247194
-0.6327546788510433
-0.6259003305266221
-0.6187749960250125
-0.6113957962340062
-0.6037796095214625
-0.5959430495916526
-0.5879024449176814
-0.5796738197270421
-0.5712728765083971
-0.5627149800119878
-0.5540151427110975
-0.545188011692227
-0.5362478569383541
-0.5272085609697085
-0.5180836098119201
-0.5088860852385551
-0.4996286582371844
-0.4903235836555129
-0.4809826959903634
-0.4716174062830684
-0.4622387000645692
-0.4528571362976826
-0.4434828472697052
-0.4341255393927296
-0.4247944948708137
-0.4154985741799224
-0.4062462193112534
-0.3970454577316682
-0.3879039070171024
-0.3788287801178333
-0.3698268912065741
-0.360904662064731
-0.3520681289641123
-0.3433229500028001
-0.3346744128572607
-0.326127442908016
-0.317686611700141
-0.3093561457014086
-0.3011399353227748
-0.2930415441695239
-0.2850642184863391
-0.2772108967637269
-0.2694842194751602
-0.2618865389155364
-0.2544199291145987
-0.2470861957969896
-0.2398868863631692
-0.23282329986754
-0.2258964969723039
-0.2191073098582452
-0.2124563520698599
-0.2059440282758073
-0.1995705439273441
-0.1933359147986961
-0.1872399763956676
-0.1812823932175182
-0.1754626678592578
-0.1697801499430858
-0.1642340448693564
-0.1588234223793457
-0.1535472249196471
-0.1484042757998425
-0.1433932871372106
-0.1385128675844247
-0.1337615298373139
-0.1291376979169522
-0.1246397142224051
-0.1202658463519217
-0.1160142936912106
-0.111883193768393
-0.1078706283748571
-0.1039746294523284
-0.1001931847470341
-0.09652424323254058
-0.09296572030393838
-0.08951550274464741
-0.08617145346844578
-0.08293141603969717
-0.07979321897525526
-0.0767546798320287
-0.0738136090839646
-0.07096781379285734
-0.06821510107748004
-0.06555328138553165
-0.06298017157331037
-0.06049359779819773
-0.05809139822967262
-0.05577142558396108
-0.05353154948699401
-0.05136965867065651
-0.04928366300839614
-0.04727149539628926
-0.04533111348507
-0.04346050126786384
-0.04165767052897808
-0.03992066215947684
-0.03824754734538131
-0.03663642863380703
-0.03508544088225422
-0.03359275209641924
-0.03215656416148387
-0.03077511347175717
-0.02944667146372031
-0.02816954505761723
-0.0269420770126107
-0.02576264619987812
-0.02462966779812301
-0.02354159341586381
-0.02249691114507106
-0.02149414555048296
-0.02053185759842185
-0.01960864452888717
-0.01872313967475364
-0.01787401223196223
-0.01705996698447362
-0.01627974398708668
-0.01553211820931478
-0.01481589914343133
-0.01412993037987989
-0.01347308915299136
-0.01284428585972851
-0.01224246355400361
-0.01166659741919146
-0.01111569422117229
-0.01058879174426358
-0.01008495821220022
-0.009603291696234334
-0.009142919512348833
-0.008702997609248858
-0.008282709948935579
-0.007881267881448453
-0.007497909515469365
-0.007131899086155969
-0.006782526321626943
-0.006449105809294709
-0.00613097636329692
-0.00582750039395018
-0.005538063280372143
-0.005262072747179498
-0.004998958246200258
-0.004748170343971314
-0.004509180115664887
-0.004281478546176156
-0.004064575939003979
-0.003858001333534898
-0.003661301931167448
-0.003474042530639286
-0.003295804973023993
-0.003126187596712131
-0.002964804702743548
-0.002811286030687098
-0.002665276245368518
-0.002526434434579791
-0.002394433617915091
-0.002268960266821139
-0.002149713835986784
-0.002036406306149984
-0.001928761738268193
-0.001826515839190971
-0.001729415538670645
-0.001637218577772823
-0.001549693108536204
-0.001466617304900884
-0.001387778984715623
-0.001312975242821698
-0.001242012095055524
-0.001174704132933625
-0.001110874188963891
-0.001050353012386108
-0.0009929789552447859
-0.0009385976685592777
-0.0008870618083837766
-0.0008382307515913787
-0.0007919703212188686
-0.0007481525211283023
-0.0007066552798186799
-0.0006673622031677255
-0.0006301623358343319
-0.0005949499312307314
-0.0005616242297494954
-0.0005300892450875341
-0.0005002535584666968
-0.0004720301204528554
-0.0004453360602663934
-0.0004200925022767648
-0.0003962243895729308
-0.0003736603143255861
-0.0003523323547800826
-0.0003321759186402336
-0.0003131295926966815
-0.0002951349984403056
-0.0002781366535081576
-0.0002620818387565219
-0.0002469204707803406
-0.00023260497970811
-0.0002190901920555646
-0.0002063332185243612
-0.0001942933464794648
-0.0001829319370481467
-0.0001722123265724063
-0.0001620997323515415
-0.0001525611624278883
-0.0001435653293405629
-0.0001350825676500935
-0.0001270847551143522
-0.0001195452373574
-0.0001124387559257409
-0.0001057413795526159
-9.943043855867374e-05
-9.34844622193105e-05
-8.788311901668642e-05
-8.260715962015787e-05
-7.763836251241685e-05
-7.295948214142188e-05
-6.855419951176568e-05
-6.440707508013483e-05
-6.050350387905298e-05
-5.682967277375754e-05
-5.337251976110439e-05
-5.011969520910287e-05
-4.705952496511436e-05
-4.418097526574909e-05
-4.147361932489432e-05
-3.892760558501056e-05
-3.653362749190537e-05
-3.42828947890557e-05
-3.216710620864417e-05
-3.017842353425394e-05
-2.830944696667054e-05
-2.655319168199095e-05
-2.490306563713285e-05
-2.335284842559269e-05
-2.189667127746165e-05
-2.052899802269685e-05
-1.924460702535338e-05
-1.803857407576881e-05
-1.690625613762454e-05
-1.58432760108334e-05
-1.484550773599274e-05
-1.390906274014005e-05
-1.303027669223207e-05
-1.22056970871532e-05
-1.143207147353595e-05
-1.070633633467499e-05
-1.002560651310549e-05
-9.387165235541966e-06
-8.788454652729273e-06
-8.227066858231392e-06
-7.700735448263922e-06
-7.207327493019558e-06
-6.744835966403178e-06
-6.311372574987292e-06
-5.905160970879618e-06
-5.524530353231303e-06
-5.167909412735999e-06
-4.833820611366305e-06
-4.520874765885786e-06
-4.22776594639417e-06
-3.953266650869634e-06
-3.69622324610098e-06
-3.455551658637844e-06
-3.230233328071898e-06
-3.01931137577217e-06
-2.82188697466171e-06
-2.637115937641895e-06
-2.464205506138717e-06
-2.302411302694442e-06
-2.151034476237063e-06
-2.00941899230904e-06
-1.876949096669645e-06
-1.753046905216087e-06
-1.637170151340156e-06
-1.528810045189751e-06
-1.42748927335891e-06
-1.332760099616937e-06
-1.24420258732482e-06
-1.161422918744322e-06
-1.084051823873049e-06
-1.011743074432957e-06
-9.441720926788985e-07
-8.810346438940143e-07
-8.220455834449609e-07
-7.669376940222652e-07
-7.154605917201204e-07
-6.673796834750078e-07
-6.22475199108049e-07
-5.805412811609796e-07
-5.413851266489438e-07
-5.048261822487189e-07
-4.706953784138833e-07
-4.3883441902228e-07
-4.090951170400893e-07
-3.813387531686912e-07
-3.5543548934491e-07
-3.312638281156091e-07
-3.087100737636657e-07
-2.876678325923359e-07
-2.680375840942584e-07
-2.497262173570432e-07
-2.326466591914927e-07
-2.167174497877197e-07
-2.018624366842236e-07
-1.880103947680125e-07
-1.750947412363765e-07
-1.6305322439931e-07
-1.518276588590908e-07
-1.41363663448907e-07
-1.316104079974825e-07
-1.225203978951411e-07
-1.140492456044594e-07
-1.061554943079598e-07
-9.880040880370837e-08
-9.194780458965289e-08
-8.556387971861583e-08
-7.961707847093811e-08
-7.407792894885045e-08
-6.891891078641425e-08
-6.411433191146547e-08
-5.964020334423242e-08
-5.547413847963269e-08
-5.159523404458191e-08
-4.798399256751221e-08
-4.462221037574672e-08
-4.149290457200478e-08
-3.85802294510436e-08
-3.586940476598108e-08
-3.33466382832258e-08
-3.099906704193281e-08
-2.881468937812786e-08
-2.678232588766955e-08
-2.489153595921469e-08
-2.313259801237415e-08
-2.149643443042686e-08
-1.997459743817756e-08
-1.855920441013693e-08
-1.724291125030546e-08
-1.601886326412776e-08
-1.488068371175513e-08
-1.382242632754739e-08
-1.283855409344805e-08
-1.19239055784465e-08
-1.107367477877863e-08
-1.028338017885241e-08
-9.548852257173074e-09
-8.866197376803592e-09
-8.231801129995683e-09
-7.642293008076945e-09
-7.094538923559399e-09
-6.585612696129321e-09
-6.112796970518616e-09
-5.673561949964379e-09
-5.265549898881367e-09
-4.886565185871912e-09
-4.534566149402835e-09
-4.207653747620158e-09
-3.904064138415118e-09
-3.622154955235922e-09
-3.360394917317464e-09
-3.117358653070264e-09
-2.891723031693558e-09
-2.682258260473043e-09
-2.487813304328269e-09
-2.307319099130689e-09
-2.139789715650615e-09
-1.984302403278171e-09
-1.840000262600088e-09
-1.706091183738426e-09
-1.581830010067732e-09
-1.466534554223374e-09
-1.359564724660264e-09
-1.260321794828223e-09
-1.16825677514965e-09
-1.082857592283294e-09
-1.003644313749489e-09
-9.301727637147731e-10
-8.620301830512867e-10
-7.988325783592555e-10
-7.402284082264725e-10
-6.858837549800031e-10
-6.354879943607416e-10
-5.887622077284756e-10
-5.454441020588215e-10
-5.052822878650928e-10
-4.680547171808399e-10
-4.335453292729862e-10
-4.015558932278002e-10
-3.719079372755173e-10
-3.444267463156264e-10
-3.189679287076606e-10
-2.953765728678506e-10
-2.735155047011866e-10
-2.532586564027516e-10
-2.344901081728648e-10
-2.171003379252941e-10
-2.009888485609174e-10
-1.860645307250452e-10
-1.722360706491645e-10
-1.594255250386621e-10
-1.475564868643684e-10
-1.365636071748616e-10
-1.263834281349806e-10
-1.16960029800791e-10
-1.082366899515195e-10
-1.001559134678826e-10
-9.267974188963042e-11
-8.575932084473305e-11
-7.9354955536207e-11
-7.342258280303757e-11
-6.792759889065189e-11
-6.2838490620791e-11
-5.81251486093181e-11
-5.376665026924927e-11
-4.973012717801403e-11
-4.59948713410238e-11
-4.253445960327912e-11
-3.932931659183194e-11
-3.636431471232805e-11
-3.362373237516869e-11
-3.109056980976787e-11
-2.875168178235552e-11
-2.658762304110311e-11
-2.459186484645376e-11
-2.274497345285203e-11
-2.103502994550188e-11
-1.944877315692305e-11
-1.797685451025859e-11
-1.66174442941229e-11
-1.535358739298483e-11
-1.41829515101158e-11
-1.310240203579537e-11
-1.21009207966516e-11
-1.11764544834011e-11
-1.03261726131866e-11
-9.542635437102984e-12
-8.824821700906391e-12
-8.162465139036418e-12
-7.550842652889903e-12
-6.984272770591797e-12
-6.46193360887117e-12
-5.969598999429771e-12
-5.512528381944013e-12
-5.087599789541995e-12
-4.69304032790109e-12
-4.327140805486837e-12
-3.989385885683557e-12
-3.679947044052592e-12
-3.394112093080872e-12
-3.135020576979358e-12
-2.89571120302153e-12
-2.685012688103614e-12
-2.486031019079047e-12
-2.300051128898751e-12
-2.127336814823094e-12
-1.966505722362893e-12
-1.820093998856118e-12
-1.679478205221405e-12
-1.549921676108352e-12
-1.423263957243245e-12
-1.306135906523161e-12
-1.202280687074945e-12
-1.10739401024218e-12
-1.018929027108491e-12
-9.429643113141487e-13
-8.69659168588918e-13
-8.046649716321834e-13
-7.447806338928627e-13
-6.911384311404951e-13
-6.407673621287851e-13
-5.954571803078646e-13
-5.545409506125011e-13
-5.13218716898336e-13
-4.713722357764954e-13
-4.341892621379577e-13
-3.996749572833551e-13
-3.649835871014377e-13
-3.299625751675726e-13
-3.009818551365838e-13
-2.732960835598352e-13
-2.496679257023558e-13
-2.303106558694655e-13
-2.131090936050539e-13
-1.99260601800942e-13
-1.849428178143914e-13
-1.800814564077471e-13
-1.7519532615027e-13
-1.722086554439359e-13
-1.608951539817668e-13
-1.482728656801547e-13
-1.281429949061937e-13
-1.07311969328527e-13
-8.732937680073905e-14
-7.281099627777441e-14
-6.314266636213932e-14
-5.436655842438406e-14
-5.380345208921255e-14
-5.95255116376548e-14
-6.092686325023038e-14
-6.825900454093817e-14
-6.926785243384213e-14
-6.975543331496009e-14
-6.482255961665306e-14
-5.684807604023791e-14
-4.609284816880126e-14
-3.573538093648895e-14
-2.541761987702288e-14
-1.780892247745686e-14
-9.287719634614613e-15
-2.002911292822646e-15
-1.701757791391889e-15
-6.621243324470272e-15
-1.476912714338755e-14
-2.615194783015285e-14
-3.647363845347231e-14
-4.086949481339366e-14
-3.873505102993039e-14
-3.123918021181773e-14
-2.019985086307456e-14
-5.712232286160804e-15
4.424622603931504e-15
7.345399325647738e-15
9.246214608621508e-15
9.520387950051209e-15
3.748452279295862e-15
-5.672762697995629e-15
-9.373168613015466e-15
-1.166146633458609e-14
-1.468018627926113e-14
-1.401051322366126e-14
-1.443168485672942e-14
-1.566371721601983e-14
-1.587215947166571e-14
-1.053260846926998e-14
-4.54161006781815e-15
5.989623661651705e-15
1.341670396849896e-14
1.669125647633235e-14
1.392011329923511e-14
7.182175520337473e-15
1.996165123351956e-15
-3.908481249885171e-15
-8.784014301676047e-15
-1.389220051475611e-14
-2.092496026275805e-14
-2.045306584994431e-14
-1.698750860280232e-14
-8.229124096906575e-15
2.55401283474032e-15
1.306276728140953e-14
1.831481300518126e-14
2.052126545326058e-14
2.090961103304324e-14
1.399553139831361e-14
2.457287154823567e-15
-1.193079064938094e-14
-2.126098133317857e-14
-2.441534049054863e-14
-1.889656527104945e-14
-1.085979852140431e-14
-4.496905903125371e-15
2.184743471946307e-15
9.070405303252157e-15
1.423702692905648e-14
1.603243239775983e-14
1.398855297804413e-14
6.402672934769552e-15
3.954638279403356e-15
1.559628264868159e-16
-4.948155189676109e-15
-8.667159950369513e-15
-1.321133903953538e-14
-1.467696890014348e-14
-1.175767878345547e-14
-5.58021387949024e-15
-2.725339266891655e-16
6.131314850045835e-15
6.728985895441697e-15
1.015544662296174e-14
1.021638508199405e-14
6.340291564966215e-15
4.805917122429329e-15
1.846815396042301e-15
-6.818381688790248e-16
-3.587272332407879e-15
-4.649972107813758e-15
-5.447508143626441e-15
-6.200627689842625e-15
-6.056561849015468e-15
-7.079833613935368e-15
-7.998839379882079e-15
-4.40856844453499e-15
2.021478618564339e-15
8.577790869161376e-15
1.173291551837293e-14
1.30352892930398e-14
1.280185950133573e-14
9.191400987442625e-15
5.454385302647569e-16
-6.647636047727441e-15
-9.99234035461315e-15
-1.255841951900175e-14
-1.122631303876311e-14
-8.146857469425499e-15
-5.755502550728668e-15
1.122238708344572e-16
5.367140925369157e-15
5.412355667608752e-15
6.091483252240335e-15
6.824482869336903e-15
7.042501413543216e-15
7.381902566197178e-15
6.463487485628806e-15
-7.524442817061412e-16
-8.663206873819671e-16
-5.722474703844165e-15
-8.879217597294363e-15
-9.386793776041672e-15
