4.244532259875725e-13
2.688041639066908e-13
1.697891024908261e-13
1.069204792677467e-13
6.613082630128415e-14
3.88886186564111e-14
1.917643861455477e-14
3.62755737082655e-15
-1.046776655431634e-14
-2.545212563071249e-14
-4.402218892928663e-14
-6.717064156634405e-14
-9.864917044882275e-14
-1.428509582766191e-13
-2.05432879167337e-13
-2.934761929131631e-13
-4.182624561632566e-13
-5.937867484635044e-13
-8.416609778665111e-13
-1.188477324866128e-12
-1.670636737434853e-12
-2.340712315959515e-12
-3.264488005218416e-12
-4.535161543408207e-12
-6.275022084179924e-12
-8.646584276067017e-12
-1.186812573732673e-11
-1.622775821484259e-11
-2.210419049298013e-11
-2.999794400160056e-11
-4.056675765724004e-11
-5.46659372155993e-11
-7.34144334693101e-11
-9.826319395367146e-11
-1.310928227427098e-10
-1.743280607815115e-10
-2.310931265846982e-10
-3.05397555421483e-10
-4.023713757153722e-10
-5.285638495900423e-10
-6.923131213381565e-10
-9.04202686838221e-10
-1.177634535874498e-09
-1.529536208997687e-09
-1.981230776474876e-09
-2.559510495264732e-09
-3.297954291670573e-09
-4.238539787509868e-09
-5.433612792127378e-09
-6.948281786660528e-09
-8.863318055367007e-09
-1.127867361736654e-08
-1.431771451862074e-08
-1.813232911314433e-08
-2.290906772667537e-08
-2.887650276429364e-08
-3.631402045966973e-08
-4.556231263658814e-08
-5.703585242966761e-08
-7.123770061107867e-08
-8.877703817036332e-08
-1.10389869480523e-07
-1.369634246742492e-07
-1.69564843973739e-07
-2.094748260679782e-07
-2.582270152407771e-07
-3.176539875307758e-07
-3.899408411694189e-07
-4.776875014140397e-07
-5.839810065555576e-07
-7.124791973646557e-07
-8.675073960720867e-07
-1.054169869792315e-06
-1.278478069164228e-06
-1.547497865139657e-06
-1.86951826698939e-06
-2.254244350392887e-06
-2.713017451801124e-06
-3.259065937951533e-06
-3.907790269518546e-06
-4.677086392858649e-06
-5.587711916850184e-06
-6.663699918074067e-06
-7.932825663173614e-06
-9.427131996436069e-06
-1.118351961351085e-05
-1.324440895063618e-05
-1.565848091073211e-05
-1.848150420880503e-05
-2.177725761651717e-05
-2.561855593157765e-05
-3.008838903388877e-05
-3.528118387823556e-05
-4.130419976782186e-05
-4.827906767954087e-05
-5.634348479841755e-05
-6.565307571888227e-05
-7.638343196290172e-05
-8.873234155604377e-05
-0.0001029222203159676
-0.0001192027562635856
-0.0001378537784496065
-0.0001591883656109327
-0.0001835562212304093
-0.000211347323393569
-0.0002429958594755935
-0.0002789844585879787
-0.0003198487344828212
-0.0003661821510799413
-0.0004186412219989995
-0.0004779510545469269
-0.0005449112474972276
-0.0006204021506124089
-0.0007053914923137308
-0.0008009413800646296
-0.0009082156759359275
-0.001028487747495558
-0.001163148591459097
-0.00131371532461133
-0.001481840033197472
-0.001669318968343546
-0.001878102071089049
-0.00211030280624102
-0.002368208279498656
-0.002654289607170116
-0.002971212502254661
-0.003321848035402459
-0.003709283532538363
-0.004136833585869894
-0.004608051109317313
-0.005126738368281174
-0.005696957913844496
-0.006323043344934894
-0.007009609814665676
-0.007761564189442389
-0.008584114761583161
-0.0094827804081071
-0.01046339908014122
-0.01153213550053413
-0.01269548796067237
-0.01396029428926142
-0.01533373695097267
-0.01682334695092364
-0.01843700621595025
-0.02018294840486115
-0.02206975813573166
-0.02410636852161246
-0.02630205681311733
-0.02866643800981757
-0.03120945629115738
-0.03394137416234697
-0.03687275919162596
-0.04001446818720057
-0.04337762872739528
-0.04697361789902017
-0.05081403816402017
-0.05491069026514056
-0.05927554305825056
-0.06392070024704161
-0.06885836391806326
-0.07410079486384495
-0.07966026967381409
-0.08554903454728814
-0.09177925589951265
-0.09836296773245946
-0.1053120158597295
-0.112637999065291
-0.1203522072444126
-0.1284655567222416
-0.1369885228202088
-0.1459310698866929
-0.1553025789935087
-0.1651117734599224
-0.1753666425455137
-0.1860743634893205
-0.1972412222451976
-0.2088725332414004
-0.2209725584430465
-0.2335444262053678
-0.2465900501926386
-0.2601100488363154
-0.2741036657705062
-0.2885686916146633
-0.3035013877063842
-0.3188964121283061
-0.3347467485980818
-0.3510436387294234
-0.3677765180726689
-0.3849329565982205
-0.4024986039815872
-0.4204571402928845
-0.4387902326034433
-0.4574774978921828
-0.4764964729085751
-0.4958225912869439
-0.5154291684629477
-0.535287394827764
-0.5553663374020036
-0.5756329505993321
-0.5960520962240339
-0.6165865731105034
-0.6371971566779029
-0.6578426485042059
-0.678479936321508
-0.6990640643475347
-0.7195483141438427
-0.7398842960385408
-0.760022050962767
-0.7799101628509792
-0.7994958812464067
-0.8187252540400001
-0.8375432700985218
-0.855894011334748
-0.8737208140844205
-0.8909664391323046
-0.9075732500302042
-0.9234833991702619
-0.9386390208670558
-0.9529824310172963
-0.9664563324157798
-0.9790040251214323
-0.9905696210807959
-1.001098262007859
-1.010536339849991
-1.018831718714217
-1.025933957451509
-1.0317945319288
-1.03636705584102
-1.039607499253943
-1.041474403647765
-1.041929092555178
-1.040935876762247
-1.038462252916055
-1.034479094720699
-1.028960835516693
-1.021885641368774
-1.013235573705734
-1.002996740475201
-0.9911594351041438
-0.9777182622437327
-0.9626722495962136
-0.9460249450805832
-0.9277844985674955
-0.9079637277330167
-0.8865801672917253
-0.8636561011479073
-0.8392185770583585
-0.8132994034978102
-0.785935128719787
-0.7571670015014479
-0.7270409130856215
-0.6956073204341285
-0.6629211518688783
-0.6290416966173076
-0.5940324762632336
-0.5579610950509161
-0.5208990704428638
-0.4829216492910861
-0.4441076133533648
-0.4045390697571476
-0.3643012235914776
-0.3234821343394394
-0.2821724598786354
-0.2404651897332779
-0.1984553674415347
-0.1562398026493075
-0.1139167741240598
-0.07158572501357914
-0.02934695157220153
0.01269871348581674
0.05445022175872684
0.09580663277618537
0.1366674391683466
0.1769328920935678
0.2165043256180501
0.2552844787500043
0.293177813838855
0.3300908300511238
0.3659323706902315
0.4006139231097554
0.4340499100386746
0.4661579711647389
0.4968592338411452
0.5260785718848952
0.5537448514237966
0.5797911628673078
0.6041550381152274
0.6267786521476426
0.6476090082776297
0.6665981063497342
0.6837030933150928
0.6988863956591804
0.7121158331951606
0.7233647138954633
0.7326119094373441
0.7398419112960407
0.7450448672689507
0.7482165983621407
0.7493585961329678
0.7484780005697136
0.7455875587403924
0.7407055644972973
0.7338557795769085
0.7250673365798876
0.7143746242875415
0.701817155903066
0.6874394208560469
0.6712907208568788
0.6534249910047097
0.6339006067064423
0.6127801772728534
0.590130327091146
0.566021465300002
0.5405275449734946
0.513725812783778
0.4856965501892169
0.456522807192845
0.4262901297133973
0.3950862816614775
0.3630009627787383
0.3301255233312353
0.2965526767299917
0.2623762111350973
0.2276907011108748
0.1925912203500884
0.1571730564867
0.121531428984047
0.08576121105335217
0.04995665653503122
0.01421113262510147
-0.02138314069956436
-0.05673534374765013
-0.09175630190578432
-0.1263587214410884
-0.1604574156445992
-0.193969520695756
-0.2268147006802037
-0.2589153412432952
-0.2901967314263604
-0.3205872332732965
-0.350018438862741
-0.3784253144719655
-0.4057463316225643
-0.4319235848289397
-0.4569028959094451
-0.4806339047945281
-0.5030701468082316
-0.5241691164351607
-0.5438923176591746
-0.5622053009848177
-0.5790776873231975
-0.5944831789575467
-0.6083995578324927
-0.6208086714783947
-0.6316964068908302
-0.6410526527467127
-0.6488712503613103
-0.6551499338080801
-0.6598902596792678
-0.6630975269592519
-0.6647806875341942
-0.6649522478684107
-0.6636281623809482
-0.6608277190988487
-0.6565734181464316
-0.6508908436625603
-0.6438085297366072
-0.635357820950769
-0.6255727281420601
-0.6144897799644921
-0.6021478708572933
-0.5885881060068388
-0.5738536438671842
-0.5579895368166881
-0.5410425705091669
-0.5230611024864991
-0.5040949005857517
-0.4841949816425781
-0.4634134509986312
-0.4418033432879312
-0.4194184649700501
-0.3963132390518124
-0.3725425524160221
-0.3481616061662779
-0.3232257693458261
-0.2977904363765051
-0.2719108885444222
-0.2456421598375917
-0.2190389074197808
-0.1921552869787917
-0.1650448331733489
-0.1377603453790943
-0.1103537789092724
-0.0828761418639125
-0.05537739773045445
-0.02790637383955779
-0.0005106757558113033
0.02676339233973233
0.05387090124010487
0.08076836426343213
0.1074137987708623
0.1337667816775905
0.1597884990009966
0.1854417895096724
0.2106911825517869
0.23550293016153
0.2598450335558651
0.2836872641425595
0.3070011791779345
0.3297601322216073
0.3519392785510712
0.3735155757070009
0.394467779346357
0.4147764345963633
0.4344238630984968
0.4533941459473492
0.4716731027300649
0.4892482668668081
0.5061088574617711
0.522245747881133
0.5376514312919806
0.5523199833808535
0.5662470224489747
0.579429667090775
0.5918664916765646
0.6035574798738252
0.6145039764178212
0.6247086373149914
0.6341753786709179
0.6429093243484274
0.6509167526729481
0.658205042373299
0.6647826179139413
0.6706588943825321
0.6758442221113882
0.6803498312193969
0.6841877762304434
0.6873708808937447
0.6899126833403085
0.6918273817141358
0.6931297804192713
0.6938352371015798
0.6939596104664046
0.6935192090416674
0.6925307409745305
0.6910112649477229
0.6889781422968846
0.6864489904076557
0.6834416374733273
0.6799740786577959
0.676064433709617
0.6717309060731071
0.6669917435424128
0.6618652005051797
0.6563695017878253
0.650522808113159
0.6443431831859349
0.6378485624280196
0.6310567233847679
0.6239852577842712
0.6166515452343179
0.6090727285476736
0.6012656906882629
0.5932470333282852
0.5850330569881717
0.5766397427388114
0.5680827354375043
0.5593773284604147
0.5505384498990568
0.5415806501835037
0.5325180910957882
0.5233645361338655
0.5141333421868008
0.5048374524876812
0.4954893907883221
0.4861012567026447
0.4766847221728173
0.467251029018706
0.4578109875321987
0.4483749760583152
0.4389529415097441
0.4295544007667689
0.4201884429192296
0.4108637323089475
0.4015885123184272
0.3923706098564562
0.3832174404945518
0.3741360142102983
0.3651329416968834
0.3562144411905501
0.3473863457722496
0.3386541111016458
0.3300228235433681
0.3214972086485606
0.3130816399506275
0.304780148037764
0.2965964298666722
0.2885338582836795
0.2805954917231172
0.2727840840480717
0.2651020945027647
0.2575516977476677
0.2501347939498517
0.2428530189040073
0.2357077541577499
0.228700137117389
0.2218310711124262
0.2151012353991101
0.2085110950860661
0.2020609109614679
0.1957507492044987
0.1895804909657754
0.1835498418024024
0.1776583409556959
0.1719053704584794
0.1662901640608341
0.1608118159646933
0.1554692893592084
0.1502614247508086
0.1451869480793171
0.1402444786133324
0.1354325366201655
0.1307495508075018
0.1261938655352043
0.1217637477927932
0.1174573939403652
0.1132729362117865
0.1092084489799812
0.1052619547849329
0.10143143012467
0.09771481101051596
0.094109998288367
0.09061486272851772
0.08722724988728181
0.08394498474272137
0.08076587610759159
0.07768772082328701
0.07470830773878349
0.07182542147916712
0.06903684600799558
0.06634036798837789
0.06373377994770996
0.06121488325096638
0.05878149088778458
0.05643143007876004
0.05416254470686716
0.05197269757947543
0.04985977252571325
0.0478216763345464
0.04585634053962044
0.04396172305714332
0.04213580968229043
0.04037661544911311
0.03868218585927468
0.03705059798537938
0.03547996145470762
0.03396841931862302
0.03251414881289694
0.03111536201418281
0.02977030639760606
0.02847726530021625
0.02723455829530791
0.02604054148254433
0.02489360769886589
0.0237921866543872
0.02273474499755573
0.02171978631397552
0.02074585106310787
0.01981151645710292
0.01891539628541436
0.01805614068879923
0.01723243588637056
0.01644300385939995
0.01568660199542303
0.01496202269559934
0.01426809294835499
0.0136036738722251
0.01296766023087225
0.01235897992310981
0.01177659345037112
0.01121949336411192
0.01068670369544428
0.01017727936931114
0.009690305605263806
0.009224897306889267
0.008780198441778023
0.008355381413847597
0.007949646429581526
0.007562220859716018
0.007192358597975308
0.006839339418207822
0.006502468331318889
0.006181074943108478
0.005874512814245235
0.005582158823325775
0.005303412533967872
0.005037695566870599
0.004784450977624042
0.004543142641138062
0.004313254643292587
0.004094290680440255
0.003885773467240221
0.003687244153533865
0.003498261750617665
0.003318402567349747
0.003147259656349728
0.002984442270674269
0.002829575331204126
0.002682298905015864
0.002542267694905983
0.002409150540256521
0.002282629929333143
0.002162401523107302
0.002048173690604705
0.001939667055911758
0.001836614056775205
0.001738758514806932
0.001645855217257711
0.001557669510251274
0.001473976903510939
0.001394562686310588
0.00131922155467466
0.001247757249663696
0.001179982206612965
0.001115717215187797
0.001054791090055361
0.0009970403519561969
0.0009423089191034044
0.0008904478086980334
0.0008413148483118545
0.0007947743969995115
0.0007506970758782481
0.000708959507983815
0.0006694440672491301
0.0006320386363273976
0.0005966363730773569
0.0005631354854821004
0.0005314390147627274
0.0005014546265284975
0.0004730944096925884
0.0004462746829913839
0.000420915808822735
0.0003969420142624786
0.0003742812189744943
0.0003528648698602368
0.0003326277822256889
0.0003135079872989097
0.0002954465858142608
0.0002783876075481365
0.0002622778765513489
0.000247066881938584
0.0002327066540076181
0.0002191516455100697
0.0002063586179526749
0.0001942865326656764
0.0001828964465408968
0.0001721514121976859
0.0001620163825144526
0.000152458119263748
0.0001434451057695528
0.0001349474633821393
0.0001269368716911894
0.0001193864922667387
0.0001122708958066979
0.0001055659926325395
9.924896624137571e-05
9.329820997699287e-05
8.76932665694626e-05
8.241477045879336e-05
7.744439279781229e-05
7.276478902174092e-05
6.835954888446591e-05
6.421314881833412e-05
6.031090659216175e-05
5.663893810199313e-05
5.318411623056976e-05
4.993403168575801e-05
4.687695572986737e-05
4.400180472613456e-05
4.129810639568668e-05
3.87559677402255e-05
3.636604453687215e-05
3.411951234882017e-05
3.200803895866811e-05
3.002375818987549e-05
2.815924503431845e-05
2.640749202582502e-05
2.476188680823622e-05
2.321619085536752e-05
2.176451923385681e-05
2.040132145434754e-05
1.912136326012625e-05
1.791970938363876e-05
1.679170715356448e-05
1.573297098267199e-05
1.473936766292616e-05
1.380700245819503e-05
1.293220589236553e-05
1.211152124754585e-05
1.134169265053327e-05
1.061965387546203e-05
9.942517724302257e-06
9.307565963875653e-06
8.71223981966694e-06
8.154130958165517e-06
7.630972958252275e-06
7.140633269439981e-06
6.681105572962774e-06
6.250502569353858e-06
5.847049184532113e-06
5.469076112245069e-06
5.115013727873096e-06
4.783386351869516e-06
4.47280679811468e-06
4.18197125772735e-06
3.909654450525414e-06
3.654705045499255e-06
3.416041341183123e-06
3.19264718570863e-06
2.983568139069735e-06
2.787907845889154e-06
2.60482459471143e-06
2.433528099165025e-06
2.273276448712031e-06
2.123373234912304e-06
1.983164852998713e-06
1.852037934442796e-06
1.729416960804175e-06
1.614761976621294e-06
1.507566463784139e-06
1.407355337082849e-06
1.313683031003288e-06
1.226131732435076e-06
1.144309692030064e-06
1.067849650589527e-06
9.964073324815374e-07
9.296600690762719e-07
8.67305459597928e-07
8.090601370341495e-07
7.546586121126898e-07
7.038521534148379e-07
6.564077773901161e-07
6.121072658299754e-07
5.707462578539432e-07
5.321333884261647e-07
4.960894835056168e-07
4.624468044052324e-07
4.310483309806188e-07
4.017470995698715e-07
3.744055760834881e-07
3.488950545620936e-07
3.250951154656216e-07
3.028930921738588e-07
2.821835916516281e-07
2.628680334566041e-07
2.448542253930524e-07
2.280559493524348e-07
2.123925813745173e-07
1.977887488254418e-07
1.841739875281949e-07
1.714824322601992e-07
1.596525248240297e-07
1.486267332375004e-07
1.38351289322472e-07
1.287759570183231e-07
1.198538014748746e-07
1.115409785481655e-07
1.037965428756856e-07
9.658223792420192e-08
8.98623429477963e-08
8.360349729489361e-08
7.777456775622642e-08
7.234647280453027e-08
6.729206483478345e-08
6.258600630876624e-08
5.820464763232403e-08
5.412592264858626e-08
5.032923670168209e-08
4.679536992964186e-08
4.350639369700275e-08
4.044558374905821e-08
3.759733902442688e-08
3.494710397979878e-08
3.248131539875613e-08
3.018730913528298e-08
2.805328628911621e-08
2.60682442350812e-08
2.422192846836273e-08
2.250477428717438e-08
2.090787218031774e-08
1.942291683192027e-08
1.804216128206579e-08
1.675838951516644e-08
1.556488085661627e-08
1.445536679728869e-08
1.342401475360031e-08
1.24653884116281e-08
1.157442962582225e-08
1.074641386277477e-08
9.976963416840021e-09
9.26197947274905e-09
8.597662457109137e-09
7.980462508445906e-09
7.407078485791195e-09
6.87443766416467e-09
6.379679009222349e-09
5.920138544196777e-09
5.493341764768574e-09
5.096987084549752e-09
4.728923772284291e-09
4.387157540352672e-09
4.069830754027597e-09
3.775217411089193e-09
3.501708516899118e-09
3.247810325639977e-09
3.012133149359077e-09
2.793381741058271e-09
2.590354422112582e-09
2.401940251727197e-09
2.227091842371887e-09
2.06484578102939e-09
1.914303550696281e-09
1.774627923880906e-09
1.64504806085254e-09
1.524838834987644e-09
1.413330703196607e-09
1.309897844463178e-09
1.213959784425675e-09
1.12498213951646e-09
1.042464710879251e-09
9.659408133311392e-10
8.949860008837195e-10
8.291960082417349e-10
7.682012621046647e-10
7.116522123448935e-10
6.592256274794028e-10
6.106283831147426e-10
5.655793822591619e-10
5.238206531632632e-10
4.851233304821049e-10
4.492566535691115e-10
4.160213473487253e-10
3.852269751227194e-10
3.566926181194738e-10
3.302514750593805e-10
3.057596547361985e-10
2.830639950912872e-10
2.620366041883967e-10
2.425572800676521e-10
2.245108167314843e-10
2.078023865276215e-10
1.923244678843248e-10
1.779916946626506e-10
1.647194220836342e-10
1.524257342305737e-10
1.410466806195078e-10
1.305076731501597e-10
1.207520758602612e-10
1.117241003770378e-10
1.033658664872461e-10
9.562509585262045e-11
8.846027613966103e-11
8.181860393994455e-11
7.567778703960493e-11
6.999302198909226e-11
6.473485058247038e-11
5.986703650444338e-11
5.536549768632559e-11
5.119634659885045e-11
4.734047713959566e-11
4.377449087650852e-11
4.047683209883892e-11
3.742536180981852e-11
3.460128045786553e-11
3.198895340867585e-11
2.957375320637379e-11
2.733736660425831e-11
2.526601358971315e-11
2.335379310833754e-11
2.158282017902964e-11
1.994610599956612e-11
1.842927339017599e-11
1.703219604162702e-11
1.574168414168268e-11
1.454970158174435e-11
1.344709495846891e-11
1.242197770717768e-11
1.14796559724738e-11
1.060806041424189e-11
9.800197057495465e-12
9.049614808810954e-12
8.355053730902759e-12
7.71428148343239e-12
7.12520444532574e-12
6.583824549980132e-12
6.083605203769353e-12
5.619436498569861e-12
5.195638468213548e-12
4.800664020895587e-12
4.432857279198236e-12
4.094814617590179e-12
3.779885684450955e-12
3.486515640618769e-12
3.212662632788908e-12
2.961299682294772e-12
2.733090428668976e-12
2.525248338360366e-12
2.335690247234561e-12
2.155768254820387e-12
1.990441297898993e-12
1.844005523855492e-12
1.704254407021428e-12
1.576997368762706e-12
1.454770660981125e-12
1.341278602858067e-12
1.229806013113624e-12
1.135586592734972e-12
1.041927775188767e-12
9.625713663787878e-13
8.87807842785933e-13
8.176140553125171e-13
7.519848520606461e-13
6.990121663006121e-13
6.48168577836652e-13
6.00908327270721e-13
5.552540204551728e-13
5.121699760930747e-13
4.744582893858037e-13
4.352855699393385e-13
4.035479756778784e-13
3.708463760638826e-13
3.436179948937175e-13
3.142517584563931e-13
2.842236555801656e-13
2.562457436651929e-13
2.371932730810192e-13
2.214111361055233e-13
2.051947975823399e-13
1.907505645983056e-13
1.788260355104389e-13
1.656598582599763e-13
1.560297293129201e-13
1.476127189950653e-13
1.364350929305637e-13
1.236807365906702e-13
1.118586945691731e-13
9.994370238279981e-14
8.866770618569625e-14
7.892819414656625e-14
7.087765062693666e-14
6.729831212760135e-14
6.386012774594509e-14
6.238641312499498e-14
6.00430477509061e-14
5.593126225954725e-14
5.015261364775589e-14
4.630480172158383e-14
4.409760225046827e-14
3.721280691592556e-14
3.401966255550673e-14
3.356476891196345e-14
3.140305831388093e-14
3.029760109599249e-14
2.722648759312847e-14
2.27871343826585e-14
1.712704790492559e-14
1.346422778698825e-14
1.041311319328701e-14
1.412840382636041e-14
1.619220217736148e-14
1.798380847338366e-14
1.831556993505055e-14
1.644072316905289e-14
1.483227953045893e-14
1.387397584178348e-14
9.03439799879206e-15
7.947149637431488e-15
6.268758054904269e-15
4.525602941097788e-15
1.024331417585035e-15
1.359271001331165e-15
1.903056930485175e-15
4.380454571940144e-15
8.241727472943358e-15
1.194544425500086e-14
1.155975194324528e-14
8.363241233204286e-15
3.886997235313134e-15
1.447115128823234e-15
-1.952024489310818e-15
-2.571403422916653e-15
-1.293859572976078e-15
-7.510455230313443e-16
1.532579069857169e-15
4.642716013952196e-15
4.757508827770714e-15
2.186802201798239e-15
7.370373344498302e-16
1.515487907920208e-15
2.448931922083075e-15
2.563049390455621e-15
6.095312891577444e-15
5.24578760119635e-15
3.330745248876695e-15
-3.522109356395029e-15
-6.050762737071965e-15
-6.804657092102147e-15
-3.225979594555123e-15
-2.291655819556729e-15
9.402675320154239e-16
2.737988031644448e-15
4.933600115402016e-15
7.272545139311946e-15
6.37420660203249e-15
5.94798840621683e-15
2.144936070466503e-15
-5.124516811014409e-15
-5.159128326511159e-15
-5.686210609777471e-15
-2.589674952501738e-15
-1.222550305904669e-15
-4.242910504473759e-16
2.300542166855858e-15
3.597748176141245e-15
1.679793387078944e-15
-2.167958506888765e-15
-2.93241619945821e-15
1.759885145547891e-15
5.80824911895597e-15
4.038775875015857e-15
2.535735164142296e-15
1.27111752968222e-15
-1.501421535904711e-15
-3.761935474173667e-15
-4.457354863928065e-15
-3.337855599709286e-15
-9.894810518681538e-16
6.376987844135466e-16
1.685733163593816e-15
2.557893450251146e-15
3.600163142026426e-15
-2.209182541063644e-17
7.456296208708851e-16
-4.633661206794236e-16
-4.347281139109483e-15
-3.954159809074097e-15
1.015678986550372e-16
4.084303250274558e-16
4.615592870214427e-15
5.866517378703771e-15
4.043720240167082e-15
4.756664904719857e-15
-1.536107321814746e-15
-4.278258451926467e-15
-8.06866827900339e-15
-8.204828544589481e-15
-5.831865195934557e-15
-1.864390016492039e-15
5.897748515233946e-15
6.584869299982734e-15
4.455311212804068e-15
5.790161012295813e-16
2.56427092210302e-15
5.343633851848283e-15
5.521018756840486e-15
1.209534185712619e-16
-2.584093106125167e-15
-5.061036430826739e-15
-7.148522513971775e-15
-6.801123486463257e-15
-5.010774731286965e-15
-1.454071169241653e-15
2.138523700504047e-16
1.691729091939102e-15
3.216227329939367e-15
