6.093497104256395e-13
3.794453854959679e-13
2.393539814707817e-13
1.509940213033724e-13
9.464980131911774e-14
5.787538530947163e-14
3.307438785974489e-14
1.530160047002082e-14
1.475982617262727e-15
-1.077113407454783e-14
-2.276807353374171e-14
-3.713731581457153e-14
-5.496897996037026e-14
-7.869868745450918e-14
-1.1205897758155e-13
-1.579635616975121e-13
-2.248869281064456e-13
-3.174278818570461e-13
-4.485323273050096e-13
-6.323770977348215e-13
-8.90197152977062e-13
-1.248414308990932e-12
-1.744045127146652e-12
-2.429916979148913e-12
-3.37492454839236e-12
-4.668170592276494e-12
-6.434926633873882e-12
-8.840277357013368e-12
-1.210224205454643e-11
-1.650877239715107e-11
-2.244238862117661e-11
-3.04028238242346e-11
-4.104628779369371e-11
-5.522751396758272e-11
-7.406000181820375e-11
-9.898776565312918e-11
-1.318782311455217e-10
-1.75139267214927e-10
-2.318690764987087e-10
-3.060410125078124e-10
-4.027364560448183e-10
-5.284356112866556e-10
-6.913810921485691e-10
-9.020338228134995e-10
-1.173626644065304e-09
-1.522860151948378e-09
-1.970756638531734e-09
-2.543710120671026e-09
-3.274772319690576e-09
-4.205224760919102e-09
-5.386497633504774e-09
-6.882496413500193e-09
-8.772418058396615e-09
-1.115417132387313e-08
-1.414849214011054e-08
-1.790390506497679e-08
-2.260267355133838e-08
-2.846793130284744e-08
-3.577219393039435e-08
-4.484750270753817e-08
-5.609749057289889e-08
-7.001167911119502e-08
-8.718240379644254e-08
-1.083247897118192e-07
-1.343002771100233e-07
-1.661442640997852e-07
-2.050985158728318e-07
-2.526490774747138e-07
-3.105705233418908e-07
-3.809775029667171e-07
-4.66384636538369e-07
-5.697759935133391e-07
-6.946854859037867e-07
-8.4528973047777e-07
-1.026515070221009e-06
-1.244160674548348e-06
-1.505039847751941e-06
-1.817141911836299e-06
-2.189817273101906e-06
-2.633988585964268e-06
-3.162391224370206e-06
-3.789846573690613e-06
-4.533572051398461e-06
-5.413532078951372e-06
-6.452834651866726e-06
-7.678178566947382e-06
-9.120356797619901e-06
-1.081482194929177e-05
-1.280232022869502e-05
-1.512960080618607e-05
-1.785020797667574e-05
-2.10253639996019e-05
-2.472495098931598e-05
-2.90286007269713e-05
-3.402690170205873e-05
-3.982273311582331e-05
-4.653273597586321e-05
-5.428893168365603e-05
-6.324049877805308e-05
-7.35557185763785e-05
-8.542410048110415e-05
-9.905869776081361e-05
-0.0001146986277948685
-0.0001326118189561979
-0.0001530979935799967
-0.0001764918977588941
-0.0002031667909438257
-0.0002335382083906654
-0.0002680680092201665
-0.0003072687225077411
-0.0003517082032627834
-0.0004020146094891418
-0.0004588817106359772
-0.0005230745367019711
-0.0005954353759898372
-0.0006768901280191471
-0.0007684550163787208
-0.0008712436643278854
-0.0009864745336928254
-0.001115478725063206
-0.001259708134443184
-0.00142074395833375
-0.001600305535710234
-0.001800259511469312
-0.002022629301684677
-0.002269604836384973
-0.002543552551058594
-0.002847025600087084
-0.003182774276190189
-0.003553756584525663
-0.00396314891829672
-0.004414356781975009
-0.004911025502230089
-0.005457050859963745
-0.006056589569829214
-0.006714069526264366
-0.007434199727441278
-0.008221979780725783
-0.009082708886290633
-0.01002199420452152
-0.01104575865486889
-0.01216024810339208
-0.01337203767198439
-0.01468803689452266
-0.0161154936652463
-0.01766199695238476
-0.01933547817214447
-0.02114421104220299
-0.02309680978222488
-0.02520222551806042
-0.0274697407803409
-0.02990896197123451
-0.03252980964856662
-0.0353425065275119
-0.03835756305097169
-0.04158576043090713
-0.0450381310539552
-0.04872593612433765
-0.05266064048781964
-0.0568538845157435
-0.06131745300082102
-0.06606324100912016
-0.07110321661106951
-0.07644938051037035
-0.08211372250750489
-0.08810817483206575
-0.09444456237075527
-0.1011345497922391
-0.108189585693876
-0.1156208437917959
-0.1234391612998391
-0.1316549746324724
-0.140278252535178
-0.1493184269000874
-0.1587843213888352
-0.1686840781338066
-0.1790250827741435
-0.1898138880443256
-0.2010561363161819
-0.2127564813174463
-0.2249185094247702
-0.2375446609040584
-0.2506361514173012
-0.2641928943219784
-0.2782134240711909
-0.2926948212234031
-0.3076326395245806
-0.3230208354447441
-0.338851700780408
-0.3551157986747277
-0.3718019036277187
-0.3888969459971001
-0.406385961382378
-0.424252045533869
-0.4424763151151529
-0.4610378748808126
-0.4799137917361651
-0.4990790760149674
-0.5185066705747783
-0.538167447934962
-0.5580302159239676
-0.5780617321876459
-0.5982267277623889
-0.6184879401910703
-0.6388061562232683
-0.659140264394272
-0.6794473176426379
-0.6996826059558068
-0.719799739311186
-0.7397507407154287
-0.759486149408421
-0.778955134140532
-0.7981056162432175
-0.8168844025008708
-0.8352373273454341
-0.8531094041714351
-0.8704449853989689
-0.8871879307111521
-0.9032817831834771
-0.9186699525560752
-0.9332959051902469
-0.9471033600678691
-0.9600364899863419
-0.9720401274070511
-0.98305997397269
-0.993042813006745
-1.001936724138494
-1.00969129901333
-1.016257857363578
-1.021589662295305
-1.025642133946933
-1.028373060541716
-1.029742805718881
-1.029714511346197
-1.028254294621623
-1.025331438581649
-1.02091857503929
-1.014991858877672
-1.007531132937879
-0.9985200824110405
-0.9879463779489598
-0.975801806651925
-0.9620823900484611
-0.9467884884934044
-0.9299248910983632
-0.9115008905776325
-0.8915303424347347
-0.8700317080019769
-0.8470280811527235
-0.8225471979583395
-0.7966214285581847
-0.7692877511319307
-0.7405877089144576
-0.7105673517282024
-0.6792771596299912
-0.646771944912034
-0.6131107335385302
-0.5783566317467778
-0.5425766820440432
-0.5058417033961665
-0.468226111823064
-0.4298077227941616
-0.390667539451954
-0.3508895284339998
-0.3105603827407862
-0.2697692719206805
-0.2286075805658977
-0.1871686363231371
-0.1455474285135277
-0.1038403183431316
-0.06214474180919231
-0.02055890645949891
0.02081851680574259
0.0618887056738728
0.1025530008809108
0.1427132219475859
0.1822719829394526
0.2211330069895399
0.2592014383444191
0.2963841506790706
0.3325900504624442
0.3677303741713245
0.4017189781578493
0.4344726200491977
0.4659112305460162
0.4959581745757661
0.524540500787153
0.5515891783922074
0.5770393204765406
0.6008303928977279
0.6229064080187554
0.6432161025629005
0.661713098907904
0.6783560492801378
0.6931087623130943
0.7059403115792747
0.7168251257532742
0.7257430601088953
0.7326794492088935
0.7376251406361269
0.7405765097622112
0.7415354556064506
0.7405093778928231
0.7375111355604842
0.7325589869595417
0.7256765121005851
0.7168925173825461
0.7062409232787251
0.6937606355878995
0.6794954008170894
0.6634936463822598
0.6458083063566705
0.6264966335330683
0.605619998661966
0.5832436776985752
0.5594366279845953
0.5342712543010417
0.507823165735556
0.4801709243774014
0.4513957868259496
0.4215814395509655
0.3908137291366182
0.359180388435874
0.3267707596934064
0.2936755156500732
0.2599863796630893
0.2257958458543157
0.1911969002775564
0.1562827440921296
0.1211465196820181
0.08588104064850444
0.05057852656920406
0.01533034338131655
-0.01977324978718558
-0.05464334656311411
-0.08919263131061073
-0.1233356084563735
-0.1569888225085388
-0.1900710681735552
-0.2225035900187988
-0.2542102711857381
-0.2851178107087374
-0.315155889038264
-0.344257321431279
-0.3723581989133427
-0.3993980165860729
-0.4253197890988687
-0.4500701531428803
-0.473599456896326
-0.4958618363810419
-0.5168152787599982
-0.5364216726443085
-0.5546468455123753
-0.5714605884125403
-0.5868366681371932
-0.600752827120648
-0.6131907713426794
-0.6241361465442171
-0.6335785031222434
-0.6415112500736837
-0.6479315984150084
-0.6528404945192167
-0.6562425438224807
-0.6581459254025341
-0.6585622979216417
-0.657506697467005
-0.654997427828016
-0.651055943754152
-0.6457067277707285
-0.6389771611044001
-0.6308973893029707
-0.6215001831233739
-0.610820795244912
-0.5988968133848517
-0.5857680103807872
-0.5714761918204719
-0.5560650417713471
-0.5395799671349062
-0.5220679411643104
-0.5035773466546563
-0.4841578193144042
-0.4638600918044667
-0.442735838912322
-0.4208375243253062
-0.3982182494152741
-0.3749316044394311
-0.3510315225461205
-0.3265721369564273
-0.3016076416757234
-0.2761921560395024
-0.250379593387445
-0.2242235341374653
-0.1977771035070507
-0.1710928541100471
-0.1442226536227169
-0.1172175776958275
-0.09012780826450054
-0.06300253738391581
-0.03588987669829068
-0.008836772623207102
0.01811107269689753
0.04490927461603987
0.07151483337893111
0.09788619567833343
0.1239833103965236
0.1497676785699539
0.1752023976336864
0.2002522000151609
0.2248834861647575
0.2490643521231385
0.2727646117424507
0.2959558136899743
0.3186112533726715
0.3407059799380593
0.362216798508375
0.3831222678215309
0.4034026934570564
0.423040116824387
0.4420183001011529
0.460322707318558
0.4779404818092245
0.494860420223048
0.5110729432997623
0.5265700635971874
0.5413453503892678
0.5553938919627451
0.5687122555223476
0.5812984448913097
0.5931518562025616
0.6042732317905007
0.6146646125058638
0.6243292886510685
0.6332717497042355
0.6414976330081508
0.6490136716153806
0.6558276414899448
0.661948308237629
0.6673853735086709
0.6721494212248785
0.6762518637887788
0.6797048884346579
0.6825214038611116
0.6847149872672686
0.6862998319234818
0.6872906953863348
0.6877028484660991
0.6875520250497061
0.6868543728803187
0.6856264053962959
0.6838849546965268
0.6816471256998855
0.67893025156623
0.6757518504463866
0.6721295836288129
0.6680812151158164
0.6636245726598069
0.6587775102949017
0.6535578724049196
0.6479834593682157
0.6420719947788954
0.6358410942462263
0.6293082357793955
0.6224907317662777
0.6154057025517998
0.6080700516021617
0.6005004422481491
0.5927132759922039
0.5847246723540446
0.5765504502337859
0.5682061107661646
0.559706821639295
0.5510674028475854
0.5423023138483763
0.5334256420969136
0.5244510929105626
0.5153919806150701
0.5062612209325534
0.4970713245775532
0.4878343920275323
0.4785621094132128
0.4692657454781007
0.4599561495619651
0.4506437505672132
0.441338556868736
0.4320501571135099
0.4227877218612363
0.4135600060198362
0.4043753520318556
0.3952416937706254
0.3861665610965297
0.3771570850281324
0.3682200034845075
0.3593616675566902
0.350588048269117
0.3419047437871342
0.3333169870302159
0.3248296536522666
0.316447270352028
0.3081740234802734
0.3000137679050126
0.2919700361002017
0.2840460474252925
0.2762447175640977
0.2685686680946849
0.2610202361595723
0.2536014842084031
0.2463142097871077
0.2391599553499278
0.2321400180734974
0.2252554596479082
0.2185071160235823
0.2118956070943176
0.2054213462983699
0.1990845501216776
0.1928852474861445
0.1868232890079725
0.1808983561127443
0.1751099699956325
0.1694575004171677
0.1639401743224141
0.1585570842731701
0.1533071966852436
0.1481893598650613
0.1432023118410914
0.1383446879826323
0.1336150284006769
0.1290117851271114
0.1245333290694773
0.1201779567395756
0.1159438967537388
0.1118293161038636
0.1078323261988856
0.1039509886772084
0.1001833209916986
0.09652730176753151
0.09298087593439058
0.08954195963534342
0.08620844491481433
0.08297820418904175
0.07984909450199754
0.07681896157055582
0.07388564362277041
0.0710469750331974
0.06830078975972176
0.06564492458644801
0.06307722217802607
0.06059553395021328
0.05819772276085639
0.05588166542606593
0.05364525506735918
0.05148640329575594
0.04940304223818168
0.04739312641069628
0.04545463444372269
0.0435855706650602
0.0417839665464086
0.04004788201872972
0.03837540666163338
0.03676466077223132
0.03521379631837642
0.0337209977812782
0.03228448289255349
0.03090250327105766
0.0295733449645781
0.02829532890095571
0.02706681125313213
0.02588618372275893
0.02475187374699558
0.02366234463313885
0.02261609562496874
0.021611661904802
0.02064761453530033
0.01972256034507809
0.0188351417621858
0.01798403659869449
0.01716795778977762
0.01638565309065924
0.01563590473478556
0.01491752905644678
0.01422937608071212
0.01357032908353101
0.01293930412469425
0.01233524955635943
0.01175714550960749
0.01120400336140207
0.01067486518429414
0.01016880318098732
0.009684919105707065
0.009222343674262445
0.00878023596465108
0.008357782810071476
0.007954198185928477
0.007568722592323285
0.00720062243357869
0.006849189395976511
0.006513739825038264
0.006193614103430371
0.005888176030717535
0.005596812205977254
0.005318931414190156
0.005053964017196229
0.004801361350081889
0.004560595123758998
0.004331156834465308
0.004112557180697007
0.00390432548817139
0.003706009143215168
0.003517173035117767
0.003337399007897266
0.003166285321743475
0.003003446124535845
0.002848510933642363
0.00270112412825406
0.002560944452391703
0.0024276445287991
0.002300910383802444
0.002180440983293248
0.002065947779822237
0.001957154270902259
0.001853795568520336
0.00175561797976915
0.001662378598637609
0.001573844908936134
0.001489794398250946
0.001410014182863176
0.001334300643470781
0.001262459071607479
0.001194303326641713
0.001129655503295197
0.001068345609412297
0.001010211253884188
0.000955097344510662
0.000902855795643728
0.0008533452454563235
0.0008064307826462964
0.0007619836823206823
0.0007198811509179163
0.0006800060799470845
0.0006422468083531603
0.0006064968933178137
0.0005726548892260794
0.0005406241346797593
0.0005103125472519972
0.0004816324258768865
0.000454500260531299
0.0004288365491905538
0.0004045656216940625
0.0003816154703938353
0.0003599175873551742
0.0003394068079203053
0.0003200211604559792
0.0003017017220371524
0.0002843924799399482
0.0002680401987420082
0.0002525942928295163
0.0002380067041236459
0.0002242317848562875
0.0002112261852552843
0.0001989487459172433
0.0001873603947388062
0.0001764240482079554
0.0001661045169692667
0.0001563684154102401
0.0001471840752154843
0.0001385214626487843
0.0001303520994973986
0.000122648987510289
0.0001153865361943416
0.0001085404938393266
0.0001020878816287288
9.600693078262045e-05
9.027702249820129e-05
8.487863067919972e-05
7.979326730900799e-05
7.50034303009599e-05
7.049255383222626e-05
6.624496096588049e-05
6.224581849038018e-05
5.848109393354027e-05
5.493751456635224e-05
5.160252839172247e-05
4.846426700598141e-05
4.551151021877398e-05
4.273365242241764e-05
4.01206705622909e-05
3.76630936855583e-05
3.535197399840529e-05
3.317885930993384e-05
3.113576686739326e-05
2.921515847359703e-05
2.740991689186776e-05
2.571332335710731e-05
2.411903628027247e-05
2.262107098812199e-05
2.121378048768057e-05
1.989183722814753e-05
1.865021587157409e-05
1.748417685072044e-05
1.638925077860511e-05
1.536122365459579e-05
1.439612284664147e-05
1.349020384627161e-05
1.263993769424799e-05
1.184199904298243e-05
1.109325488844268e-05
1.039075384537631e-05
9.731716028426855e-06
9.113523472472725e-06
8.533711032703142e-06
7.98995779996117e-06
7.480078970616439e-06
7.002018146807475e-06
6.553840069777867e-06
6.133723717672772e-06
5.73995581033915e-06
5.370924645591618e-06
5.025114282888372e-06
4.701099059696436e-06
4.397538377421082e-06
4.113171801001019e-06
3.846814426815508e-06
3.597352498009843e-06
3.363739269696994e-06
3.144991099673746e-06
2.940183783381564e-06
2.748449057300954e-06
2.568971313074406e-06
2.400984525600784e-06
2.243769304677401e-06
2.096650154222492e-06
1.958992868229688e-06
1.830202081986433e-06
1.709718971430464e-06
1.597019060591859e-06
1.491610179193886e-06
1.393030527984027e-06
1.300846854709554e-06
1.214652738806043e-06
1.134066976920848e-06
1.058732071822817e-06
9.883127744145249e-07
9.224947497282918e-07
8.609833147780701e-07
8.03502228944306e-07
7.497925672105414e-07
6.996116808275921e-07
6.527321851638894e-07
6.08941032959299e-07
5.68038611415975e-07
5.298379450833277e-07
4.941638980249946e-07
4.608524491412093e-07
4.297499995835209e-07
4.007127369710062e-07
3.736060097702098e-07
3.483037701280078e-07
3.246880346662166e-07
3.026483839930407e-07
2.820814721502282e-07
2.628906027452864e-07
2.449853017151712e-07
2.282809235804321e-07
2.126982994426362e-07
1.981633692028716e-07
1.846068704274255e-07
1.719640421825729e-07
1.601743147661076e-07
1.491810696801428e-07
1.389313762958441e-07
1.293757579406408e-07
1.20467966510297e-07
1.121647773292089e-07
1.044258070178795e-07
9.721331764684269e-08
9.049205178141164e-08
8.422907046375433e-08
7.839359834960331e-08
7.295691042064331e-08
6.789215841720206e-08
6.317427963425737e-08
5.877987616755962e-08
5.468709573282464e-08
5.087554731110527e-08
4.732617951466084e-08
4.402121767759979e-08
4.094407977060163e-08
3.80792800700668e-08
3.541237896965967e-08
3.292989909496499e-08
3.061926103460393e-08
2.846873537117509e-08
2.646737594265055e-08
2.460497944735496e-08
2.287203175775495e-08
2.125966087598065e-08
1.975958947443129e-08
1.836409808563257e-08
1.706599127762633e-08
1.585855967920621e-08
1.473555748448793e-08
1.369115345925171e-08
1.271991587046181e-08
1.181678777991445e-08
1.097704409817496e-08
1.019629355845718e-08
9.470452757282837e-09
8.795698670418145e-09
8.168489658193656e-09
7.58551205407021e-09
7.043683839999327e-09
6.540142812221811e-09
6.072214288266457e-09
5.637408579480644e-09
5.233402046398699e-09
4.858039295984216e-09
4.509316269620727e-09
4.185360592438452e-09
3.884435188466428e-09
3.604919775082316e-09
3.345309441650772e-09
3.104211780773068e-09
2.880314271641309e-09
2.672401710138133e-09
2.479346352787113e-09
2.300099617809387e-09
2.133684615997665e-09
1.979190964217182e-09
1.835776920809526e-09
1.702653368847849e-09
1.579091964798507e-09
1.464411815929728e-09
1.357980559724902e-09
1.25921364593505e-09
1.16756568723005e-09
1.082522528389805e-09
1.003614440582242e-09
9.304032748526936e-10
8.624849593807078e-10
7.994757623168796e-10
7.410330849597267e-10
6.868247354099183e-10
6.36544714562023e-10
5.8991531088343e-10
5.466775020556685e-10
5.06578481311995e-10
4.693979608680343e-10
4.349192376267276e-10
4.029466002833129e-10
3.73305249267344e-10
3.458269999413492e-10
3.203561332591192e-10
2.967444100053255e-10
2.748578952099863e-10
2.545719556235695e-10
2.357739950214295e-10
2.183536370087734e-10
2.02210655167802e-10
1.87253734144246e-10
1.733918260671625e-10
1.605441696488272e-10
1.486406312965715e-10
1.376135489601664e-10
1.273986418385507e-10
1.179386123379978e-10
1.091728105712642e-10
1.010507182185793e-10
9.353256748894208e-11
8.656816898804387e-11
8.012193621905269e-11
7.4154036939371e-11
6.862485133647446e-11
6.350794879129465e-11
5.876813050012082e-11
5.437792336672943e-11
5.031250644642338e-11
4.654613193520986e-11
4.30583753408384e-11
3.982808129456072e-11
3.684068153766797e-11
3.407628425841511e-11
3.151975495085816e-11
2.915830779221435e-11
2.697089430399778e-11
2.494935940065996e-11
2.307725024491139e-11
2.134413177601009e-11
1.974152057840479e-11
1.825622845437049e-11
1.688048861360959e-11
1.560896584451448e-11
1.442636280521512e-11
1.332950436547569e-11
1.231873476153505e-11
1.138306304036071e-11
1.051936883505746e-11
9.722612368374012e-12
8.99043226648798e-12
8.316675863168642e-12
7.695312563873477e-12
7.115537403557799e-12
6.583458823024827e-12
6.08617292531446e-12
5.628896391582127e-12
5.196764573345157e-12
4.795257761330974e-12
4.424456521094615e-12
4.079377263675601e-12
3.762022397813212e-12
3.471785907686861e-12
3.207390173524802e-12
2.967392705709853e-12
2.748952585791212e-12
2.548268907439031e-12
2.363498106810679e-12
2.185935217205871e-12
2.01980604532475e-12
1.863506381475087e-12
1.716502171134842e-12
1.577289699081229e-12
1.452930576361666e-12
1.336922809888035e-12
1.232578756149758e-12
1.136728892827334e-12
1.053681961992609e-12
9.764016788917227e-13
9.040154800187332e-13
8.386525330425016e-13
7.734310548529604e-13
7.153140702904976e-13
6.60324083536931e-13
6.07481373549321e-13
5.594369161046185e-13
5.202661760165741e-13
4.834465559048737e-13
4.434019206062093e-13
4.063070785062515e-13
3.72051390914912e-13
3.387140838937992e-13
3.125541865026676e-13
2.907656555073194e-13
2.70952473863843e-13
2.504558727931665e-13
2.335579847222995e-13
2.165791731518469e-13
1.989467420806694e-13
1.851490636755262e-13
1.674548239485425e-13
1.564147685015694e-13
1.459131475489876e-13
1.335929203962645e-13
1.19354942096399e-13
1.086944505524666e-13
1.017954620088956e-13
9.463783203514238e-14
9.171406045785906e-14
8.181974564271831e-14
7.535713095327096e-14
7.207767733333765e-14
6.600175796011552e-14
5.608771730631869e-14
4.682419047555528e-14
4.237127482348574e-14
4.42040478198755e-14
4.242469009908093e-14
4.068077121744293e-14
4.031540430255139e-14
3.806956242238289e-14
3.787084706653598e-14
3.510150817306916e-14
2.845179337802984e-14
2.446464336692444e-14
2.107030815841149e-14
1.715399357432242e-14
1.334587282163721e-14
1.117094142509596e-14
1.164221297301021e-14
1.067872111229147e-14
1.08750202555352e-14
1.004725287272657e-14
9.527046786058075e-15
1.542637930217873e-14
1.672677644139195e-14
1.936710854334767e-14
1.952297800722639e-14
1.446279363342204e-14
8.480468127646141e-15
2.116689896274129e-15
-7.719249765863015e-16
-1.653913399183644e-15
-2.626474995501642e-15
-3.203734648237933e-15
-2.248514750402255e-15
1.386905285940636e-15
3.824363183804906e-15
6.238268171313307e-15
6.499873980130177e-15
9.351666456045769e-15
1.172827401723607e-14
1.216831485039777e-14
9.679540925235869e-15
6.904095438001839e-15
2.676567421267514e-15
-6.710551307283474e-16
-6.993524370128755e-15
-9.562427422404659e-15
-9.437045493914291e-15
-1.094517686653367e-14
-4.364673093373471e-15
6.557921344533326e-16
3.077432428494985e-15
6.298869380577744e-15
8.242686939633059e-15
8.734503441350137e-15
1.228809002371663e-14
1.321072370635578e-14
1.168000844558226e-14
5.65724680199446e-15
-5.079502368832748e-15
-1.315847468612312e-14
-1.729932943125163e-14
-1.689741503744927e-14
-1.128924469541802e-14
-5.73444439318459e-15
5.35197396751689e-17
8.659446569218997e-15
1.278702211860737e-14
1.196703376896168e-14
1.332762276589709e-14
1.063733270716279e-14
6.792578530038017e-15
1.138742935873583e-15
-5.315575298394633e-15
-9.39378074987241e-15
-1.232398630052458e-14
-1.110326501227512e-14
-5.967895591193733e-15
-3.95940517616896e-15
-8.572500053480135e-16
-2.892331188041436e-16
4.33542822215635e-15
8.103036761428374e-15
1.007418663513274e-14
7.952604875388573e-15
5.469021471571388e-15
2.269945261958511e-16
-8.423751611339697e-16
-4.159130705894448e-15
-6.632639513304052e-15
-5.081274056915805e-15
-7.702696248914829e-16
-6.636753841222421e-17
1.000034716959044e-15
-2.170575672638676e-15
-3.845097487057086e-15
-3.570637386291465e-15
-3.320909372194837e-15
-1.00679863526146e-15
1.979234213845279e-15
6.383949216543978e-15
8.269613861875899e-15
1.096228522829248e-14
9.901663687389728e-15
6.391622443855388e-15
-2.38325636628348e-15
-1.001326176915778e-14
-1.552260244533678e-14
-1.66669963014224e-14
-1.236989054315717e-14
-5.945984618758773e-15
5.484414140642126e-15
1.024039144477906e-14
1.003280726235499e-14
9.429957948903914e-15
1.023366747869108e-14
9.557368831460309e-15
