-9.383074119862328e-13
-5.632506100407064e-13
-3.443570653479267e-13
-2.103888463501882e-13
-1.284763675651455e-13
-7.812690678577569e-14
-4.678357573723991e-14
-2.707533895890019e-14
-1.462162279879435e-14
-6.308122228141564e-15
-8.523115177257924e-16
2.614473001594851e-15
5.762389268260548e-15
7.344644650041537e-15
7.935033669812019e-15
8.326473476921742e-15
7.506583361303545e-15
4.451005929653877e-15
-1.010949865616117e-15
-9.332378486259918e-15
-2.423899874386872e-14
-4.718290828460884e-14
-8.25775044078276e-14
-1.357769871161068e-13
-2.134431696450163e-13
-3.251412034378374e-13
-4.838795117853264e-13
-7.078811999503172e-13
-1.018661460403805e-12
-1.447582403742277e-12
-2.036814165183348e-12
-2.843513773391909e-12
-3.939115648557751e-12
-5.426221717942531e-12
-7.436193112980438e-12
-1.014399295136954e-11
-1.378189795409614e-11
-1.86547651495994e-11
-2.516107165466583e-11
-3.382498294567522e-11
-4.532703834637503e-11
-6.055142225138516e-11
-8.064297045377621e-11
-1.07081727889747e-10
-1.417695779491775e-10
-1.871513488307073e-10
-2.463602135753015e-10
-3.233902618660355e-10
-4.23332321636372e-10
-5.526505026241385e-10
-7.195321874497361e-10
-9.343158685953412e-10
-1.210027075201071e-09
-1.563024219707958e-09
-2.013805729911801e-09
-2.587988294692371e-09
-3.31749949707069e-09
-4.24203677370518e-09
-5.410834521274543e-09
-6.884798812167383e-09
-8.739098679834873e-09
-1.10662704688858e-08
-1.397996872647228e-08
-1.761944812069209e-08
-2.21549315560014e-08
-2.779401674122109e-08
-3.478930205225969e-08
-4.344744138705451e-08
-5.413988560714936e-08
-6.731557336685344e-08
-8.351591396396512e-08
-1.033924196896993e-07
-1.277274263338046e-07
-1.574583773246539e-07
-1.937062371083245e-07
-2.378086540594678e-07
-2.913585957511839e-07
-3.562492654258264e-07
-4.347262029467065e-07
-5.294476118299202e-07
-6.435540651583235e-07
-7.807488834792385e-07
-9.453906412072474e-07
-1.14259942243477e-06
-1.378378626066179e-06
-1.65975432769971e-06
-1.994934411805401e-06
-2.39348993331746e-06
-2.866561405109733e-06
-3.427092986463889e-06
-4.090097811457974e-06
-4.872958029296566e-06
-5.79576340797264e-06
-6.881692702443905e-06
-8.157442326900322e-06
-9.653707202300827e-06
-1.140571902524028e-05
-1.345384753690187e-05
-1.584427072277865e-05
-1.862972020364753e-05
-2.187030838207791e-05
-2.563444426181526e-05
-2.999984599002081e-05
-3.50546607134813e-05
-4.089869953189588e-05
-4.764479600057923e-05
-5.542029763647485e-05
-6.436870029911449e-05
-7.465143567329406e-05
-8.644982242556528e-05
-9.99671918810828e-05
-0.0001154311993031655
-0.00013309633205213
-0.0001532466259998952
-0.0001761986016171934
-0.0002023044311129555
-0.0002319553478218522
-0.0002655853088166092
-0.0003036749212711374
-0.0003467556426484516
-0.0003954142640128621
-0.0004502976849815438
-0.0005121179877498063
-0.0005816578163681492
-0.0006597760660035402
-0.0007474138851892312
-0.0008456009922671025
-0.0009554623074852129
-0.001078224905421121
-0.001215225280157629
-0.001367916914085985
-0.001537878139900052
-0.00172682028214291
-0.001936596061023494
-0.002169208237227814
-0.00242681847216796
-0.002711756373386111
-0.003026528689890876
-0.00337382861721813
-0.003756545172774382
-0.004177772652695685
-0.004640820147528407
-0.005149221006969493
-0.005706742134742487
-0.006317393073419868
-0.006985434847551237
-0.007715388500863286
-0.008512043229583642
-0.009380464028270799
-0.01032599875577327
-0.01135428453824953
-0.01247125341509613
-0.01368313711886599
-0.01499647089650959
-0.01641809625422777
-0.01795516252470855
-0.01961512714724852
-0.02140575453773551
-0.02333511345123286
-0.02541157270749642
-0.02764379517685111
-0.03004072991685218
-0.03261160233633395
-0.03536590230292867
-0.03831337006976007
-0.04146397993819913
-0.04482792156802261
-0.04841557883195036
-0.05223750616795154
-0.05630440233293993
-0.06062708151962089
-0.06521644179393003
-0.07008343079563206
-0.07523900872161457
-0.08069410854712733
-0.08645959351674881
-0.09254621193400669
-0.09896454926333714
-0.1057249776572356
-0.1128376029369733
-0.1203122091524728
-0.128158200842997
-0.1363845431006138
-0.1449996996589974
-0.1540115691248119
-0.1634274195886612
-0.1732538218414714
-0.1834965813907513
-0.1941606696135046
-0.2052501542531573
-0.2167681296076777
-0.2287166467335614
-0.2410966439448797
-0.2539078780496392
-0.2671488566018556
-0.2808167716033532
-0.2949074350538612
-0.3094152166881918
-0.3243329844195911
-0.3396520478002673
-0.3553621049775072
-0.3714511935739373
-0.3879056458462065
-0.4047100486701207
-0.4218472086413171
-0.4392981227597332
-0.4570419550979785
-0.4750560197571246
-0.4933157706141226
-0.5117947980700858
-0.5304648331976687
-0.549295759592772
-0.5682556331147731
-0.5873107099093522
-0.6064254827755244
-0.625562726136892
-0.6446835497619374
-0.663747461232683
-0.68271243737292
-0.7015350045027198
-0.7201703275946226
-0.7385723082660527
-0.7566936913741523
-0.7744861802016287
-0.7919005598660794
-0.8088868287996863
-0.8253943379961156
-0.8413719375503865
-0.8567681302484598
-0.8715312315948478
-0.8856095358831383
-0.8989514877747236
-0.9115058586984786
-0.9232219276216667
-0.9340496653630459
-0.9439399218475899
-0.952844615579387
-0.9607169244748719
-0.9675114774392417
-0.9731845457184765
-0.977694233292055
-0.9810006654713204
-0.9830661747719193
-0.9838554833833383
-0.9833358811956789
-0.981477398552364
-0.9782529728861997
-0.9736386084331315
-0.9676135285042843
-0.9601603191468627
-0.9512650629155043
-0.9409174620870436
-0.9291109518809711
-0.915842805035732
-0.9011142243670385
-0.8849304176553813
-0.8673006548450278
-0.8482383140438259
-0.8277609219296783
-0.8058901812161148
-0.7826519784994453
-0.7580763726317882
-0.7321975682625657
-0.7050538764304799
-0.6766876602327038
-0.6471452645681217
-0.6164769300640218
-0.5847366917398441
-0.5519822628226191
-0.5182749038257036
-0.4836792772218382
-0.4482632881394231
-0.4120979115741921
-0.3752570067265588
-0.337817119024391
-0.2998572705247264
-0.2614587394221949
-0.2227048294303886
-0.1836806298937871
-0.1444727674792728
-0.1051691503770328
-0.06585870596121034
-0.0266311128886162
0.01242347134221637
0.0512146863426314
0.08965224723835855
0.1276462244638266
0.1651073238675267
0.2019471660527475
0.2380785638688706
0.2734157969903533
0.3078748825286121
0.3413738406203909
0.3738329539849857
0.4051750204371616
0.4353255974052525
0.4642132375265794
0.4917697144096774
0.5179302377410566
0.5426336569052379
0.5658226523786345
0.587443914197732
0.6074483068398245
0.6257910199674102
0.642431704472934
0.6573345933706773
0.6704686071367179
0.6818074431517661
0.6913296490262115
0.6990186795620457
0.7048629372278955
0.7088557960818535
0.7109956091288545
0.7112856992196158
0.7097343335877822
0.7063546822472567
0.7011647605101646
0.6941873559200602
0.685449940009871
0.674984565292173
0.662827747992467
0.6490203370677955
0.6336073700846511
0.61663791662361
0.5981649098556548
0.578244967018866
0.556938199545631
0.5343080136094458
0.510420901925883
0.4853462276132134
0.4591560009723293
0.4319246500540869
0.4037287858889784
0.3746469632883577
0.3447594380849346
0.3141479217089725
0.2828953339889243
0.2510855550544981
0.2188031772251411
0.1861332577292285
0.1531610731001745
0.1199718760670962
0.08665065573032588
0.0532819017966661
0.01994937361355039
-0.01326412528460402
-0.04627696644369789
-0.07900890893121215
-0.1113813043473857
-0.1433172938406727
-0.174741996604544
-0.2055826893748031
-0.2357689764846791
-0.265232950085812
-0.2939093401783561
-0.321735654146719
-0.3486523055393264
-0.3746027318689641
-0.3995335012680602
-0.4233944078618656
-0.4461385557814847
-0.4677224317752589
-0.4881059664091359
-0.5072525839057459
-0.5251292406918627
-0.5417064527783217
-0.556958312128161
-0.5708624921977695
-0.5834002428896753
-0.594556375160452
-0.6043192355818294
-0.6126806711699356
-0.6196359848081769
-0.6251838816326017
-0.6293264067631493
-0.6320688748077522
-0.6334197915653736
-0.6333907683506852
-0.6319964294028086
-0.6292543128349964
-0.6251847656071094
-0.6198108330044657
-0.6131581431099281
-0.6052547867808279
-0.5961311936022006
-0.5858200043021876
-0.5743559401206108
-0.5617756696245141
-0.548117673471503
-0.5334221075729999
-0.5177306651195386
-0.5010864379222502
-0.4835337775125487
-0.4651181564402139
-0.4458860301752271
-0.4258847000168069
-0.405162177394664
-0.3837670499287338
-0.3617483496066847
-0.3391554234017247
-0.3160378066457208
-0.2924450994516868
-0.2684268464577429
-0.2440324201511458
-0.2193109080035635
-0.194311003636231
-0.1690809022072748
-0.1436682001896828
-0.1181197996950139
-0.09248181747550291
-0.06679949872020373
-0.04111713573922821
-0.01547799161088253
0.01007577115082395
0.03550315687081698
0.06076439790848292
0.08582101077074705
0.1106358471537988
0.1351731399391649
0.1593985441854407
0.1832791731768093
0.2067836296013253
0.2298820319365149
0.2525460361320427
0.2747488526956297
0.2964652593073797
0.3176716090907264
0.3383458346643688
0.3584674481108948
0.3780175370135024
0.3969787567297983
0.4153353190659225
0.4330729775022083
0.4501790091316462
0.4666421934883311
0.4824527884572278
0.4976025034441515
0.5120844699691045
0.5258932098560943
0.5390246012008543
0.5514758423053367
0.5632454137567977
0.5743330388189685
0.58473964231308
0.5944673081524982
0.6035192356956708
0.6118996950805398
0.6196139817041306
0.6266683700153534
0.6330700667591365
0.6388271638115863
0.6439485907462918
0.6484440672732465
0.6523240556936251
0.6555997134808998
0.6582828460965688
0.6603858601528447
0.6619217170402072
0.6629038871382872
0.663346304686651
0.6632633233933752
0.6626696728629704
0.6615804159263714
0.6600109069512686
0.6579767511899447
0.6554937652274406
0.6525779385821788
0.6492453964987049
0.6455123639748118
0.6413951310574467
0.6369100194395633
0.6320733503840422
0.6269014139983887
0.6214104398879962
0.6156165691863806
0.6095358279598981
0.6031841019904313
0.5965771129445744
0.5897303959362323
0.5826592784623987
0.5753788606934451
0.5679039971035981
0.5602492794296993
0.5524290209463216
0.5444572420256948
0.5363476569539001
0.5281136619760094
0.5197683245431646
0.5113243737360315
0.5027941918260761
0.4941898069392531
0.4855228867867823
0.4768047334273918
0.4680462790275657
0.4592580825776669
0.4504503275248951
0.4416328202840967
0.4328149895880209
0.4240058866418338
0.4152141860375402
0.4064481873881076
0.3977158176419306
0.3890246340384564
0.3803818276686475
0.3717942275994719
0.3632683055239327
0.3548101808998377
0.3464256265424607
0.3381200746392646
0.3298986231477193
0.3217660425417443
0.3137267828736368
0.3057849811195819
0.2979444687793926
0.29020877969855
0.2825811580830501
0.2750645666793039
0.2676616950934206
0.2603749682268039
0.2532065548003872
0.2461583759422646
0.2392321138166758
0.2324292202752902
0.2257509255136724
0.2191982467106274
0.2127719966315265
0.2064727921788298
0.2003010628743772
0.1942570592596511
0.1883408611994688
0.1825523860763988
0.1768913968643136
0.1713575100707143
0.1659502035394273
0.1606688241030984
0.1555125950770909
0.1504806235876117
0.1455719077276391
0.1407853435355094
0.1361197317908177
0.1315737846237538
0.1271461319343886
0.1228353276186176
0.1186398555987512
0.1145581356571242
0.110588529072734
0.1067293440601859
0.1029788410094317
0.09933523752612404
0.09579671327426273
0.09236141462386696
0.08902745910506159
0.08579293966923866
0.08265592875919392
0.07961448219144661
0.07666664285430497
0.07381044422483328
0.07104391370772065
0.06836507579998181
0.06577195508477363
0.0632625790578053
0.06083498079048139
0.05848720143449791
0.05621729257269797
0.05402331841992095
0.05190335787799993
0.04985550644952592
0.04787787801516335
0.04596860647953774
0.04412584728974095
0.04234777883067045
0.04063260370187848
0.03897854988087182
0.03738387177791296
0.03584685118620855
0.03436579813157411
0.03293905162604017
0.03156498032991523
0.03024198312683735
0.02896848961571455
0.02774296052357541
0.02656388804340199
0.02542979610084212
0.0243392405537375
0.02329080932809798
0.02228312249434738
0.02131483228728192
0.02038462307296163
0.0194912112657412
0.01863334519882251
0.01780980495157473
0.01701940213656996
0.01626097964925953
0.01553341138314087
0.01483560191293704
0.01416648614833146
0.01352502896068485
0.01291022478526444
0.0123210972012911
0.01175669849187077
0.01121610918581781
0.01069843758333665
0.01020281926753914
0.009728416603758611
0.009274418228110287
0.008840038526885167
0.008424517108227282
0.008027118267656622
0.007647130448806291
0.007283865700571911
0.006936659132020932
0.006604868366087976
0.006287872993044126
0.005985074024742004
0.005695893350555839
0.005419773195901714
0.005156175584126834
0.00490458180247576
0.004664491872801063
0.0044354240276384
0.004216914192155821
0.0040085154725117
0.003809797651171622
0.003620346689631991
0.003439764238886476
0.003267667157821907
0.003103687039970151
0.002947469748831852
0.002798674962169515
0.00265697572532108
0.002522058013673805
0.002393620304454106
0.002271373157940597
0.002155038808277348
0.002044350763852852
0.001939053417280927
0.001838901665011501
0.001743660536554981
0.001653104833359714
0.00156701877723084
0.001485195668308931
0.001407437552433779
0.001333554897902509
0.001263366281434779
0.001196698083340303
0.001133384191720401
0.001073265715600911
0.001016190706852335
0.0009620138907576348
0.0009105964050721968
0.0008618055473795822
0.0008155145306933128
0.0007716022470612707
0.0007299530390436866
0.0006904564788983514
0.0006530071552903738
0.0006175044673009571
0.0005838524256710142
0.0005519594610119854
0.0005217382388426457
0.0004931054813148275
0.0004659817953868137
0.0004402915072976845
0.0004159625031816529
0.0003929260756419451
0.0003711167760900758
0.0003504722727034991
0.000330933213871836
0.0003124430968777543
0.0002949481417027351
0.0002783971698388192
0.0002627414878378156
0.0002479347755701041
0.0002339329789226417
0.0002206942069065784
0.0002081786329081265
0.0001963484000317225
0.0001851675303242344
0.0001746018378232763
0.0001646188452129376
0.0001551877040359352
0.0001462791182566959
0.0001378652711213345
0.0001299197551359879
0.0001224175051023645
0.000115334734037688
0.0001086488719225469
0.0001023385071348702
9.638333047753909e-05
9.076408169023032e-05
8.54624983671291e-05
8.04612671970599e-05
7.574397736642126e-05
7.129507604709485e-05
6.709982589593235e-05
6.314426464142508e-05
5.941516656967839e-05
5.590000577436655e-05
5.258692094231081e-05
4.946468178099602e-05
4.652265711225753e-05
4.375078454579152e-05
4.113954155738706e-05
3.867991793976469e-05
3.636338952315819e-05
3.418189320419111e-05
3.21278031726868e-05
3.019390827811495e-05
2.837339052241958e-05
2.665980458370386e-05
2.504705834243442e-05
2.352939438815267e-05
2.210137242398998e-05
2.075785255150511e-05
1.949397938507383e-05
1.830516696483394e-05
1.718708443712435e-05
1.613564242317966e-05
1.514698012438328e-05
1.421745304235631e-05
1.334362135794165e-05
1.252223887096576e-05
1.17502425290798e-05
1.102474250508083e-05
1.034301273942898e-05
9.702482059318649e-06
9.100725660544853e-06
8.535457108939971e-06
8.00452071276758e-06
7.505884325775594e-06
7.037632527257156e-06
6.597960134720255e-06
6.185166093963887e-06
5.797647674015835e-06
5.433894987765029e-06
5.092485786009083e-06
4.772080541146269e-06
4.471417804638051e-06
4.189309798378942e-06
3.924638252012141e-06
3.676350468577798e-06
3.443455603055823e-06
3.225021134119856e-06
3.020169548622581e-06
2.828075194859968e-06
2.647961309132488e-06
2.479097209006453e-06
2.320795642449184e-06
2.172410280478618e-06
2.033333361322746e-06
1.902993445396339e-06
1.780853315778652e-06
1.666407972849143e-06
1.559182776316063e-06
1.458731664002668e-06
1.364635473390794e-06
1.276500367667329e-06
1.193956347617405e-06
1.116655854792862e-06
1.044272427941466e-06
9.76499478942713e-07
9.130491006948948e-07
8.536509613778703e-07
7.980512701701934e-07
7.460117735801997e-07
6.973088355948797e-07
6.517325688008065e-07
6.09085999480746e-07
5.691842996746394e-07
5.318540640257908e-07
4.969325967818032e-07
4.64267295001237e-07
4.337150247107297e-07
4.051415396002235e-07
3.784209543599179e-07
3.534352296690333e-07
3.300736974897054e-07
3.082326127079428e-07
2.878147133087901e-07
2.687288568774359e-07
2.508896156432276e-07
2.342169318438714e-07
2.186357991643481e-07
2.040759392185016e-07
1.904715120095061e-07
1.777608467697968e-07
1.658861749114077e-07
1.547933950240628e-07
1.444318464770208e-07
1.347540970977861e-07
1.257157265565369e-07
1.172751573163196e-07
1.093934644396751e-07
1.020342111883498e-07
9.516329777143017e-08
8.874881000605764e-08
8.276087927552569e-08
7.717157476207587e-08
7.195474510861482e-08
6.708593659210745e-08
6.254226463242191e-08
5.830234169473407e-08
5.434615140580177e-08
5.065498353886161e-08
4.721133250148466e-08
4.399883644587186e-08
4.100219817644375e-08
3.820711552705759e-08
3.560021015940443e-08
3.316899220323728e-08
3.090178088118516e-08
2.878766828584143e-08
2.681644934805458e-08
2.497859436090878e-08
2.326520159455624e-08
2.166795652421196e-08
2.017908848701229e-08
1.879133338228239e-08
1.749791666634806e-08
1.629250400625712e-08
1.516918316837878e-08
1.412243724670472e-08
1.314711214849576e-08
1.223839353016276e-08
1.139178927836382e-08
1.060310322660174e-08
9.868421912727393e-09
9.184092983671587e-09
8.546706791494402e-09
7.953081428258531e-09
7.400245572191624e-09
6.885435694151462e-09
6.406066028531224e-09
5.959722648849576e-09
5.544156573466202e-09
5.157270032620807e-09
4.797103683374315e-09
4.461834416467984e-09
4.149758121812111e-09
3.859289125034102e-09
3.588952706677386e-09
3.337365649081757e-09
3.103237443875762e-09
2.885373209007478e-09
2.682653817665878e-09
2.49404212383849e-09
2.318568719709071e-09
2.155327611505298e-09
2.003469061867225e-09
1.862213575718147e-09
1.730825706206179e-09
1.608619819520296e-09
1.494961802843742e-09
1.389254222038507e-09
1.290956170850702e-09
1.199550320082107e-09
1.114556233980494e-09
1.03553123848265e-09
9.62062049219365e-10
8.937619942413327e-10
8.302691323071245e-10
7.712462776542283e-10
7.163835624807391e-10
6.653907180895005e-10
6.179979743619967e-10
5.739514168487295e-10
5.330195384778854e-10
4.949798661168212e-10
4.596362278074085e-10
4.26792378237012e-10
3.962708676929365e-10
3.679168595058697e-10
3.415724596833215e-10
3.171023894575627e-10
2.94375642337353e-10
2.73262900466775e-10
2.536525530693504e-10
2.35435402969724e-10
2.185196655417844e-10
2.028150502592472e-10
1.882254339336718e-10
1.746780068737415e-10
1.620991941498613e-10
1.504160360252653e-10
1.395696143753091e-10
1.294960054351359e-10
1.201437597821876e-10
1.114661509041443e-10
1.034127415941729e-10
9.593655717471965e-11
8.899823776602309e-11
8.255799125452455e-11
7.657400123854144e-11
7.102238688286314e-11
6.587476373259054e-11
6.109485958417153e-11
5.665823279218432e-11
5.254301264098891e-11
4.872185720698832e-11
4.517795225323314e-11
4.189274604158388e-11
3.884994471293997e-11
3.602464495200765e-11
3.340416417402247e-11
3.096951095015419e-11
2.870922970658917e-11
2.6612082206216e-11
2.466725001465129e-11
2.286195836616523e-11
2.118489951988154e-11
1.963215714850469e-11
1.819536489093139e-11
1.686325165582534e-11
1.563625313775383e-11
1.44952604740646e-11
1.343598773885712e-11
1.24549635597455e-11
1.154189534393968e-11
1.069318695246894e-11
9.906367720911727e-12
9.178634654210121e-12
8.501822709471944e-12
7.873488322643421e-12
7.290344675326889e-12
6.751966775085287e-12
6.253007901308804e-12
5.790586681276976e-12
5.364846808212005e-12
4.972456526971249e-12
4.609574045934654e-12
4.272279074148457e-12
3.960404998578617e-12
3.670251442513192e-12
3.397283392316967e-12
3.142359184604944e-12
2.910486070607207e-12
2.695724831145986e-12
2.49664270058391e-12
2.310067778229179e-12
2.132837948203728e-12
1.973055314877462e-12
1.827089528833379e-12
1.689921113768304e-12
1.564976045473601e-12
1.451996674140825e-12
1.344801725085492e-12
1.247392524177008e-12
1.155877595455171e-12
1.073559885921271e-12
9.919028746284938e-13
9.195292436376973e-13
8.515393398406883e-13
7.88917783546526e-13
7.294466051550236e-13
6.714644027644429e-13
6.205251224010423e-13
5.699591713615284e-13
5.228814881849932e-13
4.822527014988139e-13
4.48859257366579e-13
4.189212441839776e-13
3.888953352116336e-13
3.615095781681691e-13
3.345489439392401e-13
3.095705894480199e-13
2.895074985881667e-13
2.73850865456105e-13
2.543974071701015e-13
2.333325128617014e-13
2.130593482769473e-13
1.974507297367341e-13
1.782073399535075e-13
1.590145203838977e-13
1.406431707192579e-13
1.288871489420674e-13
1.222488272037303e-13
1.151383144268685e-13
1.083743377945139e-13
1.073217031047474e-13
1.033497469478848e-13
9.805500379480368e-14
8.966164099616117e-14
8.252573615527573e-14
7.54822036509842e-14
6.904856993098623e-14
6.329011536494019e-14
5.704389587862284e-14
4.938445159514979e-14
4.103643625679803e-14
3.279253803123756e-14
2.973946671254102e-14
2.757246784077188e-14
2.724428890425967e-14
2.977042190937287e-14
3.2928034736552e-14
3.496200410150665e-14
3.632178984038076e-14
3.146717789899428e-14
2.923464019708886e-14
2.55563310427846e-14
2.09976212134844e-14
1.938597671404317e-14
1.455834973345193e-14
1.047068684057069e-14
7.155860676737828e-15
3.720524048366112e-15
8.572443909068173e-16
9.24223053233707e-16
2.782762636246945e-15
5.39303337199564e-15
1.110573296413856e-14
1.730776077682741e-14
1.757655181216811e-14
1.76942397563199e-14
1.531475405870166e-14
1.500375920532228e-14
9.138231852826952e-15
2.189169166968109e-15
-2.710277400389582e-15
-3.539178276904167e-15
-5.770762423710278e-15
-7.008526030242153e-15
-6.576760369822177e-15
-1.687565725240269e-16
6.577425170025055e-16
6.373007489371901e-15
7.359270894495576e-15
8.003075159293871e-15
1.153316971614204e-14
1.158517197712857e-14
1.131429700347004e-14
7.195821779406502e-15
2.652810437598695e-15
-1.607156096045505e-15
-6.747730857535118e-15
-9.879934406087055e-15
-1.048912251819623e-14
-8.939492652161115e-15
-6.47957801243077e-15
-2.109878372764213e-15
3.372051613328217e-15
8.033928299575138e-15
1.177991973185017e-14
9.471699957684635e-15
1.123984872579567e-14
7.428576987488474e-15
3.106948027925855e-15
-1.363602881803955e-15
-5.059094793052224e-15
-8.362510232458773e-15
-9.11618861859134e-15
-6.284024099456394e-15
-3.696578261952036e-15
1.47969186684269e-16
-9.364923057900215e-16
3.486268088045876e-16
2.123157448662906e-15
5.663704021278611e-16
2.608729727134441e-15
6.648009164220254e-15
1.035348369785809e-14
1.002141162027138e-14
6.657203305892473e-15
-1.22781057862568e-15
-7.265189356275548e-15
-1.050596880779142e-14
-1.217103618874054e-14
-8.079098821606913e-15
-4.221375008313782e-15
-9.71310575195567e-16
2.461466468145149e-15
7.838312494072034e-15
4.309177478564545e-15
3.428564300723271e-15
4.487053800900112e-15
