-3.744632721243835e-13
-2.300549642267865e-13
-1.408464667160807e-13
-8.745078111655942e-14
-5.484200717995322e-14
-3.473104290749487e-14
-2.193610256377189e-14
-1.337905832142026e-14
-7.350902438446159e-15
-2.200521940268063e-15
2.985410376434425e-15
9.141082786335517e-15
1.715375983076216e-14
2.860292082835822e-14
4.491580017677868e-14
6.848445290593353e-14
1.027906213181456e-13
1.520221673915641e-13
2.222696317298236e-13
3.237430352873741e-13
4.667993449143958e-13
6.693840962990773e-13
9.552971473683258e-13
1.354789200809494e-12
1.913142533427453e-12
2.68753817795898e-12
3.758194103298344e-12
5.230964600421764e-12
7.251130485713961e-12
1.000840497562068e-11
1.375826018253704e-11
1.88406582369353e-11
2.569955999575681e-11
3.492708406139224e-11
4.729724766496114e-11
6.382509301927105e-11
8.583431774636748e-11
1.150494522779451e-10
1.537075157827459e-10
2.04702011236327e-10
2.717650790307826e-10
3.596969560102493e-10
4.746548313683938e-10
6.245125488979356e-10
8.193149087552232e-10
1.071832888393233e-09
1.398270898213839e-09
1.819131023563997e-09
2.360275463122494e-09
3.054251533301156e-09
3.941901108863995e-09
5.074341343844884e-09
6.515375160182346e-09
8.344431137259185e-09
1.066013831577157e-08
1.358465598263903e-08
1.726890487154811e-08
2.189887507293418e-08
2.770320863147667e-08
3.496229517917048e-08
4.401915031231952e-08
5.529240279392882e-08
6.929174760405319e-08
8.663631134353465e-08
1.080763964289971e-07
1.345191963751384e-07
1.670591132642891e-07
2.070134315853795e-07
2.559641954781635e-07
3.158072586441553e-07
3.888096017258474e-07
4.776761770047057e-07
5.856276785736331e-07
7.164908407638239e-07
8.748030552365572e-07
1.065933321119437e-06
1.296221788682211e-06
1.57314040919605e-06
1.905477513368199e-06
2.303549416262909e-06
2.77944254573071e-06
3.347289917912637e-06
4.023586196659466e-06
4.827546000726621e-06
5.781510570912597e-06
6.911408398463123e-06
8.247275930004025e-06
9.82384498969638e-06
1.168120413275416e-05
1.386554171546236e-05
1.642997908331797e-05
1.943550285075406e-05
2.295200590194463e-05
2.705944731077608e-05
3.184914199328844e-05
3.742519144628121e-05
4.390606745203899e-05
5.14263610876977e-05
6.013870970966497e-05
7.021591488267243e-05
8.185326431257807e-05
9.52710710432169e-05
0.0001107174463137644
0.000128471330532071
0.0001488457948126762
0.0001721916267613751
0.0001989012164598081
0.0002294127586317518
0.000264214786775161
0.0003038510546717129
0.0003489257800731214
0.000400109264642854
0.0004581439032137916
0.0005238505942031341
0.0005981355615437691
0.0006819975967288261
0.0007765357274866516
0.0008829573172171025
0.00100258659658988
0.001136873625586827
0.001287403680784349
0.001455907058755499
0.0016442692821407
0.001854541690125768
0.002088952389803734
0.002349917539163139
0.002640052926729371
0.002962185813822152
0.003319367015667388
0.003714883159711892
0.004152269056200551
0.004635320113893392
0.005168104726076651
0.005754976543572296
0.006400586542539024
0.007109894785676951
0.00788818176580563
0.008741059211009672
0.009674480221685561
0.01069474861794793
0.01180852752618141
0.01302284713744724
0.01434511132994018
0.01578310283660286
0.01734498687289629
0.01903931316957871
0.02087501627191119
0.02286141388457696
0.0250082030933401
0.02732545428281367
0.02982360260692914
0.03251343685119679
0.03540608550016512
0.03851299988008488
0.04184593419514064
0.04541692233314852
0.04923825130931166
0.053322431197114
0.05768216147570133
0.06233029365589317
0.06727979013009923
0.07254367918782534
0.07813500611919313
0.0840667804391627
0.0903519191801818
0.09700318631358099
0.1040331283578191
0.1114540062094684
0.1192777233754341
0.1275157506774084
0.1361790476427591
0.1452779807914179
0.1548222390001835
0.1648207463027947
0.1752815723410369
0.1862118408533171
0.1976176365771716
0.2095039109057594
0.2218743868461641
0.2347314636365455
0.2480761215768832
0.2619078276048817
0.2762244420928729
0.291022127572889
0.3062952598587984
0.3220363422571609
0.3382359235078058
0.3548825200058692
0.3719625431076789
0.3894602320345892
0.407357593127352
0.4256343461194753
0.4442678779732327
0.4632332050873883
0.4825029443334734
0.5020472936227622
0.5218340225901926
0.5418284738258542
0.5619935753581055
0.5822898646683984
0.602675524764626
0.6231064326963692
0.6435362207168245
0.6639163505720889
0.6841962009059888
0.7043231680203197
0.7242427800618089
0.7438988245023106
0.7632334890516701
0.7821875156223335
0.8007003672223841
0.8187104074606124
0.836155092124202
0.8529711725696676
0.8690949101313347
0.8844623010204496
0.8990093109868261
0.9126721187859864
0.925387367777338
0.9370924244777861
0.9477256431797501
0.9572266355385979
0.9655365438132449
0.9725983167447328
0.9783569866005951
0.9827599462103082
0.9857572246416912
0.9873017599878767
0.9873496680511473
0.985860505301818
0.9827975247976702
0.9781279236297126
0.9718230803466145
0.9638587811358106
0.9542154331849491
0.9428782639716988
0.9298375051694441
0.9150885598028308
0.8986321516140858
0.8804744553399153
0.8606272069234107
0.8391077926803266
0.815939316453635
0.7911506441159454
0.7647764245642784
0.7368570866475401
0.7074388115633182
0.6765734803960233
0.6443185967738824
0.610737184249059
0.5758976581067883
0.539873671880955
0.5027439396618558
0.46459203558914
0.4255061692185536
0.3855789349810542
0.3449070375897317
0.3035909979419964
0.2617348423551368
0.2194457724142976
0.1768338145105105
0.1340114514486698
0.09109323945572467
0.04819541236449224
0.005435473877973948
-0.03706822055551957
-0.0791968903649681
-0.1208317630550461
-0.1618545121139036
-0.2021476977128049
-0.2415952082313031
-0.2800827006219809
-0.3174980376186395
-0.3537317198321181
-0.3886773107362413
-0.4222318526049657
-0.454296271486411
-0.4847757693210709
-0.5135802014229844
-0.5406244375313254
-0.5658287047714398
-0.5891189109261868
-0.6104269464769213
-0.6296909640428862
-0.6468556338679792
-0.6618723741921397
-0.6746995554309611
-0.6853026771689761
-0.6936545171801989
-0.6997352517400961
-0.7035325467097182
-0.7050416189723722
-0.7042652678999017
-0.7012138767485663
-0.6959053839448903
-0.6883652244377544
-0.6786262413979133
-0.6667285686510571
-0.6527194844405821
-0.6366532371598819
-0.61859084388714
-0.5985998626555037
-0.5767541394895304
-0.5531335314089585
-0.5278236066231147
-0.5009153232906953
-0.4725046882977013
-0.4426923975796263
-0.4115834596297194
-0.3792868038300076
-0.3459148753426782
-0.3115832183392991
-0.2764100493772466
-0.2405158227873032
-0.2040227899191178
-0.1670545541304082
-0.1297356233948026
-0.09219096239056049
-0.05454554593183826
-0.0169239155656038
0.02055025886583725
0.05775461094362237
0.09456850096778519
0.1308734291826917
0.1665534373476905
0.2014954971394874
0.2355898839495679
0.2687305347173831
0.3008153885406395
0.3317467088777223
0.3614313862637833
0.3897812205596983
0.4167131818513247
0.4421496492448553
0.4660186268747571
0.4882539365684027
0.5087953867171213
0.5275889170056445
0.5445867187864143
0.5597473309560431
0.5730357113278284
0.5844232835865644
0.5938879599960953
0.6014141401583807
0.6069926861935288
0.6106208748339733
0.6123023269963668
0.612046915459416
0.6098706513882645
0.605795550490669
0.5998494796889436
0.5920659852410477
0.5824841032885505
0.5711481538912032
0.5581075196237543
0.5434164098782683
0.5271336120387169
0.5093222307131472
0.4900494162561806
0.4693860838053152
0.4474066240895744
0.4241886072631844
0.3998124810077913
0.374361264161522
0.3479202371029307
0.3205766301176954
0.2924193109497282
0.2635384727094984
0.2340253232945955
0.2039717774276341
0.1734701523922039
0.1426128684994619
0.1114921552697388
0.08019976427476995
0.04882668953355335
0.01746289630551641
-0.01380294093637984
-0.04488369062606157
-0.07569400564597824
-0.1061505536769154
-0.1361722358025748
-0.1656803928765695
-0.1945989992196612
-0.2228548432821458
-0.2503776949571297
-0.2771004592904484
-0.3029593163932901
-0.327893847425376
-0.3518471465829545
-0.3747659190616069
-0.3966005650240589
-0.4173052496558121
-0.4368379594408667
-0.4551605448470646
-0.4722387496401326
-0.4880422270980226
-0.5025445434362245
-0.5157231687902826
-0.5275594561505291
-0.5380386086551804
-0.5471496356901949
-0.5548852982693364
-0.5612420441880617
-0.5662199334774338
-0.5698225546903465
-0.5720569325846326
-0.5729334277707211
-0.5724656288906302
-0.5706702379177822
-0.5675669491647907
-0.5631783225996441
-0.5575296520652062
-0.5506488289914212
-0.5425662021979314
-0.533314434361436
-0.5229283557286719
-0.5114448156388688
-0.49890253239767
-0.4853419420402351
-0.4708050465115243
-0.4553352617888278
-0.4389772664343428
-0.4217768510293534
-0.4037807689354344
-0.3850365888207772
-0.3655925493759656
-0.3454974166025656
-0.3248003440210996
-0.3035507361339889
-0.2817981154661204
-0.2595919934869793
-0.236981745678879
-0.2140164909819492
-0.1907449758328074
-0.1672154629984225
-0.1434756253844642
-0.1195724449637606
-0.0955521169433962
-0.07145995927363462
-0.0473403275826088
-0.02323653559905432
0.000809218898664394
0.02475592258918202
0.04856380956974853
0.07219441879084498
0.09561064599825872
0.1187767902334614
0.1416585949599085
0.1642232839003148
0.1864395916798458
0.2082777893824397
0.2297097051400043
0.2507087398876197
0.2712498784319407
0.2913096959800945
0.3108663602838435
0.3298996295640406
0.3483908463927345
0.366322927720931
0.3836803512279244
0.4004491381731229
0.4166168329388041
0.432172479458885
0.4471065947322179
0.4614111396105968
0.4750794870587596
0.4881063880801283
0.5004879354954972
0.5122215257655099
0.5233058190432406
0.5337406976428567
0.5435272231060253
0.5526675920462897
0.5611650909554564
0.5690240501303463
0.5762497968750394
0.5828486081366165
0.5888276627357713
0.5941949933511643
0.5989594383878447
0.6031305938578941
0.6067187654016691
0.6097349205778331
0.6121906415472682
0.6140980782514549
0.6154699021844735
0.616319260854602
0.616659733027653
0.6165052848415952
0.6158702268624775
0.6147691721502807
0.613216995398399
0.6112287932053577
0.6088198455350534
0.6060055784064619
0.6028015278520282
0.5992233051791616
0.5952865635650859
0.5910069660147337
0.5864001546943787
0.581481721653741
0.5762671809460315
0.5707719421504208
0.565011285301345
0.5590003372173522
0.5527540492215869
0.5462871762433184
0.5396142572891161
0.5327495972723861
0.5257072501754632
0.5185010035205477
0.5111443641244928
0.5036505451101266
0.4960324541477398
0.4883026828923917
0.4804734975832745
0.4725568307710105
0.4645642741390796
0.4565070723872969
0.4483961181344592
0.4402419477985804
0.4320547384159525
0.4238443053633752
0.4156201009490011
0.4073912138261899
0.3991663691881792
0.390953929703685
0.3827618971540751
0.3745979147341623
0.3664692699758446
0.3583828982557697
0.3503453868490046
0.3423629794918927
0.3344415814201566
0.3265867648429633
0.3188037748170922
0.311097535486878
0.3034726566563903
0.2959334406625507
0.2884838895167534
0.2811277122852182
0.2738683326787351
0.2667088968227344
0.2596522811808943
0.2527011006062594
0.2458577164975096
0.2391242450362072
0.2325025654792776
0.2259943284838172
0.2196009644456953
0.2133236918359767
0.207163525516535
0.2011212850148743
0.1951976027410141
0.1893929321328152
0.1837075557175325
0.1781415930765729
0.1726950087007408
0.1673676197259439
0.1621591035379665
0.1570690052362056
0.152096744948272
0.1472416249891841
0.1425028368598653
0.1378794680775228
0.1333705088321314
0.1289748584646755
0.1246913317642211
0.1205186650819035
0.1164555222579505
0.1125005003589726
0.1086521352243068
0.1049089068219238
0.1012692444147537
0.09773153153619674
0.09429411077450296
0.09095528836714797
0.08771333860734427
0.08456650806496904
0.08151301962347517
0.07855107633493202
0.07567886509597394
0.07289456014757888
0.07019632640209032
0.06758232260068982
0.06505070430523016
0.06259962672806829
0.06022724740310639
0.05793172870160223
0.05571124019741489
0.05356396088610523
0.05148808126225751
0.04948180525911186
0.0475433520552089
0.04567095775200857
0.04386287692657405
0.04211738406378909
0.04043277487281299
0.0388073674924072
0.03723950358916253
0.03572754935262604
0.03426989639177219
0.03286496253724177
0.03151119255407832
0.03020705876838509
0.02895106161175077
0.02774173008734175
0.02657762216179982
0.02545732508681257
0.02437945565401804
0.02334266038697574
0.02234561567372606
0.02138702784312972
0.02046563318819677
0.01958019793979222
0.01872951819392551
0.01791241979565727
0.01712775818240883
0.01637441818960182
0.01565131382123126
0.01495738798789965
0.01429161221478153
0.01365298632226455
0.01304053808173257
0.0124533228483979
0.01189042317306409
0.01135094839481051
0.01083403421690016
0.01033884226793031
0.009864559649738197
0.009410398473454252
0.008975595385386557
0.008559411084366707
0.0081611298320718
0.00778005895758093
0.007415528357227376
0.007066889991054478
0.006733517376982194
0.00641480508386228
0.006110168224253325
0.005819041947908199
0.005540880936713151
0.005275158901957729
0.005021368084505505
0.004779018758663457
0.004547638740512097
0.004326772901168281
0.004115982685473901
0.003914845636553818
0.003722954926687903
0.003539918894916935
0.003365360591692927
0.003198917330987371
0.003040240250151247
0.002888993877701722
0.002744855709222289
0.002607515791556661
0.002476676315473473
0.002352051216972594
0.002233365787291893
0.002120356291720545
0.002012769597262828
0.001910362809172702
0.001812902916373319
0.001720166445772191
0.001631939125464679
0.001548015556768985
0.001468198895058131
0.001392300539316229
0.001320139830329469
0.001251543757455067
0.001186346673856302
0.001124390020104223
0.001065522056086082
0.001009597600997129
0.0009564777813362911
0.0009060297867717543
0.0008581266337051491
0.0008126469364858826
0.0007694746860381022
0.0007284990357746447
0.0006896140946558351
0.0006527187272096262
0.0006177163603739932
0.000584514797003219
0.0005530260358946509
0.0005231660981269696
0.0004948548595901826
0.0004680158895318998
0.0004425762949224203
0.0004184665706266535
0.000395620455133647
0.0003739747915408153
0.0003534693935675354
0.0003340469165998378
0.000315652734182655
0.0002982348196814317
0.0002817436321879846
0.0002661320062342264
0.0002513550456944982
0.0002373700223763555
0.0002241362789618504
0.0002116151358553048
0.0001997698015784553
0.0001885652868297509
0.0001779683220682395
0.0001679472785691059
0.0001584720927903469
0.0001495141938417565
0.0001410464340785534
0.0001330430225816913
0.0001254794615450409
0.0001183324853494703
0.0001115800022856711
0.0001052010388007173
9.91756862135608e-05
9.348504972270331e-05
8.811119969248795e-05
8.303712510122523e-05
7.824668907394449e-05
7.372458639619401e-05
6.945630294868786e-05
6.542807699123188e-05
6.162686218492675e-05
5.804029233872006e-05
5.465664772730876e-05
5.146482302379666e-05
4.845429667081529e-05
4.561510170844533e-05
4.293779795436343e-05
4.041344548787118e-05
3.803357941810913e-05
3.579018577728981e-05
3.367567865116173e-05
3.168287833843347e-05
2.980499057126399e-05
2.803558676670988e-05
2.636858519328327e-05
2.479823307001479e-05
2.331908954648709e-05
2.192600950235711e-05
2.061412815677274e-05
1.937884641185749e-05
1.821581695225604e-05
1.712093102383123e-05
1.609030585139011e-05
1.512027272241424e-05
1.420736563018948e-05
1.33483105243079e-05
1.254001507479939e-05
1.177955898404892e-05
1.106418475258658e-05
1.039128897233295e-05
9.75841399507844e-06
9.163240107047287e-06
8.60357803555786e-06
8.077361897416215e-06
7.582642473344015e-06
7.117580848271101e-06
6.68044240075801e-06
6.269591071065385e-06
5.883483971592405e-06
5.520666241196945e-06
5.179766195911249e-06
4.859490727743358e-06
4.558620946163753e-06
4.276008063820842e-06
4.010569489628741e-06
3.761285120200381e-06
3.527193868764941e-06
3.307390340384381e-06
3.101021707904849e-06
2.907284749192633e-06
2.725423059499927e-06
2.554724385556392e-06
2.394518140593101e-06
2.244173027917192e-06
2.103094809311685e-06
1.970724185826151e-06
1.846534808394857e-06
1.730031398199778e-06
1.620747942473687e-06
1.518246024650518e-06
1.422113236035869e-06
1.331961674871152e-06
1.247426524481764e-06
1.168164715192159e-06
1.093853667510678e-06
1.024190107614558e-06
9.588889114942301e-07
8.976820746649388e-07
8.403177103148749e-07
7.865590782432678e-07
7.361837265602415e-07
6.88982639563066e-07
6.447594411242878e-07
6.033296399762604e-07
5.645199554086181e-07
5.281676317897329e-07
4.941198181403371e-07
4.622329786893409e-07
4.323723475407006e-07
4.044113873685264e-07
3.782313127095838e-07
3.537206287761269e-07
3.307746772226586e-07
3.092952383727974e-07
2.891901407931886e-07
2.703728979193354e-07
2.527623541185739e-07
2.362823849747751e-07
2.208615844089562e-07
2.064329583518031e-07
1.929336894479279e-07
1.803048575954855e-07
1.684912138452746e-07
1.574409559098112e-07
1.47105514376902e-07
1.374393620340343e-07
1.283998062243465e-07
1.199468432538122e-07
1.120429761089654e-07
1.046530642732041e-07
9.774418030093479e-08
9.128546999095072e-08
8.52480265005734e-08
7.960476804069849e-08
7.433032695590569e-08
6.940094085475011e-08
6.479435598930105e-08
6.048972633323816e-08
5.646753793882502e-08
5.27095089747408e-08
4.919853399352943e-08
4.591858675158114e-08
4.285467149821835e-08
3.99927534546458e-08
3.731968734183258e-08
3.482317701382227e-08
3.24917181683371e-08
3.031454125520934e-08
2.828156139323977e-08
2.638335314857356e-08
2.461109479478761e-08
2.295653988565137e-08
2.141197492954632e-08
1.997017879299438e-08
1.862439162277502e-08
1.736829993546231e-08
1.619599378959632e-08
1.510195548091618e-08
1.408102242966707e-08
1.312837086114972e-08
1.223948258105446e-08
1.14101418932475e-08
1.063641527908763e-08
9.914606666104255e-09
9.241279852157711e-09
8.613212412290768e-09
8.027394094332062e-09
7.481014240619973e-09
6.97145004927902e-09
6.496245655183439e-09
6.053105740655976e-09
5.639891829508709e-09
5.254607701407479e-09
4.895389633238624e-09
4.560491624340388e-09
4.24828342871483e-09
3.957253461888337e-09
3.685975669918084e-09
3.433118023554688e-09
3.197447345051327e-09
2.977800823609156e-09
2.773107662149609e-09
2.582356298293958e-09
2.404601317837559e-09
2.238967410028742e-09
2.084635695686642e-09
1.940844474460461e-09
1.806885288746334e-09
1.682093314350178e-09
1.565850453227798e-09
1.457569664099427e-09
1.356713883003264e-09
1.262779294551507e-09
1.175296115927406e-09
1.09381889731405e-09
1.017943423911212e-09
9.472818164372637e-10
8.814850322900136e-10
8.202206079906942e-10
7.631807455331135e-10
7.10076417508872e-10
6.606380624224893e-10
6.14609731463124e-10
5.717646890988765e-10
5.318805897348004e-10
4.947574452684432e-10
4.602073628370592e-10
4.280485788647716e-10
3.981234408943242e-10
3.702733180700172e-10
3.443584797800008e-10
3.202437119391257e-10
2.978067819768612e-10
2.769323872063234e-10
2.575049977914525e-10
2.394337304393591e-10
2.226201444936816e-10
2.069727155979652e-10
1.92417133390338e-10
1.788721397925113e-10
1.662761999848179e-10
1.545661192833162e-10
1.436794953619147e-10
1.335542868231804e-10
1.241412251832713e-10
1.153840733423598e-10
1.072426871168394e-10
9.966655898890429e-11
9.261899474132295e-11
8.606707558923656e-11
7.997636437952548e-11
7.431196477230228e-11
6.904829398277705e-11
6.415579439339873e-11
5.961070484916213e-11
5.538547562266314e-11
5.145514950176669e-11
4.779917962320702e-11
4.440191537575486e-11
4.124676773067713e-11
3.83154273280736e-11
3.559083179974947e-11
3.305914677639692e-11
3.070648300190224e-11
2.851775675967527e-11
2.6485769454787e-11
2.459612343402997e-11
2.284041494923147e-11
2.121079969999702e-11
1.969634744315579e-11
1.829425254835928e-11
1.699171411862772e-11
1.577804307221568e-11
1.464418438186664e-11
1.35956191468262e-11
1.261926573764993e-11
1.171145704561449e-11
1.08694792785483e-11
1.008909759095839e-11
9.367527371578787e-12
8.697619250888337e-12
8.078125754901161e-12
7.50183330043291e-12
6.965961617171809e-12
6.4685967582558e-12
6.003349441476578e-12
5.571948181353704e-12
5.166625556129874e-12
4.791790839095404e-12
4.443118756722564e-12
4.116263767091752e-12
3.816634872785253e-12
3.542343409004529e-12
3.287434499550108e-12
3.054131140381275e-12
2.838416376375644e-12
2.637259119550434e-12
2.451816696838144e-12
2.278769792779174e-12
2.115582218247056e-12
1.962263643822458e-12
1.813195366305966e-12
1.67871957686231e-12
1.552961787484758e-12
1.433145211167468e-12
1.326270066249697e-12
1.228330341000452e-12
1.142676830093408e-12
1.064658439926535e-12
9.952844726857546e-13
9.299441698691137e-13
8.629931662909265e-13
8.016175985097303e-13
7.406480889201714e-13
6.859707172738189e-13
6.301099333056532e-13
5.808877450617293e-13
5.350703898982035e-13
4.963159055231665e-13
4.624583234446516e-13
4.309874299548722e-13
4.003032482097345e-13
3.688956204229607e-13
3.412741921057265e-13
3.171087816554777e-13
2.958429528360154e-13
2.787055595804614e-13
2.611388411759556e-13
2.43558340731736e-13
2.250898299645009e-13
2.057254236192497e-13
1.894740133564518e-13
1.691939196955643e-13
1.526381297349978e-13
1.418623204488675e-13
1.319686255575164e-13
1.264556083080717e-13
1.193602332593062e-13
1.138856805081677e-13
1.077765510597342e-13
1.02483174878253e-13
9.447818879368431e-14
8.162408994544615e-14
7.470857453157201e-14
6.562420258824525e-14
6.028718354554473e-14
5.578554025194587e-14
5.449761760446255e-14
5.194709363155873e-14
5.038857703632375e-14
4.593854724610418e-14
4.001752337302942e-14
3.952177462765171e-14
3.742563854199997e-14
3.861718826506968e-14
3.287273524393163e-14
2.578810766477109e-14
2.023813477552713e-14
1.538903897903146e-14
1.721222520711459e-14
1.79049724715236e-14
2.008723770728892e-14
2.398004739004104e-14
2.271627628648927e-14
2.265030870530984e-14
2.00989894496755e-14
1.380708716450316e-14
8.478235468556622e-15
6.597324286520743e-15
6.906980150914076e-15
4.05787321253236e-15
4.509563634906409e-15
4.400447691499018e-15
7.098335201077312e-15
9.840499339386412e-15
1.142860700616371e-14
1.052633590864332e-14
8.398763215637933e-15
7.630237854850458e-15
5.768306293634145e-15
3.518235509235393e-15
2.606794814481254e-15
3.340555246440761e-15
1.164771003738839e-15
4.146530554455309e-16
-4.173884509643011e-16
3.141942985861527e-15
1.853409841366145e-15
1.407297938770185e-15
4.111722799814394e-15
3.353140131274263e-15
3.101295647731108e-15
1.201209853019801e-15
3.919086471033705e-15
4.063781768808017e-15
3.043525188861094e-15
2.257702872705357e-15
4.318462006719458e-15
-7.417594963478917e-16
6.042591774829451e-16
-1.187651442174024e-15
-3.677778434522509e-15
