1.695301884734162e-12
1.047868657710148e-12
6.516406730416907e-13
4.06353281450775e-13
2.547674374761515e-13
1.597529385818655e-13
9.923438986956626e-14
5.976738621823271e-14
3.305007627915244e-14
1.351584070430018e-14
-2.760850918038135e-15
-1.826840144256657e-14
-3.551134084411529e-14
-5.728598449945877e-14
-8.730206057438781e-14
-1.287521595380627e-13
-1.874803498983515e-13
-2.715968323261693e-13
-3.907997128049788e-13
-5.601013587122398e-13
-7.998303929478361e-13
-1.136306491626509e-12
-1.607872877051833e-12
-2.265386572831975e-12
-3.176108357678389e-12
-4.436090733010928e-12
-6.16933847680537e-12
-8.542801018653149e-12
-1.178259535865207e-11
-1.618761447994313e-11
-2.2151878326829e-11
-3.019977839299031e-11
-4.102065324736714e-11
-5.551926567681618e-11
-7.487992113331881e-11
-1.006461302341787e-10
-1.348265876846444e-10
-1.800236769892911e-10
-2.396019088294243e-10
-3.17897729470145e-10
-4.20482776741515e-10
-5.544983830367004e-10
-7.290675776140875e-10
-9.558196256962795e-10
-1.249530607994679e-09
-1.628934039947369e-09
-2.117707897740104e-09
-2.745707245177147e-09
-3.550471186573081e-09
-4.579075714360705e-09
-5.890404978477267e-09
-7.557909030035138e-09
-9.67296519069516e-09
-1.234896348492369e-08
-1.572624822917823e-08
-1.997808821206223e-08
-2.531787340417581e-08
-3.200774918676051e-08
-4.03689755069976e-08
-5.079430022456194e-08
-6.376272066809352e-08
-7.985703618063344e-08
-9.978468798986161e-08
-1.244024135544836e-07
-1.54745378337801e-07
-1.920614973661837e-07
-2.378517740418603e-07
-2.939176226025367e-07
-3.624162401320737e-07
-4.459252581810878e-07
-5.475180652273973e-07
-6.708513658870223e-07
-8.202667449060453e-07
-1.000908223036813e-06
-1.218858044482664e-06
-1.481293168063135e-06
-1.79666528166997e-06
-2.174907409376397e-06
-2.627670553350336e-06
-3.168594186012485e-06
-3.813614807388473e-06
-4.581317209671867e-06
-5.493333553703998e-06
-6.574795854137159e-06
-7.854847980732836e-06
-9.367223849991652e-06
-1.11508990322365e-05
-1.325082363245971e-05
-1.571874488901317e-05
-1.861412859577973e-05
-2.200518909466605e-05
-2.597003822744178e-05
-3.059796428405195e-05
-3.599085260526053e-05
-4.226476009569134e-05
-4.955165641961125e-05
-5.80013451541267e-05
-6.778357852706497e-05
-7.909037963679852e-05
-9.213858615963909e-05
-0.000107172629470028
-0.000124467563150118
-0.0001443323586879727
-0.0001671134964544175
-0.000193198863944538
-0.0002230219747474494
-0.0002570665243374746
-0.0002958712986543024
-0.00034003545087539
-0.0003902241610790923
-0.0004471746925127214
-0.0005117028570007982
-0.0005847099005541803
-0.0006671898185295274
-0.000760237107617717
-0.0008650549596133003
-0.0009829638991909258
-0.001115410864855398
-0.001263978728773261
-0.001430396247345252
-0.001616548430053269
-0.001824487309431585
-0.002056443089747493
-0.002314835646329044
-0.002602286341275346
-0.002921630114588089
-0.00327592780327807
-0.00366847864274898
-0.004102832918202307
-0.004582804687404176
-0.005112484493199439
-0.005696251982561898
-0.00633878834061464
-0.007045088438947385
-0.007820472588077962
-0.008670597774096825
-0.009601468249523216
-0.01061944533819972
-0.01173125630521489
-0.0129440021547194
-0.0142651644023227
-0.01570261075259758
-0.0172645993232365
-0.01895978104846694
-0.02079720017987631
-0.02278629284005044
-0.02493688348556616
-0.0272591790397686
-0.02976376052065337
-0.03246157197772849
-0.03536390659859391
-0.03848238982726682
-0.04182895930823292
-0.04541584153964027
-0.04925552506006231
-0.053360730063449
-0.05774437433009155
-0.06241953534032296
-0.06739940853372298
-0.07269726159904061
-0.07832638477884753
-0.08430003716950905
-0.09063138897544026
-0.09733345980552011
-0.1044190530007133
-0.1119006861127252
-0.1197905176501205
-0.1281002701819504
-0.1368411500522825
-0.146023763833318
-0.1556580318077522
-0.1657530987628626
-0.176317242343861
-0.1873577794131113
-0.1988809706943772
-0.2108919241726157
-0.2233944977033541
-0.2363912012396048
-0.2498830993141297
-0.2638697141927726
-0.2783489303321705
-0.2933169007416262
-0.3087679557797021
-0.324694515168224
-0.341087003731275
-0.3579337716084893
-0.3752210196266191
-0.3929327304056091
-0.411050606045684
-0.4295540129125149
-0.4484199342937077
-0.4676229315969028
-0.4871351146137044
-0.5069261216570083
-0.5269631099826704
-0.5472107571679475
-0.5676312739826486
-0.5881844291114425
-0.6088275863757503
-0.629515754634265
-0.6502016508028649
-0.6708357762718493
-0.6913665067995161
-0.7117401962533042
-0.7319012940335787
-0.751792476282601
-0.7713547907961146
-0.7905278153334752
-0.8092498293118848
-0.8274579983138081
-0.8450885711115609
-0.8620770887080611
-0.8783586046587604
-0.8938679162381803
-0.9085398054521717
-0.9223092891852785
-0.9351118775662779
-0.9468838394024894
-0.957562473836242
-0.9670863868628998
-0.9753957716559888
-0.9824326914429752
-0.9881413634587956
-0.9924684428273425
-0.9953633047637911
-0.9967783238108904
-0.9966691486565341
-0.9949949709128908
-0.9917187865758404
-0.9868076484863529
-0.9802329084448492
-0.9719704475260801
-0.9620008930480682
-0.9503098209930532
-0.9368879423448936
-0.9217312721503631
-0.9048412800710841
-0.8862250211617344
-0.8658952459509589
-0.8438704886668996
-0.8201751327868158
-0.7948394531048601
-0.7678996335477314
-0.7393977602993941
-0.7093817896112313
-0.6779054899767819
-0.6450283584602999
-0.6108155111135557
-0.5753375477126548
-0.5386703907233484
-0.5008950985301089
-0.4620976535067658
-0.4223687262180756
-0.3818034172589371
-0.3405009759176968
-0.2985644946578914
-0.2561005816150344
-0.2132190153247354
-0.1700323841202095
-0.1266557083556583
-0.08320604549374981
-0.03980208074201559
0.003436293691378798
0.0463884089829155
0.08893325840282884
0.1309499424971821
0.1723181186698718
0.2129184531366948
0.2526330732803899
0.2913460183531659
0.3289436864669631
0.3653152758195796
0.4003532181185915
0.4339536022400011
0.4660165861216793
0.4964467949879073
0.5251537040469487
0.5520520038456275
0.5770619466106549
0.6001096719051395
0.621127510092954
0.64005426218346
0.6568354547054361
0.6714235684557587
0.6837782399987512
0.6938664350044914
0.7016625926133156
0.7071487401080936
0.710314577401522
0.7111575309033613
0.7096827765619996
0.7059032319799383
0.6998395176053979
0.6915198872307958
0.6809801280908525
0.6682634310699235
0.6534202316312235
0.636508022183748
0.6175911368061295
0.5967405092863863
0.5740334056197165
0.5495531321971227
0.5233887210058193
0.4956345933157915
0.4663902033406472
0.435759663493729
0.4038513529224595
0.3707775110610161
0.336653818032538
0.3015989637168406
0.265734207375015
0.2291829297425403
0.192070179514815
0.1545222161759504
0.1166660510912336
0.07862898879397424
0.0405381703672902
0.002520120790342415
-0.03529969791034908
-0.07279732591641147
-0.1098507355416521
-0.1463402501511747
-0.1821489504673945
-0.2171630667382242
-0.2512723553133566
-0.2843704582691859
-0.3163552448134573
-0.3471291332912309
-0.3765993927334818
-0.4046784229680973
-0.4312840124356976
-0.4563395729591231
-0.4797743508215636
-0.5015236136478791
-0.5215288126533103
-0.5397377199602895
-0.55610454079213
-0.5705900004559636
-0.5831614061648529
-0.5937926838152329
-0.6024643899735342
-0.6091636994134776
-0.6138843686246623
-0.6166266758377837
-0.6173973381744736
-0.6162094066472295
-0.6130821397954536
-0.6080408567989561
-0.6011167710128639
-0.5923468049013013
-0.5817733874342831
-0.5694442350490733
-0.5554121173094122
-0.5397346084638484
-0.5224738261078605
-0.5036961582070595
-0.4834719797484426
-0.4618753602918067
-0.4389837637249602
-0.4148777415045605
-0.3896406206835243
-0.3633581880067059
-0.3361183713347224
-0.3080109196549344
-0.2791270828973442
-0.2495592927584166
-0.219400845697637
-0.1887455892319355
-0.157687612621175
-0.126320942980932
-0.09473924782087187
-0.06303554495102304
-0.0313019206432332
0.0003707431144088611
0.03189303149134093
0.06317724909680375
0.09413766101535412
0.1246907219993446
0.1547552932840635
0.1842528465520633
0.2131076546378274
0.2412469686264922
0.2686011810618583
0.2951039750492815
0.3206924590852386
0.3453072875064073
0.3688927665114932
0.3913969457697312
0.4127716956954754
0.4329727704964821
0.4519598571622689
0.4696966106082812
0.4861506752364851
0.5012936932267175
0.5151012998953446
0.5275531065063446
0.5386326709528241
0.548327456756504
0.5566287808760794
0.563531750818441
0.5690351915833929
0.573141562990776
0.5758568679520185
0.5771905522745012
0.577155396585608
0.5757674009894067
0.5730456630646685
0.5690122498052469
0.5636920641202687
0.5571127065028151
0.5493043324824434
0.5402995064653014
0.530133052554065
0.5188419029421923
0.506464944448393
0.4930428637581419
0.4786179919170054
0.4632341485946406
0.4469364866292287
0.429771337348009
0.4117860571510609
0.3930288758060392
0.3735487468634398
0.3533952005924033
0.3326181998257068
0.3112679990848077
0.2893950073145451
0.2670496545206045
0.2442822625894414
0.2211429205544317
0.1976813645509605
0.17394686266488
0.1499881048473226
0.1258530980534961
0.101589066745918
0.07724235887900986
0.05285835745120831
0.02848139768667993
0.004154689892752111
-0.02007975198007195
-0.04418117606990753
-0.0681101526429015
-0.09182862847331713
-0.115299975614795
-0.1384890346287492
-0.1613621523507604
-0.1838872142905807
-0.2060336717763815
-0.227772563969968
-0.2490765348846365
-0.2699198455479756
-0.2902783814629308
-0.3101296555320395
-0.3294528066218684
-0.348228593940218
-0.3664393874038199
-0.3840691541835092
-0.4011034416245839
-0.4175293567490886
-0.4333355425289784
-0.4485121511232712
-0.4630508142780734
-0.4769446110937191
-0.4901880333646269
-0.502776948686063
-0.5147085615281711
-0.5259813724717928
-0.5365951357921137
-0.5465508155786668
-0.5558505405740305
-0.5644975579118789
-0.5724961859295622
-0.5798517662274113
-0.5865706151502854
-0.5926599748386661
-0.5981279639929064
-0.6029835284965687
-0.6072363920476633
-0.6108970069433595
-0.6139765051335826
-0.6164866496565791
-0.6184397865695576
-0.6198487974868421
-0.6207270528348021
-0.6210883659073186
-0.6209469478045153
-0.6203173633338945
-0.6192144879493261
-0.6176534658007471
-0.6156496689478552
-0.6132186577896187
-0.6103761427572231
-0.6071379473125454
-0.603519972292696
-0.5995381616258253
-0.5952084694421198
-0.5905468285994759
-0.5855691206395968
-0.580291147189951
-0.5747286028106702
-0.5688970492860441
-0.5628118913572681
-0.5564883538890147
-0.5499414604621319
-0.5431860133745925
-0.5362365750318975
-0.529107450706584
-0.5218126726457424
-0.5143659855063
-0.5067808330840025
-0.4990703463045909
-0.4912473324450429
-0.483324265550728
-0.4753132780159078
-0.4672261532876532
-0.4590743196543548
-0.4508688450800529
-0.4426204330465688
-0.4343394193674398
-0.4260357699278612
-0.4177190793063301
-0.4093985702370407
-0.4010830938751233
-0.39278113082851
-0.3845007929097751
-0.3762498255652532
-0.3680356109409891
-0.3598651715460373
-0.3517451744752857
-0.3436819361515768
-0.3356814275490931
-0.3277492798608981
-0.3198907905751013
-0.3121109299268813
-0.3044143476890287
-0.2968053802669276
-0.2892880580656984
-0.2818661130981897
-0.2745429868046251
-0.2673218380540326
-0.2602055513001434
-0.2531967448650473
-0.2462977793242393
-0.2395107659690969
-0.2328375753235113
-0.2262798456949816
-0.2198389917389532
-0.2135162130137549
-0.2073125025062946
-0.2012286551127796
-0.1952652760610666
-0.1894227892590626
-0.1837014455521657
-0.1781013308756334
-0.1726223742909417
-0.1672643558965486
-0.1620269146027004
-0.1569095557603708
-0.1519116586367349
-0.14703248372853
-0.1422711799056973
-0.1376267913796171
-0.133098264491898
-0.1286844543205253
-0.1243841310983262
-0.120195986440088
-0.1161186393760153
-0.1121506421905124
-0.1082904860660289
-0.1045366065300848
-0.1008873887044897
-0.09734117235710651
-0.09389625675809748
-0.09055090534288904
-0.08730335018210576
-0.08415179625951506
-0.08109442556041435
-0.0781294009735994
-0.07525487001025415
-0.072468968342344
-0.06976982316367747
-0.06715555637716875
-0.06462428761215717
-0.06217413707575292
-0.05980322824216677
-0.05750969038454579
-0.05529166095343131
-0.05314728780560397
-0.05107473128751226
-0.04907216617804176
-0.04713778349555808
-0.04526979217375272
-0.04346642061068805
-0.04172591809592343
-0.0400465561198548
-0.03842662956956074
-0.03686445781565861
-0.03535838569496484
-0.03390678439351956
-0.03250805223405245
-0.03116061537197105
-0.02986292840406305
-0.02861347489444879
-0.02741076782214223
-0.02625334995373911
-0.02513979414488434
-0.02406870357424912
-0.02303871191403535
-0.02204848344057884
-0.02109671308854408
-0.02018212645225998
-0.01930347973741019
-0.01845955966609525
-0.01764918333829985
-0.01687119805280812
-0.01612448109056244
-0.01540793946317481
-0.01472050962925234
-0.0140611571810388
-0.01342887650384211
-0.01282269041044968
-0.01224164975279774
-0.01168483301325175
-0.0111513458777767
-0.01064032079261661
-0.01015091650613309
-0.009682317597600562
-0.009233733994898616
-0.008804400482872878
-0.008393576203650235
-0.008000544150102155
-0.007624610653928797
-0.007265104869656518
-0.006921378255903622
-0.006592804054925479
-0.006278776771310873
-0.005978711650948574
-0.00569204416111913
-0.005418229472695615
-0.005156741945118217
-0.004907074614955218
-0.004668738688569577
-0.004441263039629583
-0.004224193711911481
-0.004017093427968257
-0.003819541104259853
-0.003631131373109294
-0.003451474111826727
-0.003280193979265475
-0.003116929960257531
-0.00296133491804079
-0.002813075155025693
-0.002671829982109134
-0.002537291296729035
-0.002409163169775928
-0.00228716144139024
-0.002171013325809197
-0.002060457025311282
-0.00195524135330799
-0.001855125366655652
-0.001759878007094441
-0.001669277751920355
-0.001583112273754898
-0.001501178109400867
-0.001423280337737022
-0.001349232266576878
-0.001278855128385644
-0.001211977784810374
-0.001148436439831243
-0.001088074361491386
-0.001030741612043695
-0.000976294786411739
-0.0009245967588278553
-0.0008755164374891176
-0.0008289285271011896
-0.0007847132991458593
-0.0007427563696530342
-0.0007029484844468399
-0.0006651853116213847
-0.0006293672411127576
-0.0005953991911837564
-0.0005631904216707789
-0.0005326543538050753
-0.0005037083964546459
-0.0004762737786290811
-0.000450275388083851
-0.0004256416158291559
-0.0004023042064071013
-0.0003801981137509368
-0.0003592613624659601
-0.0003394349144490013
-0.0003206625406624557
-0.0003028906977555459
-0.0002860684092953484
-0.0002701471516844229
-0.000255080744987261
-0.0002408252483870693
-0.0002273388596376537
-0.0002145818179544358
-0.0002025163108372295
-0.0001911063849868363
-0.000180317861222013
-0.0001701182528577715
-0.0001604766873541916
-0.0001513638312338264
-0.0001427518182019652
-0.0001346141803384054
-0.0001269257822758261
-0.0001196627581669639
-0.0001128024514113854
-0.0001063233569986301
-0.0001002050663755417
-9.442821477947053e-05
-8.897443084552018e-05
-8.38262885368781e-05
-7.896726115526274e-05
-7.438167747240807e-05
-7.005467981522118e-05
-6.597218408206064e-05
-6.212084157766165e-05
-5.848800259984198e-05
-5.506168169870931e-05
-5.183052456916084e-05
-4.878377646396482e-05
-4.591125208268857e-05
-4.320330689528956e-05
-4.065080979869464e-05
-3.824511709001453e-05
-3.597804765879592e-05
-3.384185938746836e-05
-3.182922665744786e-05
-2.993321896927142e-05
-2.814728056679605e-05
-2.6465211087395e-05
-2.488114711029448e-05
-2.338954465661096e-05
-2.198516251960174e-05
-2.066304643024564e-05
-1.941851398886804e-05
-1.824714037356426e-05
-1.714474473913374e-05
-1.610737731000494e-05
-1.513130711588589e-05
-1.421301035389497e-05
-1.334915931528664e-05
-1.253661190683672e-05
-1.177240169964343e-05
-1.105372845649928e-05
-1.03779491868517e-05
-9.74256962204868e-06
-9.145236174676442e-06
-8.583728272630819e-06
-8.055951115441756e-06
-7.559928804884048e-06
-7.093797825522962e-06
-6.655800883787381e-06
-6.244281046438992e-06
-5.857676213216381e-06
-5.494513870847781e-06
-5.153406121889976e-06
-4.833044979962186e-06
-4.532197924215876e-06
-4.249703676727542e-06
-3.984468223751617e-06
-3.735461046721901e-06
-3.501711540521085e-06
-3.282305638765306e-06
-3.0763826329902e-06
-2.883132132555531e-06
-2.701791225061807e-06
-2.531641780182073e-06
-2.372007888520969e-06
-2.222253459413812e-06
-2.081779943456863e-06
-1.950024168899255e-06
-1.826456314982246e-06
-1.710578000461323e-06
-1.601920472225013e-06
-1.500042866555885e-06
-1.404530624777514e-06
-1.314993948261037e-06
-1.231066364417277e-06
-1.152403365384751e-06
-1.078681132032449e-06
-1.009595323561418e-06
-9.448599285411572e-07
-8.842061891113687e-07
-8.27381601165633e-07
-7.741489357711744e-07
-7.24285358667451e-07
-6.775815622655987e-07
-6.338409688652718e-07
-5.928789780666172e-07
-5.545222503214363e-07
-5.186080407117197e-07
-4.84983565184406e-07
-4.535054031994684e-07
-4.240389361793679e-07
-3.964578304508222e-07
-3.706435156907195e-07
-3.464847433084746e-07
-3.238771300244542e-07
-3.027227581535272e-07
-2.829297627463701e-07
-2.644119793899099e-07
-2.47088597595461e-07
-2.308838319225289e-07
-2.157266158983979e-07
-2.015503178571706e-07
-1.8829246749526e-07
-1.758945019307521e-07
-1.643015230612473e-07
-1.534620748749383e-07
-1.433279297121319e-07
-1.33853903243655e-07
-1.249976493623114e-07
-1.167194974274824e-07
-1.089822733532583e-07
-1.017511553411192e-07
-9.499352708329517e-08
-8.867883786321944e-08
-8.277847733941321e-08
-7.726565987443563e-08
-7.211529024861336e-08
-6.730387810526722e-08
-6.280943173810294e-08
-5.861136544988826e-08
-5.469040665418704e-08
-5.102851585783393e-08
-4.760881075985284e-08
-4.441548587466023e-08
-4.143376373294343e-08
-3.864980852594425e-08
-3.605067869356019e-08
-3.362426635200062e-08
-3.135924308663678e-08
-2.924502053744637e-08
-2.727168591973402e-08
-2.542997384257371e-08
-2.371121085259385e-08
-2.210729676250287e-08
-2.061065656770343e-08
-1.921419888343883e-08
-1.79113010194286e-08
-1.669577615528029e-08
-1.556183833171131e-08
-1.450408057170483e-08
-1.351744322420483e-08
-1.259720021725545e-08
-1.173893834161155e-08
-1.093852966225095e-08
-1.019212538086932e-08
-9.496122047408558e-09
-8.847153340331991e-09
-8.242077961782579e-09
-7.67795573408916e-09
-7.152053754751416e-09
-6.661809822661797e-09
-6.204832999804726e-09
-5.778891390098182e-09
-5.381904999540281e-09
-5.011917007805195e-09
-4.667113898716581e-09
-4.345800525974764e-09
-4.046394708338888e-09
-3.767417518448209e-09
-3.507495568613495e-09
-3.265335846911014e-09
-3.039739351818834e-09
-2.829585603417202e-09
-2.63382828209891e-09
-2.451487465497516e-09
-2.281655847559609e-09
-2.123475027354165e-09
-1.976163453279316e-09
-1.838982842155694e-09
-1.711240621695119e-09
-1.592291582371014e-09
-1.481540257696368e-09
-1.378425293708205e-09
-1.282422179656326e-09
-1.193047972584791e-09
-1.109850692226275e-09
-1.03240740038235e-09
-9.603212312709915e-10
-8.932275407434571e-10
-8.307800709326631e-10
-7.726629776447111e-10
-7.185779461360092e-10
-6.682430543168623e-10
-6.21413147945642e-10
-5.778355115748191e-10
-5.372919447404064e-10
-4.995711914359308e-10
-4.64478556182217e-10
-4.318286735764906e-10
-4.014548296307543e-10
-3.732010505612909e-10
-3.469141158712092e-10
-3.224660272605338e-10
-2.997335010323839e-10
-2.785897931495616e-10
-2.589298928416695e-10
-2.406460658539733e-10
-2.236469088780497e-10
-2.078407814905082e-10
-1.93140491311132e-10
-1.794713150509603e-10
-1.667566113536049e-10
-1.549380635170053e-10
-1.43954585458845e-10
-1.337436109027333e-10
-1.242514977283386e-10
-1.154248126801365e-10
-1.072224553949783e-10
-9.960330213641717e-11
-9.252100737570867e-11
-8.593810957945222e-11
-7.982247424318847e-11
-7.414232787717698e-11
-6.885872864194162e-11
-6.394651268253324e-11
-5.938493545992416e-11
-5.514584155045937e-11
-5.120800339481558e-11
-4.755261312450899e-11
-4.414948981752799e-11
-4.099013658799926e-11
-3.805178882976875e-11
-3.532732396956791e-11
-3.279816261087886e-11
-3.045011475207635e-11
-2.827423066286327e-11
-2.624844233981283e-11
-2.436586031686317e-11
-2.261709836861319e-11
-2.099022624683895e-11
-1.947998597747115e-11
-1.807801197689649e-11
-1.677613589447335e-11
-1.556477957446989e-11
-1.444826615982329e-11
-1.340746362480042e-11
-1.244557972293867e-11
-1.155221410326576e-11
-1.071828863787053e-11
-9.943882237715113e-12
-9.223364045258476e-12
-8.554199228106406e-12
-7.937315076523874e-12
-7.364145973150223e-12
-6.833425473125734e-12
-6.338481593451186e-12
-5.87904773932452e-12
-5.457320814640408e-12
-5.063301657982633e-12
-4.6953750197168e-12
-4.355422985054509e-12
-4.035482366950202e-12
-3.744199715816609e-12
-3.470017784296548e-12
-3.217824984724115e-12
-2.984328161220309e-12
-2.768026095562231e-12
-2.569111839832264e-12
-2.384086658563955e-12
-2.210375400705328e-12
-2.05122040733568e-12
-1.902612921773226e-12
-1.763008191532431e-12
-1.631625083991349e-12
-1.50790856656471e-12
-1.399667496944572e-12
-1.296630920793061e-12
-1.200747979579578e-12
-1.117253457543357e-12
-1.040859558695454e-12
-9.68633219373499e-13
-8.941789187996993e-13
-8.252768030072432e-13
-7.661020779320669e-13
-7.081656186693071e-13
-6.567738992996748e-13
-6.059213677180841e-13
-5.622884656494402e-13
-5.217638109214653e-13
-4.846931373237184e-13
-4.507909282397069e-13
-4.147543689868458e-13
-3.851325738426495e-13
-3.547593305976475e-13
-3.277136483229288e-13
-3.05530284831541e-13
-2.863422260227681e-13
-2.664192169516634e-13
-2.481654295354855e-13
-2.335007729012565e-13
-2.165517294395816e-13
-1.998899251822316e-13
-1.784399034120249e-13
-1.588701535942454e-13
-1.445727484340843e-13
-1.303868943744003e-13
-1.23154927201711e-13
-1.204422380857487e-13
-1.165150168907865e-13
-1.127535413611703e-13
-1.063106274428463e-13
-9.569392416833493e-14
-8.766112304063052e-14
-7.955152835207584e-14
-7.76056571964127e-14
-7.360300637953317e-14
-6.37984248024512e-14
-5.504904742675206e-14
-4.501074332008354e-14
-3.632337824238336e-14
-3.19026801159442e-14
-2.847889375994157e-14
-3.131378953694821e-14
-3.58029390649266e-14
-4.157974575448102e-14
-4.513250098742451e-14
-4.304029494515806e-14
-4.172600899524378e-14
-3.755644856179728e-14
-2.72845909742629e-14
-1.650867274436088e-14
-9.629492469577469e-15
-3.714460801987083e-15
-9.573626149785879e-16
-1.567002797001737e-15
-8.256856129426626e-15
-1.19914768582487e-14
-1.514792033563193e-14
-1.729867226249231e-14
-2.094420262516744e-14
-2.120581396907933e-14
-1.999297017664659e-14
-1.399315673924139e-14
-1.300735668248671e-14
-5.364488825264702e-15
7.352480072463017e-16
4.365659793428499e-16
4.672186315407248e-15
5.985496440623632e-15
1.262215550846017e-15
-3.207266591480412e-15
-6.815093999570756e-15
-1.082862543332629e-14
-1.021139376053866e-14
-1.00273159564209e-14
-5.490710804918477e-15
-4.848617932574822e-15
-5.882215763593943e-15
-2.528607258294707e-15
2.158278210445806e-15
3.849967529595556e-15
1.867100658811811e-15
7.775813432552498e-16
-3.329833158029424e-15
-5.129275431782182e-15
-5.897148828927768e-15
-1.238092565183331e-15
-5.079656757909092e-16
2.487732475520783e-15
2.074732546513737e-15
1.240685660106543e-15
-1.68340392735211e-15
-4.02675819267514e-16
2.813715112461103e-15
-2.755045736678808e-15
-6.208136262784339e-15
-7.573748998107526e-15
-7.846842213964168e-15
