-5.092629242524172e-13
-3.190793783150672e-13
-2.099416418225534e-13
-1.397184900423859e-13
-9.639344561520466e-14
-7.185556040970919e-14
-6.096251935632046e-14
-6.057996566939079e-14
-7.007780618979172e-14
-8.965371062995674e-14
-1.216054625175998e-13
-1.693904367503525e-13
-2.386044008268951e-13
-3.37814553111056e-13
-4.783436211722835e-13
-6.770813566905745e-13
-9.572811540908772e-13
-1.350790876070462e-12
-1.901278818908576e-12
-2.669270053075514e-12
-3.736181810000483e-12
-5.213547191976813e-12
-7.248448339658721e-12
-1.004339780314901e-11
-1.386632109974684e-11
-1.907404131751853e-11
-2.613995279581523e-11
-3.569358197080906e-11
-4.856072692625046e-11
-6.58282077979478e-11
-8.892080422791151e-11
-1.196957131363534e-10
-1.605702821385125e-10
-2.146799266821065e-10
-2.86079033861032e-10
-3.799931757130252e-10
-5.031401062615499e-10
-6.641289240123196e-10
-8.739622999328024e-10
-1.146663999778267e-09
-1.500057212386594e-09
-1.956735059253658e-09
-2.545262735004643e-09
-3.301656028155323e-09
-4.271214406627082e-09
-5.510762719637431e-09
-7.091401457691237e-09
-9.101868207023095e-09
-1.165262836446463e-08
-1.488084242487872e-08
-1.895638070281752e-08
-2.408907371772235e-08
-3.053744871025611e-08
-3.8619225229866e-08
-4.87239199172689e-08
-6.132789901239057e-08
-7.701234259311007e-08
-9.64846035231813e-08
-1.206035639266924e-07
-1.504096426667555e-07
-1.871602352926997e-07
-2.323714631918836e-07
-2.878672455271077e-07
-3.558368270819549e-07
-4.38902088424445e-07
-5.401960934809874e-07
-6.634545654459894e-07
-8.13122162913973e-07
-9.944756872504907e-07
-1.213766596026806e-06
-1.478385498105388e-06
-1.797051600795549e-06
-2.180030436461436e-06
-2.639383558357436e-06
-3.189254299294763e-06
-3.846194125729933e-06
-4.629534584942314e-06
-5.561810329181985e-06
-6.669239226957438e-06
-7.982266149795746e-06
-9.536177642592344e-06
-1.137179533366912e-05
-1.353625655746303e-05
-1.608389140892828e-05
-1.907720613018513e-05
-2.258798349858787e-05
-2.669851161852341e-05
-3.150295328452974e-05
-3.710886885655619e-05
-4.36389062965729e-05
-5.123267276525269e-05
-6.004880281442229e-05
-7.026723883407842e-05
-8.209173991308453e-05
-9.575263566989239e-05
-0.0001115098418732411
-0.0001296561547177829
-0.0001505208404781025
-0.0001744735368228129
-0.000201928481317918
-0.0002333490815485547
-0.0002692528403927703
-0.0003102166574265845
-0.0003568825483396416
-0.0004099637878383122
-0.0004702514839779707
-0.0005386215967834176
-0.0006160424127635036
-0.0007035824850353757
-0.0008024190464923651
-0.0009138469008139579
-0.001039287793153163
-0.001180300258963206
-0.001338589945657736
-0.001516020397624488
-0.001714624290484896
-0.001936615095447831
-0.00218439914902674
-0.002460588097453724
-0.002768011678552332
-0.003109730796889774
-0.003489050840523002
-0.003909535179627781
-0.004375018778810686
-0.004889621845862117
-0.00545776343029239
-0.006084174876209538
-0.006773913041416367
-0.007532373223027816
-0.00836530164762448
-0.00927880738424091
-0.01027937354147198
-0.0113738676008341
-0.01256955072850799
-0.01387408589745829
-0.01529554464186515
-0.01684241225585246
-0.01852359123887365
-0.02034840278339977
-0.02232658613008188
-0.02446829594098737
-0.02678409763960833
-0.02928496017725747
-0.03198224569039038
-0.0348876960160753
-0.03801341609980152
-0.0413718541669636
-0.04497577837712026
-0.04883824979968134
-0.0529725915396695
-0.05739235392783682
-0.06211127566556018
-0.06714324077678588
-0.07250223133941749
-0.07820227587895928
-0.08425739342634821
-0.09068153323493258
-0.09748851012234704
-0.1046919355579863
-0.1123051444961067
-0.1203411181109007
-0.1288124025831744
-0.137731024053802
-0.1471084000547385
-0.156955247572083
-0.1672814880903103
-0.1780961499532864
-0.1894072683300821
-0.2012217833082895
-0.2135454364377236
-0.226382666277046
-0.239736503467607
-0.2536084657921254
-0.2679984539481735
-0.2829046485034455
-0.2983234087564935
-0.3142491741794601
-0.330674369030908
-0.3475893110279903
-0.3649821246267069
-0.3828386597393406
-0.4011424166416412
-0.4198744776987094
-0.4390134468563492
-0.4585353974359769
-0.4784138290724314
-0.4986196345122875
-0.5191210768156498
-0.5398837778354575
-0.5608707183773681
-0.5820422507544989
-0.603356124283557
-0.6247675240499909
-0.6462291236108394
-0.6676911517619717
-0.689101473810088
-0.7104056875883021
-0.7315472342081258
-0.7524675238858509
-0.7731060765719685
-0.7934006774257464
-0.8132875469583172
-0.8327015254131465
-0.8515762713005747
-0.8698444733430732
-0.8874380754115918
-0.9042885138079979
-0.9203269659894553
-0.9354846101786978
-0.949692894656516
-0.9628838158704187
-0.9749902042672998
-0.9859460165100133
-0.9956866331002497
-1.004149159814736
-1.011272731719392
-1.016998818322808
-1.021271528210008
-1.024037911868245
-1.025248260893584
-1.024856402145174
-1.022819985238412
-1.019100761589103
-1.01366485361257
-1.006483012254253
-0.9975308614177282
-0.9867891277380084
-0.9742438540390171
-0.9598865952145745
-0.9437145949352465
-0.9257309419733076
-0.9059447048951614
-0.8843710438458242
-0.861031298540489
-0.835953051325976
-0.809170164560828
-0.7807227915845381
-0.7506573605843484
-0.7190265310315337
-0.6858891222141776
-0.651310013747776
-0.615360018012733
-0.5781157245584672
-0.5396593168357611
-0.5000783615276273
-0.4594655710447189
-0.4179185398851217
-0.375539455713011
-0.3324347862516328
-0.2887149429192775
-0.2444939223179144
-0.1998889270899625
-0.15501996802013
-0.1100094491769893
-0.0649817368529776
-0.02006271369336302
0.02462067891997341
0.06894090729894006
0.1127703196338922
0.1559816270821227
0.1984483889337231
0.2400454985302514
0.2806496679361943
0.3201399099470579
0.358398015101569
0.3953090211574656
0.4307616727068515
0.4646488688828478
0.4968680971754094
0.5273218512170482
0.555918030526781
0.5825703202976328
0.6071985494015177
0.6297290249628241
0.6500948418359789
0.6682361655253735
0.6841004871909244
0.6976428494827678
0.7088260421817477
0.7176207666501341
0.7240057683400767
0.7279679367296032
0.7295023721744242
0.7286124194167541
0.7253096675444658
0.7196139164503783
0.7115531099603607
0.7011632359135748
0.6884881937242033
0.6735796300185503
0.6564967431759259
0.6373060577032461
0.6160811694726974
0.5929024630632247
0.5678568024968016
0.5410371968466422
0.5125424422712713
0.4824767421044395
0.4509493067832917
0.4180739354108592
0.3839685808730361
0.3487549004744198
0.3125577940978182
0.2755049319703394
0.2377262740985104
0.1993535834896087
0.1605199352777882
0.121359223869112
0.08200567022273814
0.04259333133556224
0.003255613985371948
-0.03587520525715729
-0.07466845178766197
-0.1129955145986353
-0.1507302959504152
-0.1877496473286359
-0.2239337900186993
-0.2591667187097283
-0.2933365866492966
-0.3263360709567455
-0.3580627168246456
-0.3884192594452871
-0.4173139226050067
-0.4446606930338298
-0.4703795696839181
-0.4943967872575654
-0.5166450134225904
-0.5370635192664523
-0.5555983226976926
-0.5722023045812662
-0.5868352975450499
-0.5994641475089391
-0.610062748099051
-0.6186120482601448
-0.6251000334320939
-0.6295216807965961
-0.6318788891975865
-0.6321803844282647
-0.6304416007024342
-0.6266845391674133
-0.620937604434917
-0.6132354201650416
-0.6036186247883008
-0.5921336485454898
-0.5788324730528135
-0.5637723746805466
-0.5470156530548856
-0.528629346010034
-0.5086849323770052
-0.4872580239891187
-0.464428048324656
-0.4402779232009456
-0.4148937249246655
-0.388364351321116
-0.3607811810301048
-0.3322377304586397
-0.3028293097484682
-0.2726526790819061
-0.2418057066313081
-0.2103870294027997
-0.1784957181959664
-0.1462309478466778
-0.1136916738661798
-0.08097631654428018
-0.04818245351930737
-0.01540652176336255
0.01725647013365291
0.04971321856229596
0.08187238962101984
0.1136448712880486
0.1449440124218525
0.1756858480441189
0.2057893104239586
0.2351764255534129
0.2637724946715305
0.2915062605717523
0.3183100584906405
0.3441199514329643
0.368875849862328
0.3925216157413256
0.415005150973966
0.4362784703594723
0.4562977592219389
0.4750234159499095
0.4924200797032823
0.5084566436009631
0.5231062537529545
0.536346294549516
0.5481583606735567
0.5585282163026829
0.5674457420150139
0.5749048699443646
0.5809035077566519
0.585443452055486
0.5885302918223461
0.5901733025276941
0.5903853315606056
0.5891826756326816
0.5865849508350139
0.5826149560062269
0.5772985300866068
0.5706644041300342
0.5627440486378826
0.5535715168845701
0.543183284883034
0.5316180886438447
0.5189167593584191
0.5051220571113789
0.490278503725241
0.4744322153154835
0.4576307351228679
0.4399228671636544
0.4213585112123011
0.401988499617869
0.3818644364167252
0.3610385391902785
0.3395634840847089
0.317492254376352
0.294877992946655
0.2717738590069002
0.2482328893924748
0.2243078647050737
0.2000511805447337
0.175514724056471
0.1507497559964808
0.12580679849766
0.1007355286774452
0.07558467820091033
0.05040193889456011
0.02523387448549287
0.0001258385154421128
-0.02487810154952365
-0.0497352340139017
-0.0744042664688057
-0.09884538316591908
-0.1230202963093444
-0.1468922913442753
-0.1704262663333458
-0.1935887655268854
-0.2163480072499748
-0.2386739062472407
-0.2605380906365224
-0.2819139136305444
-0.3027764602004749
-0.3231025488599301
-0.3428707287571471
-0.3620612722713899
-0.3806561633183308
-0.3986390815803973
-0.4159953828677102
-0.4327120758211374
-0.4487777951744094
-0.4641827717982738
-0.4789187997562789
-0.4929792005834301
-0.5063587849988913
-0.5190538122693076
-0.5310619474458952
-0.5423822167021853
-0.5530149609680962
-0.5629617880563805
-0.5722255234804435
-0.5808101601634742
-0.588720807235576
-0.595963638096851
-0.6025458379279717
-0.6084755508192254
-0.6137618266759028
-0.6184145680579529
-0.6224444771023544
-0.6258630026724094
-0.6286822878695431
-0.6309151180385532
-0.632574869398473
-0.633675458399328
-0.6342312919001191
-0.6342572182656824
-0.6337684794820648
-0.6327806643857903
-0.6313096630701497
-0.6293716225293925
-0.6269829036022129
-0.6241600392750475
-0.6209196944025931
-0.6172786268773327
-0.6132536502795434
-0.6088615980367216
-0.6041192891178007
-0.5990434952863721
-0.5936509099181244
-0.5879581183878856
-0.5819815700283085
-0.5757375516583122
-0.569242162678894
-0.5625112917202884
-0.5555605948249878
-0.5484054751478393
-0.5410610641525717
-0.5335422042849582
-0.5258634330887643
-0.5180389687331529
-0.5100826969183264
-0.5020081591242386
-0.4938285421681529
-0.4855566690290579
-0.4772049908975484
-0.4687855804097718
-0.4603101260248494
-0.4517899275070221
-0.4432358924629308
-0.4346585338882881
-0.4260679686785629
-0.4174739170582497
-0.4088857028855982
-0.4003122547846174
-0.3917621080583473
-0.383243407338593
-0.3747639099291245
-0.3663309898019634
-0.3579516421993034
-0.3496324887958329
-0.3413797833800105
-0.3331994180165945
-0.325096929654677
-0.3170775071378341
-0.3091459985770953
-0.3013069190501309
-0.2935644585917286
-0.2859224904425549
-0.2783845795219905
-0.2709539910932592
-0.263633699590565
-0.2564263975796058
-0.2493345048257843
-0.2423601774411518
-0.2355053170843265
-0.228771580189494
-0.2221603872017749
-0.2156729317983944
-0.2093101900748114
-0.203072929677408
-0.1969617188650575
-0.1909769354825097
-0.1851187758305727
-0.1793872634189888
-0.1737822575906891
-0.168303462005287
-0.1629504329686105
-0.1577225875974544
-0.1526192118120696
-0.147639468150649
-0.1427824033985403
-0.1380469560239291
-0.1334319634139645
-0.1289361689078032
-0.1245582286239264
-0.120296718078757
-0.1161501385936055
-0.1121169234890599
-0.1081954440647495
-0.1043840153635257
-0.1006809017201911
-0.09708432209624109
-0.09359245520255945
-0.0902034444105736
-0.08691540245339555
-0.08372641591929018
-0.08063454954071707
-0.07763785028263646
-0.07473435123252484
-0.07192207529500833
-0.06919903869505163
-0.06656325429448699
-0.0640127347269052
-0.06154549535432367
-0.0591595570495429
-0.05685294880899879
-0.05462371020127173
-0.0524698936564174
-0.05038956660072923
-0.04838081344175364
-0.0464417374085861
-0.04457046225247503
-0.04276513381297191
-0.041023921454477
-0.03934501937846088
-0.03772664781623867
-0.03616705410684393
-0.03466451366467418
-0.03321733084196968
-0.03182383969114341
-0.03048240463154431
-0.02919142102528518
-0.02794931566669064
-0.02675454718957557
-0.02560560639645696
-0.02450101651395865
-0.02343933337865003
-0.02241914555748544
-0.02143907440645948
-0.02049777407111703
-0.01959393143260088
-0.01872626600292102
-0.0178935297730972
-0.01709450701716877
-0.01632801405503505
-0.0155928989772252
-0.0148880413345875
-0.01421235179589261
-0.01356477177587014
-0.01294427303645105
-0.01234985726363089
-0.0117805556221894
-0.01123542829048159
-0.01071356397752967
-0.0102140794244791
-0.009736118892369857
-0.009278853638051402
-0.008841481379944748
-0.008423225755297888
-0.008023335770413772
-0.007641085245324746
-0.007275772254435159
-0.006926718564546913
-0.006593269071256748
-0.006274791234769376
-0.005970674516185669
-0.005680329815424974
-0.005403188911753548
-0.00513870390771728
-0.00488634667707729
-0.004645608317507431
-0.004415998608862578
-0.004197045477575809
-0.003988294467759855
-0.003789308219422559
-0.003599665954242483
-0.003418962969423861
-0.003246810139914834
-0.003082833429376779
-0.002926673410104715
-0.002777984792202183
-0.002636435962133889
-0.002501708530861279
-0.002373496891735644
-0.002251507788271881
-0.002135459891891091
-0.002025083389715437
-0.001920119582320522
-0.001820320491573456
-0.001725448478491876
-0.001635275871139049
-0.001549584602478892
-0.001468165858221632
-0.001390819734496693
-0.001317354905256006
-0.001247588299329606
-0.001181344786987063
-0.001118456875961583
-0.001058764416728715
-0.001002114316931556
-0.0009483602648105296
-0.000897362461449328
-0.0008489873616961895
-0.0008031074235706831
-0.0007596008660256246
-0.0007183514348555628
-0.0006792481765943788
-0.0006421852201837111
-0.0006070615662959133
-0.0005737808840479534
-0.0005422513149673466
-0.00051238528406164
-0.0004840993177356318
-0.0004573138683929958
-0.0004319531456069951
-0.000407944953524578
-0.0003852205344655314
-0.0003637144184951155
-0.0003433642787570582
-0.0003241107924747038
-0.0003058975073384619
-0.0002886707131705875
-0.0002723793187186881
-0.0002569747333733712
-0.0002424107536536138
-0.0002286434543087451
-0.0002156310839001374
-0.000203333964672665
-0.0001917143965736924
-0.0001807365653522648
-0.0001703664544901388
-0.0001605717608705154
-0.0001513218139138692
-0.0001425874981708818
-0.0001343411795225413
-0.0001265566346688759
-0.0001192089836695392
-0.0001122746250519425
-0.0001057311738046202
-9.955740228320166e-05
-9.373318390250293e-05
-8.823943933856845e-05
-8.305808509872852e-05
-7.817198437270746e-05
-7.356490018645371e-05
-6.922145068538297e-05
-6.51270665149116e-05
-6.126795012070508e-05
-5.763103701666062e-05
-5.420395878846499e-05
-5.097500790964201e-05
-4.793310416197775e-05
-4.506776269092643e-05
-4.23690635686627e-05
-3.982762279889723e-05
-3.743456475465434e-05
-3.518149592752632e-05
-3.306047994064978e-05
-3.106401377789654e-05
-2.918500522150046e-05
-2.741675133978414e-05
-2.575291806902664e-05
-2.418752079429982e-05
-2.271490591156459e-05
-2.132973328106929e-05
-2.002695959516411e-05
-1.880182255500446e-05
-1.764982585606765e-05
-1.656672495202038e-05
-1.554851349956467e-05
-1.459141053804669e-05
-1.369184830140089e-05
-1.284646067380343e-05
-1.20520722125115e-05
-1.13056877804164e-05
-1.060448267941303e-05
-9.94579331422049e-06
-9.32710834103687e-06
-8.746060283326995e-06
-8.200417593583976e-06
-7.688077115484867e-06
-7.207056961425079e-06
-6.755489765883285e-06
-6.331616292677474e-06
-5.933779401071387e-06
-5.560418294950779e-06
-5.210063137555632e-06
-4.881329905199715e-06
-4.572915548728259e-06
-4.283593417626924e-06
-4.012208906610911e-06
-3.757675382170492e-06
-3.518970285334826e-06
-3.295131476093924e-06
-3.085253784985564e-06
-2.888485731548851e-06
-2.704026443811238e-06
-2.531122727616166e-06
-2.36906633340684e-06
-2.217191331831605e-06
-2.074871668384618e-06
-1.94151884305102e-06
-1.81657972528439e-06
-1.699534482736627e-06
-1.589894644157404e-06
-1.487201244675367e-06
-1.39102309620057e-06
-1.300955156420918e-06
-1.216616993021032e-06
-1.137651306378095e-06
-1.063722582072258e-06
-9.945157834665345e-07
-9.297351491505023e-07
-8.691030218070651e-07
-8.123587895088409e-07
-7.592578505783691e-07
-7.095706686266344e-07
-6.630818580084614e-07
-6.195893343322508e-07
-5.789035166315912e-07
-5.408465677340562e-07
-5.052516861055495e-07
-4.719624438846574e-07
-4.408321413593467e-07
-4.117232247553927e-07
-3.845067357398126e-07
-3.590617729525322e-07
-3.352750090696194e-07
-3.130402314944369e-07
-2.922578843195433e-07
-2.728346936039285e-07
-2.546832557041448e-07
-2.377216804702834e-07
-2.218732495041225e-07
-2.070661040562779e-07
-1.932329418461816e-07
-1.803107163207646e-07
-1.682404114113901e-07
-1.569667405712927e-07
-1.46437961603687e-07
-1.366056188132124e-07
-1.274243572124083e-07
-1.188517286802254e-07
-1.108480017076254e-07
-1.033759952224632e-07
-9.640091685367307e-08
-8.989020594392171e-08
-8.381340499390021e-08
-7.814202500734802e-08
-7.284941442786056e-08
-6.791063115140663e-08
-6.330236781119459e-08
-5.900282560710961e-08
-5.499161357339635e-08
-5.1249673582618e-08
-4.775918243371946e-08
-4.450347097699012e-08
-4.14669672198808e-08
-3.863511228758688e-08
-3.599430130621854e-08
-3.353181815703625e-08
-3.123578345105466e-08
-2.909509479882906e-08
-2.709937844895205e-08
-2.523894451126666e-08
-2.350474075161185e-08
-2.188832125376081e-08
-2.038178242617773e-08
-1.897775260973225e-08
-1.766934610232974e-08
-1.645013356497289e-08
-1.531410765676945e-08
-1.425566172300851e-08
-1.326956238424603e-08
-1.23509282235539e-08
-1.149519816649509e-08
-1.069811844529074e-08
-9.955716413170499e-09
-9.264285376620952e-09
-8.620361982865854e-09
-8.020722460753346e-09
-7.462355059769144e-09
-6.942450445708618e-09
-6.458391333997722e-09
-6.007737107044248e-09
-5.588209104176696e-09
-5.197686294963744e-09
-4.834183991143286e-09
-4.49585507650713e-09
-4.180969664856545e-09
-3.887923228802764e-09
-3.615215609448239e-09
-3.361453673060914e-09
-3.125335661605415e-09
-2.9056381879046e-09
-2.70123894050978e-09
-2.51107718370133e-09
-2.334172131309803e-09
-2.169609109171098e-09
-2.016541505016272e-09
-1.874175119584913e-09
-1.741771101975556e-09
-1.618636906166918e-09
-1.504131193194261e-09
-1.397656304888941e-09
-1.298652736881042e-09
-1.206597950593338e-09
-1.121017278751902e-09
-1.041453225594887e-09
-9.674826541782899e-10
-8.987190837812473e-10
-8.348015282271007e-10
-7.753901017848776e-10
-7.201697940050833e-10
-6.688476379239934e-10
-6.211482346159472e-10
-5.768254159778608e-10
-5.356388953278286e-10
-4.973689636343784e-10
-4.618151350271807e-10
-4.2878047286822e-10
-3.980908340583585e-10
-3.695840129172323e-10
-3.431048489989218e-10
-3.18511161068924e-10
-2.956678951558045e-10
-2.744458966598309e-10
-2.547287805983359e-10
-2.364146910672161e-10
-2.194105358291507e-10
-2.03619409660209e-10
-1.889528630784214e-10
-1.753360602656826e-10
-1.626939743022617e-10
-1.509567802158519e-10
-1.400609689667065e-10
-1.299459944242384e-10
-1.205588237167138e-10
-1.118470886735836e-10
-1.037614735278557e-10
-9.625537377192965e-11
-8.929026059628706e-11
-8.282635575628108e-11
-7.6827606721362e-11
-7.125648457485512e-11
-6.608565973812039e-11
-6.128310148414895e-11
-5.682513096619077e-11
-5.269087500221096e-11
-4.88499628604026e-11
-4.529123063334556e-11
-4.199283828975575e-11
-3.893587183320197e-11
-3.609971193617682e-11
-3.347291507684479e-11
-3.103302395991226e-11
-2.877675214356712e-11
-2.667977161972871e-11
-2.473652214280042e-11
-2.29310952663285e-11
-2.125761715630142e-11
-1.969728680295956e-11
-1.824893832387373e-11
-1.690730628691951e-11
-1.566574481391975e-11
-1.451444427434029e-11
-1.344184789926723e-11
-1.245386433104148e-11
-1.153995344706425e-11
-1.069618317564219e-11
-9.912836023563209e-12
-9.188735601655602e-12
-8.518007011802639e-12
-7.898455697859709e-12
-7.320834568718423e-12
-6.782329613963722e-12
-6.283330008897202e-12
-5.816799262954863e-12
-5.385257845100922e-12
-4.983629840474368e-12
-4.609899867962675e-12
-4.26240350894932e-12
-3.946250839424752e-12
-3.654447875940565e-12
-3.384384963858697e-12
-3.1402512492329e-12
-2.911604851853331e-12
-2.697761453373331e-12
-2.500073698220541e-12
-2.315025628542537e-12
-2.145648326253735e-12
-1.986908145794366e-12
-1.841100362712321e-12
-1.703223294744529e-12
-1.579469586589416e-12
-1.460837514963544e-12
-1.350390310919687e-12
-1.246609644806487e-12
-1.146643128938069e-12
-1.059971319216143e-12
-9.794667637375729e-13
-9.060665121680328e-13
-8.389103894785221e-13
-7.798878416785375e-13
-7.257822596291861e-13
-6.746799215668904e-13
-6.28453071078283e-13
-5.813587315209886e-13
-5.399057540206998e-13
-4.983350703539201e-13
-4.614009973251593e-13
-4.285249278124304e-13
-3.957844598621164e-13
-3.622312019822911e-13
-3.337591223950516e-13
-3.048717726110834e-13
-2.793377008695181e-13
-2.558845572416841e-13
-2.337398003559297e-13
-2.14192601598854e-13
-1.995213831274432e-13
-1.883643932833265e-13
-1.779756948470395e-13
-1.708057023030343e-13
-1.643736351286364e-13
-1.575953950971414e-13
-1.493855652933607e-13
-1.366752041351006e-13
-1.235505020082541e-13
-1.079828692307003e-13
-9.421741814777081e-14
-8.093489382194982e-14
-6.469457590454741e-14
-5.427008147253368e-14
-4.759341158652212e-14
-4.748429433839273e-14
-5.201256881987917e-14
-5.663614596230199e-14
-6.114437940801577e-14
-6.630632815859257e-14
-6.578804550703745e-14
-6.05563163056235e-14
-5.337058946444239e-14
-4.421605236461706e-14
-3.316464362644608e-14
-2.615344193214736e-14
-1.485927749254582e-14
-1.076507407936104e-14
-6.893127976090971e-15
-5.863473244161313e-15
-7.390193471022337e-15
-9.011382357686332e-15
-1.481581724171624e-14
-1.965463371481372e-14
-2.551767977784467e-14
-3.06605481998653e-14
-3.067700412514595e-14
-2.577771902051329e-14
-2.107036417464193e-14
-1.46802719663859e-14
-7.908157742095782e-15
-2.501852544529898e-15
2.903951558790834e-15
5.231249488524765e-15
4.035202481313203e-15
2.754508118687555e-15
5.619188889599029e-15
8.392635109612101e-16
-4.012020734547943e-15
-8.446840982412317e-15
-1.458210074008749e-14
-1.419848964770071e-14
-1.266384063342774e-14
-1.259596406892056e-14
-1.319727580796405e-14
-7.071191844109917e-15
-2.930269827199977e-15
-1.377405817522029e-15
2.162237186157335e-15
8.027841072143615e-15
8.032602853770583e-15
1.03741042505278e-14
8.125799884515755e-15
2.084682512418387e-15
-3.632457296845981e-15
-4.146409520712267e-15
-8.326328184199515e-15
-1.039044048661696e-14
-7.333128019287992e-15
-7.312419704523291e-15
-4.242568296212128e-15
-2.106160507245465e-16
1.269709481426818e-15
9.83759316109802e-16
-1.020782959215388e-15
-1.218984763892415e-15
-1.938616378270602e-15
3.512169505643887e-15
4.254559562841516e-15
6.932437941331533e-15
6.668047894638353e-15
7.069595780301934e-15
5.916068032364969e-15
1.397125483398142e-15
-6.906714673990634e-15
-1.048196605062152e-14
-8.829743938920683e-15
-9.309796546390755e-15
-1.050310532785336e-14
-6.307912931835246e-15
-3.689128067594598e-15
4.766205563513705e-16
4.031427753075379e-15
1.044606124613844e-14
