1.313056815730368e-12
7.678415855268124e-13
4.554730868416386e-13
2.705183286843805e-13
1.615115944214004e-13
9.677666239650575e-14
5.739044633840258e-14
3.324748834939981e-14
1.810682169363959e-14
8.525599450456681e-15
2.398963373797633e-15
-1.363287885012824e-15
-3.493355299827574e-15
-4.733073775156551e-15
-5.14008036148191e-15
-4.848216032134862e-15
-4.201498674827181e-15
-3.697657007694411e-15
-3.224754824898427e-15
-3.856461806776298e-15
-5.719024743767952e-15
-9.975274133420156e-15
-1.762601210784477e-14
-2.939111635686343e-14
-4.82316584084253e-14
-7.588885596279675e-14
-1.17640587724145e-13
-1.780439620305037e-13
-2.649384257588846e-13
-3.887805720110163e-13
-5.631578611631703e-13
-8.090374784186855e-13
-1.149664622917985e-12
-1.624373099871559e-12
-2.276665771765475e-12
-3.171449808457818e-12
-4.393867319407464e-12
-6.057164342049732e-12
-8.312296213976565e-12
-1.135844250271992e-11
-1.545827211779881e-11
-2.096068083064514e-11
-2.832014060675166e-11
-3.813396787505434e-11
-5.117941301392747e-11
-6.846880222778572e-11
-9.131603100837231e-11
-1.214180813132713e-10
-1.609657348843066e-10
-2.12772401089236e-10
-2.804494235955909e-10
-3.6860842120366e-10
-4.831330013109109e-10
-6.314966285989562e-10
-8.231751041715255e-10
-1.070148575256828e-09
-1.38751704038447e-09
-1.794268442400392e-09
-2.314215817525363e-09
-2.977142562416181e-09
-3.82020781381762e-09
-4.889649485157746e-09
-6.242865978775064e-09
-7.950926028166348e-09
-1.010161175034032e-08
-1.280308391805114e-08
-1.618829741932864e-08
-2.042029382690527e-08
-2.569854324271973e-08
-3.22665175357506e-08
-4.042071649130202e-08
-5.05214047583987e-08
-6.300534239744887e-08
-7.840085998810088e-08
-9.734566482768059e-08
-1.206078191495817e-07
-1.49110419895993e-07
-1.839605559333409e-07
-2.264832127014333e-07
-2.782608923951211e-07
-3.411798080002877e-07
-4.174836473332751e-07
-5.098359888827199e-07
-6.213926488754025e-07
-7.558853394917285e-07
-9.177182287592065e-07
-1.11207915914841e-06
-1.345067493327108e-06
-1.623840780761649e-06
-1.956782673721827e-06
-2.353694784676048e-06
-2.826015459607502e-06
-3.387068737852787e-06
-4.05234708622179e-06
-4.839831821636127e-06
-5.770355516975785e-06
-6.868011006635868e-06
-8.160612012612635e-06
-9.680210806961831e-06
-1.146367865773841e-05
-1.355335525695083e-05
-1.599777367798658e-05
-1.885246837028085e-05
-2.218087551377942e-05
-2.605533357449722e-05
-3.055819256863437e-05
-3.578304141306357e-05
-4.18360632806894e-05
-4.883752936954994e-05
-5.692344199904263e-05
-6.624733839372867e-05
-7.698226695787534e-05
-8.93229482443388e-05
-0.0001034881331432165
-0.0001197231711358543
-0.0001383028016482863
-0.0001595341816938655
-0.0001837601630227286
-0.00021136283192995
-0.0002427673246858697
-0.0002784459311974829
-0.0003189224990467944
-0.0003647771493387274
-0.0004166513149601018
-0.0004752531107413498
-0.0005413630436935349
-0.0006158400700511331
-0.0006996280057832838
-0.0007937622993506123
-0.0008993771662997649
-0.001017713083597511
-0.001150124640081551
-0.001298088736356289
-0.001463213123987708
-0.001647245270015546
-0.001852081528520538
-0.002079776596366959
-0.002332553225165703
-0.002612812156353587
-0.002923142245392988
-0.003266330779051181
-0.003645373962834716
-0.004063487486185661
-0.004524117062786151
-0.005030948902496253
-0.00558792007670294
-0.006199228711477466
-0.00686934391390951
-0.007603015345842108
-0.008405282349821356
-0.009281482537181815
-0.01023725973687852
-0.01127857118921989
-0.01241169387940287
-0.01364322988284989
-0.01498011060544463
-0.01642959979270238
-0.01799929516834085
-0.01969712858210723
-0.0215313645175889
-0.02351059683158205
-0.02564374358910737
-0.02794003984495529
-0.03040902825492683
-0.03306054736463727
-0.03590471745818136
-0.0389519238439669
-0.04221279744251844
-0.04569819259019571
-0.04941916193035555
-0.05338692831506634
-0.05761285363848369
-0.06210840451172655
-0.06688511475931197
-0.07195454466342353
-0.07732823695320684
-0.08301766953777305
-0.0890342049721667
-0.09538903673898871
-0.1020931323580435
-0.1091571734291673
-0.1165914927162048
-0.1244060083686677
-0.1326101554939117
-0.1412128152043931
-0.1502222413810459
-0.1596459853918378
-0.1694908189837588
-0.1797626557055319
-0.1904664711079632
-0.2016062221060705
-0.2131847658753055
-0.2252037786204532
-0.2376636747156929
-0.250563526570337
-0.263900985727674
-0.2776722056793429
-0.2918717668287808
-0.3064926042135313
-0.3215259384071151
-0.3369612101842143
-0.3527860194913154
-0.3689860691988535
-0.3855451142979662
-0.4024449169620814
-0.4196652080652142
-0.437183655684672
-0.4549758410234117
-0.4730152423771702
-0.4912732274871981
-0.5097190547959862
-0.5283198840294256
-0.5470407964063141
-0.5658448249701219
-0.5846929952095554
-0.6035443763153268
-0.622356143298358
-0.6410836500419956
-0.6596805135516463
-0.6780987093181421
-0.6962886778970196
-0.7141994426533257
-0.7317787384412334
-0.7489731511847261
-0.7657282679620702
-0.7819888373850366
-0.797698939898462
-0.8128021674403094
-0.8272418121051992
-0.8409610630778103
-0.8539032112915705
-0.8660118611129167
-0.8772311481847379
-0.8875059627724582
-0.8967821775722712
-0.9050068791436905
-0.9121286019937095
-0.918097564195917
-0.9228659036447628
-0.9263879136971024
-0.9286202771653517
-0.9295222975220115
-0.9290561260764113
-0.9271869841219408
-0.9238833787043884
-0.9191173108607809
-0.9128644751691083
-0.9051044494888483
-0.8958208740445965
-0.8850016184070767
-0.8726389348447326
-0.8587295971088152
-0.8432750248546781
-0.8262813946039739
-0.8077597338449863
-0.7877259929267385
-0.7662010946310642
-0.7432109671014964
-0.7187865648092231
-0.6929638707248743
-0.6657838737469686
-0.6372925216062018
-0.607540653317821
-0.5765839127531575
-0.5444826416484243
-0.5113017513069278
-0.4771105732557135
-0.4419826895181924
-0.405995743078424
-0.3692312289199509
-0.3317742662495608
-0.2937133526413784
-0.2551401009325759
-0.2161489598306326
-0.1768369192051191
-0.1373032011746942
-0.09764893816551724
-0.05797683918690402
-0.01839084565939841
0.02100422183116787
0.0601030244061759
0.0988000719047791
0.1369900944973476
0.1745684173374414
0.2114313366526
0.2474764956669804
0.2826032587364934
0.3167130820578927
0.3497098793454432
0.3815003808524899
0.4119944841715254
0.4411055952638137
0.4687509581813958
0.4948519720348796
0.5193344937664772
0.5421291253951112
0.5631714844487755
0.5824024563470876
0.599768427634762
0.6152214989832936
0.6287196770216206
0.6402270441352681
0.6497139054534605
0.6571569124076787
0.6625391622680387
0.6658502732263211
0.6670864346939374
0.6662504325834663
0.6633516495136719
0.6584060398972635
0.6514360800397377
0.6424706934791024
0.631545151893252
0.6187009520584194
0.6039856693774075
0.5874527886537894
0.5691615128637967
0.5491765507495654
0.5275678841944187
0.5044105163763855
0.4797842018155526
0.4537731594870645
0.4264657702269134
0.3979542597530974
0.36833436863227
0.3377050106021467
0.3061679206901436
0.273827294594879
0.2407894208454187
0.2071623072408472
0.1730553031051994
0.1385787188922994
0.1038434446704191
0.068960569015336
0.03404099980626083
-0.000804911592331316
-0.03546774131172501
-0.06983935770756936
-0.1038132784638418
-0.1372850187480334
-0.1701524291477799
-0.202316022178064
-0.2336792862050323
-0.26414898570628
-0.2936354468511871
-0.3220528274712001
-0.3493193705631921
-0.375357640538475
-0.400094741528061
-0.4234625171233771
-0.4453977310339445
-0.4658422282230605
-0.4847430761585545
-0.5020526859235275
-0.5177289129956792
-0.531735137610267
-0.5440403246982894
-0.5546190634641348
-0.5634515867711934
-0.570523770557185
-0.5758271136016673
-0.579358698031114
-0.5811211310049164
-0.5811224681175576
-0.5793761190901672
-0.5759007364050057
-0.5707200875849235
-0.5638629118649376
-0.555362762071512
-0.5452578325391388
-0.5335907739571756
-0.5204084960617601
-0.5057619591028047
-0.4897059550598341
-0.472298879593064
-0.4536024957502145
-0.4336816904425075
-0.4126042246964071
-0.3904404787097863
-0.367263192726509
-0.3431472047477609
-0.3181691860831475
-0.2924073757288933
-0.2659413145525538
-0.2388515802191099
-0.2112195237786566
-0.1831270088117456
-0.1546561539993884
-0.1258890799526006
-0.0969076610849461
-0.06779328328152982
-0.03862660807817819
-0.009487344022170897
0.01954597415757798
0.04839619799107742
0.07698776878291172
0.1052469117149676
0.1331018200957087
0.1604828293663281
0.1873225805190688
0.2135561726326433
0.2391213042774632
0.2639584035890971
0.2880107468595295
0.3112245655373185
0.3335491415800961
0.3549368911435775
0.3753434366266718
0.3947276671409751
0.4130517875081552
0.4302813559334068
0.4463853105363511
0.4613359849522918
0.4751091132588747
0.4876838245007539
0.4990426271248788
0.5091713836603318
0.5180592759908836
0.5256987615975959
0.5320855211741992
0.537218398051463
0.5410993298648241
0.543733272891166
0.5451281195044855
0.5452946092251816
0.5442462338585996
0.5419991372023523
0.5385720097833873
0.533985979100621
0.5282644958645596
0.5214332167358424
0.5135198840385556
0.5045542028977286
0.4945677162567122
0.4835936782386793
0.4716669263158145
0.4588237527189564
0.4451017754919797
0.4305398095950809
0.4151777384551387
0.3990563863511173
0.3822173919959375
0.3647030836537133
0.3465563561234148
0.3278205498945062
0.308539332765327
0.2887565841979108
0.2685162826660615
0.2478623962371381
0.2268387765959854
0.2054890567052458
0.183856552280425
0.1619841672409511
0.1399143032803049
0.1176887736711043
0.09534872140636566
0.07293454176378726
0.05048580936389648
0.02804120977406657
0.005638475688940612
-0.01668567229449452
-0.03889558030237645
-0.06095671122011627
-0.08283569016473394
-0.1045003454320807
-0.1259197449706876
-0.1470642284457496
-0.1679054349666036
-0.1884163265619623
-0.2085712074965263
-0.228345739532301
-0.2477169532460414
-0.2666632555229942
-0.2851644333581764
-0.3032016540934336
-0.3207574622232495
-0.3378157729101074
-0.3543618623597132
-0.3703823552125174
-0.3858652090985663
-0.4007996965055025
-0.4151763841149451
-0.4289871097673381
-0.4422249572190709
-0.4548842288434543
-0.4669604164292879
-0.4784501702320741
-0.4893512664330935
-0.4996625731633421
-0.5093840152367866
-0.5185165377381523
-0.5270620686085336
-0.5350234803693038
-0.5424045511248524
-0.5492099249724451
-0.5554450719466236
-0.5611162476220222
-0.5662304524946299
-0.5707953912618785
-0.574819432105495
-0.5783115660808184
-0.5812813667119922
-0.5837389498873015
-0.5856949341471483
-0.587160401445227
-0.5881468584603596
-0.5886661985325999
-0.5887306642946356
-0.5883528110679825
-0.5875454710761918
-0.5863217185270092
-0.5846948356117712
-0.5826782794655392
-0.5802856501300724
-0.5775306595503056
-0.5744271016329857
-0.5709888233929208
-0.5672296972102173
-0.5631635942212136
-0.5588043588504423
-0.5541657844890836
-0.5492615903260964
-0.5441053993393703
-0.5387107174530825
-0.5330909138506343
-0.5272592024339461
-0.5212286244198149
-0.5150120320620124
-0.5086220734870374
-0.5020711786249219
-0.4953715462163032
-0.4885351318755041
-0.4815736371883546
-0.4744984998250279
-0.4673208846382884
-0.4600516757197028
-0.4527014693860083
-0.4452805680670114
-0.4377989750667861
-0.4302663901665923
-0.4226922060394642
-0.4150855054449921
-0.4074550591713176
-0.3998093246927277
-0.3921564455105801
-0.3845042511491866
-0.376860257773877
-0.3692316693942603
-0.3616253796184112
-0.354047973929294
-0.3465057324570093
-0.3390046332157144
-0.3315503557699402
-0.3241482852986124
-0.3168035170295764
-0.309520861018749
-0.3023048472459248
-0.2951597309987195
-0.2880894985197118
-0.2810978728890243
-0.2741883201156861
-0.2673640554139997
-0.2606280496438053
-0.2539830358945246
-0.247431516189065
-0.2409757682855958
-0.2346178525576693
-0.2283596189353168
-0.2222027138911371
-0.2161485874520258
-0.2101985002184709
-0.2043535303764033
-0.1986145806893447
-0.1929823854596914
-0.1874575174435569
-0.1820403947055838
-0.1767312874026779
-0.1715303244877194
-0.1664375003247568
-0.1614526812056789
-0.1565756117600542
-0.1518059212506818
-0.1471431297483636
-0.1425866541802379
-0.1381358142459941
-0.1337898381979954
-0.1295478684809626
-0.1254089672261176
-0.1213721215961336
-0.1174362489790714
-0.1136002020300852
-0.1098627735592048
-0.1062227012638525
-0.1026786723058826
-0.0992293277319536
-0.09587326673661117
-0.09260905076847804
-0.08943520748092848
-0.08635023452878729
-0.0833526032116335
-0.08044076196459225
-0.07761313969852669
-0.07486814899245126
-0.07220418914126261
-0.06961964906003366
-0.06711291004676065
-0.0646823484063192
-0.0623263379390069
-0.06004325229685904
-0.05783146721077275
-0.05568936259194349
-0.05361532451083154
-0.05160774705649066
-0.04966503407951223
-0.04778560082220513
-0.04596787543983946
-0.04421030041640329
-0.04251133387818353
-0.04086945080883807
-0.03928314416925334
-0.03775092592538747
-0.03627132798764943
-0.03484290306583706
-0.03346422544370767
-0.03213389167565894
-0.0308505212081653
-0.02961275692936058
-0.02841926565077859
-0.02726873852497454
-0.02615989140145938
-0.02509146512342427
-0.02406222576833866
-0.02307096483578535
-0.02211649938563927
-0.02119767212904381
-0.02031335147455367
-0.01946243153211967
-0.01864383207766047
-0.0178564984808715
-0.017099401598429
-0.01637153763484701
-0.01567192797320936
-0.01499961897781878
-0.01435368177066299
-0.01373321198391896
-0.01313732949061927
-0.01256517811525423
-0.01201592532585455
-0.01148876190910355
-0.01098290163017404
-0.01049758087879689
-0.01003205830304375
-0.009585614432309503
-0.009157551291010018
-0.008747192003979658
-0.008353880394659998
-0.007976980577236973
-0.007615876543836005
-0.007269971747937506
-0.006938688684755783
-0.006621468469682644
-0.006317770415455969
-0.006027071608932595
-0.00574886648810381
-0.00548266642011534
-0.005227999280933718
-0.004984409037283674
-0.004751455331336353
-0.004528713068652951
-0.004315772009918086
-0.004112236366815538
-0.003917724402529924
-0.003731868037227211
-0.00355431245889509
-0.003384715739749166
-0.003222748458424975
-0.003068093328220214
-0.002920444831619224
-0.002779508861415452
-0.002645002368454467
-0.002516653016188039
-0.002394198842079409
-0.002277387926040037
-0.002165978065900948
-0.00205973646006636
-0.001958439397333655
-0.001861871953950729
-0.001769827697850913
-0.001682108400063886
-0.001598523753306942
-0.001518891097985264
-0.001443035155480358
-0.001370787768157601
-0.001301987645393277
-0.001236480116684089
-0.001174116893456346
-0.001114755839048144
-0.001058260744311394
-0.001004501107006943
-0.0009533519174297252
-0.000904693452071931
-0.00085841107488011
-0.0008143950444673338
-0.0007725403266893784
-0.0007327464129779075
-0.0006949171447017399
-0.0006589605433230877
-0.0006247886461618298
-0.0005923173476136655
-0.0005614662456678606
-0.0005321584936703952
-0.0005043206571861572
-0.0004778825758125007
-0.0004527772298297359
-0.0004289406116116796
-0.0004063116015589346
-0.0003848318485192586
-0.0003644456545440652
-0.0003450998638845838
-0.0003267437560595825
-0.000309328942897318
-0.0002928092694665216
-0.000277140718693737
-0.0002622813196784766
-0.0002481910594380677
-0.0002348317981452093
-0.0002221671875925503
-0.0002101625928881803
-0.0001987850172167316
-0.0001880030295813033
-0.0001777866954454874
-0.0001681075101671662
-0.000158938335076176
-0.0001502533362045723
-0.0001420279255026222
-0.0001342387044656851
-0.0001268634100992842
-0.0001198808631269149
-0.0001132709183752465
-0.0001070144172475882
-0.0001010931421932679
-9.548977313156031e-05
-9.018784571715672e-05
-8.517171142152776e-05
-8.04264993247238e-05
-7.593807956600734e-05
-7.169302838696912e-05
-6.767859470113828e-05
-6.388266815507574e-05
-6.029374858623438e-05
-5.69009168382886e-05
-5.369380686852372e-05
-5.066257915193561e-05
-4.7797895203575e-05
-4.509089333451911e-05
-4.253316546001307e-05
-4.011673496823666e-05
-3.783403562755501e-05
-3.567789143501938e-05
-3.364149740392265e-05
-3.171840125192695e-05
-2.990248592992572e-05
-2.818795297765678e-05
-2.656930663718491e-05
-2.504133874851169e-05
-2.359911432643228e-05
-2.223795783729443e-05
-2.09534401201428e-05
-1.974136594464815e-05
-1.859776215292709e-05
-1.751886638155318e-05
-1.650111631899072e-05
-1.554113947887033e-05
-1.463574348707031e-05
-1.378190682817516e-05
-1.297677005415497e-05
-1.221762740333478e-05
-1.150191886150086e-05
-1.082722259226381e-05
-1.019124776305686e-05
-9.591827699057632e-06
-9.026913396308028e-06
-8.494567364499709e-06
-7.992957757956783e-06
-7.520352832261888e-06
-7.075115640421514e-06
-6.655699030266616e-06
-6.260640883788011e-06
-5.888559592545618e-06
-5.538149779573734e-06
-5.208178224275719e-06
-4.897479992435709e-06
-4.604954797108414e-06
-4.329563507276758e-06
-4.070324862307052e-06
-3.826312343496181e-06
-3.596651218633565e-06
-3.380515725306635e-06
-3.177126424769197e-06
-2.985747668623804e-06
-2.805685216561729e-06
-2.636283980064505e-06
-2.47692586786894e-06
-2.327027760991333e-06
-2.186039589717846e-06
-2.053442510193907e-06
-1.928747180084718e-06
-1.811492136171032e-06
-1.701242240591547e-06
-1.59758722163933e-06
-1.500140297022214e-06
-1.408536850003424e-06
-1.322433210030018e-06
-1.241505466531341e-06
-1.165448367836344e-06
-1.093974274343242e-06
-1.026812172836563e-06
-9.637067258917115e-07
-9.044173984537945e-07
-8.487176137523053e-07
-7.963939712308273e-07
-7.472454970417447e-07
-7.010829266936549e-07
-6.577280635189038e-07
-6.170131244654555e-07
-5.787801476749683e-07
-5.428804448505847e-07
-5.091740555609763e-07
-4.775292516364439e-07
-4.478220605812024e-07
-4.199358188024742e-07
-3.937607633307889e-07
-3.691936148419377e-07
-3.461372101292792e-07
-3.245001546612793e-07
-3.041964816172036e-07
-2.851453209965748e-07
-2.672706311502543e-07
-2.505008998200766e-07
-2.347688882401229e-07
-2.200113822571578e-07
-2.06168940591463e-07
-1.931856794629575e-07
-1.810090759335693e-07
-1.695897895027589e-07
-1.58881442013352e-07
-1.488404533439356e-07
-1.394258284117433e-07
-1.305990405579272e-07
-1.223239016029934e-07
-1.145664363914641e-07
-1.072947183487544e-07
-1.00478760860731e-07
-9.409040064605438e-08
-8.81031814815064e-08
-8.249227436827322e-08
-7.723434676708724e-08
-7.230750139575787e-08
-6.769116579762382e-08
-6.336603566239769e-08
-5.931398681257501e-08
-5.551800440798574e-08
-5.196212405301193e-08
-4.863135500654247e-08
-4.551162939436551e-08
-4.258974807669732e-08
-3.985332799778446e-08
-3.729074834677175e-08
-3.489109646172217e-08
-3.264414225114306e-08
-3.054029474599789e-08
-2.857055119113139e-08
-2.672645613553012e-08
-2.500009806383089e-08
-2.338404920733464e-08
-2.187134903886355e-08
-2.045547313109526e-08
-1.913029092290286e-08
-1.789006868703946e-08
-1.672941940990942e-08
-1.564329938545372e-08
-1.462697189675266e-08
-1.367600691615682e-08
-1.278624606194661e-08
-1.195379237565197e-08
-1.117499103992606e-08
-1.044642430341226e-08
-9.764890832264914e-09
-9.127386073945553e-09
-8.53109564356438e-09
-7.973384462492593e-09
-7.451785016077369e-09
-6.963983633544834e-09
-6.507814151650691e-09
-6.081253009977915e-09
-5.682390652560435e-09
-5.309454496587567e-09
-4.960771819946423e-09
-4.634780810229754e-09
-4.330014139916566e-09
-4.045109626249703e-09
-3.778782769039311e-09
-3.529832026381612e-09
-3.297133789431468e-09
-3.079643645891191e-09
-2.876371448185212e-09
-2.686401352833416e-09
-2.508870611677209e-09
-2.342970622346585e-09
-2.18795062508628e-09
-2.043105115776439e-09
-1.907769957148758e-09
-1.781328399300641e-09
-1.663199588064377e-09
-1.552838992319066e-09
-1.449742715833992e-09
-1.35343726483286e-09
-1.263476974813028e-09
-1.179442647457963e-09
-1.100959540319284e-09
-1.027651355871517e-09
-9.591819135270485e-10
-8.952381271794028e-10
-8.355279492051378e-10
-7.797728129087119e-10
-7.277116548200686e-10
-6.791026843737233e-10
-6.337152528906911e-10
-5.913371482778161e-10
-5.517740117024307e-10
-5.148377921261447e-10
-4.803566702959642e-10
-4.481700084934018e-10
-4.181222510416569e-10
-3.900752984891078e-10
-3.63895047546148e-10
-3.394596037500041e-10
-3.166555624161554e-10
-2.953687314867799e-10
-2.755027149628316e-10
-2.569634448225774e-10
-2.396624197558358e-10
-2.235208184536886e-10
-2.084590348913468e-10
-1.944022274352537e-10
-1.812901733674943e-10
-1.690590312087549e-10
-1.57650321568589e-10
-1.470045559994542e-10
-1.370739282416824e-10
-1.278077742601446e-10
-1.191667774203971e-10
-1.111057866829004e-10
-1.035855874873199e-10
-9.656742109453668e-11
-9.00216101344907e-11
-8.391441815115053e-11
-7.821896826413016e-11
-7.290760312143805e-11
-6.795510851715388e-11
-6.334173757882708e-11
-5.904219680207144e-11
-5.503329500482435e-11
-5.129321166482033e-11
-4.780466662931017e-11
-4.45528984355582e-11
-4.152112580783524e-11
-3.869402682488442e-11
-3.605810167007263e-11
-3.360158262849076e-11
-3.130873125657911e-11
-2.917069041640482e-11
-2.717982632428033e-11
-2.532212249112196e-11
-2.359122182086356e-11
-2.197615375757574e-11
-2.047254918026497e-11
-1.907029859218496e-11
-1.776474794296567e-11
-1.654940727526201e-11
-1.541998426817829e-11
-1.436953111376173e-11
-1.338793126546302e-11
-1.247348497190792e-11
-1.161794208116078e-11
-1.082090234637036e-11
-1.007538361887232e-11
-9.382798723040934e-12
-8.736377662280278e-12
-8.133149427710773e-12
-7.574454740964104e-12
-7.052838074650243e-12
-6.568388858591202e-12
-6.114622230023536e-12
-5.693518263453923e-12
-5.29847009360168e-12
-4.934512669904006e-12
-4.598505260027675e-12
-4.285357232574691e-12
-3.99637784367778e-12
-3.720029078205962e-12
-3.46253674940746e-12
-3.220068706479199e-12
-2.995278336472656e-12
-2.787133180911329e-12
-2.594852346379983e-12
-2.417836165460077e-12
-2.250060256644186e-12
-2.096066004793996e-12
-1.951759982236731e-12
-1.813475240458134e-12
-1.686453285345031e-12
-1.566940570453955e-12
-1.456463029051464e-12
-1.352768218000059e-12
-1.26087424812967e-12
-1.176874226925362e-12
-1.103297840668843e-12
-1.029156062030447e-12
-9.609533735956592e-13
-8.96830449556555e-13
-8.344179505201952e-13
-7.723717612006516e-13
-7.134437849759407e-13
-6.572158324340589e-13
-6.084284083021387e-13
-5.662238853552543e-13
-5.263229852812889e-13
-4.886767432700315e-13
-4.549742916487237e-13
-4.241916163927383e-13
-3.99155852941604e-13
-3.753473369275588e-13
-3.55213493146057e-13
-3.351071900573547e-13
-3.114643351561604e-13
-2.884012882731735e-13
-2.652461968636968e-13
-2.449293135002341e-13
-2.259512467237498e-13
-2.058808217143669e-13
-1.871350048917716e-13
-1.696406412548831e-13
-1.571632033676693e-13
-1.477230563861865e-13
-1.390005972014068e-13
-1.314929676538046e-13
-1.257984695335329e-13
-1.195117984480564e-13
-1.14030434885019e-13
-1.108046706745855e-13
-1.060492294633136e-13
-9.742670629862088e-14
-9.165399492179246e-14
-8.252225637884949e-14
-7.18662216615164e-14
-6.424924087408198e-14
-5.460146566605296e-14
-4.183725825350367e-14
-3.518063688864669e-14
-3.264677528586505e-14
-3.584475963775721e-14
-3.848149085192777e-14
-4.326825965853347e-14
-4.537864302470461e-14
-4.530907544611294e-14
-4.609718938202057e-14
-4.29307848007126e-14
-3.921650259502956e-14
-3.545349741695186e-14
-2.582877006283648e-14
-1.675834438259176e-14
-9.745085968429079e-15
-6.006354525851607e-15
-2.887377503793618e-15
