-7.166869304222014e-13
-4.532686762296583e-13
-2.812103108346235e-13
-1.725317073069232e-13
-1.0300658295292e-13
-5.608516889718482e-14
-2.161991072960169e-14
7.348670019686628e-15
3.704205994745655e-14
7.207516780584158e-14
1.177064898052562e-13
1.812458380258586e-13
2.705135252199736e-13
3.972608449010769e-13
5.766669336939431e-13
8.299922773352627e-13
1.187288964079594e-12
1.687288365295361e-12
2.385060730120043e-12
3.357407101936583e-12
4.703729256509293e-12
6.562469803426642e-12
9.1184306051804e-12
1.262009106466551e-11
1.739644412502094e-11
2.388997862992023e-11
3.268174603350344e-11
4.454129548983996e-11
6.048096305916219e-11
8.182831543896322e-11
1.103182315950095e-10
1.482112900981798e-10
1.984415496576309e-10
2.648093027660292e-10
3.522171060022037e-10
4.669747360860981e-10
6.171776322821639e-10
8.131823324840176e-10
1.068201851738804e-09
1.399046284847369e-09
1.827045525176839e-09
2.379189774994787e-09
3.089546793801559e-09
4.001000573439758e-09
5.16739940842045e-09
6.656179899417846e-09
8.551589648801374e-09
1.095860300284797e-08
1.40076931587628e-08
1.786061020777095e-08
2.271736832967717e-08
2.882465310266202e-08
3.648593485289537e-08
4.607360451986366e-08
5.804351732968075e-08
7.295234321752902e-08
9.147822710132811e-08
1.144453374144408e-07
1.42852938559937e-07
1.779097571288541e-07
2.21074512268787e-07
2.741035724654269e-07
3.391068954198816e-07
4.186135128333926e-07
5.156480253411313e-07
6.338197372941668e-07
7.774263072823322e-07
9.51573990486159e-07
1.162316828709228e-06
1.4168174112789e-06
1.723532159758269e-06
2.092424401882497e-06
2.535208895825186e-06
3.065631839944347e-06
3.69979086595139e-06
4.456499942027151e-06
5.357704662124073e-06
6.428953872836333e-06
7.699934156554992e-06
9.205074329694407e-06
1.098422774228244e-05
1.308344085800442e-05
1.55558172362572e-05
1.846248683301706e-05
2.18736912263214e-05
2.586999617440893e-05
3.054364367319288e-05
3.600005646334301e-05
4.235950869941061e-05
4.975897723901652e-05
5.835418871012423e-05
6.832187817427239e-05
7.98622757491278e-05
9.320183804189115e-05
0.000108596241554787
0.0001263336553958362
0.0001467383105680953
0.0001701743828143726
0.0001970502053839268
0.000227822827121322
0.0002630029299260371
0.0003031601185211439
0.0003489286037771606
0.0004010133241872522
0.0004601965089165348
0.0005273446885899756
0.0006034161654177245
0.0006894689528304801
0.0007866691925828957
0.0008963000547012115
0.001019771122677081
0.001158628262998641
0.001314563974354773
0.001489428207706363
0.001685239643843077
0.00190419740998323
0.00214869321151706
0.002421323848999596
0.002724904084058905
0.003062479810945443
0.003437341482999776
0.003853037735373236
0.00431338913690393
0.004822501995073779
0.005384782128558447
0.00600494851203021
0.006688046688874748
0.007439461856157352
0.008264931558077044
0.009170557834263357
0.01016281867060718
0.01124857860446856
0.01243509832711693
0.01373004311625794
0.01514148992153955
0.01667793291604749
0.01834828731713007
0.02016189127067616
0.02212850558690058
0.02425831114918172
0.02656190417215617
0.02905028926548527
0.03173486972950271
0.03462743451756749
0.0377401418473521
0.04108549951620959
0.04467634179961039
0.04852580264813088
0.05264728502910844
0.05705442624936247
0.06176105918868399
0.06678116934869593
0.07212884758139032
0.07781823849159344
0.08386348441170012
0.0902786649754897
0.09707773231039821
0.1042744418364695
0.1118822788261301
0.1199143807493683
0.1283834555958108
0.1373016963571844
0.1466806918160478
0.1565313339944274
0.1668637224478325
0.1776870657962631
0.1890095808673994
0.2008383897748008
0.2131794155010412
0.2260372763411569
0.2394151798028318
0.2533148165268016
0.2677362547174579
0.2826778358584211
0.2981360722062713
0.3141055468234032
0.3305788168570325
0.3475463206744352
0.3649962897774596
0.3829146660565815
0.4012850252355112
0.4200885072722608
0.4393037543484546
0.4589068574073842
0.478871311768299
0.499167982655562
0.5197650813490587
0.5406281524756026
0.5617200733021873
0.5830010653962396
0.604428719338711
0.6259580329965229
0.6475414636300997
0.6691289944622413
0.6906682157686684
0.7121044208732329
0.7333807172189374
0.7544381524291613
0.7752158556285151
0.7956511936613764
0.8156799421690473
0.8352364712598243
0.85425394524419
0.8726645362652503
0.8903996509765725
0.9073901697537834
0.9235666976963676
0.938859826413068
0.953200405943378
0.9665198255082814
0.9787503021327074
0.9898251759552409
0.9996792107934235
1.008248898906629
1.015472768279281
1.02129169111643
1.025649192044365
1.028491754293225
1.029769122521197
1.029434600419657
1.027445341628826
1.023762632324785
1.018352163668429
1.011184292709663
1.002234289921462
0.9914825719385186
0.9789149179666807
0.9645226682318857
0.9483029032462639
0.9302586023451288
0.9103987803462247
0.8887386011504533
0.8652994670905703
0.8401090832292832
0.8132014955713849
0.7846171025442652
0.7544026391325572
0.7226111331010416
0.6893018331035391
0.6545401083454367
0.618397319820626
0.5809506632181911
0.5422829836917791
0.5024825630005264
0.4616428794534678
0.4198623413796006
0.377243994980428
0.3338952075744413
0.2899273274707427
0.2454553215667779
0.2005973919512662
0.1554745731708597
0.110210312117925
0.06493003236452832
0.01976068394760509
-0.02516971963275039
-0.06973257403142843
-0.1137991636071252
-0.1572411470846386
-0.1999310480637064
-0.2417427471393018
-0.2825519722556886
-0.3222367855049895
-0.3606780650392571
-0.3977599796438479
-0.4333704533685823
-0.4674016178997586
-0.4997502506670947
-0.5303181967475314
-0.5590127724616701
-0.5857471487069507
-0.610440712182574
-0.633019402761449
-0.6534160254563492
-0.6715705354153821
-0.6874302945996824
-0.7009502989092958
-0.7120933746313078
-0.7208303433282337
-0.7271401543160785
-0.7310099841336846
-0.7324353025316396
-0.7314199046316626
-0.727975909165302
-0.7221237227543531
-0.7138919704543963
-0.7033173929020916
-0.6904447105217021
-0.6753264554910722
-0.6580227722301535
-0.6386011874061097
-0.6171363505467875
-0.5937097464501107
-0.568409380781337
-0.5413294402957732
-0.5125699293018073
-0.4822362840486885
-0.4504389667927452
-0.4172930414361367
-0.3829177326399495
-0.347435970424863
-0.3109739223072814
-0.2736605150497149
-0.2356269481676953
-0.1970062013087698
-0.1579325376593375
-0.1185410055257631
-0.07896694022095246
-0.0393454683757038
0.0001889832612949136
0.03950317249775531
0.07846551786433131
0.1169465643513198
0.1548194368672623
0.1919602796450644
0.2282486799114677
0.2635680742275419
0.2978061359966647
0.3308551427562753
0.3626123219601041
0.3929801740886708
0.4218667720378749
0.4491860358459522
0.474857981970614
0.4988089464148683
0.5209717811526555
0.5412860234242879
0.5596980375864219
0.5761611293610661
0.5906356324043578
0.6030889672674634
0.6134956729348744
0.621837411234573
0.6281029445637851
0.6322880874219872
0.634395632381096
0.634435251215681
0.6324233720009015
0.6283830331060881
0.6223437150453665
0.6143411512605
0.6044171189634672
0.5926192112098477
0.5790005914620466
0.5636197319223787
0.5465401369890541
0.5278300532025272
0.5075621670600377
0.4858132921274657
0.4626640468644638
0.4381985246108414
0.4125039571689819
0.3856703734008822
0.3577902542679526
0.328958185700875
0.2992705106813269
0.2688249818790227
0.2377204161472009
0.2060563521540077
0.173932712368366
0.1414494705828047
0.1087063260968262
0.07580238562623694
0.04283585395250043
0.009903734258606441
-0.02289846096132659
-0.05547698759933666
-0.08774013548557819
-0.1195984811123763
-0.150965126916619
-0.1817559265788854
-0.2118896958682327
-0.2412884086261073
-0.269877377556561
-0.2975854195565762
-0.3243450053990805
-0.3500923936429667
-0.3747677486996642
-0.3983152430602239
-0.4206831437396805
-0.441823883063023
-0.4616941139715175
-0.4802547500810985
-0.4974709907925587
-0.5133123317724033
-0.5277525611769841
-0.5407697420403602
-0.5523461812923273
-0.5624683859235166
-0.5711270068102977
-0.578316770756786
-0.5840364013397459
-0.5882885291646234
-0.5910795921736887
-0.5924197266407837
-0.5923226495146794
-0.5908055327808053
-0.587888870515506
-0.5835963393268594
-0.5779546528514905
-0.5709934109906875
-0.5627449445627588
-0.5532441560374184
-0.5425283570209688
-0.5306371031362463
-0.5176120269442295
-0.5034966695278631
-0.488336311331467
-0.472177802844355
-0.4550693956900504
-0.4370605746693569
-0.4182018912769208
-0.398544799183893
-0.3781414921634279
-0.3570447448965485
-0.3353077570801811
-0.312984001226538
-0.2901270745092901
-0.2667905549910767
-0.2430278625423702
-0.2188921247397839
-0.1944360479912379
-0.1697117940997644
-0.14477086245999
-0.119663978060671
-0.09444098544089666
-0.06915074871214169
-0.04384105773006562
-0.01855854048217245
0.00665141826360172
0.03174475202960498
0.05667878142546747
0.0814122766971081
0.1059055140697974
0.1301203259474462
0.1540201450531803
0.1775700426129395
0.2007367606935982
0.2234887388219634
0.2457961350273884
0.2676308414674612
0.2889664948050649
0.3097784815109828
0.3300439382807483
0.3497417477570788
0.3688525297576138
0.3873586282146792
0.4052440940417401
0.4224946641511999
0.43909773683604
0.4550423437323935
0.4703191185852332
0.4849202630441651
0.498839509722221
0.5120720827302331
0.5246146558986747
0.5364653089034042
0.5476234815182388
0.5580899262196736
0.5678666593366611
0.576956910937901
0.5853650736518439
0.5930966506149475
0.6001582027400666
0.606557295476965
0.6123024452405119
0.6174030656708572
0.6218694138763967
0.6257125368101443
0.6289442179202488
0.6315769242110059
0.6336237538418251
0.6350983843867269
0.6360150218782648
0.6363883507272314
0.6362334846049669
0.6355659183771408
0.6344014811800338
0.6327562907261461
0.630646708893394
0.6280892986504293
0.6251007823708687
0.6216980015889788
0.617897878245651
0.6137173774488871
0.6091734717722154
0.6042831071125759
0.5990631701257796
0.5935304572563376
0.5877016453604399
0.5815932639205046
0.5752216688473932
0.5686030178621193
0.5617532474488929
0.5546880513582209
0.547422860639155
0.5399728251772448
0.5323527967127913
0.5245773133152347
0.5166605852759849
0.5086164823845348
0.5004585225512608
0.4921998617385387
0.4838532851630755
0.4754311997248311
0.4669456276188467
0.4584082010864904
0.4498301582635824
0.4412223400849676
0.4325951881946856
0.423958743814785
0.415322647526558
0.4066961399180035
0.398088063053735
0.3895068627189373
0.3809605913911905
0.3724569118953286
0.3640031016984819
0.3556060578050988
0.3472723022050369
0.3390079878301612
0.3308189049787107
0.3227104881703728
0.3146878233971567
0.3067556557277539
0.2989183972272641
0.2911801351568432
0.2835446404194757
0.2760153762202189
0.2685955069080008
0.2612879069686867
0.2540951701403713
0.2470196186238747
0.2400633123640449
0.2332280583745527
0.2265154200818871
0.2199267266662188
0.213463082377943
0.2071253758107706
0.2009142891121324
0.1948303071139342
0.1888737263674548
0.1830446640668979
0.1773430668478915
0.1717687194483343
0.1663212532215812
0.161000154491173
0.1558047727353471
0.1507343285918553
0.145787921676804
0.1409645382128893
0.1362630584609498
0.1316822639478291
0.1272208444856463
0.1228774049799329
0.1186504720250403
0.1145385002846951
0.1105398786558418
0.1066529362155576
0.1028759479500534
0.09920714026547373
0.09564469628144859
0.09218676090958396
0.08883144571936
0.08557683359274669
0.08242098316956964
0.07936193308659781
0.07639770601407027
0.07352631249381453
0.07074575458182589
0.06805402929874518
0.06544913189248547
0.06292905891814121
0.06049181114041388
0.05813539626235426
0.05585783148460347
0.0536571459001125
0.05153138272975578
0.04947860140408724
0.04749687949605342
0.04558431450959309
0.04373902552923242
0.04195915473587726
0.04024286879395374
0.03858836011489161
0.03699384800219351
0.03545757968301064
0.03397783123076643
0.03255290838346112
0.03118114726274128
0.02986091499862375
0.02859061026442569
0.0273686637264575
0.02619353841293815
0.02506373000628265
0.0239777670627799
0.02293421116380569
0.02193165700268123
0.02096873241123373
0.02004409832958429
0.01915644872264292
0.0183045104469043
0.01748704307105647
0.01670283865390717
0.0159507214825275
0.01522954777344753
0.01453820533980361
0.01387561322742951
0.01324072132251438
0.01263250993342436
0.01204998934924009
0.0114921993772135
0.01095820886138105
0.01044711518433587
0.009958043754237965
0.009490147479089535
0.009042606229961744
0.008614626295002991
0.008205439825707473
0.00781430427704574
0.00744050184277326
0.007083338887304081
0.006742145375553259
0.00641627430196755
0.00610510111979052
0.005808023171361114
0.005524459120490824
0.005253848387934397
0.004995650590875144
0.00474934498702925
0.004514429924040449
0.00429042229473278
0.004076856998933691
0.003873286412451851
0.003679279863598979
0.003494423117684236
0.003318317869779106
0.003150581246260672
0.002990845315374995
0.002838756607057798
0.002693975642258683
0.002556176471941845
0.002425046225899779
0.002300284671497597
0.002181603782470917
0.002068727317887694
0.001961390411321372
0.001859339170205706
0.001762330285373597
0.001670130650765834
0.001582516993260984
0.00149927551257891
0.0014202015312224
0.001345099154365993
0.001273780939576098
0.001206067576230193
0.001141787574510743
0.001080776963841435
0.00102287900069377
0.0009679438855088837
0.0009158284886767162
0.0008663960853506053
0.0008195160989308541
0.0007750638530763818
0.0007329203320300132
0.000692971949104059
0.0006551103231349076
0.000619232062727812
0.0005852385580854877
0.0005530357802500563
0.0005225340875688513
0.0004936480391860724
0.0004662962154158133
0.0004404010447324154
0.0004158886372864569
0.0003926886246696384
0.0003707340057870655
0.0003499609986638092
0.0003303088980055613
0.0003117199383181811
0.0002941391624442351
0.0002775142953076994
0.0002617956227264714
0.0002469358750965704
0.0002328901158352325
0.0002196156343550053
0.0002070718435130429
0.0001952201812502989
0.0001840240163938964
0.0001734485583994934
0.0001634607709459486
0.0001540292892494236
0.0001451243408569845
0.0001367176697953752
0.0001287824640011384
0.0001212932861228429
0.0001142260075044194
0.0001075577449782807
0.0001012668001985581
9.533260164891533e-05
8.973564939670439e-05
8.445746251871858e-05
7.948052885693934e-05
7.478825700719979e-05
7.036493052565004e-05
6.619566421823139e-05
6.226636251528152e-05
5.856367972749989e-05
5.507498223489495e-05
5.178831240223444e-05
4.869235421372792e-05
4.577640055789576e-05
4.303032204530161e-05
4.044453734173038e-05
3.800998492808239e-05
3.571809622460738e-05
3.35607700153836e-05
3.153034813003975e-05
2.961959230896749e-05
2.782166220854439e-05
2.61300944948647e-05
2.453878297847296e-05
2.304195972928526e-05
2.163417712726614e-05
2.03102908510774e-05
1.906544367106575e-05
1.789505010068322e-05
1.679478180782119e-05
1.576055378439393e-05
1.478851120002161e-05
1.387501695477048e-05
1.301663984879779e-05
1.22101433952333e-05
1.14524751643031e-05
1.074075673924542e-05
1.007227414708566e-05
9.44446881398216e-06
8.854929003484444e-06
8.301381679497922e-06
7.781684824922338e-06
7.293820152296007e-06
6.835886200775738e-06
6.406091821663528e-06
6.002749994114913e-06
5.62427195777762e-06
5.26916170965629e-06
4.936010745833294e-06
4.623493135513671e-06
4.33036081135801e-06
4.05543916249936e-06
3.797622848606011e-06
3.555871835591372e-06
3.329207661188021e-06
3.116709899843817e-06
2.91751282616459e-06
2.730802262661704e-06
2.555812612331798e-06
2.391824036186735e-06
2.238159802382235e-06
2.094183778628645e-06
1.959298063581388e-06
1.83294076459535e-06
1.714583881270501e-06
1.603731318905179e-06
1.499917021272652e-06
1.402703193690565e-06
1.311678640629149e-06
1.226457191986129e-06
1.146676222391732e-06
1.071995253653985e-06
1.002094635161701e-06
9.366743045306434e-07
8.754526188562131e-07
8.181652536184762e-07
7.645641534239629e-07
7.144165738273848e-07
6.675041520800898e-07
6.236220340108816e-07
5.825780688747382e-07
5.441920352531604e-07
5.082949173716663e-07
4.747282313109511e-07
4.433433817791667e-07
4.140010486853576e-07
3.865706379606139e-07
3.609297328795079e-07
3.369636030318179e-07
3.145647318850832e-07
2.936323690867391e-07
2.740721228309133e-07
2.557955424257968e-07
2.387197885770856e-07
2.227672658661938e-07
2.078652936534495e-07
1.939458169891877e-07
1.809450972546823e-07
1.688034662281286e-07
1.574650554179572e-07
1.468775676939827e-07
1.369920581459165e-07
1.277627002920584e-07
1.19146608633803e-07
1.111036565115592e-07
1.035963015169169e-07
9.658940654888658e-08
9.005011976296405e-08
8.39476926006506e-08
7.825336670421205e-08
7.294025548881304e-08
6.798320153811006e-08
6.335869232670524e-08
5.904473725532419e-08
5.502077704519995e-08
5.12675949979909e-08
4.776722633461923e-08
4.450288016106267e-08
4.145886230072561e-08
3.862050932308039e-08
3.597411040953138e-08
3.350685895160785e-08
3.120679092179173e-08
2.906272619492114e-08
2.706422683124315e-08
2.520153153456063e-08
2.346553574473879e-08
2.184772973734983e-08
2.034017270683542e-08
1.893544676457702e-08
1.762662550919327e-08
1.640724925175142e-08
1.527128380252505e-08
1.421309590690953e-08
1.322742414480113e-08
1.230936208428517e-08
1.145432694238917e-08
1.065804228166109e-08
9.916520717516871e-09
9.226034554180857e-09
8.583112738555899e-09
7.9845140514708e-09
7.427222887889705e-09
6.908418165108938e-09
6.425475078031372e-09
5.975941883233993e-09
5.557539565779192e-09
5.168133856240056e-09
4.80574708463657e-09
4.468520372377291e-09
4.154726771370704e-09
3.862749845934678e-09
3.591096971497078e-09
3.338363459183924e-09
3.103248350809348e-09
2.884531937924645e-09
2.681078357233039e-09
2.49183328542636e-09
2.315816113812783e-09
2.152109059013498e-09
1.999866991312747e-09
1.858297660632568e-09
1.726658466281047e-09
1.604260191362202e-09
1.49046097854335e-09
1.38466457734484e-09
1.286319320345538e-09
1.194901352862786e-09
1.109925577588944e-09
1.030940217691161e-09
9.575194525830425e-10
8.892822892842614e-10
8.258634690430722e-10
7.669240394045653e-10
7.121498107098467e-10
6.612572580209324e-10
6.139728667759945e-10
5.70039804349465e-10
5.29222837580921e-10
4.913052931755177e-10
4.560839607829028e-10
4.233724658169396e-10
3.929904937792056e-10
3.647742938813111e-10
3.385721541760545e-10
3.142333650394462e-10
2.916347291220484e-10
2.706475206617354e-10
2.511539739365584e-10
2.330511364009507e-10
2.162347580635598e-10
2.006223024697401e-10
1.861289217965706e-10
1.726714310252211e-10
1.601769259738633e-10
1.485898750772866e-10
1.378351193660172e-10
1.278588617869154e-10
1.186015901776553e-10
1.100132266311378e-10
1.020457259455198e-10
9.465015370845559e-11
8.778552305771815e-11
8.141061878062121e-11
7.549165396482237e-11
6.999438711579108e-11
6.488952636887886e-11
6.015457772342147e-11
5.576103034706667e-11
5.168837348792384e-11
4.791586764059539e-11
4.441663578136519e-11
4.117778456500085e-11
3.81779898205327e-11
3.539571161123185e-11
3.282029031989543e-11
3.043223987389055e-11
2.820924403324555e-11
2.614459465146953e-11
2.42289071792783e-11
2.244849309888238e-11
2.079320716699631e-11
1.926050044371775e-11
1.783447732726394e-11
1.65150394254148e-11
1.529945949912594e-11
1.41760557163978e-11
1.313422689741277e-11
1.217292735376277e-11
1.128744027023271e-11
1.046219698909392e-11
9.698405383999057e-12
8.987641971560044e-12
8.327912122910787e-12
7.713570351061078e-12
7.14515390267739e-12
6.615009660435388e-12
6.116134997780425e-12
5.656330808124102e-12
5.230942635048107e-12
4.835970610967269e-12
4.477171167390214e-12
4.144512862087777e-12
3.837613831258435e-12
3.55823346071217e-12
3.30077004688706e-12
3.065921419947518e-12
2.850001202306218e-12
2.645275140746096e-12
2.452673974364096e-12
2.27163644817316e-12
2.096698582597603e-12
1.930285347919201e-12
1.774849347373171e-12
1.625385592142122e-12
1.49606441186993e-12
1.385309088441012e-12
1.290379894497437e-12
1.201021372335238e-12
1.121717691646309e-12
1.047773723056971e-12
9.760916020800491e-13
9.032640211819281e-13
8.365931615683017e-13
7.688661033299996e-13
7.095167266454386e-13
6.546169744542149e-13
6.013437145499591e-13
5.507675326436508e-13
5.069928273299951e-13
4.685648487620789e-13
4.297858083978246e-13
3.958715789362942e-13
3.687180502117569e-13
3.446781389565149e-13
3.230359048279622e-13
3.05012442094805e-13
2.839198925847891e-13
2.645025309709606e-13
2.435189969136946e-13
2.236658876793402e-13
2.079546423080978e-13
1.907199497447391e-13
1.760929058589635e-13
1.610524804594208e-13
1.45502434803675e-13
1.309454767270177e-13
1.170241237552191e-13
1.059638675174892e-13
9.466673645399423e-14
9.248786780307117e-14
8.914383879713119e-14
8.944908346091667e-14
8.402805360750336e-14
8.224950747177937e-14
8.137179985587336e-14
7.804180962200285e-14
6.885409854124312e-14
5.984187297390779e-14
4.941875907981586e-14
4.007708265835614e-14
2.793569803443627e-14
2.239007512342667e-14
2.011059027235327e-14
2.312091277772933e-14
2.58749247148659e-14
3.161353302729041e-14
3.557677377664954e-14
3.495434211409359e-14
3.171744975082349e-14
2.775033641306252e-14
2.619603238529913e-14
2.304147062174268e-14
2.015555344044934e-14
1.5537443610284e-14
1.160650955429109e-14
4.647170979915765e-15
4.155878979485708e-16
-1.403100934795633e-15
1.485656842723707e-15
4.011576983800652e-15
9.346215897661194e-15
1.465661471874738e-14
1.81363678263731e-14
1.908878706301429e-14
1.519606415530414e-14
1.228426349000334e-14
5.195656514518895e-15
-9.558625045906373e-16
-3.241345287203004e-15
-2.364868451378493e-15
-4.181977462620423e-16
4.052842470947913e-15
3.379535183173502e-15
2.809682865039907e-15
3.936036363516629e-15
6.382547961593526e-15
4.191324493529276e-15
9.694133742312119e-16
-3.485572790683887e-15
-2.700854210308921e-15
5.226336347814928e-16
5.77722555459174e-15
7.783096959299773e-15
8.258521354958913e-15
5.942553053485661e-15
2.885670686266149e-15
2.812583769651164e-16
-3.397162462394865e-15
-4.308259000159521e-15
-6.362217256199233e-15
-5.543289621621034e-15
-2.280117245451272e-15
9.040480101122426e-16
3.706257215458486e-15
6.395218421214844e-15
9.01781184190508e-15
4.721491555826005e-15
-4.308033011005318e-16
-1.57669319767845e-16
1.671699128182855e-15
-1.021089823945492e-16
-3.640378294363088e-15
-5.470532505840316e-15
-3.641355875075829e-15
-3.005619396803988e-15
2.136348369181305e-15
5.487393114935578e-15
9.50639894062459e-15
3.984631572456253e-15
-2.163393803693625e-17
-5.810270774939107e-15
-8.088466259658008e-15
-5.113924000972173e-15
-2.94534104288483e-15
4.80901082032108e-17
5.793803443004124e-15
