7.230882383658867e-13
4.811569602795153e-13
3.248893132535979e-13
2.226664842667044e-13
1.561965026514905e-13
1.131834874532771e-13
8.654038150696499e-14
7.11355046121027e-14
6.521448139733383e-14
6.684945080378319e-14
7.597886348134776e-14
9.336674655693911e-14
1.204458888356393e-13
1.592422196377308e-13
2.134766642960695e-13
2.87108679691023e-13
3.875396076911852e-13
5.219409361756002e-13
7.017956549129544e-13
9.414096310350549e-13
1.259964807340788e-12
1.682094860023522e-12
2.237848360075132e-12
2.968779292024717e-12
3.926291938109567e-12
5.174959372035412e-12
6.798482341941005e-12
8.90250785897257e-12
1.161741072815437e-11
1.511196895117739e-11
1.959433267909724e-11
2.532707060518093e-11
3.263518419918107e-11
4.192739742571934e-11
5.370774977660415e-11
6.86030855057304e-11
8.73870310791071e-11
1.1101283780005e-10
1.4065378529187e-10
1.777478998023781e-10
2.240561354310956e-10
2.817290885995859e-10
3.533866844394269e-10
4.422142219829265e-10
5.520770620041844e-10
6.876526431689727e-10
8.545932548380464e-10
1.059712018857814e-09
1.311205730308745e-09
1.61891228965522e-09
1.994618893074554e-09
2.452414636946819e-09
3.009104861726778e-09
3.684698784382137e-09
4.502968324537782e-09
5.492103284044071e-09
6.685470126504051e-09
8.12248220800905e-09
9.849614913013846e-09
1.192156525286994e-08
1.440259123764455e-08
1.736804676928384e-08
2.090613809347807e-08
2.511993908155186e-08
3.012968605440948e-08
3.607539261162074e-08
4.31198333050132e-08
5.145192267189887e-08
6.129055613384909e-08
7.288895458163967e-08
8.653957732487372e-08
1.025796701860365e-07
1.213975145992077e-07
1.434394647024472e-07
1.692178560476254e-07
1.993198724370062e-07
2.344174872325221e-07
2.752785889415235e-07
3.22779397376009e-07
3.779183264394633e-07
4.418314207103442e-07
5.15809529734785e-07
6.01317384736624e-07
7.000147611223243e-07
8.137799223340568e-07
9.447355522877472e-07
1.095277407691593e-06
1.268105920057326e-06
1.46626101650327e-06
1.693160422556841e-06
1.952641744021785e-06
2.249008626704137e-06
2.587081329218655e-06
2.972252040784784e-06
3.410545301031905e-06
3.908683903390532e-06
4.474160660863394e-06
5.115316436671762e-06
5.84142486017374e-06
6.662784141514296e-06
7.590816414309138e-06
8.638175063050476e-06
9.818860606217835e-06
1.114834611217773e-05
1.264371250766235e-05
1.432379425625564e-05
1.620933599031672e-05
1.832316071734443e-05
2.069035022421666e-05
2.333843832331802e-05
2.62976176051427e-05
2.960096035699629e-05
3.328465433180245e-05
3.738825404902246e-05
4.195494831729278e-05
4.70318446688662e-05
5.267027139368025e-05
5.892609786171395e-05
6.586007379679866e-05
7.353818816955238e-05
8.203204835165935e-05
9.141928014017075e-05
0.0001017839492436181
0.0001132170047771021
0.0001258167452800745
0.0001396893076955016
0.0001549491797355923
0.0001717197362015892
0.0001901338002273754
0.0002103342294416194
0.000232474527077411
0.0002567194781537512
0.0002832458107665171
0.0003122428824225289
0.000343913391232397
0.0003784741116574514
0.0004161566543489536
0.0004572082494910296
0.0005018925528936096
0.0005504904744051581
0.0006033010321214502
0.0006606422332600408
0.0007228519764602459
0.0007902889701498855
0.0008633336676831461
0.0009423892205479151
0.001027882448752985
0.001120264825356862
0.001220013473325414
0.001327632172471853
0.001443652374979311
0.001568634227372583
0.001703167595945905
0.001847873093752707
0.002003403105724499
0.002170442809523376
0.002349711189176157
0.002541962037661138
0.002747984946092302
0.002968606275027312
0.003204690104915779
0.003457139162028453
0.003726895715165119
0.004014942440420177
0.004322303248628147
0.00465004407204643
0.004999273606133616
0.005371144000914101
0.00576685149915575
0.006187637015157497
0.006634786650605278
0.007109632143055682
0.007613551241078161
0.008147968003578435
0.008714353016552427
0.009314223523863491
0.009949143467660385
0.01062072343236478
0.01133062049060319
0.01208053794403193
0.01287222495628866
0.01370747607417247
0.01458813063116873
0.01551607203295753
0.01649322691798166
0.01752156419166546
0.01860309393136221
0.0197398661566183
0.02093396946606727
0.02218752953464097
0.02350270747146729
0.02488169803702586
0.02632672771500484
0.02784005264263976
0.02942395639394464
0.03108074761836161
0.03281275753516525
0.03462233728049557
0.03651185511381577
0.03848369347912454
0.04054024592575674
0.04268391389117822
0.04491710334442191
0.04724222130047552
0.04966167220191781
0.05217785417526742
0.05479315516671825
0.05750994895743827
0.0603305910719391
0.06325741457707683
0.06629272578222105
0.06943879984757166
0.07269787630209122
0.0760721544879204
0.07956378892972175
0.08317488464243784
0.08690749238645545
0.09076360387240515
0.09474514693487505
0.09885398067452093
0.1030918905852877
0.1074605836774734
0.1119616835988752
0.1165967257755329
0.1213671525717726
0.1262743084883011
0.1313194354101563
0.1365036679067103
0.1418280286075182
0.1472934236527125
0.1529006382372055
0.1586503322607218
0.1645430360859305
0.1705791464307594
0.176758922391352
0.1830824816148297
0.1895497966333056
0.1961606913600258
0.2029148377739775
0.2098117527871914
0.216850795313221
0.2240311635468593
0.2313518924552346
0.2388118515090147
0.2464097426421178
0.2541440984498629
0.2620132806331438
0.2700154786993058
0.2781487089680076
0.2864108138425466
0.2947994612767225
0.3033121444399787
0.3119461817756376
0.3206987178179159
0.3295667243898713
0.338547001279405
0.3476361763122022
0.3568307060114396
0.3661268781843397
0.3755208153101896
0.3850084773845706
0.3945856640845904
0.4042480172269451
0.4139910240673383
0.4238100210517277
0.4337001977550037
0.4436566009792547
0.4536741391076223
0.4637475867767377
0.4738715898092395
0.4840406703885092
0.4942492324662758
0.5044915673917307
0.5147618597816684
0.5250541935954038
0.5353625584146727
0.5456808559183288
0.5560029065277495
0.5663224562356517
0.5766331835829591
0.5869287067850022
0.5972025909951877
0.6074483556780087
0.6176594821006949
0.6278294209083892
0.6379515997865658
0.6480194311978611
0.6580263201603717
0.6679656720737027
0.6778309005587627
0.6876154353167164
0.6973127299939527
0.7069162700191236
0.7164195804181753
0.7258162335736181
0.7350998569316636
0.7442641406445893
0.753302845118353
0.7622098084759388
0.7709789539000639
0.7796042968547563
0.7880799521740783
0.7964001409944509
0.8045591975449617
0.8125515757588004
0.8203718557026205
0.828014749813854
0.835475108929197
0.8427479281239006
0.8498283523246351
0.8567116816937833
0.86339337677717
0.8698690633991444
0.8761345373218737
0.8821857686399414
0.8880189059196039
0.8936302800775326
0.8990164079781476
0.9041739957635595
0.9090999418943776
0.9137913399109332
0.9182454809131215
0.9224598557460219
0.9264321569124728
0.9301602801898546
0.9336423259605494
0.9368766002566242
0.9398616155101891
0.9425960910322816
0.945078953200999
0.9473093353677523
0.9492865774847613
0.951010225452696
0.9524800302158607
0.9536959465863383
0.9546581318062374
0.9553669438535709
0.9558229394912902
0.9560268720840023
0.9559796891716457
0.9556825298186171
0.9551367217455196
0.9543437782367544
0.9533053948425455
0.9520234458730361
0.9504999807077911
0.9487372199295155
0.9467375512759478
0.9445035254306295
0.9420378516498363
0.9393433932460202
0.9364231629371496
0.9332803180606654
0.9299181556734274
0.9263401075352314
0.9225497349942317
0.9185507237838035
0.9143468787315757
0.9099421184013892
0.9053404696666794
0.9005460622339492
0.8955631231255688
0.8903959711215392
0.8850490111790159
0.8795267288285499
0.8738336845613869
0.8679745082167067
0.8619538933722422
0.8557765917577744
0.8494474076888792
0.8429711925372773
0.8363528392450418
0.8295972768786232
0.8227094652334317
0.8156943894930652
0.8085570549632585
0.8013024818866473
0.7939357003325347
0.7864617451726641
0.7788856511427763
0.7712124479993616
0.7634471557768825
0.7555947801493645
0.7476603079129859
0.7396487025806237
0.7315649000881294
0.7234138046163996
0.7152002845369317
0.7069291684968018
0.6986052416327758
0.6902332419155471
0.6818178566263313
0.6733637189670166
0.664875404812692
0.6563574296007929
0.6478142453598075
0.6392502378784075
0.6306697240142167
0.6220769491494158
0.6134760847863127
0.6048712262838933
0.5962663907349544
0.5876655149809232
0.5790724537673241
0.5704909780355958
0.5619247733554267
0.5533774384958345
0.5448524841277504
0.5363533316581589
0.5278833121920228
0.5194456656228128
0.5110435398495062
0.5026799901159772
0.4943579784743272
0.4860803733656785
0.4778499493186262
0.4696693867622703
0.4615412719461715
0.4534680969635738
0.4454522598765401
0.4374960649480223
0.429601722976993
0.4217713517246586
0.4140069764255704
0.4063105303839431
0.3986838556599636
0.3911287038422094
0.3836467368947187
0.3762395280726589
0.3689085629065904
0.3616552402592948
0.3544808734512754
0.3473866914439876
0.3403738400748848
0.3334433833440578
0.3265963047555147
0.3198335087094342
0.3131558219363215
0.3065639949684931
0.300058703647348
0.2936405506666893
0.2873100671489066
0.2810677142488344
0.2749138847836077
0.2688489048840535
0.2628730356643799
0.2569864749076683
0.2511893587655012
0.2454817634717419
0.2398637070650896
0.2343351511167347
0.2288960024609372
0.2235461149274397
0.2182852910758066
0.2131132839269615
0.2080297986881992
0.2030344944699556
0.1981269859943856
0.1933068452966438
0.1885736034141042
0.1839267520604256
0.1793657452829689
0.1748900011031156
0.170498903139197
0.1661918022097215
0.1619680179161907
0.1578268402042921
0.153767530901394
0.1497893252295044
0.145891433292586
0.1420730415375698
0.1383333141883107
0.1346713946520847
0.1310864068992075
0.1275774568136382
0.1241436335130636
0.1207840106380747
0.1174976476110745
0.1142835908656579
0.1111408750449357
0.1080685241678516
0.1050655527633632
0.1021309669729697
0.09926376562222963
0.09646294126040157
0.09372748116790107
0.09105636833167992
0.08844858238879978
0.08590310053885425
0.08341889842480325
0.08099495098239003
0.07863023325837014
0.07632372119785182
0.07407439240142098
0.07188122685198363
0.06974320761168595
0.06765932148929166
0.06562855967850544
0.06364991836801023
0.06172239932327745
0.05984501044057961
0.05801676627370469
0.05623668853385309
0.05450380656339025
0.05281715778389129
0.05117578811882436
0.04957875239156788
0.04802511469937009
0.0465139487641071
0.0450443382601073
0.04361537711957836
0.04222616981623433
0.04087583162771175
0.03956348887747081
0.03828827915666523
0.03704935152652272
0.03584586670185728
0.034676997216323
0.03354192757026103
0.03243985436142427
0.03136998639910387
0.03033154480226026
0.02932376308232563
0.02834588721146983
0.02739717567663817
0.02647689951990908
0.02558434236567624
0.02471880043521984
0.02387958254926517
0.02306601011900163
0.02227741712604447
0.02151315009189995
0.02077256803739423
0.02005504243269894
0.01935995713825138
0.01868670833711647
0.01803470445913297
0.01740336609736374
0.01679212591730478
0.01620042855921693
0.01562773053401996
0.0150735001131754
0.01453721721289672
0.01401837327307573
0.01351647113128225
0.0130310248922967
0.01256155979348922
0.0121076120662566
0.01166872879387985
0.01124446776607354
0.01083439733072216
0.01043809624296723
0.01005515351193677
0.00968516824527875
0.009327749491895191
0.008982516083076207
0.008649096472307752
0.00832712857397558
0.008016259601177427
0.007716145902851078
0.007426452800355548
0.007146854423765972
0.006877033548046674
0.006616681429281432
0.006365497641170576
0.006123189911892033
0.005889473961440997
0.005664073339679841
0.005446719265216427
0.005237150465200861
0.005035113016139518
0.004840360185883634
0.004652652276861929
0.004471756470722788
0.004297446674430944
0.004129503367894545
0.003967713453177293
0.003811870105416683
0.003661772625530305
0.003517226294705987
0.003378042230795564
0.003244037246638437
0.003115033710350339
0.002990859407645158
0.002871347406198152
0.002756335922148795
0.002645668188693585
0.002539192326838639
0.002436761218311178
0.002338232380642865
0.002243467844457599
0.002152334033007783
0.002064701643907454
0.0019804455330815
0.001899444601007073
0.00182158168111925
0.001746743430471419
0.00167482022261174
0.001605706042661023
0.001539298384639623
0.001475498150942952
0.001414209553995511
0.001355340020108997
0.001298800095465548
0.001244503354237426
0.001192366308833608
0.001142308322200959
0.001094251522203705
0.001048120718057426
0.001003843318765036
0.0009613492535589151
0.0009205708943232864
0.0008814429799325399
0.0008439025425132492
0.0008078888355929547
0.0007733432640913049
0.0007402093161414307
0.0007084324967211831
0.0006779602630139363
0.0006487419615520217
0.0006207287670162365
0.0005938736227245856
0.0005681311827519008
0.0005434577556854358
0.0005198112499359783
0.0004971511205945334
0.000475438317810971
0.0004546352366378519
0.0004347056683429735
0.0004156147531381151
0.000397328934297596
0.0003798159136211276
0.000363044608235608
0.0003469851086948714
0.0003316086383299808
0.0003168875138588957
0.0003027951071734389
0.0002893058083335406
0.0002763949896890561
0.0002640389711327316
0.0002522149864342556
0.0002409011506577966
0.0002300764285766864
0.0002197206041509258
0.0002098142509390059
0.0002003387034847647
0.0001912760296526904
0.0001826090038345004
0.0001743210810680483
0.0001663963719809679
0.0001588196185983558
0.0001515761709381111
0.0001446519644037907
0.0001380334979341474
0.0001317078128892972
0.0001256624726688803
0.0001198855430232393
0.0001143655730385859
0.0001090915767835028
0.0001040530155864993
9.923978095309279e-05
9.464217805260763e-05
9.025090980719838e-05
8.605706153549079e-05
8.205208614677223e-05
7.822778985701236e-05
7.457631842594476e-05
7.10901438760324e-05
6.776205170114386e-05
6.458512855275852e-05
6.155275033203753e-05
5.865857076796025e-05
5.589651038790084e-05
5.326074588613309e-05
5.07456999142314e-05
4.834603123065221e-05
4.605662522186193e-05
4.387258477558219e-05
4.178922150215272e-05
3.980204728917246e-05
3.790676615919164e-05
3.609926646224612e-05
3.437561334273446e-05
3.273204151350823e-05
3.116494829531349e-05
2.96708869152614e-05
2.824656008815214e-05
2.688881383397902e-05
2.559463152852944e-05
2.436112820852413e-05
2.318554506408479e-05
2.206524419236933e-05
2.099770351887188e-05
1.998051193483814e-05
1.901136460855233e-05
1.808805852650716e-05
1.720848819132386e-05
1.637064150384084e-05
1.5572595776808e-05
1.481251391298553e-05
1.408864075254464e-05
1.339929957243921e-05
1.274288872310264e-05
1.211787840544692e-05
1.152280757704239e-05
1.095628098482855e-05
1.041696630469485e-05
9.903591423482055e-06
9.414941827700005e-06
8.949858088959101e-06
8.5072334537008e-06
8.086011548029533e-06
7.685184168705959e-06
7.303789156969649e-06
6.940908388015116e-06
6.595665811975442e-06
6.267225607304625e-06
5.954790392592598e-06
5.657599526374122e-06
5.374927468022402e-06
5.106082209586537e-06
4.850403799698888e-06
4.607262880729768e-06
4.376059340138769e-06
4.156220984841822e-06
3.94720229123948e-06
3.748483204730773e-06
3.559567981099984e-06
3.37998408907018e-06
3.209281166836509e-06
3.047030008135328e-06
2.892821599882551e-06
2.746266203460744e-06
2.606992474423783e-06
2.47464661787326e-06
2.348891594835577e-06
2.229406337832601e-06
2.115885025750236e-06
2.008036379662489e-06
1.905582993770049e-06
1.80826069673688e-06
1.715817924812113e-06
1.628015151154335e-06
1.544624321455831e-06
1.465428323928728e-06
1.390220466636572e-06
1.318804010376199e-06
1.250991687082508e-06
1.186605266877365e-06
1.125475118913745e-06
1.067439832574565e-06
1.012345806592438e-06
9.600468922062794e-07
9.104040396908279e-07
8.632849666692118e-07
8.185638199079139e-07
7.761208945751311e-07
7.358423239374336e-07
6.976198115184048e-07
6.613503615934686e-07
6.269360316503119e-07
5.942836798225996e-07
5.633047519963182e-07
5.339150456238665e-07
5.060345037380507e-07
4.795870198537389e-07
4.545002468315027e-07
4.307054159972267e-07
4.081371616929517e-07
3.867333603752497e-07
3.664349686222156e-07
3.471858800514824e-07
3.289327828361626e-07
3.116250188812459e-07
2.952144557730341e-07
2.796553657535762e-07
2.649043109044525e-07
2.509200174000891e-07
2.376632912487879e-07
2.250968894949254e-07
2.131854551742e-07
2.018954003938858e-07
1.911948290259754e-07
1.810534528800102e-07
1.714425152862895e-07
1.623347089894813e-07
1.537041029099589e-07
1.455260829681355e-07
1.377772816242526e-07
1.304355146874065e-07
1.234797314293603e-07
1.168899412698083e-07
1.106471785241149e-07
1.047334392966863e-07
9.91316332795667e-08
9.382555553161088e-08
8.87998218444584e-08
8.403983425594757e-08
7.953174776437887e-08
7.526241769914771e-08
7.121938863205366e-08
6.739083023117464e-08
6.376553004238597e-08
6.033284399990737e-08
5.708268397630135e-08
5.400547263958612e-08
5.109213770953533e-08
4.833407120615846e-08
4.572311251047447e-08
4.325151740984492e-08
4.091194858898054e-08
3.869744455487697e-08
3.660140447779143e-08
3.461757933075032e-08
3.274003722929498e-08
3.096315415736305e-08
2.928160924112727e-08
2.769035020929278e-08
2.618458747039194e-08
2.47597936563888e-08
2.341166345131386e-08
2.213612919747362e-08
2.092932452145832e-08
1.978759730301392e-08
1.870748168755911e-08
1.768568922281995e-08
1.671911344258703e-08
1.580479722291694e-08
1.493995617865407e-08
1.412194153229164e-08
1.334824947386971e-08
1.261650725473475e-08
1.192446420797372e-08
1.126998807424818e-08
1.065106438352332e-08
1.006578560635829e-08
9.512341350857497e-09
8.989025453256487e-09
8.494216048554825e-09
8.026373392017846e-09
7.584047403008213e-09
7.165861278911876e-09
6.770507073753981e-09
6.396753454816729e-09
6.043434605578063e-09
5.709441096548403e-09
5.393735703284015e-09
5.095323939508172e-09
4.813269726620004e-09
4.546685105942302e-09
4.2947291308228e-09
4.056609364960991e-09
3.831574205509383e-09
3.618908289217926e-09
3.417943096977861e-09
3.228032591503834e-09
3.048584435928382e-09
2.879020329965935e-09
2.718804061114814e-09
2.567424531392702e-09
2.424398370236209e-09
2.289270945745879e-09
2.161611280497555e-09
2.041008023239548e-09
1.927076120651869e-09
1.819451051410354e-09
1.717789384200326e-09
1.621761467409588e-09
1.531060119510082e-09
1.445389440408144e-09
1.364473354533155e-09
1.288051503885192e-09
1.215874457924032e-09
1.147712536723851e-09
1.083342902048225e-09
1.022552152869379e-09
9.651439008774722e-10
9.109338597329433e-10
8.597424144094807e-10
8.114063165839177e-10
7.65765115069862e-10
7.226708685291743e-10
6.819859251647031e-10
6.435742226319261e-10
6.073096540892681e-10
5.730708592625258e-10
5.407491092898374e-10
5.102411154676568e-10
4.814413582296016e-10
4.542541754872437e-10
4.285902030027221e-10
4.043659481274575e-10
3.815075558001852e-10
3.599324390718174e-10
3.395677621194735e-10
3.203452506166878e-10
3.022020804173093e-10
2.85076634576776e-10
2.689152424891062e-10
2.536582438313637e-10
2.392687715336021e-10
2.256855806028971e-10
2.128694445049065e-10
2.00778152629093e-10
1.893706910776512e-10
1.78604805862591e-10
1.684526516188074e-10
1.58871287564657e-10
1.49834492944358e-10
1.413067672539618e-10
1.332609134626e-10
1.25670014816971e-10
1.185051974916338e-10
1.117457711624127e-10
1.05364467365955e-10
9.934721161626606e-11
9.36725216984973e-11
8.8322218798072e-11
8.327953000907814e-11
7.85229753240793e-11
7.404091644483348e-11
6.981029463550405e-11
6.581847041597111e-11
6.205241368235939e-11
5.849872538999299e-11
5.51498550329101e-11
5.198954815747277e-11
4.900849358489276e-11
4.619795159811462e-11
4.355106688515354e-11
4.105348677482139e-11
3.869374454098673e-11
3.646857020706755e-11
3.43700346446763e-11
3.239418278708854e-11
3.053278869312183e-11
2.877914887548844e-11
2.712551720681551e-11
2.556716953552337e-11
2.409674427082498e-11
2.271314768153953e-11
2.140793508887955e-11
2.018179176224355e-11
1.901987586500915e-11
1.792447839574121e-11
1.6891212323138e-11
1.59163286839462e-11
1.499092470948746e-11
1.412202943192336e-11
1.330487423156066e-11
1.253280262692425e-11
1.180798121526311e-11
1.112898424075541e-11
1.048644553624901e-11
9.883885410868035e-12
9.313911924639252e-12
8.774185704381902e-12
8.268436035172865e-12
7.791042527256844e-12
7.339750431810336e-12
6.915999822701902e-12
6.513773546401842e-12
6.136421957805882e-12
5.779417830052975e-12
5.443421862103569e-12
5.129654054313786e-12
4.834033685609221e-12
4.553397016631984e-12
4.288111079214023e-12
4.036329301772587e-12
3.800755322812633e-12
3.580309478992171e-12
3.374110144768202e-12
3.176877340841243e-12
2.992125628027416e-12
2.817147491040884e-12
2.658468478063915e-12
2.508670469095298e-12
2.362355659519556e-12
2.22179872352001e-12
2.089892156756825e-12
1.964497761150082e-12
1.846064729552492e-12
1.73529164150454e-12
1.63484157868891e-12
1.542737472047832e-12
1.457031470616861e-12
1.377166582596605e-12
1.302069581612313e-12
1.231855278125412e-12
1.159575015678345e-12
1.087518519472087e-12
1.020489335055456e-12
9.557768910981999e-13
8.939526253765126e-13
8.388186358157657e-13
7.880729516984442e-13
7.39910397186588e-13
6.994160376539244e-13
6.630659989028352e-13
6.252838946158434e-13
5.931756233487048e-13
5.623793379152022e-13
5.320581173188729e-13
5.02944940685239e-13
4.738738855783423e-13
4.430214123008362e-13
4.137192872390358e-13
3.837955802956782e-13
3.584860066731901e-13
3.37454907151746e-13
3.173236063342231e-13
2.995891595442757e-13
2.862825626146699e-13
2.709731420240986e-13
2.585548554468115e-13
2.388914972209817e-13
2.23206277697817e-13
2.115270467330893e-13
1.957516657622598e-13
1.869789918073701e-13
1.778780159739773e-13
1.671401357524754e-13
1.57669358266246e-13
1.516611063667298e-13
1.432018017452949e-13
1.337419807327638e-13
1.253796570468164e-13
1.149780219916836e-13
1.100702025162115e-13
1.01744049932057e-13
9.437411386288884e-14
8.720473597336161e-14
7.899962510287023e-14
7.457738118750664e-14
6.749919549143111e-14
6.571706236268031e-14
6.548118134061288e-14
6.371763320177358e-14
6.609696501807808e-14
6.335773581596944e-14
5.974440814946972e-14
5.474178550059592e-14
5.248357687381785e-14
4.756822000499544e-14
4.200200119787266e-14
3.964364883489565e-14
3.848960625432712e-14
3.348209928964395e-14
2.631871687276401e-14
2.19610377973917e-14
1.928061861572682e-14
1.84235103673942e-14
2.025745863913187e-14
2.206949271409538e-14
2.375358411071484e-14
2.292982693058816e-14
2.232347813759242e-14
2.136253990791846e-14
2.257852554519622e-14
2.117820341680017e-14
2.011761050358043e-14
2.028810522993683e-14
1.936346476866859e-14
1.558056905170218e-14
1.15553499007798e-14
9.318236065595934e-15
9.553434498745605e-15
8.851504252493658e-15
6.402566270137297e-15
3.27857138185767e-15
5.426846686050792e-15
6.268648256691652e-15
5.761407593782482e-15
4.182506302455779e-15
