1.650851303203049e-12
1.084972411632435e-12
7.171107351214308e-13
4.77209905588954e-13
3.208581130879909e-13
2.180249036539118e-13
1.503162585416963e-13
1.058780821637038e-13
7.692809489372276e-14
5.900337732487734e-14
4.927888635222591e-14
4.569380564070638e-14
4.777686191546934e-14
5.564305023101441e-14
7.002570436246625e-14
9.239676655892234e-14
1.246980370813059e-13
1.702502832733951e-13
2.331155160249587e-13
3.195729647786255e-13
4.366712515082011e-13
5.938070034270791e-13
8.04384077075544e-13
1.084626178800378e-12
1.455033418164378e-12
1.94287931068497e-12
2.582950601817659e-12
3.419655231704965e-12
4.506774689739051e-12
5.916362405727178e-12
7.737948268786342e-12
1.00832304839867e-11
1.309321533139815e-11
1.694647754845706e-11
2.186485410712874e-11
2.812499039655648e-11
3.606919910625744e-11
4.612941902922166e-11
5.883090377615566e-11
7.48293325903155e-11
9.492800646983259e-11
1.201174391818136e-10
1.51610680418257e-10
1.908921067831679e-10
2.397727590045555e-10
3.004592568389786e-10
3.756333527319283e-10
4.685455704794534e-10
5.83130437804056e-10
7.24138134608479e-10
8.972908078533191e-10
1.109468388199134e-09
1.368925065439055e-09
1.685538769071851e-09
2.071115504488018e-09
2.539727831828871e-09
3.10812656720241e-09
3.796202431320056e-09
4.627536464050619e-09
5.63002953542793e-09
6.83663112631586e-09
8.286180481938753e-09
1.002437769157571e-08
1.210489923398472e-08
1.459067567433979e-08
1.75553621084087e-08
2.108501076230132e-08
2.527999068814745e-08
3.025717321294284e-08
3.615241489909448e-08
4.312338669240631e-08
5.135277565849018e-08
6.105192620038497e-08
7.24649377666005e-08
8.587331234488556e-08
1.01601184363106e-07
1.200212152663311e-07
1.415612167396785e-07
1.667115867585127e-07
1.960336501675723e-07
2.301689876570386e-07
2.698498704306409e-07
3.159109056062419e-07
3.693020119478633e-07
4.311028734360623e-07
5.02538992871758e-07
5.849995201621737e-07
6.800570088014219e-07
7.894892858981385e-07
9.153036264508083e-07
1.059763433472076e-06
1.225417649939802e-06
1.415133130668798e-06
1.632130216026811e-06
1.880021782152325e-06
2.162856031233497e-06
2.485163309325315e-06
2.852007272631703e-06
3.269040685259882e-06
3.742566207687122e-06
4.279602486337681e-06
4.887955913054934e-06
5.576298485270949e-06
6.354252429572978e-06
7.232481914584762e-06
8.22279227807698e-06
9.338237201980747e-06
1.059323437974511e-05
1.200369014044131e-05
1.358713360570055e-05
1.536286089749104e-05
1.735208996920685e-05
1.957812665502193e-05
2.206654249594244e-05
2.484536497774659e-05
2.794528078371787e-05
3.139985267490332e-05
3.524575064525316e-05
3.952299796510817e-05
4.427523275676135e-05
4.954998573131263e-05
5.539897469632388e-05
6.187841646919005e-05
6.904935677291852e-05
7.697801870340292e-05
8.57361703187945e-05
9.540151187931489e-05
0.0001060580833703477
0.0001177966932084721
0.0001307153684076804
0.0001449198265296736
0.0001605239697870886
0.000177650401621902
0.0001964309660139385
0.0002170073096849675
0.0002395314673112371
0.0002641664697199205
0.0002910869749823585
0.0003204799221894588
0.0003525452078921259
0.0003874963876789165
0.0004255614037427091
0.0004669833353283141
0.0005120211688379844
0.0005609505882373636
0.0006140647867694013
0.0006716752995848229
0.0007341128554742151
0.0008017282466513937
0.0008748932152158044
0.0009540013554022896
0.001039469030263389
0.001131736300834537
0.00123126786653546
0.001338554014484376
0.001454111576063442
0.001578484888659261
0.001712246759881859
0.001855999432484805
0.002010375546767045
0.002176039098178092
0.002353686387332563
0.002544046958904378
0.002747884527147955
0.002965997883928939
0.003199221786422804
0.003448427821087736
0.003714525239550997
0.003998461763829097
0.004301224355916071
0.004623839948537814
0.004967376133180515
0.005332941800382067
0.005721687729677388
0.006134807123479749
0.00657353608153598
0.007039154011783729
0.007532983972243718
0.008056392941626092
0.008610792012457505
0.009197636503501153
0.009818425987409403
0.01047470422805707
0.01116805902591468
0.01190012196508424
0.01267256805951602
0.01348711529481636
0.01434552406020603
0.0152495964700419
0.01620117556873468
0.01720214441772688
0.01825442506189707
0.01935997737041
0.02052079775315009
0.02173891774699377
0.02301640247212737
0.02435534895700923
0.02575788432804003
0.02722616386733727
0.02876236893355165
0.03036870474771844
0.03204739804439461
0.03380069458551689
0.03563085654322885
0.03754015974743936
0.03953089080232871
0.04160534407395076
0.04376581854779452
0.04601461456526547
0.04835403043609287
0.0507863589335553
0.05331388367683199
0.05593887540065243
0.05866358812428991
0.06149025521795932
0.06442108537627995
0.06745825850519092
0.07060392152351493
0.07386018409375524
0.077229114281431
0.08071273415578048
0.08431301534018779
0.08803187451410674
0.09187116888354144
0.09583269162015177
0.09991816728411793
0.1041292472406748
0.1084675050726913
0.1129344320089214
0.1175314323678548
0.1222598190334838
0.1271208089737578
0.1321155188048445
0.1372449604234756
0.1425100367060838
0.1479115372918249
0.1534501344604464
0.1591263791076423
0.1649406968411717
0.1708933841952469
0.1769846049803645
0.1832143867791461
0.1895826175907228
0.1960890426496908
0.2027332614127606
0.2095147247240114
0.2164327321676439
0.2234864296199355
0.2306748070432402
0.2379966964926061
0.245450770279889
0.2530355393001545
0.2607493516853834
0.2685903920951836
0.2765566813349946
0.2846460755482435
0.2928562649110806
0.3011847728279837
0.3096289567647045
0.3181860097831674
0.3268529616460855
0.3356266793732943
0.3445038680716656
0.3534810725091951
0.3625546791081378
0.371720918135595
0.380975866070067
0.3903154482284576
0.3997354417105192
0.4092314786136967
0.4187990495056615
0.4284335071491694
0.4381300704719238
0.4478838288007765
0.4576897463313161
0.4675426668352365
0.4774373185987487
0.4873683195730844
0.4973301827500241
0.507317321733336
0.5173240565088348
0.5273446194041503
0.5373731612148152
0.5474037575060083
0.5574304150601198
0.5674470784742183
0.5774476368968507
0.587425930875708
0.5973757593218793
0.6072908865610134
0.6171650494761168
0.6269919647303688
0.6367653360394362
0.6464788614981961
0.6561262409310902
0.665701183268767
0.6751974139387569
0.6846086822424413
0.6939287687264227
0.7031514925144121
0.7122707185977027
0.7212803650720974
0.7301744102982348
0.7389468999967641
0.7475919542427905
0.7561037743546865
0.7644766496660322
0.7727049641629296
0.7807832030026922
0.7887059588770688
0.79646793821553
0.8040639672187582
0.8114889977045726
0.8187381127792108
0.8258065323045182
0.8326896181665302
0.839382879338158
0.8458819767129832
0.8521827277206713
0.858281110700263
0.8641732690373488
0.8698555150601748
0.8753243336795828
0.8805763857894816
0.8856085114033531
0.8904177325323654
0.8950012558027046
0.8993564748005713
0.903480972163649
0.9073725213975393
0.9110290884223819
0.9144488328497526
0.9176301089856197
0.9205714665827925
0.9232716513219671
0.9257296050275339
0.9279444656203611
0.9299155668044092
0.9316424375083603
0.9331248010690372
0.9343625741721718
0.9353558655550323
0.9361049744618395
0.9366103888678592
0.9368727834675492
0.9368930174475372
0.936672132050956
0.9362113479254407
0.9355120622731148
0.9345758457981951
0.9334044394706518
0.9319997511136889
0.9303638518121806
0.9284989721621338
0.9264074983572815
0.9240919681300716
0.9215550665554502
0.9187996217171781
0.9158286002567136
0.9126451028023121
0.9092523592964308
0.9056537242303278
0.9018526717848766
0.8978527908963955
0.8936577802459993
0.8892714431869899
0.88469768261908
0.8799404958130969
0.8750039692060273
0.8698922731640109
0.864609656730257
0.8591604423656453
0.8535490206785873
0.8477798451552142
0.8418574268951445
0.8357863293738851
0.8295711632390268
0.8232165811351396
0.8167272725695482
0.8101079588197514
0.8033633878931803
0.796498329545939
0.7895175703655255
0.7824259089362851
0.7752281510792404
0.7679291051673661
0.7605335775218395
0.753046367898645
0.7454722650836001
0.7378160425865428
0.7300824544370947
0.7222762310857512
0.7144020754132017
0.7064646588584531
0.6984686176614542
0.6904185492246682
0.6823190085961375
0.6741745050747042
0.665989498946693
0.657768398348226
0.6495155562557764
0.6412352676062117
0.6329317665446694
0.6246092238049149
0.6162717442192832
0.6079233643639895
0.5995680503396249
0.591209695680384
0.5828521193935595
0.5744990641267056
0.5661541944647649
0.5578210953561883
0.5495032706650747
0.5412041418523514
0.5329270467802286
0.5246752386414776
0.5164518850114743
0.5082600670157831
0.5001027786105009
0.4919829259750214
0.4839033270238837
0.4758667110345736
0.4678757183792013
0.4599329003541148
0.4520407191088618
0.4442015476807023
0.4364176701313799
0.4286912817742284
0.4210244894858627
0.4134193121030009
0.4058776809098498
0.3984014402123291
0.3909923479877253
0.3836520766036071
0.3763822136065151
0.3691842625843638
0.3620596440990349
0.3550096966793948
0.3480356778701811
0.3411387653352773
0.334320058016163
0.3275805773423413
0.3209212684881265
0.3143430016742616
0.307846573509501
0.3014327083687827
0.2951020598052526
0.2888552119944829
0.2826926812110617
0.2766149173314741
0.2706223053592102
0.2647151669696171
0.2588937620732994
0.2531582903982188
0.2475088930849507
0.2419456542909096
0.2364686028013023
0.2310777136469908
0.2257729097300165
0.2205540634513338
0.2154209983368849
0.2103734906601462
0.2054112710604718
0.2005340261566649
0.1957414001529287
0.1910329964361191
0.1864083791626159
0.1818670748321773
0.17740857384753
0.1730323320581092
0.1687377722868497
0.1645242858389302
0.1603912339916101
0.1563379494656491
0.1523637378753275
0.1484678791551076
0.1446496289620222
0.1409082200542691
0.1372428636465865
0.1336527507401871
0.1301370534257892
0.1266949261593033
0.1233255070102921
0.1200279188836849
0.1168012707133836
0.1136446586270074
0.1105571670815091
0.1075378699697003
0.1045858316980941
0.1017001082352049
0.09887974813013828
0.09612379350141244
0.09343128099606189
0.09080124271940901
0.08823270713520739
0.08572469993617071
0.08327624488504574
0.08088636462652754
0.07855408147057769
0.07627841814694213
0.0740583985310832
0.07189304834180757
0.0697813958108998
0.06772247232531529
0.06571531304207903
0.06375895747618038
0.06185245006192794
0.0599948406882837
0.05818518520896699
0.05642254592742189
0.05470599205705295
0.05303460015718439
0.05140745454527895
0.04982364768604927
0.04828228055779091
0.04678246299644957
0.04532331401792186
0.04390396211924499
0.04252354555943882
0.04118121262020486
0.03987612184697062
0.03860744227079349
0.03737435361186683
0.03617604646540136
0.03501172247016114
0.03388059446011805
0.03278188659977269
0.03171483450369595
0.03067868534090152
0.02967269792451613
0.02869614278727711
0.02774830224336518
0.02682847043714337
0.02593595337941053
0.02507006897153256
0.02423014701795071
0.02341552922751592
0.02262556920416672
0.02185963242742683
0.02111709622319687
0.0203973497252573
0.01969979382798554
0.01902384113064195
0.01836891587369974
0.01773445386761932
0.01711990241458575
0.0165247202235431
0.01594837731884255
0.0153903549428294
0.01485014545279515
0.0143272522127514
0.01382118948040223
0.01333148228947478
0.01285766632777629
0.01239928781130344
0.01195590335475697
0.01152707983879217
0.01111239427423288
0.01071143366357541
0.01032379485998187
0.009949084424045926
0.009586918478525405
0.009236922561337834
0.008898731477136563
0.008571989147566229
0.008256348460437912
0.007951471118012253
0.007657027484629245
0.007372696433857351
0.007098165195364013
0.006833129201592292
0.006577291934448715
0.006330364772148048
0.00609206683646321
0.005862124840408142
0.005640272936502619
0.005426252565709007
0.005219812307229753
0.005020707729244319
0.004828701240707731
0.004643561944266755
0.004465065490438143
0.004292993933077218
0.004127135586284182
0.003967284882762333
0.003813242233752546
0.003664813890576285
0.003521811807857021
0.003384053508411015
0.003251361949942408
0.00312356539355299
0.003000497274098948
0.002881996072455864
0.002767905189743543
0.002658072823467135
0.002552351845667616
0.002450599683041957
0.002352678199090635
0.002258453578322169
0.002167796212511557
0.002080580588965024
0.001996685180906821
0.001915992339871069
0.001838388190219802
0.001763762525722774
0.001692008708167776
0.001623023568042629
0.001556707307273276
0.001492963403973351
0.001431698519251098
0.001372822406026695
0.001316247819843279
0.001261890431691221
0.001209668742747058
0.00115950400112162
0.001111320120483098
0.001065043600613654
0.001020603449870702
0.0009779311094715399
0.0009369603796575183
0.000897627347639356
0.0008598703173400754
0.0008236297409043316
0.0007888481519687647
0.0007554701006114688
0.0007234420900132277
0.000692712514728237
0.000663231600635933
0.0006349513464639724
0.0006078254668839682
0.00058180933716944
0.0005568599393327246
0.0005329358097711077
0.0005099969883538861
0.000488004968958663
0.0004669226513883652
0.0004467142946460631
0.0004273454715708698
0.0004087830247758368
0.0003909950238586415
0.0003739507238987558
0.0003576205251432312
0.0003419759339113261
0.0003269895246671089
0.000312634903220752
0.0002988866710629804
0.0002857203907904451
0.0002731125525598613
0.0002610405416396619
0.0002494826069164929
0.0002384178304050924
0.0002278260977222105
0.0002176880694831005
0.0002079851536306335
0.0001986994786266072
0.0001898138675326402
0.0001813118128921907
0.0001731774524736948
0.0001653955457665463
0.0001579514512823796
0.0001508311045905845
0.0001440209970895581
0.0001375081554817599
0.0001312801219388418
0.0001253249349465537
0.0001196311107800551
0.0001141876256208839
0.000108983898293215
0.0001040097735753861
9.925550610418501e-05
9.471174481706205e-05
9.036951796157195e-05
8.622021861966456e-05
8.225559072067128e-05
7.846771558321141e-05
7.484899890516148e-05
7.139215823619242e-05
6.809021088159731e-05
6.493646224984142e-05
6.19244946152006e-05
5.904815629974726e-05
5.630155122101891e-05
5.367902885528213e-05
5.117517452750515e-05
4.878480009675717e-05
4.650293497069036e-05
4.432481742283952e-05
4.224588630023224e-05
4.026177296762466e-05
3.836829359186637e-05
3.656144171450731e-05
3.483738109470381e-05
3.319243883697288e-05
3.162309874756829e-05
3.01259949535898e-05
2.869790578869748e-05
2.733574792603729e-05
2.603657072412816e-05
2.479755076226902e-05
2.361598658579975e-05
2.248929365269794e-05
2.141499952405194e-05
2.039073921685989e-05
1.941425072675247e-05
1.848337074976318e-05
1.759603054150482e-05
1.6750251979271e-05
1.594414374656988e-05
1.517589768480433e-05
1.444378528184629e-05
1.374615431756943e-05
1.308142562334699e-05
1.244808998635302e-05
1.184470517454804e-05
1.126989307554234e-05
1.072233696185183e-05
1.020077885842842e-05
9.704017020693637e-06
9.230903527792794e-06
8.780341945376295e-06
8.351285122027263e-06
7.9427330379197e-06
7.553730769262406e-06
7.183366528560023e-06
6.830769790392943e-06
6.495109476877239e-06
6.175592254767358e-06
5.871460862944353e-06
5.58199253245398e-06
5.306497481076481e-06
5.044317451633044e-06
4.794824323925143e-06
4.557418767855618e-06
4.331528978925964e-06
4.116609461735857e-06
3.912139851041862e-06
3.717623799440725e-06
3.532587887803196e-06
3.356580614798097e-06
3.189171409588647e-06
3.029949693716398e-06
2.8785239820228e-06
2.734521018988944e-06
2.597584957934458e-06
2.467376574531469e-06
2.343572515580854e-06
2.225864582196044e-06
2.113959027972299e-06
2.007575910393471e-06
1.906448462018981e-06
1.810322479780159e-06
1.718955764444349e-06
1.632117557216037e-06
1.549588025154589e-06
1.471157743846636e-06
1.396627235791481e-06
1.325806498042403e-06
1.258514570710745e-06
1.194579115610421e-06
1.133836023380238e-06
1.076129015652646e-06
1.021309301606073e-06
9.692352094974441e-07
9.197718668068712e-07
8.727908817448097e-07
8.281700351550193e-07
7.857929885544655e-07
7.45549028478122e-07
7.073327766529251e-07
6.710439520588355e-07
6.36587123160709e-07
6.03871489471979e-07
5.728106550739489e-07
5.433224277256462e-07
5.15328600516871e-07
4.887547827115301e-07
4.635302149340867e-07
4.395875875528183e-07
4.168628825570886e-07
3.952952233940095e-07
3.748267031413148e-07
3.554022631952525e-07
3.369695448870394e-07
3.194787643769748e-07
3.028825952292188e-07
2.871360329997136e-07
2.721962987753079e-07
2.580227312109776e-07
2.445766759855799e-07
2.318214013382364e-07
2.197219856700221e-07
2.08245244978955e-07
1.973596446824174e-07
1.870352081002571e-07
1.772434628627273e-07
1.67957349857119e-07
1.591511656581741e-07
1.508004811761142e-07
1.428820975712192e-07
1.353739720050178e-07
1.282551674863941e-07
1.215058009526993e-07
1.151069824846425e-07
1.090407779030639e-07
1.032901532353073e-07
9.783892495070566e-08
9.267173156896805e-08
8.777398437509857e-08
8.313183572640762e-08
7.873213318910366e-08
7.456239539716711e-08
7.061077181457672e-08
6.686601356274408e-08
6.331742919706672e-08
5.99548931448339e-08
5.676877887370178e-08
5.374995288969897e-08
5.088975588216588e-08
4.817996040205575e-08
4.561276431027046e-08
4.318076873747135e-08
4.087694429866588e-08
3.869462531332428e-08
3.662748580139768e-08
3.466952543104086e-08
3.281505066026734e-08
3.105865937168333e-08
2.939522477929056e-08
2.781989710658207e-08
2.632806209276529e-08
2.491535289036291e-08
2.357761497553164e-08
2.231092580141483e-08
2.111155049021477e-08
1.99759624299067e-08
1.890081277868042e-08
1.788291830018874e-08
1.691926970935579e-08
1.60070107762466e-08
1.514343363199948e-08
1.432596896796844e-08
1.355218149978416e-08
1.28197660511506e-08
1.212653052862981e-08
1.147040425016347e-08
1.084942726190509e-08
1.026174131686921e-08
9.705579411073122e-09
9.179264134269557e-09
8.681211770131939e-09
8.209918162241395e-09
7.763961730037926e-09
7.341999918095323e-09
6.942755301777579e-09
6.565017520913107e-09
6.207638774970774e-09
5.869531358649766e-09
5.549670446714918e-09
5.247079094870736e-09
4.960833552029795e-09
4.690064914415799e-09
4.433943471821962e-09
4.191686432424285e-09
3.962548698513386e-09
3.745830898600194e-09
3.540860894475577e-09
3.347008412130241e-09
3.163674865493241e-09
2.990297552817817e-09
2.826338135727825e-09
2.671290527129984e-09
2.524672214402896e-09
2.386029480029602e-09
2.254936191806295e-09
2.130989807956163e-09
2.013800106674938e-09
1.903005249067116e-09
1.798256698829338e-09
1.699230039489371e-09
1.605615860446232e-09
1.517115664715376e-09
1.433455777060467e-09
1.35437367206586e-09
1.279616838122966e-09
1.208956443575652e-09
1.142163285888652e-09
1.07903316572723e-09
1.019365867704753e-09
9.629744626964382e-10
9.096752460083206e-10
8.593033434539249e-10
8.116967918362817e-10
7.667093349185519e-10
7.242012079201753e-10
6.840323841132854e-10
6.460749233747074e-10
6.102111233617104e-10
5.76324537620946e-10
5.443069199229329e-10
5.140530930596208e-10
4.854696964116058e-10
4.584632097135825e-10
4.329512956485354e-10
4.088466991236136e-10
3.860766358888872e-10
3.645649120888343e-10
3.442434625644564e-10
3.2504423195486e-10
3.06905525783122e-10
2.897757773717934e-10
2.735969631540002e-10
2.583177204866331e-10
2.438832040223871e-10
2.302514113804856e-10
2.173776617658568e-10
2.052186434813495e-10
1.937363018547136e-10
1.828935847817684e-10
1.726536846017287e-10
1.629820023865869e-10
1.538460876953909e-10
1.452204969439929e-10
1.370757890303847e-10
1.293837966165906e-10
1.221247964894244e-10
1.152684858782018e-10
1.087938671222799e-10
1.02683278333775e-10
9.691355518576795e-11
9.146169404159158e-11
8.631502789037778e-11
8.145663415491409e-11
7.687225794095237e-11
7.254436789453075e-11
6.846065925072241e-11
6.460365423256726e-11
6.096412476051384e-11
5.752861893778892e-11
5.428440922287964e-11
5.122375800236895e-11
4.833240300241333e-11
4.560557135006219e-11
4.303257893360938e-11
4.060114672367001e-11
3.830717745703313e-11
3.614215751620635e-11
3.409794547425354e-11
3.216857363345929e-11
3.034538123691042e-11
2.862457033999946e-11
2.700218060708534e-11
2.54714791405248e-11
2.402822251832559e-11
2.266832985090532e-11
2.138384108103558e-11
2.017702088264332e-11
1.903346553396157e-11
1.79567836756075e-11
1.69397739816926e-11
1.59791955432851e-11
1.507246841667667e-11
1.421886897511654e-11
1.341274659176922e-11
1.264826555095496e-11
1.192572202672977e-11
1.124559613596165e-11
1.060462389842826e-11
9.997919514129371e-12
9.425999135210664e-12
8.886485073083954e-12
8.378763300328479e-12
7.899518986638196e-12
7.445643650564397e-12
7.023296653174698e-12
6.630809420198627e-12
6.258679920163301e-12
5.906930674529345e-12
5.574752580391991e-12
5.261555938258649e-12
4.965364310865277e-12
4.681731025146179e-12
4.413811711200905e-12
4.158445990535411e-12
3.916126047266454e-12
3.688189738655481e-12
3.465818653620826e-12
3.259671655506161e-12
3.066875245671265e-12
2.888159899520137e-12
2.721412119321447e-12
2.568936274770918e-12
2.429636934371267e-12
2.298853715711348e-12
2.174021260629285e-12
2.06076963072834e-12
1.951467103724794e-12
1.844810096342713e-12
1.739961941240253e-12
1.635185713516907e-12
1.54099918209083e-12
1.449786369892185e-12
1.358679990077106e-12
1.266309785588721e-12
1.181116745144157e-12
1.101569068973231e-12
1.031304996512164e-12
9.734465379605436e-13
9.240055350849051e-13
8.804783734570793e-13
8.396296923104173e-13
8.042254960027771e-13
7.704851350192801e-13
7.337210664851832e-13
6.943078599108431e-13
6.56234291131814e-13
6.11985229924072e-13
5.693399668707492e-13
5.267643405980677e-13
4.866000560119608e-13
4.523562144990545e-13
4.235529456514054e-13
3.975202179355252e-13
3.736283317272142e-13
3.51416217208473e-13
3.343312817246418e-13
3.204511633295289e-13
3.03577718859825e-13
2.896004927916826e-13
2.786812499827218e-13
2.681274542176094e-13
2.563721528427336e-13
2.430676265467234e-13
2.2684872176406e-13
2.096431116938611e-13
1.922850722067913e-13
1.763900012355563e-13
1.620937366059628e-13
1.513466433625021e-13
1.441779185612855e-13
1.400739160394655e-13
1.37353879438076e-13
1.346329637602926e-13
1.295552047921565e-13
1.193020208055663e-13
1.096686391409502e-13
9.939018354347394e-14
8.837329222903946e-14
8.055123700760512e-14
6.815368292929135e-14
5.926000363708029e-14
5.366059330742786e-14
5.010892861144841e-14
5.329832555232885e-14
6.289920380586063e-14
7.201723383739369e-14
7.855277739417027e-14
8.006342135414571e-14
7.617195694502709e-14
6.630520362412828e-14
5.882545613951904e-14
4.858246219873189e-14
4.024621401251589e-14
2.96685781842934e-14
2.362046947812712e-14
1.395885084668903e-14
9.067067848991024e-15
3.782467769474381e-15
8.78980386714656e-16
4.180565695645907e-15
6.176667785347577e-15
9.975698872413129e-15
1.714683757208222e-14
2.953252395211775e-14
3.820993805628489e-14
4.409945881799992e-14
