-1.676691405114391e-12
-9.134858429039895e-13
-2.824621515784544e-13
2.935639663331218e-13
8.767897206382515e-13
1.526974008195062e-12
2.304820417750656e-12
3.277908996625311e-12
4.525878765895515e-12
6.146680812309358e-12
8.262601086962767e-12
1.10272645841009e-11
1.463613048120179e-11
1.933619152082982e-11
2.544028802663754e-11
3.334314901743889e-11
4.354284960996792e-11
5.6664889811441e-11
7.349210343998268e-11
9.500242304360399e-11
1.224145327581729e-10
1.572398616823943e-10
2.013480121994371e-10
2.570511143915683e-10
3.271902961909417e-10
4.152554841216482e-10
5.255222297975534e-10
6.632083798248382e-10
8.346767796846218e-10
1.047657886002152e-09
1.311527424978904e-09
1.637631484937995e-09
2.039664814807022e-09
2.534124601839003e-09
3.140841107925898e-09
3.883603098152797e-09
4.790883771194307e-09
5.8967026651794e-09
7.241619860491509e-09
8.873903917954089e-09
1.085088690741128e-08
1.324053883266454e-08
1.612329372883549e-08
1.959415496850205e-08
2.3765137186951e-08
2.876806676585444e-08
3.475780637341102e-08
4.191594799439036e-08
5.045503623290712e-08
6.062338932263565e-08
7.271057270522587e-08
8.705361891935614e-08
1.040440650972162e-07
1.241359669035678e-07
1.478549709672907e-07
1.758085679458816e-07
2.086976432407552e-07
2.473294888740808e-07
2.926324152916436e-07
3.456721474903049e-07
4.07670183389979e-07
4.80024325401755e-07
5.643316001291088e-07
6.624138009572243e-07
7.763459163658537e-07
9.084877183579531e-07
1.061518808557011e-06
1.238477445428426e-06
1.442803491985367e-06
1.678385856336647e-06
1.949614825550459e-06
2.261439703389794e-06
2.619432213281829e-06
3.029856135994681e-06
3.499743705570261e-06
4.036979294669663e-06
4.650390965021645e-06
5.34985048802578e-06
6.146382448393156e-06
7.052283110984536e-06
8.081249756289724e-06
9.248521217358048e-06
1.057103038639641e-05
1.20675694949444e-05
1.37589689835642e-05
1.566829083616607e-05
1.782103723372987e-05
2.024537546396223e-05
2.297237997998048e-05
2.603629256281703e-05
2.947480152075926e-05
3.332934087533154e-05
3.764541046162837e-05
4.247291786592209e-05
4.786654307769554e-05
5.388612671290387e-05
6.059708257541781e-05
6.80708352689555e-05
7.638528347401764e-05
8.562528935589724e-05
9.588319447822526e-05
0.0001072593624991246
0.0001198627506410878
0.0001338115158464263
0.0001492336539029917
0.0001662676708077896
0.0001850632869038863
0.0002057821743768828
0.0002285987285974502
0.000253700873730943
0.0002812909029315561
0.00031158635334319
0.000344820915991153
0.0003812453805503085
0.0004211286148239521
0.0004647585786095517
0.0005124433714907247
0.0005645123138923998
0.0006213170605575537
0.000683232745413402
0.0007506591565307242
0.0008240219397018449
0.0009037738288428658
0.00099039590119885
0.001084398855009455
0.001186324306979375
0.001296746106717595
0.001416271666783522
0.001545543310515376
0.0016852396314323
0.001836076858982234
0.001998810226518553
0.00217423533713069
0.00236318952256728
0.002566553190104492
0.002785251151773879
0.003020253929924553
0.003272579032642153
0.003543292192280217
0.003833508563168064
0.00414439390244955
0.004477165738435106
0.004833094488982393
0.005213504495078685
0.005619774977627491
0.006053340929361066
0.006515693938940946
0.007008382931397385
0.00753301481818876
0.008091255048489763
0.008684828058920501
0.009315517615751627
0.009985167039420782
0.01069567930895052
0.01144901703552336
0.01224720230178942
0.01309231636110705
0.01398649918700395
0.01493194887247034
0.01593092086791217
0.01698572705582228
0.01809873465748901
0.01927236496248655
0.02050909188326174
0.02181144032384754
0.02318198436316249
0.02462334525008643
0.0261381892020027
0.02772922501258145
0.02939920145859705
0.03115090450942869
0.03298715433893962
0.03491080213305427
0.03692472670338457
0.03903183089762687
0.04123503781379462
0.04353728682091814
0.04594152938185972
0.04845072469397094
0.05106783513939992
0.05379582155608176
0.05663763833536733
0.05959622834402763
0.06267451769149157
0.06587541033564222
0.06920178254319342
0.07265647721410509
0.07624229806915159
0.07996200372632194
0.08381830166080857
0.08781384206933524
0.09195121165146718
0.0962329273083626
0.1006614297898364
0.1052390772848321
0.1099681389796409
0.1148507885989329
0.1198890979313985
0.1250850303759669
0.1304404345028309
0.1359570376558348
0.141636439612779
0.1474801063063744
0.15348936364635
0.1596653914349161
0.1660092174036429
0.1725217113888891
0.1792035796471719
0.1860553593528963
0.1930774132684995
0.2002699246167994
0.2076328921721108
0.2151661255687308
0.2228692408702568
0.2307416563861801
0.2387825887656886
0.2469910493834788
0.2553658410113675
0.2639055548172072
0.2726085676742239
0.2814730398116539
0.2904969128186664
0.2996779079890265
0.309013525045638
0.3185010412230349
0.3281375107365611
0.3379197646462698
0.3478444110977585
0.3579078359772704
0.3681062039522618
0.3784354599207936
0.3888913308731275
0.3994693281440527
0.4101647500927357
0.4209726851727829
0.4318880154107987
0.4429054202916395
0.4540193810233497
0.4652241852145358
0.476513931920935
0.4878825370745816
0.499323739288993
0.5108311060111843
0.5223980400558432
0.5340177864659674
0.5456834396938155
0.5573879510906413
0.5691241367005986
0.5808846854333493
0.5926621675022468
0.6044490429574609
0.6162376703014042
0.6280203155644599
0.6397891625437476
0.6515363233856916
0.6632538476969521
0.6749337300742456
0.6865679184203499
0.6981483255809874
0.7096668419984824
0.7211153467778583
0.7324857169656399
0.7437698369106883
0.7549596087031755
0.766046962922756
0.7770238691918764
0.7878823464806708
0.7986144733329814
0.8092123981171762
0.8196683491879959
0.829974644921909
0.8401237036055711
0.8501080531546911
0.8599203406945929
0.8695533419390186
0.8789999703679731
0.8882532861886951
0.8973065050424022
0.9061530064812771
0.9147863421625058
0.923200243767434
0.9313886306333464
0.939345617061216
0.947065519322881
0.9545428623225994
0.9617723859294114
0.968749050971812
0.9754680448572267
0.9819247868386669
0.9881149328922517
0.9940343802279306
0.9996792714293228
1.005045998188884
1.010131204663823
1.014931790421318
1.019444912996172
1.023667990060484
1.027598701182246
1.031234989205825
1.034575061223361
1.037617389156064
1.040360709948857
1.042804025366715
1.044946601431652
1.046787967471231
1.048327914794762
1.049566495004282
1.050504017938706
1.051141049296101
1.051478407905995
1.051517162668792
1.051258629171912
1.050704365981956
1.049856170652455
1.048716075430495
1.047286342691657
1.045569460114903
1.043568135589664
1.041285291889362
1.038724061101989
1.035887778845619
1.032779978282115
1.029404383929637
1.025764905312596
1.021865630437418
1.01771081911812
1.013304896165614
1.008652444443507
1.003758197827272
0.9986270340568649
0.9932639675031346
0.9876741418615679
0.9818628227814008
0.9758353904678645
0.9695973322456541
0.9631542351011502
0.9565117782157007
0.9496757254961624
0.9426519181330303
0.9354462671804052
0.9280647461806989
0.9205133838449751
0.9127982567854442
0.9049254823213011
0.8969012113578093
0.8887316213627072
0.8804229094491085
0.8719812855599908
0.8634129657735879
0.8547241657268561
0.8459210941751245
0.8370099466949087
0.8279968995269218
0.8188881035766041
0.8096896785671507
0.8004077073585237
0.791048230437373
0.781617240574768
0.7721206776657863
0.7625644237451639
0.752954298190443
0.7432960531152855
0.7335953689474191
0.7238578502016044
0.7140890214408546
0.7042943234320823
0.6944791094972788
0.6846486420567244
0.6748080893735691
0.6649625224910171
0.655116912368398
0.6452761272148881
0.6354449300109973
0.6256279762190359
0.6158298116791107
0.6060548706988137
0.5963074743339591
0.5865918288487808
0.5769120243568661
0.5672720336354855
0.5576757111133505
0.5481267920286162
0.5386288917530194
0.5291855052870399
0.5198000069127204
0.5104756499971894
0.5012155669431916
0.4920227692856201
0.4829001479384226
0.4738504735782841
0.464876397159569
0.4559804505558216
0.447165047322885
0.4384324835835092
0.4297849390239639
0.4212244779990379
0.4127530507405459
0.4043724946636441
0.3960845357705116
0.3878907901418648
0.3797927655123538
0.3717918629248829
0.3638893784576622
0.3560865050215928
0.3483843342212439
0.3407838582780439
0.3332859720107701
0.3258914748653998
0.3186010729908739
0.3114153813554033
0.3043349259006982
0.2973601457299852
0.2904913953246712
0.2837289467879717
0.2770729921093366
0.2705236454474998
0.2640809454283076
0.2577448574509732
0.2515152759990485
0.2453920269537206
0.2393748699106847
0.2334635004970987
0.2276575526806687
0.2219566010665483
0.2163601631812825
0.2108677017456551
0.2054786269334381
0.200192298609412
0.1950080285430049
0.1899250825973148
0.184942682895239
0.1800600099605442
0.1752762048281173
0.1705903711204413
0.1660015770904519
0.161508857632465
0.1571112162595975
0.1528076270434822
0.1485970365145549
0.1444783655226287
0.1404505110585689
0.1365123480360711
0.1326627310317698
0.1289004959835833
0.1252244618460458
0.1216334322019266
0.1181261968298545
0.1147015332281948
0.1113582080960726
0.1080949787700605
0.1049105946159372
0.1018037983755797
0.09877332746962249
0.09581791525697816
0.09293629225024168
0.09012718728655247
0.08738932865422576
0.08472144517646103
0.08212226725358776
0.079590527863039
0.07712496351683643
0.07472431517722938
0.07238732913147602
0.07011275782678306
0.06789936066569605
0.06574590476277956
0.0636511656632346
0.06161392802380756
0.05963298625677978
0.05770714513776454
0.05583522037814943
0.05401603916300665
0.05224844065543033
0.05053127646859829
0.04886341110576912
0.04724372236868739
0.04567110173531086
0.04414445470809934
0.04266270113412712
0.04122477549744093
0.03982962718421963
0.03847622072165535
0.03716353599161187
0.03589056842024119
0.03465632914399217
0.03345984515287567
0.03230015941174656
0.03117633096053136
0.03008743499442649
0.02903256292460642
0.02801082242031673
0.02702133743302098
0.02606324820349351
0.02513571125270635
0.02423789935710761
0.02336900150906638
0.02252822286316532
0.02171478466914096
0.0209279241921584
0.02016689462109691
0.01943096496542509
0.0187194199413065
0.01803155984761206
0.01736670043245923
0.01672417275081186
0.01610332301377225
0.01550351243005663
0.01492411704026323
0.01436452754458038
0.01382414912428101
0.01330240125754271
0.01279871753007317
0.01231254544095773
0.01184334620425689
0.01139059454673653
0.01095377850212853
0.01053239920230972
0.0101259706658107
0.009734019584119628
0.009356085105999343
0.008991718620163751
0.008640483536622903
0.008301955067077581
0.007975720004673469
0.007661376503349714
0.007358533857040901
0.007066812278961359
0.006785842681245247
0.006515266455165477
0.006254735252148778
0.006003910765790089
0.005762464515021956
0.00553007762869018
0.005306440631698038
0.005091253232818336
0.004884224114365666
0.004685070723866924
0.004493519067792191
0.004309303507584726
0.004132166557991481
0.003961858687855578
0.003798138123454134
0.003640770654445899
0.003489529442536429
0.003344194832903478
0.003204554168459628
0.003070401607075155
0.002941537941658727
0.002817770423260404
0.002698912587172499
0.002584784082093195
0.002475210502402466
0.002370023223527733
0.002269059240381079
0.002172161008966958
0.00207917629110599
0.001989958002298375
0.001904364062740917
0.001822257251456664
0.00174350506354963
0.00166797957058578
0.001595557284010921
0.001526119021701795
0.001459549777530336
0.001395738593971337
0.001334578437758609
0.001275966078404907
0.00121980196978275
0.00116599013453177
0.001114438051414762
0.001065056545440682
0.001017759680849857
0.0009724646568318992
0.0009290917059696905
0.0008875639953955802
0.0008478075305573604
0.0008097510615997294
0.0007733259922927487
0.000738466291472095
0.000705108406957426
0.0006731911818738089
0.0006426557733520595
0.0006134455735684938
0.0005855061330750841
0.0005587850863288549
0.0005332320794484412
0.0005087987001177226
0.00048543840956305
0.0004631064765915498
0.0004417599136426172
0.000421357414776771
0.0004018592956176781
0.000383227435121268
0.0003654252191950962
0.0003484174861039441
0.0003321704735860101
0.0003166517676899761
0.0003018302532376132
0.0002876760659072236
0.0002741605458918717
0.00026125619305084
0.0002489366235821878
0.0002371765280990765
0.0002259516311575773
0.0002152386521003343
0.0002050152672613489
0.0001952600734656037
0.000185952552743166
0.0001770730382901214
0.000168602681606282
0.0001605234207763823
0.0001528179498588702
0.0001454696893816933
0.0001384627578396067
0.000131781944238707
0.000125412681619346
0.0001193410215238938
0.0001135536093968513
0.0001080376608872375
0.0001027809389967068
9.777173208011881e-05
9.299883264735053e-05
8.845151696491019e-05
8.411952541211018e-05
7.999304355693927e-05
7.606268397081398e-05
7.231946870501539e-05
6.875481245057361e-05
6.53605063245015e-05
6.212870226487419e-05
5.905189806001795e-05
5.612292293315947e-05
5.33349236760543e-05
5.068135135879782e-05
4.815594849787346e-05
4.575273678898965e-05
4.34660052832162e-05
4.129029904266947e-05
3.922040823398478e-05
3.725135768032874e-05
3.537839681133472e-05
3.359699002198055e-05
3.190280741603812e-05
3.029171592351412e-05
2.875977079335724e-05
2.730320739085519e-05
2.591843338477464e-05
2.460202121041676e-05
2.335070086444301e-05
2.216135299306483e-05
2.103100225952735e-05
1.995681099351594e-05
1.893607309130602e-05
1.796620820352688e-05
1.704475612690814e-05
1.616937146379329e-05
1.533781847992702e-05
1.454796620165371e-05
1.379778370323397e-05
1.308533561099969e-05
1.240877779209106e-05
1.17663532328606e-05
1.11563880700098e-05
1.057728782791647e-05
1.002753380152916e-05
9.50567959219072e-06
9.01034779809664e-06
8.540226855002487e-06
8.094068004593068e-06
7.670682397478999e-06
7.268938340288943e-06
6.887758637693596e-06
6.526118073081233e-06
6.183040970277646e-06
5.857598923404393e-06
5.548908550640496e-06
5.256129423460822e-06
4.978462022034415e-06
4.715145830035096e-06
4.465457493473952e-06
4.228709074363391e-06
4.004246360433906e-06
3.79144727530358e-06
3.589720365524778e-06
3.398503313892605e-06
3.217261583869414e-06
3.045487072573108e-06
2.882696843193562e-06
2.728431941537938e-06
2.582256210018766e-06
2.443755227788782e-06
2.312535223889023e-06
2.188222114452182e-06
2.070460518592402e-06
1.9589128774365e-06
1.853258577167242e-06
1.753193109207484e-06
1.658427317334848e-06
1.568686616594941e-06
1.483710305002378e-06
1.4032508598394e-06
1.327073301353213e-06
1.254954581374172e-06
1.186682984618189e-06
1.122057573761997e-06
1.06088765357627e-06
1.002992264837565e-06
9.481997026314941e-07
8.9634705359369e-07
8.47279765246712e-07
8.0085121202065e-07
7.56922316030483e-07
7.153611611460267e-07
6.760426386889254e-07
6.388480974012935e-07
6.036650262149321e-07
5.703867438621804e-07
5.3891210169243e-07
5.091452000922208e-07
4.809951282338055e-07
4.54375719865935e-07
4.29205294050927e-07
4.05406439064812e-07
3.829057891490256e-07
3.616338253618495e-07
3.415246749533403e-07
3.225159199034329e-07
3.045484181010699e-07
2.875661555602424e-07
2.715160593832293e-07
2.563478660965597e-07
2.420139609035464e-07
2.28469256992541e-07
2.156710482115861e-07
2.035789008988173e-07
1.921545178509202e-07
1.81361649122298e-07
1.71165968970173e-07
1.615349922794298e-07
1.524379573692586e-07
1.438457516802251e-07
1.357308170424459e-07
1.280670815566835e-07
1.208298645210565e-07
1.139958033305136e-07
1.075428014162685e-07
1.01449940915325e-07
9.569744211865362e-08
9.026658729353638e-08
8.513967781686093e-08
8.029996183795689e-08
7.573161068650759e-08
7.141962945830769e-08
6.734985135073373e-08
6.350887566393613e-08
5.988403774082028e-08
5.646335447356641e-08
5.323549258369854e-08
5.018974657575664e-08
4.731598625342204e-08
4.460464513412108e-08
4.20466734110379e-08
3.963352087637254e-08
3.735710909294342e-08
3.520979576162292e-08
3.318436265870628e-08
3.127399368875311e-08
2.947223891816407e-08
2.777301500955536e-08
2.617055449415295e-08
2.465943488648385e-08
2.323451473077152e-08
2.189094452519319e-08
2.062414111900097e-08
1.942977096291438e-08
1.830375172091758e-08
1.724221755101301e-08
1.624153218697931e-08
1.52982438743491e-08
1.440911105402919e-08
1.357106550022243e-08
1.278120814494783e-08
1.203680513318093e-08
1.13352698162665e-08
1.067416547052869e-08
1.00511874765032e-08
9.464167533126203e-09
8.911056710847591e-09
8.389921269881996e-09
7.898931469247292e-09
7.436360534295703e-09
7.000587475041844e-09
6.590077782004959e-09
6.203379159102837e-09
5.839138720043347e-09
5.496058888373016e-09
5.172929884445962e-09
4.868601230677174e-09
4.58199390547537e-09
4.312092059964189e-09
4.057921485309714e-09
3.818584142815792e-09
3.593219865919429e-09
3.381024373845143e-09
3.181232625609724e-09
2.99312874622132e-09
2.816041464280926e-09
2.649330853739666e-09
2.492391313678969e-09
2.34466049906884e-09
2.205598324623752e-09
2.074707139706679e-09
1.951513563587581e-09
1.835564940103545e-09
1.726438440740135e-09
1.623739680039024e-09
1.527093527382771e-09
1.43614876732698e-09
1.350571983960785e-09
1.27004951522973e-09
1.194287749811881e-09
1.123003703408942e-09
1.0559320222515e-09
9.928322148478135e-10
9.334682600214887e-10
8.776204561837381e-10
8.250840499039491e-10
7.756636071586418e-10
7.29181413934215e-10
6.854589071144235e-10
6.443406634486356e-10
6.056684033924462e-10
5.693007172703789e-10
5.35096396627007e-10
5.029283306383834e-10
4.726780419548134e-10
4.442304561823799e-10
4.174817823261885e-10
3.923294571716639e-10
3.686842686947347e-10
3.464517237606969e-10
3.255485353499284e-10
3.058979734141034e-10
2.874220328307168e-10
2.70052669446421e-10
2.537234441054435e-10
2.383759208520678e-10
2.239449122568412e-10
2.103845207711716e-10
1.976410443487881e-10
1.856649522985953e-10
1.744094631583707e-10
1.638315572572038e-10
1.538878061316833e-10
1.445415026968276e-10
1.357568485708873e-10
1.275075413048722e-10
1.197572297858054e-10
1.124719128411034e-10
1.056212251338996e-10
9.918681248033843e-11
9.314582239322148e-11
8.747128112500968e-11
8.214268722129035e-11
7.713593959584651e-11
7.242828043440599e-11
6.8008417924933e-11
6.385228371202557e-11
5.994704715312689e-11
5.627669311457807e-11
5.282702071394423e-11
4.959054973845292e-11
4.655153964402443e-11
4.369895442093989e-11
4.102369880440943e-11
3.851430278974429e-11
3.615512664401332e-11
3.39422140000009e-11
3.186575622149578e-11
2.991338057399166e-11
2.80804926463082e-11
2.635730013535434e-11
2.473557741616474e-11
2.32098977929685e-11
2.177496621936557e-11
2.043037104309894e-11
1.916889841268899e-11
1.798579582537537e-11
1.687062768115169e-11
1.582868889393758e-11
1.485341155720449e-11
1.393667758800045e-11
1.307742042501816e-11
1.227266269282877e-11
1.152027345291632e-11
1.081402331390002e-11
1.015360907678994e-11
9.529546091840716e-12
8.94391118250547e-12
8.393054355191811e-12
7.8710095820573e-12
7.379437741280298e-12
6.914521926985082e-12
6.477112511240712e-12
6.071695680326076e-12
5.692314429128896e-12
5.337545213860801e-12
5.006035897002199e-12
4.695121711653426e-12
4.407481259863394e-12
4.138879542934453e-12
3.881452673696735e-12
3.639779695069098e-12
3.412931395738519e-12
3.202493977524409e-12
3.008640244321307e-12
2.826540855559799e-12
2.659278428817743e-12
2.496188821578767e-12
2.339336439619129e-12
2.190667811673304e-12
2.047496112698695e-12
1.91132372070262e-12
1.784352044659602e-12
1.662585075281173e-12
1.560389017756805e-12
1.460820407144117e-12
1.367386994692721e-12
1.285941294807027e-12
1.212161638255514e-12
1.142587118235404e-12
1.079094061036972e-12
1.019739627363876e-12
9.616625104730076e-13
9.060621481246061e-13
8.477479167184176e-13
7.874554035041278e-13
7.306478807781007e-13
6.816546380511201e-13
6.304341103451084e-13
5.839582990092821e-13
5.42378890798876e-13
5.048907856802446e-13
4.749746422350317e-13
4.508899833171659e-13
4.331485722938528e-13
4.149731298385935e-13
3.93168499862907e-13
3.693337565289155e-13
3.415596166337297e-13
3.187546240205262e-13
2.959869996424388e-13
2.713275711013517e-13
2.532105787408115e-13
2.375979496036749e-13
2.221282395786522e-13
2.114891412363498e-13
2.01347017347489e-13
1.919616274357498e-13
1.773843650856857e-13
1.604359953065111e-13
1.469213046562871e-13
1.409577139933038e-13
1.363676681574917e-13
1.268960556112819e-13
1.19446197518311e-13
1.136624413023543e-13
1.034246129992039e-13
9.339683404238331e-14
8.16569725516313e-14
7.470790069486874e-14
7.002151337772143e-14
6.813132166066659e-14
7.031645678458055e-14
7.323369403618257e-14
7.205522697730993e-14
7.175021179806285e-14
6.664889223355033e-14
5.912676089107728e-14
5.326536062488765e-14
4.555273791480055e-14
3.879297944349776e-14
3.344841241593963e-14
2.85477886955335e-14
2.640589946111578e-14
1.904379938007803e-14
1.683532285879091e-14
1.552523033040473e-14
1.953924076215908e-14
2.428582561863051e-14
2.94751944597447e-14
2.992198925830838e-14
2.984938023631891e-14
2.620806147519482e-14
2.524062424096493e-14
2.457955429328937e-14
2.018224952938768e-14
1.846579238280923e-14
1.526535032278444e-14
1.320766706348332e-14
8.672799159073873e-15
8.453143060432496e-15
5.138325181691741e-15
8.359584227064942e-16
2.384809851068484e-15
1.54873247283806e-15
8.686565911907836e-16
2.50211694261101e-15
6.342565035540147e-15
8.340873153658908e-15
1.026486412850248e-14
6.87765491972807e-15
1.11245873550216e-14
9.776358254802784e-15
1.206022134146022e-14
1.092211940851465e-14
9.220897442823111e-15
8.942420735847566e-15
5.916010983421225e-15
3.10866150483124e-15
4.977539072933664e-16
-1.485478907836319e-15
-2.361756333264068e-15
-6.468401349280961e-16
-3.1367055596333e-15
-2.711058998665221e-15
-1.567355083199708e-15
-3.325706400861033e-15
-3.5372148045717e-15
-1.245347981710457e-15
4.959177605074946e-16
1.545500968872788e-15
8.817597851247878e-15
1.031338322640508e-14
1.080684434468594e-14
1.188271505975269e-14
9.595890216976424e-15
7.587954457776302e-15
2.208534873749752e-15
-1.754025857602175e-15
-5.261068933916616e-15
-8.587291019305865e-15
-8.286241978194114e-15
-6.529576972809271e-15
-6.246759383405476e-15
-4.869289170403205e-15
-1.741965789554936e-15
3.020084922187233e-16
3.853780714003202e-15
2.042600234585588e-15
3.696678477237447e-15
6.241949719161881e-15
7.929407324169627e-15
8.313380735674051e-15
6.439413674182604e-15
4.579767975462476e-15
4.565571690257983e-16
-1.46938941704801e-15
-5.910016491416812e-15
-7.343282211114997e-15
-9.262822212539266e-15
-8.007248456631479e-15
-3.875079149832419e-15
1.319406137528795e-15
4.670649066887858e-15
8.021458952579295e-15
9.477825057876197e-15
4.720000811922011e-15
1.66583729918204e-15
-1.610966511007225e-15
-7.165754670301724e-15
-8.987535893760177e-15
-7.126375875979876e-15
-3.328717375859694e-15
8.021006551059579e-16
