-6.251002464109441e-15
7.892558649421459e-13
1.641759939658914e-12
2.619618987476255e-12
3.810976183656346e-12
5.317676027733928e-12
7.260289555998086e-12
9.786583581418593e-12
1.308225102020637e-11
1.738211682843261e-11
2.298236045147085e-11
3.025872953499092e-11
3.968528570692788e-11
5.185871736317986e-11
6.753007979747027e-11
8.763967856158808e-11
1.133619992824999e-10
1.461612657961575e-10
1.87856200616389e-10
2.406964345458555e-10
3.074618799775022e-10
3.915746250072937e-10
4.972379325471669e-10
6.295962043286584e-10
7.94933974029985e-10
1.000907953031895e-09
1.256821653438203e-09
1.573955310858796e-09
1.96595198797483e-09
2.449276305075608e-09
3.043749381498197e-09
3.773188590653488e-09
4.66614500616409e-09
5.756775842624137e-09
7.085864963204396e-09
8.702005700658819e-09
1.066298974743676e-08
1.303741301396707e-08
1.590654585757691e-08
1.936649363162173e-08
2.353070328405618e-08
2.853284559335013e-08
3.453014801583179e-08
4.17072148892036e-08
5.028041408922879e-08
6.050290164393715e-08
7.267035206712767e-08
8.712749437720592e-08
1.042755372788926e-07
1.245805811484881e-07
1.485831325485855e-07
1.769088154247317e-07
2.102804481690898e-07
2.495317035057351e-07
2.956224978752519e-07
3.496562766688086e-07
4.128993892902091e-07
4.868027751803617e-07
5.73026190592628e-07
6.734652352653537e-07
7.90281454905083e-07
9.259358091071429e-07
1.083225825893541e-06
1.26532679852223e-06
1.475837373679535e-06
1.718829928667099e-06
1.99890617836942e-06
2.321258438882484e-06
2.691737035846331e-06
3.116924378989118e-06
3.604216229295547e-06
4.161910750760499e-06
4.799305948560222e-06
5.526806144004361e-06
6.356038168417689e-06
7.299977997426235e-06
8.373088579802587e-06
9.591469645627027e-06
1.097302028139256e-05
1.253761515537029e-05
1.430729527999576e-05
1.630647425320252e-05
1.856216093413097e-05
2.110419953630058e-05
2.396552816194347e-05
2.718245679751754e-05
3.079496584165686e-05
3.484702622059351e-05
3.938694215433008e-05
4.446771765132618e-05
5.014744777023095e-05
5.64897356795137e-05
6.35641364987376e-05
7.144662885659686e-05
8.022011501825768e-05
8.997495035003429e-05
0.0001008095027819698
0.0001128307427508124
0.0001261548639885645
0.000140907935259651
0.0001572265829599543
0.0001752587044150174
0.0001951642144242205
0.0002171158340101577
0.0002412999177406415
0.0002679173176367559
0.0002971842838039656
0.0003293334019771675
0.0003646145680295134
0.0004032959993968322
0.000445665283204899
0.0004920304607378652
0.0005427211477126421
0.0005980896896701388
0.0006585123515589952
0.0007243905404339077
0.0007961520599139392
0.0008742523948663359
0.0009591760244921984
0.001051437761724642
0.001151584116593988
0.001260194680857662
0.001377883530917455
0.001505300645659049
0.001643133335505123
0.001792107678567504
0.001952989959592099
0.002126588109739022
0.002313753150584764
0.002515380633135869
0.002732412064326161
0.002965836315238082
0.003216691005049898
0.003486063854280528
0.003775094000442163
0.004084973268746032
0.004416947389986637
0.004772317157238888
0.005152439512796721
0.005558728561008653
0.005992656543231595
0.006455754782215229
0.006949614542779573
0.007475887760323701
0.008036287650978104
0.008632589222629907
0.009266629684581073
0.009940308735257423
0.01065558872071117
0.01141449465442187
0.01221911409698897
0.01307159688985889
0.01397415473147868
0.01492906059528824
0.01593864797736409
0.01700530997192459
0.01813149816966088
0.0193197213684728
0.02057254409931611
0.02189258495490739
0.02328251472192529
0.02474505431361972
0.02628297249346564
0.02789908339648498
0.02959624383662826
0.03137735040430824
0.03324533635368628
0.03520316827185497
0.03725384254116426
0.0394003815842436
0.04164582990000575
0.04399324989348598
0.04644571749377732
0.04900631757705924
0.05167813918539469
0.05446427055365842
0.05736779395098239
0.06039178033367073
0.06353928383302442
0.06681333606970299
0.07021694031152197
0.07375306548466581
0.07742464003736035
0.08123454568514983
0.08518561103065
0.08928060508015578
0.09352223067059617
0.09791311780674794
0.1024558169427641
0.1071527922018266
0.112006414561059
0.1170189550180378
0.1221925777394377
0.1275293332309376
0.1330311515215563
0.1386998353926037
0.1445370536692621
0.1505443345758477
0.1567230591985522
0.1630744550466506
0.169599589743504
0.1762993648658588
0.1831745099323145
0.1902255765888228
0.1974529329784043
0.2048567583268141
0.2124370377618852
0.2201935573647069
0.2281258995010219
0.2362334384165492
0.2445153361285814
0.2529705386296542
0.2615977723969572
0.2703955412557804
0.2793621235753814
0.2884955698286682
0.2977937005282828
0.3072541045262548
0.3168741377218699
0.3266509221517688
0.3365813454937858
0.3466620609931275
0.356889487789995
0.3672598116896748
0.3777689863429494
0.3884127348652398
0.3991865518979807
0.4100857060852957
0.4211052430042694
0.432239988508874
0.4434845525094784
0.454833333185959
0.4662805216037874
0.4778201067704583
0.4894458810832877
0.5011514461845868
0.5129302192168167
0.5247754394414708
0.5366801752546457
0.548637331544558
0.560639657401984
0.5726797541716955
0.5847500838071379
0.5968429775649471
0.6089506449716945
0.621065183052312
0.6331785858040564
0.6452827539076079
0.6573695047571657
0.6694305826779358
0.6814576691360739
0.6934423929264955
0.705376340763755
0.7172510690614418
0.729058115970814
0.7407890116444353
0.7524352866185623
0.7639884809707006
0.7754401570667125
0.7867819133057982
0.7980053959669852
0.8091023089526826
0.820064423514255
0.8308835890586871
0.8415517441810779
0.8520609273678265
0.8624032873149604
0.8725710930518334
0.882556743985769
0.8923527797452074
0.9019518897833168
0.9113469227228277
0.9205308954209845
0.9294970017917957
0.9382386213205023
0.9467493272748115
0.9550228945996962
0.9630533074595494
0.9708347664583921
0.9783616954850819
0.9856287481968905
0.9926308141325577
0.9993630244202353
1.005820757110296
1.011999642089641
1.01789556560012
1.023504674356701
1.028823379230738
1.033848358527002
1.038576560821173
1.043005207386423
1.047131794209691
1.050954093567169
1.054470155190635
1.057678306996777
1.060577155408461
1.063165585272497
1.065442759354442
1.067408117449553
1.069061375082345
1.070402521818877
1.07143181920002
1.07214979828773
1.072557256869009
1.072655256291476
1.072445117951169
1.071928419443886
1.071106990382103
1.069982907926945
1.068558492010037
1.066836300265829
1.064819122687419
1.062509976008242
1.059912097852445
1.05702894063992
1.05386416527799
1.050421634653973
1.046705406923074
1.042719728627825
1.038469027641801
1.033957905967121
1.029191132400582
1.024173635070397
1.018910493883307
1.013406932871439
1.007668312463743
1.001700121696505
0.9955079703662251
0.9890975811618709
0.9824747817668357
0.9756454969508577
0.9686157406652317
0.9613916081491104
0.9539792680835357
0.9463849547812108
0.9386149604284139
0.9306756273906904
0.9225733405871722
0.9143145199626838
0.9059056130505296
0.8973530876472947
0.8886634246089365
0.87984311076343
0.8708986319590457
0.8618364662467148
0.8526630772180808
0.8433849075063694
0.8340083724436522
0.8245398538911218
0.8149856942380393
0.8053521905845665
0.7956455891132147
0.7858720796442359
0.7760377903891368
0.7661487828957523
0.7562110471953117
0.7462304971542306
0.7362129660254145
0.7261642022103116
0.7160898652238865
0.7059955218712592
0.6958866426362648
0.6857685982744933
0.6756466566184779
0.6655259795863847
0.6554116203980204
0.6453085209967835
0.6352215096724584
0.6251552988912215
0.6151144833227525
0.6051035380681383
0.5951268170854725
0.5851885518018922
0.5752928499113966
0.5654436943533285
0.5556449424770605
0.5459003253887349
0.5362134474675733
0.5265877860511232
0.5170266912811262
0.5075333861084041
0.4981109664522197
0.4887624015087977
0.4794905342121291
0.4702980818331433
0.4611876367098574
0.4521616671037285
0.4432225181799143
0.4343724131144128
0.4256134543144075
0.4169476247457902
0.408376789362622
0.3999026966330521
0.3915269801606452
0.3832511603917313
0.375076646404677
0.3670047377759543
0.3590366265171439
0.3511733990818523
0.3434160384333716
0.3357654261689771
0.3282223446959874
0.3207874794535678
0.3134614211777315
0.3062446682032107
0.2991376288005574
0.2921406235439529
0.2852538877023136
0.2784775736506273
0.2718117532964638
0.2652564205193705
0.258811493619332
0.2524768177697557
0.2462521674735174
0.2401372490166428
0.2341317029178103
0.2282351063703238
0.2224469756712499
0.2167667686345164
0.211193886986152
0.2057276787428696
0.200367440571184
0.1951124201204018
0.1899618183260458
0.1849147916833827
0.1799704544927997
0.1751278810748717
0.1703861079496847
0.1657441359776678
0.1612009324620833
0.1567554332150377
0.1524065445854403
0.1481531454444773
0.143994089126483
0.139928205325715
0.135954301950931
0.1320711669367659
0.1282775700088677
0.1245722644017008
0.1209539885292838
0.1174214676099185
0.1139734152445464
0.1106085349476834
0.1073255216312616
0.104123063040823
0.1009998411438914
0.09795453347073944
0.09498581440817459
0.09209235644756766
0.08927283138626978
0.08652591148238981
0.08385027056338758
0.08124458508944785
0.07870753517295544
0.0762378055536562
0.07383408652954156
0.07149507484416881
0.06921947453185312
0.06700599772230377
0.06485336540441333
0.06276030814942968
0.06072556679436844
0.05874789308681141
0.05682605029234607
0.05495881376515353
0.05314497148275849
0.05138332454584928
0.04967268764366766
0.04801188948606086
0.04639977320292585
0.04483519671211272
0.04331703305672921
0.04184417071284716
0.04041551386893919
0.03902998267746494
0.03768651347924919
0.03638405900162875
0.0351215885315232
0.0338980880647937
0.03271256043229021
0.03156402540332648
0.03045151976749142
0.0293740973958426
0.02833082928254215
0.02732080356756256
0.02634312554116114
0.02539691763102401
0.0244813193728891
0.02359548736562286
0.02273859521132972
0.02190983344124385
0.02110840942814269
0.02033354728606848
0.01958448775807273
0.01886048809264685
0.01816082190948685
0.01748477905522663
0.01683166544987275
0.01620080292451768
0.01559152905097669
0.01500319696381053
0.01443517517536668
0.01388684738436171
0.01335761227855722
0.01284688333205723
0.01235408859763026
0.01187867049460222
0.01142008559275142
0.01097780439276332
0.0105513111035588
0.01014010341690282
0.009743692279672924
0.009361601664195807
0.008993368337018939
0.00863854162639875
0.008296683188866893
0.007967366775178444
0.007650177995944544
0.007344714087258897
0.007050583676582099
0.006767406549071395
0.006494813414601742
0.006232445675755058
0.00597995519703883
0.005737004075453458
0.005503264412611684
0.00527841808857908
0.005062156537609779
0.004854180525949907
0.004654199931830287
0.004461933527776243
0.004277108765371559
0.004099461562617914
0.003928736093970506
0.003764684583131078
0.003607067098733664
0.003455651352920296
0.00331021250295853
0.003170532955912894
0.003036402176433046
0.002907616497761909
0.002783978935925509
0.002665299007180313
0.002551392548770657
0.002442081542960901
0.002337193944452
0.002236563511111454
0.002140029638065484
0.002047437195137862
0.001958636367635671
0.001873482500504621
0.00179183594581938
0.001713561913624937
0.001638530326071295
0.001566615674851237
0.001497696881864604
0.001431657163240111
0.001368383896461121
0.001307768490779191
0.001249706260732241
0.001194096302794207
0.001140841375134807
0.00108984778036285
0.001041025251384802
0.0009942868401203587
0.0009495488092327161
0.0009067305266593921
0.000865754363062694
0.0008265455919944631
0.0007890322928655319
0.0007531452565554917
0.0007188178937007047
0.0006859861455694575
0.0006545883974981504
0.0006245653948146777
0.0005958601612093206
0.0005684179195170633
0.0005421860148386786
0.0005171138399576661
0.0004931527630100867
0.0004702560573813357
0.0004483788336897881
0.0004274779739347875
0.0004075120676584965
0.000388441350118165
0.0003702276424261026
0.0003528342935798448
0.0003362261243607507
0.0003203693730406093
0.0003052316428470921
0.0002907818511611884
0.0002769901803731903
0.0002638280303962488
0.0002512679727369171
0.0002392837061178125
0.0002278500136218833
0.0002169427212537757
0.0002065386579583155
0.0001966156169974259
0.0001871523186571649
0.0001781283742726012
0.0001695242514911918
0.0001613212407770482
0.0001535014230943556
0.0001460476387511499
0.0001389434573421699
0.0001321731487684653
0.0001257216553409898
0.0001195745648607758
0.0001137180846905381
0.0001081390167915996
0.00010282473367598
9.776315525031056e-05
9.294272652053859e-05
8.835239612154827e-05
8.398159567398467e-05
7.982021990639994e-05
7.585860753750559e-05
7.208752288420352e-05
6.849813817051474e-05
6.508201654011064e-05
6.183109567297778e-05
5.873767210412516e-05
5.579438609858605e-05
5.299420713716747e-05
5.033041998370206e-05
4.779661127937815e-05
4.538665668640472e-05
4.309470853002155e-05
4.091518394976748e-05
3.884275348984103e-05
3.687233020559764e-05
3.499905914022982e-05
3.321830728723416e-05
3.152565392812846e-05
2.99168813725945e-05
2.838796608118377e-05
2.693507015248863e-05
2.555453314028782e-05
2.424286425342551e-05
2.299673483394106e-05
2.181297117115726e-05
2.068854762124408e-05
1.962058000047252e-05
1.860631926733654e-05
1.76431454610297e-05
1.672856190584268e-05
1.586018965240991e-05
1.503576217495818e-05
1.425312027150739e-05
1.351020720101298e-05
1.280506401561564e-05
1.213582508966368e-05
1.150071389095218e-05
1.089803886137019e-05
1.032618952773223e-05
9.783632766407028e-06
9.268909246870104e-06
8.780629999794368e-06
8.317473152844157e-06
7.878180828072684e-06
7.461556152847797e-06
7.066460408125601e-06
6.69181031676297e-06
6.336575442895936e-06
5.999775695502486e-06
5.680478971358399e-06
5.37779888698432e-06
5.090892610428732e-06
4.81895879342509e-06
4.561235622326045e-06
4.31699891365416e-06
4.085560320986748e-06
3.866265633322694e-06
3.658493123967274e-06
3.461652005962335e-06
3.275180939565842e-06
3.09854660047032e-06
2.931242351842458e-06
2.772786927997281e-06
2.622723221871691e-06
2.480617096455011e-06
2.346056280286507e-06
2.21864929011572e-06
2.098024429437947e-06
1.983828799950208e-06
1.875727398058818e-06
1.773402218069154e-06
1.676551424980793e-06
1.58488856175804e-06
1.498141776189793e-06
1.416053109310573e-06
1.338377799448276e-06
1.264883632253808e-06
1.195350307823034e-06
1.129568859948988e-06
1.067341075023616e-06
1.008478966920583e-06
9.52804250649299e-07
9.001478609221788e-07
8.503494987416526e-07
8.032571694678418e-07
7.587267848003213e-07
7.16621740320365e-07
6.768125675340936e-07
6.391765364101275e-07
6.035973428171496e-07
5.699647583430873e-07
5.381743356844019e-07
5.081271054565558e-07
4.797293082974296e-07
4.528921100671427e-07
4.275313588190758e-07
4.03567347352149e-07
3.80924573681265e-07
3.595315410954558e-07
3.393205319608896e-07
3.202274296368363e-07
3.02191516347378e-07
2.851553024434114e-07
2.690643631235945e-07
2.538671811568843e-07
2.39514987969586e-07
2.259616172705321e-07
2.131633856626173e-07
2.010789427156531e-07
1.896691606961483e-07
1.788970184627291e-07
1.687274848790761e-07
1.591274155256057e-07
1.500654665082907e-07
1.415119712710588e-07
1.334388679499264e-07
1.258196203337395e-07
1.186291292675341e-07
1.11843664307267e-07
1.054407724369418e-07
9.939922862567643e-08
9.369896578241896e-08
8.832101232907695e-08
8.324742389272773e-08
7.846124501401495e-08
7.394644066204541e-08
6.968786451053767e-08
6.567119974662864e-08
6.188291525262932e-08
5.831020965143357e-08
5.494101336754416e-08
5.17639062128068e-08
4.876809029950624e-08
4.594338476058169e-08
4.328015272681876e-08
4.076930118780302e-08
3.840224252371133e-08
3.617085705633785e-08
3.406747804871538e-08
3.208486657347185e-08
3.021618424803479e-08
2.845497294751039e-08
2.679513560186422e-08
2.523092996778452e-08
2.375690514462001e-08
2.236793877166811e-08
2.105919670274204e-08
1.98261044592151e-08
1.866433922993789e-08
1.756984057618296e-08
1.653876192444468e-08
1.556748273560743e-08
1.465257730015072e-08
1.37908188271537e-08
1.297915806156622e-08
1.221472229984401e-08
1.149479686550909e-08
1.081682341872951e-08
1.017838372975304e-08
9.577200575634908e-09
9.011127688454214e-09
8.478143473397135e-09
7.976335854063216e-09
7.503899531451361e-09
7.059141485975376e-09
6.640453224328121e-09
6.246331838472124e-09
5.87535012655712e-09
5.526165749094043e-09
5.197514459551768e-09
4.888203493201835e-09
4.597108296653471e-09
4.323170466925752e-09
4.065391008166005e-09
3.822827333112076e-09
3.594590276565205e-09
3.379838418097094e-09
3.177792406315004e-09
2.987702066917951e-09
2.808866096967517e-09
2.640630386619717e-09
2.482364373518609e-09
2.333490309638387e-09
2.193455335553945e-09
2.061745289248721e-09
1.937868060282492e-09
1.821364012945066e-09
1.711800842580256e-09
1.608762393763203e-09
1.511868902740722e-09
1.420754376861354e-09
1.335075591010857e-09
1.254522705141043e-09
1.178786889502711e-09
1.107581787466889e-09
1.040638282582269e-09
9.777031685991298e-10
9.185427051210186e-10
8.62933470690422e-10
8.106628855232327e-10
7.615281871708428e-10
7.153407757848463e-10
6.719254410284031e-10
6.311244241653723e-10
5.927798164163295e-10
5.567469860072553e-10
5.228827443203613e-10
4.910647276170054e-10
4.611631791293199e-10
4.330720533819971e-10
4.066783318887992e-10
3.818731842849181e-10
3.585686837975977e-10
3.366749623099028e-10
3.161125485240983e-10
2.967947783831179e-10
2.786498878311477e-10
2.61609059214375e-10
2.456008372818937e-10
2.305651538744697e-10
2.16443672674214e-10
2.031709982431009e-10
1.907076110142013e-10
1.790011724072813e-10
1.680087022917161e-10
1.576843677007941e-10
1.479940288296445e-10
1.388929804577428e-10
1.303521154544812e-10
1.223293626495856e-10
1.147965036444464e-10
1.07725917414648e-10
1.01085679175208e-10
9.48529640536139e-11
8.899860042947928e-11
8.350331072002714e-11
7.834644360494161e-11
7.350706397004444e-11
6.896301024845004e-11
6.470241387488817e-11
6.070351796761549e-11
5.695084498150622e-11
5.342654459227558e-11
5.011996652879548e-11
4.701312164843866e-11
4.409327506819365e-11
4.135425481679884e-11
3.8785047571291e-11
3.637497745430248e-11
3.41137549113519e-11
3.199066981356741e-11
3.000204806189687e-11
2.81372660590747e-11
2.638816798899728e-11
2.474520584708797e-11
2.320315518534616e-11
2.175863911814299e-11
2.040441014301171e-11
1.913534634839615e-11
1.794544909620221e-11
1.683030928874913e-11
1.578093899429925e-11
1.479554297332066e-11
1.386823251644786e-11
1.299779635946261e-11
1.218385587197723e-11
1.142269875879099e-11
1.070633264969615e-11
1.003176105761585e-11
9.403255806893832e-12
8.811806887328238e-12
8.257890128111765e-12
7.737634463768144e-12
7.250485887723838e-12
6.796462684465528e-12
6.371032590346741e-12
5.974703944158506e-12
5.600815873871698e-12
5.252994891334001e-12
4.928484761767883e-12
4.626009231965488e-12
4.339582535978944e-12
4.067231797518071e-12
3.804551293831631e-12
3.558319653613393e-12
3.328897103881591e-12
3.113832378708261e-12
2.911370631520492e-12
2.729902045897837e-12
2.556139562731728e-12
2.393154138125564e-12
2.243204105648436e-12
2.105817781510911e-12
1.977041352494051e-12
1.856970349257402e-12
1.741739201903426e-12
1.631008965499954e-12
1.525285360266727e-12
1.430701257198025e-12
1.340692413326218e-12
1.254394010815215e-12
1.174862784966241e-12
1.101602303301332e-12
1.027885512591884e-12
9.621964745903684e-13
9.000061958099717e-13
8.457201218041459e-13
7.914720177608336e-13
7.454853077325036e-13
6.957433398750154e-13
6.512925964001628e-13
6.069604471578474e-13
5.635799206344299e-13
5.243112942295557e-13
4.919328351531601e-13
4.628233616233209e-13
4.325965148206494e-13
4.050621988899727e-13
3.822371239097152e-13
3.636019054472379e-13
3.42697085729027e-13
3.235082463511019e-13
3.040038416336228e-13
2.852034354162755e-13
2.651733303012534e-13
2.471706817302025e-13
2.289004875063141e-13
2.124189067854486e-13
1.995489855456605e-13
1.829093894951078e-13
1.701746986094138e-13
1.569571331794015e-13
1.477652804722032e-13
1.35479397772395e-13
1.244131198645136e-13
1.155277314683481e-13
1.104912956400583e-13
1.073885290593855e-13
1.018323050259226e-13
1.001433754994409e-13
9.443084534683225e-14
9.057200624978763e-14
8.598663737200012e-14
8.380759132290357e-14
8.196783199914028e-14
7.648824750863255e-14
7.095363977282922e-14
6.264165195865096e-14
5.549508523113243e-14
4.187889532099238e-14
3.276966144835789e-14
2.600499999108695e-14
2.143430744435722e-14
2.149940359970138e-14
2.21153734307433e-14
2.575905439276712e-14
3.186070919708925e-14
3.820690135960374e-14
3.997418360658635e-14
4.022940829878414e-14
3.619181339754796e-14
3.046473346223783e-14
2.744630764289194e-14
2.535240288814497e-14
2.309728821586489e-14
1.783811689090518e-14
1.506431565490784e-14
1.054349886537766e-14
7.024918770980919e-15
9.819209282667473e-15
8.902720497769456e-15
4.869681439698532e-15
1.293826596549427e-15
-3.705223470013464e-16
-1.689320386275747e-15
1.67094410207519e-15
9.30027315238868e-15
1.538183549098958e-14
1.651829513023984e-14
1.981335026914816e-14
1.699449517882134e-14
1.335978119658272e-14
7.702138100442374e-15
6.278189714716149e-15
5.24714703537349e-15
4.738592870402933e-15
9.567480262561379e-16
-8.541153727868525e-16
9.923059342531918e-17
-1.660030179913173e-15
-5.95041896026528e-18
-5.645388355204658e-16
2.397318930501764e-15
-1.377880009241576e-15
-3.846842701021827e-15
-3.654545785276696e-16
5.992578584493197e-15
8.190426317199856e-15
1.038159677543032e-14
5.734708525178676e-15
2.907234595598491e-15
5.625031381999969e-16
1.813942200406674e-15
-7.209029608793358e-16
-6.69472651557315e-17
2.52254039595112e-15
2.954882809727155e-15
9.496426138803507e-16
-2.027846969619645e-15
-4.116092462531143e-16
-2.064874881025719e-15
-1.51074407568113e-15
2.492872172132457e-15
2.269992173665937e-15
6.632438045635312e-16
1.779299450048909e-15
1.993343951311285e-15
3.335178830714918e-15
3.4643703275884e-15
1.234075059403087e-15
-2.580805658736969e-15
-2.853147810101204e-15
-7.419482286953324e-16
-2.951220590716548e-15
-2.451130565085789e-15
-3.200068724466933e-15
-1.262600030506332e-16
2.184386256660726e-15
4.422953266076489e-15
2.058924081372457e-15
-1.168936374166886e-15
7.362063978998807e-16
3.236719190923207e-15
-7.224376537335315e-18
2.3991285372751e-15
2.730821704257926e-15
4.936534523478559e-15
7.57536471816003e-15
7.897265764642307e-15
1.875295614953566e-15
-3.357062060994953e-15
-7.975590981511801e-15
-1.035341441698389e-14
-1.353203583544942e-14
-1.135206974633449e-14
-9.715668272136591e-15
-6.760684867761124e-15
-3.524672181122391e-15
4.765360939295205e-15
8.802711792632434e-15
1.442663467809196e-14
1.614039406533963e-14
1.72997481151921e-14
1.584599006817778e-14
1.203782463303518e-14
5.305415631193715e-15
-2.600332157690059e-15
-6.483132605333725e-15
