1.892424733453172e-12
2.964538778367483e-12
4.283120251770162e-12
5.956612817532857e-12
8.117975743562e-12
1.093160812599012e-11
1.460489700281851e-11
1.9398363389042e-11
2.564358193413792e-11
3.376122227392437e-11
4.428048527903399e-11
5.787121185232098e-11
7.53747321465428e-11
9.784488884263089e-11
1.265986158172119e-10
1.632791518358117e-10
2.099256339103913e-10
2.690652385413279e-10
3.438171405167787e-10
4.380242586123004e-10
5.564037623766018e-10
7.047348089464118e-10
8.900735630662712e-10
1.121017039344527e-09
1.408010355198384e-09
1.763716790237887e-09
2.203446534831073e-09
2.745675043334272e-09
3.412636859835211e-09
4.231039326877302e-09
5.232888817042609e-09
6.456462492821622e-09
7.947441778832298e-09
9.760234680906838e-09
1.195951870819485e-08
1.462202492603962e-08
1.783861857363244e-08
2.17167024406492e-08
2.63829938679597e-08
3.198673396041928e-08
3.870337777370007e-08
4.673884492966674e-08
5.633438523756281e-08
6.777215888292493e-08
8.13816100599473e-08
9.75467339307076e-08
1.167143356577269e-07
1.394034167313029e-07
1.662157832737691e-07
1.978480302962879e-07
2.351050219843783e-07
2.789150295828105e-07
3.30346694920696e-07
3.906281855377265e-07
4.611686862332639e-07
5.435824474167559e-07
6.39715641131527e-07
7.516763101126948e-07
8.818676975314347e-07
1.033025304010862e-06
1.208257987797615e-06
1.411093521053969e-06
1.645528968877219e-06
1.916086343272943e-06
2.227873972023825e-06
2.586654093424396e-06
2.998917169254443e-06
3.471963493817193e-06
4.013992674140711e-06
4.634201600340385e-06
5.342891575401208e-06
6.151585287605389e-06
7.073154369140807e-06
8.121958302900582e-06
9.31399550101976e-06
1.066706739005942e-05
1.220095640987093e-05
1.393761882471533e-05
1.59013932606484e-05
1.811922598644687e-05
2.062091396608534e-05
2.343936674666001e-05
2.661088826469827e-05
3.017547968411819e-05
3.417716438025419e-05
3.866433622773449e-05
4.369013233203528e-05
4.931283134750362e-05
5.559627853596404e-05
6.261033865376899e-05
7.043137776858495e-05
7.91427750194303e-05
8.883546528398067e-05
9.960851362509498e-05
0.0001115697222694537
0.0001248362707427638
0.0001395353896188861
0.0001558050681260877
0.0001737947956272557
0.0001936663367176323
0.0002155945393533996
0.000239768175372446
0.0002663908165016196
0.0002956817576120343
0.0003278769817228456
0.0003632301635536124
0.0004020137113453365
0.0004445198467477211
0.000491061722427184
0.0005419745768798157
0.0005976169257594069
0.0006583717888369461
0.0007246479515108541
0.0007968812595541198
0.000875535945585954
0.000961105985480262
0.001054116482667865
0.001155125078044688
0.0012647233828606
0.001383538431687805
0.001512234152210496
0.001651512848260683
0.001802116692113794
0.001964829221690954
0.002140476837890184
0.002329930296835482
0.002534106191629925
0.002753968421359379
0.002990529652015634
0.003244852757733379
0.00351805223299381
0.003811295568897651
0.004125804586376504
0.004462856718736394
0.004823786235490824
0.005209985398886157
0.005622905544027088
0.006064058072967265
0.006535015352990402
0.007037411514812372
0.00757294319781273
0.008143370252406469
0.008750516333279565
0.009396269323818717
0.01008258161099662
0.0108114702366007
0.0115850169235222
0.01240536795291216
0.01327473388489392
0.01419538911282468
0.01516967125125526
0.01619998035222729
0.01728877793745508
0.01843858584773733
0.01965198489655381
0.02093161332780303
0.0222801650735884
0.02370038780143261
0.02519508075645211
0.02676709238566887
0.02841931774752172
0.03015469570500769
0.03197620589330506
0.0338868654721851
0.03588972565130793
0.03798786799561878
0.04018440051251801
0.04248245351346567
0.04488517526572479
0.04739572742371456
0.05001728025197175
0.05275300764510801
0.05560608193974539
0.05857966854066405
0.06167692035166793
0.06490097202764865
0.06825493405698758
0.07174188667211161
0.07536487361746269
0.07912689576609119
0.08303090460609205
0.08707979560961722
0.09127640148424351
0.09562348534176961
0.1001237337766282
0.104779749880686
0.1095940462105412
0.1145690377073444
0.1197070346090403
0.1250102353475415
0.1304807194622462
0.1361204405483971
0.1419312192402232
0.147914736273567
0.154072525618984
0.160405967719198
0.1669162828504224
0.1736045246071997
0.1804715735597557
0.1875181310715368
0.1947447133110845
0.2021516454773351
0.2097390562370599
0.2175068724269301
0.2254548140028132
0.2335823892699474
0.2418888904113622
0.2503733893093918
0.2590347337123842
0.2678715437247253
0.2768822086536325
0.2860648842272239
0.2954174901730817
0.3049377082084499
0.3146229804138147
0.3244705080216291
0.3344772506304791
0.3446399258264268
0.3549550092577867
0.3654187351302284
0.3760270971535942
0.3867758499460769
0.3976605108683435
0.4086763623295933
0.4198184545256095
0.4310816086366528
0.4424604204851489
0.4539492646193804
0.4655422988619939
0.4772334692752018
0.4890165155635108
0.5008849769080715
0.5128321981954489
0.5248513366786861
0.5369353690133887
0.5490770986833567
0.5612691638046728
0.5735040452654688
0.5857740752349525
0.5980714459789668
0.610388218991841
0.6227163344291035
0.6350476207978352
0.6473738049425405
0.6596865222510755
0.6719773270677404
0.6842377032945838
0.6964590751706743
0.7086328183164392
0.7207502708998239
0.7328027447135258
0.7447815361482488
0.756677937519545
0.7684832495888134
0.7801887942761987
0.7917859253874487
0.8032660372530701
0.8146205741285666
0.8258410433529791
0.8369190294841559
0.8478462063239206
0.8586143466290033
0.8692153317341579
0.8796411622542005
0.8898839689538062
0.899936023197716
0.9097897469258855
0.9194377223577096
0.9288727015496031
0.9380876156788016
0.9470755840156981
0.9558299225673896
0.9643441523729606
0.972612007492394
0.9806274426238846
0.9883846403571687
0.9958780180522332
1.003102234308889
1.010052195062224
1.016723059252214
1.023110244084497
1.029209429876476
1.035016564456391
1.040527867149672
1.045739832311195
1.050649232430282
1.055253120807329
1.059548833769668
1.063533992459753
1.067206504164672
1.070564563219969
1.07360665149153
1.076331538407664
1.078738280576972
1.080826220966805
1.082594987674913
1.084044492302237
1.085174927909758
1.085986766602348
1.086480756714313
1.086657919624098
1.08651954620905
1.086067192934975
1.085302677628053
1.084228074905225
1.082845711286207
1.081158160000746
1.079168235495344
1.076878987691278
1.074293695970409
1.071415862911255
1.068249207790095
1.06479765985109
1.061065351389702
1.057056610636825
1.052775954476638
1.048228081013687
1.043417861984396
1.038350335050189
1.033030695965624
1.027464290651663
1.021656607189187
1.015613267735432
1.009340020402794
1.002842731089897
0.9961273752894888
0.9892000298875731
0.9820668649569241
0.9747341355813089
0.9672081737006566
0.9594953799965907
0.9516022158312858
0.9435351952464813
0.9353008770581899
0.9269058570346063
0.9183567601723869
0.9096602330819753
0.9008229364858361
0.8918515378569836
0.8827527041899401
0.8735330949238415
0.8641993550254058
0.8547581082261549
0.8452159504311083
0.8355794432960929
0.8258551079935827
0.8160494191722245
0.8061687991027816
0.7962196120249224
0.7862081586893287
0.7761406711082968
0.7660233075179884
0.7558621475461866
0.7456631875979237
0.7354323364508003
0.7251754110689583
0.714898132636372
0.7046061228032011
0.6943049001542976
0.6839998768910242
0.67369635573305
0.6633995270389611
0.6531144661371501
0.6428461308726328
0.6325993593603866
0.6223788679471334
0.6121892493790796
0.6020349711692242
0.591920374169007
0.5818496713333602
0.5718269466812883
0.561856154447845
0.551941118415559
0.5420855314234982
0.5322929550479402
0.5225668194588377
0.512910423446905
0.5033269346085735
0.4938193896871617
0.4843906950614733
0.4750436273792967
0.4657808343307103
0.4566048355552907
0.4475180236851944
0.4385226655104991
0.4296209032589114
0.4208147559846899
0.4121061210641966
0.4034967757997973
0.3949883791190792
0.386582473362981
0.3782804861575957
0.3700837323638803
0.3619934161039949
0.354010632855012
0.3461363716058758
0.3383715170724372
0.330716851964911
0.3231730593064167
0.315740724793912
0.3084203391975382
0.3012123007935998
0.2941169178255625
0.28713441099051
0.2802649159451709
0.2735084858299273
0.2668650938065847
0.2603346356030358
0.2539169320620743
0.2476117316896764
0.241418713200793
0.2353374880590684
0.2293676030065948
0.2235085425823453
0.2177597316245193
0.2121205377552091
0.2065902738446045
0.201168200449982
0.1958535282268158
0.1906454203105368
0.1855429946702629
0.1805453264321233
0.1756514501664218
0.1708603621357966
0.1661710225042766
0.1615823575091694
0.1570932615939651
0.1527025994977542
0.1484092082989565
0.1442118994137435
0.1401094605511437
0.1361006576237672
0.1321842366103687
0.1283589253687732
0.1246234353998935
0.1209764635648127
0.1174166937543974
0.1139427985089805
0.1105534405875515
0.1072472744869115
0.1040229479121178
0.1008791031981397
0.09781437868216263
0.09482741002713774
0.09191683149633331
0.08908127717909348
0.08631938216830114
0.08362978369034976
0.08101112218903152
0.07846204236287356
0.07598119415618911
0.07356723370449075
0.07121882423544289
0.0689346369267281
0.06671335172082134
0.06455365809684002
0.06245425580045212
0.06041385553331251
0.05843117960366375
0.0565049625380443
0.05463395165459084
0.05281690759887725
0.0510526048435171
0.04933983215287624
0.04767739301347481
0.04606410603121294
0.04449880529638229
0.04298034071715973
0.04150757832255203
0.04007940053579676
0.03869470641920546
0.03735241189143457
0.03605144991822759
0.03479077067794789
0.03356934170240411
0.03238614799362134
0.03124019211759521
0.03013049427614377
0.02905609235810758
0.02801604197043219
0.02700941644985004
0.02603530685602643
0.02509282194722368
0.02418108813942516
0.02329924944962315
0.02244646742393065
0.02162192105133653
0.02082480666391524
0.02005433782437252
0.01930974520151145
0.01859027643433142
0.01789519598544247
0.017223784984458
0.01657534106215001
0.01594917817590872
0.01534462642709304
0.01476103187088961
0.0141977563192928
0.01365417713779764
0.01312968703633121
0.01262369385486877
0.01213562034427402
0.01166490394283762
0.01121099654905379
0.01077336429096823
0.01035148729261854
0.009944859437904616
0.009552988132335983
0.009175394063113124
0.008811610957798453
0.008461185341962645
0.008123676296083397
0.007798655212088629
0.007485705549767715
0.007184422593397326
0.006894413208789791
0.006615295601055009
0.006346699073309592
0.006088263786584047
0.00583964052114652
0.005600490439358565
0.00537048485033152
0.005149304976515953
0.004936641722447887
0.004732195445779702
0.004535675730733914
0.004346801164058782
0.004165299113666965
0.003990905510074329
0.003823364630681205
0.003662428887050905
0.003507858615249772
0.003359421869298771
0.003216894217843022
0.003080058544130676
0.002948704849234615
0.002822630058683502
0.002701637832460392
0.002585538378451704
0.002474148269341349
0.002367290262986812
0.002264793126275972
0.002166491462523514
0.002072225542317439
0.001981841137901224
0.001895189361064935
0.001812126504544627
0.001732513886860876
0.001656217700677368
0.001583108864505659
0.001513062877950982
0.001445959680253925
0.001381683512275259
0.001320122781748542
0.001261169931879372
0.001204721313172147
0.001150677058506954
0.00109894096139084
0.001049420357384716
0.001002026008567552
0.0009566719911072595
0.0009132755858202561
0.0008717571716797176
0.0008320401222417379
0.0007940507049688671
0.0007577179833075579
0.0007229737215785847
0.0006897522925256783
0.000657990587587826
0.0006276279297319498
0.0005986059888549504
0.0005708686996740205
0.000544362182086054
0.0005190346639073051
0.0004948364059794014
0.0004717196295535406
0.0004496384459084342
0.0004285487881715556
0.0004084083452518421
0.000389176497892279
0.0003708142567271172
0.0003532842023467183
0.0003365504272741458
0.0003205784798533466
0.000305335309966963
0.0002907892165154906
0.0002769097966684534
0.0002636678968215438
0.0002510355651556426
0.0002389860058383059
0.0002274935347775019
0.0002165335368862341
0.000206082424807503
0.0001961175990936861
0.0001866174097625692
0.0001775611191958887
0.0001689288663602287
0.0001607016322800643
0.0001528612067424339
0.0001453901562285698
0.0001382717929471028
0.0001314901450360644
0.0001250299278170438
0.000118876516117568
0.0001130159176259297
0.0001074347471924604
0.0001021202021202166
9.706003836286346e-05
9.224254761527861e-05
8.765653528726386e-05
8.329129925664542e-05
7.91366095164401e-05
7.518268851649737e-05
7.142019231437129e-05
6.784019242242016e-05
6.443415837072593e-05
6.11939409480214e-05
5.811175609505711e-05
5.518016942688513e-05
5.239208137279178e-05
4.974071288544702e-05
4.721959175169011e-05
4.482253940589409e-05
4.254365829720171e-05
4.037731977153751e-05
3.831815241867433e-05
3.636103090629967e-05
3.450106526323546e-05
3.273359059716903e-05
3.105415722947464e-05
2.945852125830681e-05
2.794263549441872e-05
2.650264075620948e-05
2.513485755774084e-05
2.383577812459748e-05
2.26020587437743e-05
2.143051243094405e-05
2.031810192893476e-05
1.926193297640811e-05
1.825924787068619e-05
1.730741931119896e-05
1.640394449919513e-05
1.554643948440798e-05
1.473263375910868e-05
1.396036509807801e-05
1.322757459312631e-05
1.253230194281321e-05
1.187268088991774e-05
1.124693492491786e-05
1.065337311950994e-05
1.009038618680577e-05
9.556442681123691e-06
9.050085378531008e-06
8.569927830961081e-06
8.114651048547641e-06
7.6830003455779e-06
7.273782338340536e-06
6.885862032550329e-06
6.518160097765476e-06
6.169650224093876e-06
5.839356620201746e-06
5.526351610909324e-06
5.229753347198248e-06
4.948723631131834e-06
4.682465830742585e-06
4.430222875423173e-06
4.19127537765313e-06
3.964939813014944e-06
3.750566788652815e-06
3.547539415672166e-06
3.355271711986295e-06
3.173207118554891e-06
3.000817062940774e-06
2.837599609242082e-06
2.683078142204257e-06
2.53680014706771e-06
2.398336029772909e-06
2.267277982422819e-06
2.14323891685536e-06
2.025851439725511e-06
1.914766886601566e-06
1.809654400926559e-06
1.710200045967821e-06
1.616105972065492e-06
1.52708960545536e-06
1.442882887498723e-06
1.363231570824466e-06
1.287894514646089e-06
1.216643015088654e-06
1.149260205270891e-06
1.085540453103185e-06
1.025288781680849e-06
9.683203547150547e-07
9.144599536875487e-07
8.635414830494128e-07
8.15407516914399e-07
7.699088601455932e-07
7.269041285083874e-07
6.862593507077153e-07
6.478475836029793e-07
6.115485594535981e-07
5.772483440020892e-07
5.448390127033812e-07
5.142183377076771e-07
4.852894997904679e-07
4.57960796563721e-07
4.321453889048119e-07
4.077610666373563e-07
3.847299728766066e-07
3.629784033023063e-07
3.424365850405062e-07
3.230384638492084e-07
3.047215228926184e-07
2.874265846771886e-07
2.710976531072774e-07
2.556817378710894e-07
2.411286914357572e-07
2.273910725530232e-07
2.144239841099677e-07
2.02184963363142e-07
1.906338261770266e-07
1.797325848222795e-07
1.694452917516258e-07
1.597379575753881e-07
1.505784393730931e-07
1.419363390690353e-07
1.3378290994119e-07
1.26090981272021e-07
1.188348581326756e-07
1.119902465921775e-07
1.055341949317092e-07
9.944499622283502e-08
9.370213754227008e-08
8.828623365321823e-08
8.317897959736964e-08
7.836304664571086e-08
7.382207985227177e-08
6.954061776142731e-08
6.550405599802044e-08
6.169860253285424e-08
5.811123047510317e-08
5.472963360205556e-08
5.154218533173942e-08
4.853790125560152e-08
4.570641307710861e-08
4.303792761752785e-08
4.052319851376037e-08
3.815349826666959e-08
3.592058253233578e-08
3.381667420793059e-08
3.183441885418786e-08
2.996688899228675e-08
2.820753194537703e-08
2.655017314567026e-08
2.498898039254324e-08
2.351845455268001e-08
2.213340299996747e-08
2.082891738246238e-08
1.96003815210699e-08
1.844343136183427e-08
1.735395202499342e-08
1.632806754739098e-08
1.536210306222314e-08
1.44526097580063e-08
1.359633169621352e-08
1.27901863513411e-08
1.203128238556632e-08
1.131688409598071e-08
1.064441968152134e-08
1.001146112912268e-08
9.415719025004609e-09
8.855032069519949e-09
8.327360233808248e-09
7.83078477648219e-09
7.363499664577683e-09
6.923792382403755e-09
6.510052202882983e-09
6.120764285287743e-09
5.754500115456203e-09
5.409918560300653e-09
5.085751964599576e-09
4.780801482972012e-09
4.493942357554063e-09
4.224109640664525e-09
3.970311448113411e-09
3.731607366953088e-09
3.50710472181021e-09
3.295972471372426e-09
3.097422384427906e-09
2.910715935409187e-09
2.73515188140009e-09
2.570070269394762e-09
2.41485239155548e-09
2.268912736341617e-09
2.131708399561357e-09
2.002720362852446e-09
1.881462914838445e-09
1.767475414881457e-09
1.660332790692699e-09
1.559618264235673e-09
1.464954374269545e-09
1.375981239360565e-09
1.292360022159425e-09
1.213770181694249e-09
1.139913357735795e-09
1.070511271337148e-09
1.005299118078346e-09
9.440252105152378e-10
8.864534007762727e-10
8.323574239776976e-10
7.815371724864866e-10
7.33789970911645e-10
6.889343437622176e-10
6.467975649077091e-10
6.072146259793066e-10
5.70034856158138e-10
5.351088653444804e-10
5.023028766493203e-10
4.714950255104474e-10
4.425635346142504e-10
4.153878726578379e-10
3.898678913230592e-10
3.659003089944481e-10
3.433978822534329e-10
3.222691930256298e-10
3.024271790855794e-10
2.837964432713196e-10
2.662976694627195e-10
2.498732635043854e-10
2.344499021909947e-10
2.199705262273512e-10
2.063820584515337e-10
1.936276077291846e-10
1.816525188063927e-10
1.704182379916205e-10
1.598699199009889e-10
1.499749977817594e-10
1.406916237036789e-10
1.319775335009313e-10
1.238029191901601e-10
1.161264595398849e-10
1.089221243670833e-10
1.021590208185075e-10
9.580688248681703e-11
8.984142677046948e-11
8.42430146433534e-11
7.899025390204151e-11
7.406417649613381e-11
6.944442973007581e-11
6.511126764034464e-11
6.105260195474808e-11
5.724921203619905e-11
5.367908985770616e-11
5.033499850723558e-11
4.719829567067625e-11
4.425262103187859e-11
4.149271247808725e-11
3.890318717706788e-11
3.647287805852403e-11
3.419236723993726e-11
3.205281061540901e-11
3.004543202883707e-11
2.815863076542861e-11
2.63863871178298e-11
2.47262773264904e-11
2.316630958693334e-11
2.170478769733584e-11
2.033292087434885e-11
1.904817406866575e-11
1.784402325511351e-11
1.672127628893849e-11
1.566869218376787e-11
1.468678441337543e-11
1.376786084489298e-11
1.291110223030008e-11
1.210697401578202e-11
1.135900424040426e-11
1.065312771627329e-11
9.986154310940256e-12
9.358535244563956e-12
8.761351710572138e-12
8.200325754898771e-12
7.673892029414601e-12
7.177729040380211e-12
6.713863659504532e-12
6.276589208604697e-12
5.86957319650416e-12
5.492804531899367e-12
5.140279095332987e-12
4.817244479429773e-12
4.516592005784687e-12
4.245761156039214e-12
3.989134693961134e-12
3.750806454314448e-12
3.52118314183817e-12
3.302367754412185e-12
3.094125911370302e-12
2.89971830023202e-12
2.707357527767396e-12
2.527899787326445e-12
2.358098127570102e-12
2.198332173878706e-12
2.050702479553284e-12
1.920072742229246e-12
1.789874535214552e-12
1.674817782094251e-12
1.567672578760148e-12
1.468075516263824e-12
1.378750291817355e-12
1.297056714752339e-12
1.218003767066413e-12
1.147377312995034e-12
1.079838550269508e-12
1.012493740239245e-12
9.499878792921635e-13
8.891825226721726e-13
8.313835465759048e-13
7.774972258654074e-13
7.242266660153768e-13
6.760534036684243e-13
6.322813365297241e-13
5.870223025382783e-13
5.430460034453065e-13
5.074487499244217e-13
4.726768244914252e-13
4.401698705629664e-13
4.097889699572548e-13
3.848494244659914e-13
3.624249638572882e-13
3.413866117686673e-13
3.262685397786478e-13
3.12419797102529e-13
2.955116169930151e-13
2.779705621553142e-13
2.5836682338161e-13
2.38698568504433e-13
2.213366654188063e-13
2.045001408081737e-13
1.896889277021702e-13
1.748124448643575e-13
1.628051571034315e-13
1.549819050806747e-13
1.464231658379296e-13
1.381193267607033e-13
1.277863465887061e-13
1.176958976144974e-13
1.049668789741236e-13
9.683349423487854e-14
8.910084203003428e-14
8.438491674863269e-14
8.166335715636789e-14
8.005746503328073e-14
7.596671310562901e-14
7.426218745608481e-14
7.241418006341313e-14
6.971116693805633e-14
6.91416699930361e-14
6.541619020310749e-14
6.046577268524339e-14
4.973852009734865e-14
4.176981550278612e-14
3.500269422736645e-14
3.286165936114462e-14
2.61785977499186e-14
2.171646842053027e-14
1.850467873592111e-14
2.008621490731378e-14
2.06461097384932e-14
2.292114173514643e-14
2.401250743636722e-14
2.63018142616911e-14
3.03701896004485e-14
3.303056051195655e-14
3.202433586382522e-14
2.750702205594979e-14
2.242241299218495e-14
1.767155271346567e-14
1.272501090170649e-14
1.028541704318737e-14
9.245950882466437e-15
6.65318878915364e-15
4.3606413167441e-15
4.676872399638352e-15
1.270112065711202e-15
5.210080196066483e-16
2.698220619040295e-15
3.226363942688027e-15
5.774043391588935e-15
6.301865958040586e-15
9.912217911344401e-15
1.391603280426912e-14
1.311376247184691e-14
1.135822263081644e-14
1.326260450598982e-14
1.385636190929001e-14
8.48194572924737e-15
1.720322717703427e-15
-2.26705518840028e-16
-2.229192173074309e-15
-5.816669540517415e-16
-7.688788365095211e-16
2.058988909211336e-15
2.95266877611858e-15
2.948433517145613e-16
-3.051893445404545e-15
-4.65198444518414e-15
-7.023548008930456e-15
-1.785854960735275e-15
5.205302901038329e-16
1.657187187968849e-15
6.344673933126137e-15
1.001910125440951e-14
1.284303510326188e-14
1.194759841391776e-14
1.206540169056123e-14
9.255303628497564e-15
5.653161520186017e-15
1.980438347594491e-16
-4.895051785903241e-15
-1.219163907549391e-14
-1.383679631643257e-14
-1.796564777582259e-14
-1.444506786211694e-14
-7.499388976029427e-15
1.036619878129798e-15
8.706485600238842e-15
1.424315604839461e-14
1.748675378685639e-14
1.666375290222666e-14
1.105273661956236e-14
3.858193755060447e-15
-6.806802473296781e-16
-3.940281536783237e-15
-3.439350576634086e-15
-7.762744187674583e-15
-1.097288424314465e-14
-1.231151373774503e-14
-8.888204121343361e-15
-4.387951265861321e-15
8.648118087415122e-16
6.681168600262246e-15
4.135207190476389e-15
2.989871712615184e-15
7.069534561352767e-15
8.496972246631297e-15
7.75921937864131e-15
5.053255658149623e-15
6.206821446863828e-15
2.773497875448857e-15
-1.659742982381558e-15
-6.38497178173761e-15
-9.305982982340231e-15
-9.458311087830932e-15
-1.058931726870036e-14
-1.090559746929791e-14
-3.888435404491177e-15
1.965124517134124e-15
3.530346588821742e-15
8.767394824044943e-15
9.01692844739511e-15
8.429347649228359e-15
8.426742780694836e-15
4.17658749545913e-15
1.910866686341391e-15
4.742745742344018e-16
-4.838433021418017e-15
-4.810502739218019e-15
-6.773273126914311e-15
-3.59859786132421e-15
-4.366987633072313e-15
-1.718817180042126e-15
2.135126881414788e-15
5.890581337293419e-15
2.10085587106685e-15
3.223220482014365e-15
