1.061869173479266e-12
7.575236781761755e-13
5.595029951195904e-13
4.405897945812632e-13
3.798515774109783e-13
3.655419553921654e-13
3.93030350618907e-13
4.627972802444556e-13
5.800345949300816e-13
7.539863257832808e-13
9.992316310796338e-13
1.336047155972799e-12
1.791570714730443e-12
2.401984015678392e-12
3.213393593589105e-12
4.286214335637806e-12
5.699065715017046e-12
7.552155792574078e-12
9.971523991524294e-12
1.312066137492126e-11
1.720573311730515e-11
2.248531784910965e-11
2.92878995851369e-11
3.802375111168414e-11
4.920787523484734e-11
6.34829253352962e-11
8.164451433164518e-11
1.046863222574123e-10
1.338341876625714e-10
1.705994364052681e-10
2.168471470966003e-10
2.748609441656338e-10
3.474463002869367e-10
4.380240503304316e-10
5.507714241887052e-10
6.907635294608524e-10
8.641639408559666e-10
1.078436076525272e-09
1.342599757671404e-09
1.667529766984177e-09
2.066314235014585e-09
2.554669644481663e-09
3.151433407242198e-09
3.879136356236067e-09
4.764674953713564e-09
5.840093837046737e-09
7.143498763102601e-09
8.720112164522032e-09
1.062349920079865e-08
1.291698373344446e-08
1.56752804492314e-08
1.89863653869804e-08
2.295362737520245e-08
2.769834572476699e-08
3.336251596806292e-08
4.01120980408485e-08
4.814070738050724e-08
5.767382545582974e-08
6.897358480498195e-08
8.234420317620921e-08
9.813812889451512e-08
1.167630111313261e-07
1.386895495217999e-07
1.644603555511086e-07
1.94699925153825e-07
2.301258368099049e-07
2.715613245056025e-07
3.199493543135753e-07
3.763683709587638e-07
4.420498844548944e-07
5.1839807728655e-07
6.070116380380766e-07
7.097080376457143e-07
8.285504808997244e-07
9.658777886328311e-07
1.124337476085345e-06
1.306922332796428e-06
1.517010799353742e-06
1.758411481822385e-06
2.035412157644187e-06
2.352833657619083e-06
2.716089021946705e-06
3.13124836839868e-06
3.605109920162161e-06
4.145277678871414e-06
4.760246241013572e-06
5.459493302046514e-06
6.253580390257298e-06
7.15426242609626e-06
8.17460670010653e-06
9.329121910181845e-06
1.063389789356481e-05
1.210675672682561e-05
1.376741587047404e-05
1.563766405192341e-05
1.774155057793707e-05
2.010558877182814e-05
2.275897423020094e-05
2.573381855507109e-05
2.906539922379517e-05
3.279242619456578e-05
3.695732586750337e-05
4.160654357725041e-05
4.679086723454416e-05
5.256577212441815e-05
5.899178723005812e-05
6.613488387137084e-05
7.406688748939321e-05
8.286591338960351e-05
9.261682723497707e-05
0.0001034117310546424
0.0001153504755177931
0.0001285411991661957
0.0001431008952677876
0.0001591560068989692
0.0001768430508165881
0.0001963092705986838
0.0002177133194591382
0.0002412259730815955
0.0002670308726907884
0.0002953252984897515
0.0003263209734764166
0.0003602448975201174
0.0003973402114256978
0.0004378670905705036
0.0004821036675156437
0.0005303469828697702
0.0005829139642377201
0.0006401424344860611
0.0007023921471509149
0.0007700458470592025
0.0008435103546393065
0.0009232176721988336
0.001009626110179918
0.001103221431159856
0.001204518009055954
0.001314060000713678
0.001432422526698609
0.001560212857916841
0.001698071605756576
0.00184667392570394
0.002006730736034937
0.002178989934434514
0.002364237596037748
0.002563299155148705
0.002777040574806786
0.003006369501681554
0.003252236397737869
0.003515635644074351
0.003797606611404904
0.004099234694106583
0.004421652303168795
0.004766039811257415
0.005133626446591906
0.00552569112827356
0.005943563238983391
0.006388623329776615
0.006862303749578198
0.007366089196439955
0.007901517182195025
0.008470178406525392
0.009073717035015095
0.009713830873363692
0.01039227143555341
0.01111084389706194
0.01187140692979097
0.01267587241371153
0.01352620501727832
0.01442442164583188
0.01537259074891755
0.01637283148452675
0.01742731273622198
0.01853825197569671
0.01970791397225316
0.02093860934034785
0.02223269292495635
0.0235925620222351
0.0250206544291831
0.02651944632691013
0.02809144998923305
0.02973921131880582
0.03146530721035153
0.03327234273611381
0.03516294816153243
0.03713977578404344
0.03920549660066657
0.04136279680653921
0.04361437412092104
0.04596293395238744
0.04841118539759041
0.05096183708300828
0.05361759285470104
0.05638114731433182
0.05925518121752518
0.06224235673020202
0.06534531255577945
0.0685666589410824
0.07190897256124296
0.07537479130443442
0.07896660895282763
0.08268686977572641
0.08653796304525793
0.09052221747692307
0.09464189562066487
0.09889918819903783
0.103296208411306
0.1078349862160066
0.1125174625951304
0.1173454838288701
0.1223207957777784
0.127445038194187
0.132719739077009
0.1381463090728995
0.143726035955671
0.1494600791798671
0.1553494645325576
0.1613950788980331
0.167597665136842
0.1739578171118406
0.1804759748562575
0.1871524199102533
0.1939872708404298
0.2009804789407439
0.2081318241477872
0.2154409111629886
0.2229071658083241
0.2305298316286105
0.2383079667360418
0.2462404409301848
0.2543259330818281
0.2625629288047476
0.2709497184259341
0.2794843952477734
0.2881648541359712
0.2969887904157452
0.3059536990973556
0.3150568744381457
0.3242954098304376
0.3336661980467335
0.3431659318198152
0.3527911047754051
0.3625380127207985
0.3724027552763601
0.3823812378832549
0.392469174154865
0.4026620885745824
0.4129553195387806
0.4233440227484356
0.4338231750117793
0.4443875783813806
0.4550318645039217
0.4657504991769182
0.4765377874015821
0.4873878794735509
0.4982947775066823
0.5092523410086134
0.5202542914047793
0.5312942173137157
0.5423655825472583
0.5534617350964006
0.5645759150894353
0.5757012615444068
0.5868308193595345
0.5979575473289727
0.6090743265920811
0.6201739691211743
0.6312492262029493
0.6422927970465527
0.6532973376007623
0.6642554694893948
0.6751597890334023
0.6860028763414031
0.6967773044480536
0.7074756485230518
0.7180904950965192
0.7286144512979792
0.7390401540921623
0.7493602794769272
0.7595675516590237
0.7696547521588615
0.7796147288459888
0.7894404048893611
0.7991247875858641
0.8086609770809723
0.8180421749369698
0.8272616925562305
0.8363129594455505
0.845189531282447
0.8538850977952177
0.8623934904179983
0.8707086897325179
0.8788248326851346
0.8867362195418758
0.894437320595535
0.9019227825887967
0.9091874348654709
0.9162262952412296
0.9230345755646603
0.9296076869895281
0.935941244922189
0.9420310736521956
0.9478732106609968
0.9534639105893322
0.9587996488902969
0.9638771251332156
0.9686932659645066
0.9732452277237308
0.9775303987051749
0.9815464010982464
0.9852910925731508
0.9887625675195968
0.9919591579399435
0.9948794339886156
0.9975222041874834
0.9998865152947688
1.001971651848045
1.003777135386083
1.005302723335704
1.006548407589945
1.007514412762829
1.008201194141647
1.008609435344179
1.00874004567638
1.008594157223016
1.008173121655605
1.007478506776631
1.006512092809685
1.005275868434526
1.003772026600041
1.002002960102211
0.9999712569442943
0.9976796954902378
0.9951312394170082
0.9923290325017747
0.9892763932305921
0.9859768092445587
0.9824339316351128
0.9786515690934939
0.9746336819453014
0.9703843760634707
0.9659078966838258
0.9612086221341338
0.9562910574741571
0.9511598280689805
0.9458196730966846
0.9402754390168047
0.9345320730106733
0.9285946163903164
0.9224681979981164
0.9161580275964715
0.9096693892688097
0.9030076348422539
0.8961781773313534
0.8891864844242331
0.8820380720090806
0.8747384977584342
0.8672933547802667
0.8597082653357735
0.851988874642996
0.8441408447635056
0.8361698485887107
0.8280815639326157
0.8198816677291015
0.8115758303491741
0.8031697100350844
0.7946689474622735
0.7860791604347013
0.7774059387140999
0.7686548389980291
0.7598313800412689
0.7509410379321724
0.7419892415271003
0.7329813680361438
0.7239227387658599
0.7148186150195779
0.7056741941690272
0.6964946058988097
0.6872849086147471
0.6780500860217521
0.6687950438671666
0.6595246068536313
0.6502435157220857
0.6409564245040215
0.6316678979531982
0.6223824091446969
0.6131043372371704
0.6038379653975648
0.5945874788908749
0.585356963343858
0.5761504031700843
0.5669716801530797
0.557824572185235
0.5487127521597878
0.5396397870188431
0.5306091369490403
0.5216241547233251
0.5126880851856997
0.5038040648747104
0.4949751217876923
0.4862041752767059
0.4774940360733896
0.4688474064391177
0.4602668804346918
0.4517549443087604
0.4433139769983583
0.4349462507417297
0.4266539317990934
0.4184390812726724
0.410303656023347
0.4022495096782934
0.3942783937277115
0.3863919587063483
0.3785917554544374
0.3708792364568461
0.3632557572532888
0.3557225779176405
0.3482808646020152
0.3409316911379865
0.3336760406903903
0.3265148074611136
0.3194487984448239
0.3124787352323327
0.3056052558511893
0.2988289166378115
0.292150194140172
0.2855694870533039
0.2790871181837412
0.2727033364335801
0.2664183187990427
0.2602321723827379
0.254144936421727
0.2481565843279082
0.2422670257324105
0.2364761085293714
0.230783620918605
0.2251892934488873
0.2196928010590244
0.2142937651100977
0.2089917554057426
0.2037862921992119
0.1986768481874552
0.1936628504900152
0.1887436826093126
0.1839186863712591
0.1791871638434339
0.1745483792288895
0.1700015607341555
0.1655459024107135
0.1611805659702482
0.1569046825705459
0.1527173545700257
0.1486176572500015
0.1446046405043912
0.1406773304975613
0.1368347312876776
0.133075826413846
0.1293995804464474
0.1258049405014753
0.1222908377199739
0.1188561887102278
0.1154998969514523
0.1122208541587113
0.1090179416095188
0.1058900314326853
0.1028359878586595
0.09985466843165641
0.09694492518360413
0.09410560576932712
0.0913355545632495
0.08863361371769284
0.08599862418309644
0.08342942669053581
0.08092486269695842
0.07848377529432547
0.07610501008207261
0.07378741600273118
0.07152984614128347
0.06933115848930629
0.06719021667513723
0.06510589065981359
0.06307705739900266
0.06110260147149923
0.05918141567534175
0.05731240159253643
0.05549447012259653
0.05372654198539638
0.05200754819401851
0.05033643049842591
0.04871214180094285
0.04713364654393543
0.04559992107035145
0.04410995395786617
0.04266274632738396
0.04125731212684208
0.03989267839076074
0.03856788547639133
0.03728198727709784
0.03603405141378584
0.03482315940527529
0.03364840681816571
0.03250890339685424
0.03140377317441261
0.03033215456507668
0.02929320043911301
0.02828607818062928
0.02730996972905655
0.02636407160490717
0.02544759492058346
0.02455976537700772
0.023699823246581
0.02286702334304851
0.02206063497890813
0.02127994191098621
0.02052424227478418
0.01979284850818102
0.01908508726498341
0.0184002993189168
0.01773783945861725
0.01709707637428877
0.01647739253631913
0.01587818406644252
0.01529886060185293
0.0147388451528341
0.01419757395443051
0.01367449631257162
0.0131690744449641
0.01268078331722056
0.01220911047463732
0.01175355586996729
0.01131363168765046
0.01088886216481011
0.01047878340931278
0.01008294321532135
0.009700900876679602
0.009332226998347352
0.00897650330626242
0.008633322455795201
0.008302287839167491
0.007983013392077952
0.007675123399758122
0.00737825230269732
0.007092044502298103
0.006816154166634498
0.006550245036528631
0.006293990232146861
0.006047072060303768
0.005809181822675986
0.005580019625018971
0.005359294187563665
0.00514672265670015
0.004942030418183693
0.00474495091194002
0.00455522544856695
0.004372603027652439
0.004196840157982603
0.004027700679800124
0.003864955589170897
0.003708382864529425
0.003557767295519051
0.003412900314109181
0.003273579828136047
0.003139610057257045
0.003010801371376426
0.002886970131658045
0.002767938534070528
0.002653534455574084
0.002543591302890715
0.002437947863972551
0.002336448162123798
0.002238941312838304
0.002145281383314785
0.002055327254669226
0.001968942486887307
0.001885995186473253
0.001806357876824137
0.00172990737128363
0.001656524648899219
0.001586094732859048
0.00151850657158535
0.001453652922483024
0.00139143023832464
0.001331738556238443
0.001274481389269478
0.001219565620529289
0.001166901399841982
0.00111640204295595
0.001067983933158617
0.00102156642541727
0.0009770717528577693
0.0009344249356518045
0.000893553692250569
0.0008543883529406439
0.0008168617756445531
0.0007809092639908009
0.0007464684875594868
0.0007134794043533026
0.0006818841852586394
0.0006516271407663326
0.0006226546495880424
0.0005949150893874959
0.0005683587694060892
0.0005429378650783632
0.0005186063544895246
0.0004953199567228246
0.0004730360720001696
0.0004517137235943059
0.0004313135014875346
0.0004117975077180558
0.0003931293033721976
0.0003752738571980765
0.0003581974958253652
0.0003418678554937593
0.0003262538353090169
0.0003113255519596493
0.0002970542958607614
0.0002834124887031156
0.0002703736423463696
0.0002579123190601323
0.0002460040930337305
0.0002346255131523079
0.000223754067001735
0.0002133681460338927
0.0002034470119372244
0.0001939707640715435
0.0001849203080600285
0.0001762773253906063
0.0001680242440922786
0.0001601442103752261
0.0001526210612726257
0.0001454392982134167
0.0001385840615224077
0.0001320411057992733
0.000125796776175348
0.0001198379853899371
0.0001141521916811028
0.0001087273774918073
0.0001035520288940651
9.861511578201497e-05
9.390607277546768e-05
8.941478080037863e-05
8.513154936029e-05
8.104709944778227e-05
7.715254707080383e-05
7.343938742285157e-05
6.989947959504085e-05
6.652503189967113e-05
6.330858770182058e-05
6.024301181005644e-05
5.732147738874167e-05
5.453745333265876e-05
5.188469214024352e-05
4.935721825898408e-05
4.694931685645972e-05
4.465552302718101e-05
4.247061144774476e-05
4.038958637443964e-05
3.840767208636215e-05
3.652030366054211e-05
3.472311813755355e-05
3.301194600833445e-05
3.138280306801036e-05
2.983188255842204e-05
2.835554764539566e-05
2.695032418741104e-05
2.5612893799335e-05
2.434008719135999e-05
2.312887775214683e-05
2.197637544813973e-05
2.087982092393262e-05
1.983657984195083e-05
1.884413748440306e-05
1.790009355480474e-05
1.700215717693298e-05
1.614814215053569e-05
1.53359623482963e-05
1.456362732980995e-05
1.38292381353023e-05
1.313098326448678e-05
1.24671348034779e-05
1.183604472525659e-05
1.123614133962955e-05
1.066592590372766e-05
1.012396936462417e-05
9.608909255626104e-06
9.119446693882113e-06
8.654343537603267e-06
8.212419665248359e-06
7.792550334637646e-06
7.393663708110633e-06
7.014738432538272e-06
6.654801360009647e-06
6.312925348136401e-06
5.988227173409714e-06
5.679865516735113e-06
5.3870390499079e-06
5.108984594330103e-06
4.844975379091723e-06
4.594319366488765e-06
4.356357639881405e-06
4.130462878060664e-06
3.916037877626167e-06
3.712514167894774e-06
3.519350670951235e-06
3.336032427652605e-06
3.162069371968592e-06
2.996995168892817e-06
2.840366105821345e-06
2.691760030170616e-06
2.550775323413428e-06
2.417029949278562e-06
2.290160516889419e-06
2.169821403386064e-06
2.055683915695568e-06
1.947435475720679e-06
1.844778866811172e-06
1.747431489150305e-06
1.655124666426103e-06
1.567602988386351e-06
1.484623657619863e-06
1.405955905210805e-06
1.331380398613652e-06
1.260688693744303e-06
1.193682702526311e-06
1.130174217072793e-06
1.069984395622383e-06
1.012943338354273e-06
9.588896354307677e-07
9.076699584637156e-07
8.591386703084125e-07
8.131574472030432e-07
7.695949196705242e-07
7.283263380422558e-07
6.892332380254296e-07
6.522031405116162e-07
6.171292497847949e-07
5.839101872061257e-07
5.524497093176623e-07
5.22656458796496e-07
4.944437360949396e-07
4.677292313085301e-07
4.424348490602006e-07
4.184864655437791e-07
3.958137574122578e-07
3.74349992753829e-07
3.540318556877543e-07
3.347992839654037e-07
3.165952965383095e-07
2.993658483965628e-07
2.830596805449329e-07
2.676281699263795e-07
2.530252036815154e-07
2.392070537163413e-07
2.261322644661098e-07
2.137615195016155e-07
2.020575367993303e-07
1.909849737625021e-07
1.805103347030215e-07
1.706018555157567e-07
1.612294375603059e-07
1.523645456288701e-07
1.439801410145574e-07
1.360505956272421e-07
1.285516252237271e-07
1.214602207517666e-07
1.1475457938275e-07
1.084140431566524e-07
1.024190440299243e-07
9.675103837370695e-08
9.139247013840472e-08
8.63266896407876e-08
8.153794707025985e-08
7.701131837852616e-08
7.273266417850203e-08
6.868860635855671e-08
6.486646840871419e-08
6.125425594746911e-08
5.784060043220277e-08
5.461475082541643e-08
5.156652718011348e-08
4.868628298856614e-08
4.596489195750154e-08
4.339371677349684e-08
4.096458241048926e-08
3.866975054382033e-08
3.650189734276606e-08
3.445409690887479e-08
3.251978734730248e-08
3.069276107640951e-08
2.896715090860036e-08
2.733740064349681e-08
2.57982602182804e-08
2.434475807653808e-08
2.29721877639043e-08
2.167610779064116e-08
2.045230436112353e-08
1.929681038011245e-08
1.820585332366134e-08
1.717587679418897e-08
1.620351450903785e-08
1.52855840087652e-08
1.441907953474465e-08
1.360115113363286e-08
1.282910761459031e-08
1.210040489170233e-08
1.141264286868751e-08
1.076355146008736e-08
1.015097832471203e-08
9.572895132397507e-09
9.027384426839479e-09
8.512632892671756e-09
8.026923556967927e-09
7.568639656489899e-09
7.136253204180013e-09
6.728309781407883e-09
6.343455091720875e-09
5.98039266402198e-09
5.637902342413333e-09
5.314825372144376e-09
5.010076847972501e-09
4.722632274143343e-09
4.451511831173502e-09
4.195803731537919e-09
3.954638604272574e-09
3.727204961866794e-09
3.512722830131571e-09
3.310465509669167e-09
3.119741491928896e-09
2.939905715702683e-09
2.770336799050005e-09
2.610456471624518e-09
2.459714639552249e-09
2.317599472979634e-09
2.183619312952751e-09
2.057316289468422e-09
1.938256571409604e-09
1.826020251191145e-09
1.720227366433348e-09
1.620510829497905e-09
1.52652675288072e-09
1.437942966823964e-09
1.354454015313814e-09
1.275770413271258e-09
1.20161188983982e-09
1.131728132638271e-09
1.065871763870499e-09
1.0038144565091e-09
9.453412281426332e-10
8.902507689306391e-10
8.383423761198269e-10
7.894405103825411e-10
7.433636917799173e-10
6.999520771940358e-10
6.590632112451877e-10
6.205450024816057e-10
5.842554534983931e-10
5.500681507672234e-10
5.178653927724161e-10
4.875331058768387e-10
4.58962743877311e-10
4.320555587064252e-10
4.067074424903692e-10
3.828352608623693e-10
3.60355250213334e-10
3.391843324027145e-10
3.192517482917129e-10
3.004815697723948e-10
2.828093769543635e-10
2.661756396504092e-10
2.505109419330131e-10
2.357634074734876e-10
2.218746422870088e-10
2.087942844460484e-10
1.964768064359113e-10
1.848796553624519e-10
1.739554856318322e-10
1.636727250777574e-10
1.539937864279707e-10
1.44885975680498e-10
1.3631501095296e-10
1.282508409518263e-10
1.206574047133393e-10
1.135164955008311e-10
1.068009940479236e-10
1.004819783360583e-10
9.453444855683652e-11
8.893255052696766e-11
8.365581622259037e-11
7.868928047072425e-11
7.401199108161996e-11
6.961062379218838e-11
6.546676356764254e-11
6.156661265831855e-11
5.789728329543212e-11
5.444669578543115e-11
5.120191918337547e-11
4.815646283700154e-11
4.528672106338512e-11
4.259130357626418e-11
4.005420483082324e-11
3.766995728865366e-11
3.542593328352333e-11
3.331603147726191e-11
3.13320538905637e-11
2.945808880720289e-11
2.769888847958438e-11
2.604134587990164e-11
2.448213813885987e-11
2.301366286304234e-11
2.163293767168561e-11
2.033687855609094e-11
1.91167976374683e-11
1.797227256191607e-11
1.689080016602536e-11
1.587753551293672e-11
1.492307658153388e-11
1.40289302332802e-11
1.318631014353984e-11
1.239495523483987e-11
1.165298560066571e-11
1.095254831060179e-11
1.029789370869722e-11
9.679951604024072e-12
9.099700271866764e-12
8.553569354713927e-12
8.043189419845659e-12
7.562274788905305e-12
7.109988809240566e-12
6.68182121149895e-12
6.273996605588875e-12
5.886939000776825e-12
5.527168275410324e-12
5.189835577968043e-12
4.872414889454781e-12
4.576137128851094e-12
4.298558169081284e-12
4.040906775960712e-12
3.800958840027995e-12
3.577274763175451e-12
3.369248353688078e-12
3.167418987678572e-12
2.977577747975805e-12
2.798841170150415e-12
2.625029581583652e-12
2.461745186097343e-12
2.308735764140414e-12
2.167768077179189e-12
2.036054999519424e-12
1.918296955362379e-12
1.803740171840402e-12
1.696774432137046e-12
1.593682144958649e-12
1.495230576441617e-12
1.399410168089676e-12
1.312915913030247e-12
1.230345485087697e-12
1.154989547637318e-12
1.083578062575635e-12
1.01591430416246e-12
9.54939715968486e-13
8.998639659171686e-13
8.495155088604494e-13
7.998121409236404e-13
7.509964666804891e-13
7.075449643494307e-13
6.655909180525731e-13
6.257239266756102e-13
5.859348581064419e-13
5.475561389910251e-13
5.126966296133881e-13
4.81151184275905e-13
4.546671469291336e-13
4.26876493272977e-13
4.024763228040926e-13
3.782376353687634e-13
3.551125084871684e-13
3.322419468579997e-13
3.076405909460984e-13
2.845076422864335e-13
2.597265046102138e-13
2.396680488659851e-13
2.256742351662606e-13
2.177652949302441e-13
2.106480333360692e-13
2.012068245577268e-13
1.928337751675346e-13
1.859713474060791e-13
1.821969708397371e-13
1.729305407353259e-13
1.596574786229986e-13
1.465772598322744e-13
1.292200150763699e-13
1.156810482523998e-13
1.062151991954997e-13
1.015030396836883e-13
9.331700095777801e-14
8.455740725801294e-14
7.892617388680519e-14
7.080425577897212e-14
6.8646540918487e-14
6.392026190099273e-14
6.143311143255227e-14
6.105010767243336e-14
6.491148517475303e-14
6.609187375400975e-14
6.71417369241357e-14
6.628106584575656e-14
5.762065578504354e-14
5.066955085733572e-14
4.136223716828798e-14
3.322694401652928e-14
2.91520084367385e-14
2.815774708655011e-14
2.599337625171416e-14
2.711656732395764e-14
2.697092898902663e-14
2.146312193929883e-14
1.809013499347195e-14
1.755323478941503e-14
1.974766290918937e-14
2.060262280333056e-14
2.357257579819447e-14
2.649768905632011e-14
2.686271514240483e-14
2.572594702148393e-14
1.86191328028982e-14
1.582593668858496e-14
7.267181803386335e-15
1.643596553544918e-15
2.290234846430887e-16
-8.923802434901515e-16
2.083740727889574e-15
8.39401842726617e-15
1.471997848570511e-14
1.773213208130171e-14
1.661905462340685e-14
1.633017296316477e-14
1.361472727064566e-14
1.264145055252804e-14
1.208462651056614e-14
8.938444315569772e-15
3.281767231868711e-15
1.19949565983335e-15
-2.158969807808987e-15
-5.461280720662956e-15
-7.899070449630567e-15
-8.956613078828183e-15
-5.588710108892965e-15
1.246110890276219e-15
4.812534334176299e-15
7.036075219439225e-15
6.838605412243405e-15
8.430837998496482e-15
7.243635440373123e-15
1.080562578190939e-14
1.080525324277411e-14
1.065802595839742e-14
9.563746984103078e-15
5.610950948137694e-15
2.459503347955615e-15
2.03906046741788e-15
-3.322005427319191e-15
-5.609390185115748e-15
-5.584025051709815e-15
-3.989005899085985e-15
-4.528407773368641e-15
-7.312361291334456e-15
-9.009479079426481e-15
-6.474519618740988e-15
-4.09772373083679e-15
-2.338686262413159e-15
2.342081262024448e-15
3.908968475546289e-15
7.540950594769211e-15
1.136278001728277e-14
1.333897149258171e-14
