-2.968050224177262e-12
-1.938516474856407e-12
-1.183994046535103e-12
-5.849191190326762e-13
-7.026750290519326e-14
4.18387725586708e-13
9.326389937445256e-13
1.522339050038847e-12
2.240446418240869e-12
3.147381180196044e-12
4.315525926372025e-12
5.835142324520113e-12
7.818426184518751e-12
1.040818043447094e-11
1.378520509445127e-11
1.817855358766174e-11
2.38780534377135e-11
3.124895832492449e-11
4.075337434978182e-11
5.296724509424246e-11
6.861458793204097e-11
8.859640376315617e-11
1.140366167057583e-10
1.463256707246859e-10
1.871848043972322e-10
2.387388987261988e-10
3.036013119272611e-10
3.849771118253697e-10
4.867919895510984e-10
6.138392639208153e-10
7.719565301564938e-10
9.682395093443151e-10
1.211289477951251e-09
1.511513206501148e-09
1.881472197445338e-09
2.336297002313748e-09
2.894174807865354e-09
3.576919175869025e-09
4.410645892847639e-09
5.42655340245977e-09
6.661843247821749e-09
8.160788406101754e-09
9.975979442135255e-09
1.216976373325974e-08
1.481592591573032e-08
1.800161700630198e-08
2.182958829503203e-08
2.642075592236034e-08
3.191715011166429e-08
3.848528735976922e-08
4.632002212480672e-08
5.564893442315806e-08
6.673731642220579e-08
7.989386758920309e-08
9.547716508867633e-08
1.139030024926864e-07
1.35652686465097e-07
1.612824138538426e-07
1.914338425956806e-07
2.268459890901906e-07
2.683686041697558e-07
3.169771772092546e-07
3.737897398830368e-07
4.400856669085484e-07
5.173266616676841e-07
6.071801570428384e-07
7.115453674636783e-07
8.325822350012173e-07
9.727435702080915e-07
1.13481066045574e-06
1.321932679588439e-06
1.537670236314983e-06
1.786043431858774e-06
2.071584814550694e-06
2.399397653406931e-06
2.77521998118757e-06
3.205494874983813e-06
3.697447484296805e-06
4.259169314863144e-06
4.89971034719434e-06
5.629179584054352e-06
6.458854639464145e-06
7.401301042375346e-06
8.47050192965767e-06
9.681998844743359e-06
1.105304438828196e-05
1.260276749340052e-05
1.435235212503886e-05
1.632523020859575e-05
1.854728965493987e-05
2.104709830071389e-05
2.385614466226858e-05
2.700909634324985e-05
3.054407697637292e-05
3.450296254303616e-05
3.893169790404255e-05
4.388063432534574e-05
4.940488875797025e-05
5.556472553748802e-05
6.242596110515016e-05
7.006039225292176e-05
7.854624835606694e-05
8.796866929202445e-05
9.842021364323816e-05
0.0001100013962463262
0.0001228212548293076
0.000136997946432829
0.0001526593743237301
0.0001699438460727531
0.000189000763393463
0.0002099913442690272
0.0002330893778351754
0.0002584820123745645
0.000286370576694699
0.0003169714350502113
0.0003505168756646761
0.0003872560327473757
0.0004274558417995139
0.0004714020278133472
0.0005194001258208338
0.0005717765330615406
0.0006288795918307992
0.0006910807018637098
0.0007587754608779748
0.000832384831635446
0.0009123563336293951
0.0009991652573081711
0.001093315899879339
0.001195342824426508
0.001305812137604006
0.001425322781885448
0.001554507839136235
0.001694035842040495
0.001844612089565045
0.002006979962293825
0.002181922233073462
0.002370262367993011
0.00257286581232879
0.002790641255789557
0.003024541873564652
0.003275566561624808
0.003544761169440648
0.003833219700199207
0.004142085450351139
0.004472552094088222
0.004825864721489987
0.005203320827337587
0.005606271237248143
0.00603612096495084
0.006494329993118199
0.006982413974610143
0.007501944848357312
0.008054551360739102
0.008641919489418398
0.009265792759877737
0.009927972450710049
0.01063031768179181
0.01137474537618836
0.01216323009421297
0.01299780372920298
0.01388055506207863
0.01481362916944544
0.0157992266762666
0.0168396028535081
0.01793706655030012
0.01909397895945434
0.02031275221251595
0.0215958477959487
0.02294577479165478
0.0243650879318491
0.02585638546971113
0.02742230686401811
0.02906553027064674
0.03078876984798745
0.03259477286704054
0.03448631663053069
0.03646620520178478
0.03853726593824695
0.04070234584138438
0.04296430771474657
0.04532602613808231
0.04779038326125318
0.05036026441480002
0.05303855355356955
0.055828128526678
0.05873185618631847
0.06175258734246131
0.06489315156182511
0.0681563518321168
0.07154495908638681
0.07506170660455151
0.07870928430234454
0.08249033290767954
0.0864074380504937
0.0904631242617004
0.09465984890196881
0.09899999603333906
0.1034858702353029
0.1081196903965844
0.1129035834780273
0.1178395782699646
0.1229295991590159
0.1281754599073831
0.1335788574806114
0.1391413659180419
0.1448644302714115
0.1507493606277355
0.1567973262190338
0.1630093496573174
0.1693863012877881
0.1759288936879444
0.1826376763289198
0.1895130303997246
0.196555163834597
0.2037641065336186
0.2111397058052162
0.218681622045861
0.2263893246539242
0.2342620882167982
0.2422989889589525
0.2504989014808741
0.2588604958022898
0.2673822347012329
0.2760623713866566
0.2848989474878642
0.2938897913893141
0.3030325169209859
0.3123245223912837
0.3217629899990228
0.3313448856015846
0.3410669588633037
0.3509257437901139
0.3609175596341671
0.3710385122045863
0.3812844955536784
0.391651194058088
0.4021340848961942
0.4127284409001606
0.4234293338151663
0.4342316379293723
0.4451300340894747
0.4561190140985381
0.4671928854720727
0.4783457765870647
0.4895716421756078
0.5008642691596678
0.5122172828186988
0.5236241532878252
0.5350782024572844
0.546572611171283
0.5581004265705783
0.5696545695680093
0.5812278428070893
0.592812939756557
0.6044024541881821
0.6159888883557265
0.6275646597657744
0.6391221087332295
0.6506535090848169
0.6621510798806248
0.6736069957295823
0.6850133955037423
0.6963623911900356
0.7076460778119958
0.7188565437061573
0.7299858806816168
0.7410261940109379
0.7519696124104656
0.7628082981066416
0.7735344568808725
0.7841403480565449
0.7946182944078637
0.8049606919677127
0.8151600197626065
0.8252088494135191
0.8350998546014838
0.8448258203812236
0.8543796523055566
0.8637543853817963
0.8729431928075729
0.8819393944915852
0.8907364653452106
0.8993280433075896
0.9077079371243181
0.9158701338340957
0.9238088059766116
0.9315183185110053
0.9389932354061351
0.9462283259217307
0.9532185705423675
0.9599591665835068
0.9664455334624393
0.9726733175991059
0.9786383969682693
0.9843368852699348
0.9897651357374589
0.9949197445802079
0.9997975540354995
1.00439565505898
1.00871138962065
1.012742352622093
1.016486393435619
1.019941617051178
1.023106384866359
1.025979315088547
1.028559282762355
1.030845419426592
1.032837112397084
1.034534003716505
1.035935988741937
1.03704321438409
1.037856077005849
1.038375219977032
1.038601530922429
1.038536138644686
1.038180409749181
1.037535944980581
1.036604575261858
1.035388357467826
1.033889569922575
1.032110707646795
1.030054477367059
1.027723792286238
1.025121766652439
1.02225171011382
1.019117121882293
1.015721684719008
1.012069258743803
1.008163875104582
1.004009729496428
0.999611175550005
0.9949727181026671
0.9900990063599361
0.9849948269850134
0.9796650971045151
0.9741148572476893
0.968349264231864
0.9623735840001894
0.9561931844428008
0.9498135281956865
0.9432401654409126
0.9364787267196418
0.9295349157549291
0.9224145023063561
0.9151233150570126
0.907667234558093
0.9000521862410898
0.8922841334935984
0.8843690708191149
0.8763130170789909
0.8681220088359278
0.8598020938072578
0.851359324426007
0.8427997515286068
0.8341294181652095
0.8253543535476436
0.8164805671413273
0.8075140428990598
0.7984607336525976
0.7893265556571565
0.7801173833019633
0.7708390439910754
0.7614973131898969
0.7520979096495782
0.7426464908035663
0.7331486483442573
0.7236099039818314
0.7140357053834692
0.7044314223036929
0.6948023428981983
0.6851536702290383
0.6754905189612229
0.6658179122417357
0.6561407787635659
0.646463950012366
0.6367921577056196
0.6271300314228259
0.6174820964158314
0.6078527716017915
0.5982463677323343
0.5886670857400234
0.579119015260091
0.569606133323988
0.5601323032313406
0.5507012735869472
0.5413166774968292
0.5319820319201244
0.5227007371769624
0.5134760766178099
0.5043112164408319
0.4952092056522648
0.4861729761657027
0.4772053430358365
0.4683090048272547
0.4594865441090656
0.4507404280721005
0.4420730092642088
0.4334865264382104
0.4249831055126074
0.4165647606355806
0.4082333953484112
0.3999908038436539
0.3918386723118485
0.3837785803746395
0.3758120025974789
0.367940310080867
0.3601647721251387
0.3524865579605701
0.3449067385394639
0.3374262883845583
0.3300460874912307
0.3227669232792382
0.3155894925885603
0.3085144037177247
0.3015421784980519
0.2946732544015254
0.2879079866782341
0.28124665051653
0.2746894432218318
0.2682364864115279
0.2618878282273456
0.2556434455612918
0.2495032462864503
0.2434670714878782
0.2375346976926502
0.2317058391008621
0.2259801498144001
0.2203572260558641
0.2148366083736163
0.2094177838324168
0.2041001881914498
0.1988832080670901
0.1937661830738872
0.1887484079403473
0.1838291345993499
0.1790075742548867
0.1742828994231206
0.1696542459428917
0.1651207149534646
0.160681374838976
0.1563352631401235
0.1520813884318252
0.1479187321644894
0.1438462504686215
0.1398628759209524
0.1359675192711133
0.1321590711282312
0.1284364036073609
0.1247983719364983
0.1212438160222602
0.1177715619731976
0.1143804235805216
0.1110692037566848
0.1078366959327239
0.1046816854130223
0.1016029506865798
0.09859926469503247
0.09566939605844546
0.09281211026034243
0.09002617079070215
0.08731034024646198
0.08466338138992155
0.08208405816590436
0.07957113667859933
0.07712338612806671
0.07473957970716945
0.0724184954593963
0.07015891709769813
0.06795963478499717
0.06581944587699323
0.06373715562791817
0.06171157786002546
0.05974153559760417
0.05782586166680232
0.05596339926134247
0.05415300247439087
0.05239353679744235
0.05068387958745112
0.04902292050351159
0.04740956191326604
0.0458427192696162
0.04432132145854378
0.04284431111916648
0.04141064493709927
0.04001929391163211
0.03866924359741764
0.03735949432147827
0.03608906137645434
0.03485697519111043
0.03366228147866814
0.03250404136374298
0.03138133148866817
0.03029324410004245
0.02923888711637479
0.02821738417746882
0.02722787467628356
0.0262695137740765
0.02534147239948937
0.02444293723252723
0.02357311067392645
0.02273121080062372
0.02191647130800877
0.02112814143961407
0.02036548590495376
0.01962778478611848
0.01891433343366522
0.01822444235252027
0.01755743707841876
0.01691265804561116
0.01628946044630197
0.01568721408230656
0.01510530320950874
0.01454312637558628
0.01400009625154606
0.01347563945755454
0.01296919638348961
0.01248022100463815
0.0120081806930417
0.01155255602495693
0.01111284058477096
0.01068854076569083
0.01027917556762297
0.00988427639264227
0.009503386838443935
0.00913606249004985
0.008781870710073688
0.008440390427826783
0.008111211927565141
0.007793936636179472
0.007488176910593058
0.007193555825062003
0.006909706958689692
0.006636274183318072
0.006372911452091604
0.006119282588842033
0.005875061078477883
0.005639929858552185
0.005413581112182365
0.005195716062506332
0.004986044768824551
0.00478428592448099
0.004590166656770945
0.004403422328825766
0.004223796343724781
0.004051039950833123
0.003884912054559
0.003725179025546604
0.003571614514419226
0.003423999268110062
0.003282120948825661
0.003145773955791605
0.00301475924979968
0.002888884180534861
0.002767962316799323
0.002651813279605886
0.002540262578225944
0.002433141449199115
0.002330286698293596
0.002231540545491665
0.002136750472966172
0.002045769076033736
0.001958453917125513
0.001874667382766914
0.001794276543530383
0.00171715301703823
0.001643172833854491
0.001572216306397807
0.001504167900783678
0.001438916111581088
0.001376353339491949
0.001316375771872667
0.001258883266118214
0.001203779235841311
0.001150970539865259
0.001100367373978699
0.001051883165371203
0.001005434469789201
0.0009609408712903741
0.0009183248846522296
0.0008775118603201622
0.0008384298919047953
0.0008010097261460037
0.0007651846753267239
0.0007308905320992801
0.0006980654866619218
0.0006666500462686661
0.0006365869569980432
0.0006078211277715849
0.0005802995565346435
0.0005539712585883329
0.000528787197013409
0.0005047002151536924
0.0004816649711157624
0.0004596378742379589
0.0004385770234536446
0.0004184421475734136
0.0003991945473631034
0.0003807970394176328
0.0003632139018158147
0.0003464108214716938
0.0003303548431099979
0.0003150143199240498
0.0003003588657635326
0.0002863593089189331
0.0002729876473624883
0.0002602170054724782
0.0002480215921845119
0.0002363766604972119
0.0002252584683734063
0.0002146442409340384
0.0002045121338855649
0.0001948411982717599
0.0001856113463336713
0.0001768033186232346
0.0001683986521880814
0.0001603796498962706
0.0001527293508260694
0.0001454315016768349
0.000138470529209206
0.0001318315136328363
0.0001255001629772011
0.0001194627883554576
0.0001137062801227587
0.0001082180848978487
0.0001029861834147
9.799906919652073e-05
9.324572799055126e-05
8.871561797152904e-05
8.439865068437217e-05
8.028517268957147e-05
7.636594787163674e-05
7.263214044982639e-05
6.907529859942399e-05
6.568733871167588e-05
6.24605302324924e-05
5.938748109462762e-05
5.646112369777198e-05
5.367470144297236e-05
5.102175576312499e-05
4.849611368385981e-05
4.609187583541841e-05
4.38034049647214e-05
4.162531488568184e-05
3.955245985485757e-05
3.757992438465082e-05
3.57030134471364e-05
3.391724306922598e-05
3.221833129743191e-05
3.060218955716603e-05
2.906491432064873e-05
2.760277913293702e-05
2.621222694952058e-05
2.488986279881971e-05
2.363244672957423e-05
2.243688706190094e-05
2.130023390133719e-05
2.021967293205635e-05
1.919251944584669e-05
1.821621265198894e-05
1.728831019692818e-05
1.640648292787087e-05
1.55685098568348e-05
1.477227336996078e-05
1.401575458791214e-05
1.329702898649734e-05
1.261426214034568e-05
1.196570568341749e-05
1.134969345030234e-05
1.076463774498974e-05
1.020902580770002e-05
9.681416399466222e-06
9.180436565851486e-06
8.704778523447742e-06
8.253196681887794e-06
7.824504798785682e-06
7.417573261999383e-06
7.031326472702345e-06
6.664740376503295e-06
6.316840071564233e-06
5.98669755669123e-06
5.673429514661669e-06
5.376195274470553e-06
5.094194800993418e-06
4.826666825705364e-06
4.572887004115344e-06
4.332166201493194e-06
4.103848843118264e-06
3.887311327338291e-06
3.681960524686916e-06
3.487232337848442e-06
3.30259031888388e-06
3.127524368489811e-06
2.961549491139439e-06
2.80420456862581e-06
2.655051249036856e-06
2.513672848465933e-06
2.379673317808769e-06
2.252676258530887e-06
2.132323958128677e-06
2.018276520326024e-06
1.910210970286583e-06
1.807820466023522e-06
1.710813502463953e-06
1.618913172547909e-06
1.531856454373361e-06
1.449393539402828e-06
1.371287185036739e-06
1.297312088292963e-06
1.227254329809408e-06
1.160910788950615e-06
1.098088628418846e-06
1.03860479178207e-06
9.822855090021014e-07
9.289658419280221e-07
8.784892546496641e-07
8.307071851814757e-07
7.854786613983052e-07
7.42669923169823e-07
7.021540477725385e-07
6.638106262178235e-07
6.275254234675653e-07
5.931900865698682e-07
5.607018410628733e-07
5.299632018444935e-07
5.00881732331293e-07
4.733697615234689e-07
4.47344164694488e-07
4.227261250139766e-07
3.994409155084057e-07
3.774176957578624e-07
3.565893092358614e-07
3.368921075437676e-07
3.182657534395036e-07
3.006530680016842e-07
2.839998631540932e-07
2.68254775499044e-07
2.533691599127251e-07
2.392969105235508e-07
2.259943468008834e-07
2.134200921002808e-07
2.015349538093942e-07
1.903017955348106e-07
1.796854519329934e-07
1.696526299079924e-07
1.60171778736808e-07
1.51213039586747e-07
1.42748125618153e-07
1.347502624766439e-07
1.271940883011809e-07
1.20055611240186e-07
1.133121017149329e-07
1.069420519232048e-07
1.009251024118211e-07
9.52419958246959e-08
8.987449086103521e-08
8.480533387065298e-08
8.001820197529791e-08
7.549763693808091e-08
7.122902479195617e-08
6.719853223526504e-08
6.339307422799131e-08
5.980027227740161e-08
5.640841867056847e-08
5.320643744497352e-08
5.01838539174309e-08
4.733076755542298e-08
4.46378133376137e-08
4.209612585321848e-08
3.969732905142938e-08
3.74335062406254e-08
3.529717042782947e-08
3.32812405239646e-08
3.137902193866364e-08
2.958418570408317e-08
2.789075710632534e-08
2.629308236881548e-08
2.478582862227855e-08
2.336394917923145e-08
2.202266505293571e-08
2.075747372726086e-08
1.956410891234511e-08
1.843855092202056e-08
1.737699421002884e-08
1.637585084114047e-08
1.543172411827286e-08
1.454140709882511e-08
1.370187064685088e-08
1.291025523054765e-08
1.21638583843425e-08
1.146012967063211e-08
1.079666307756182e-08
1.01711856169184e-08
9.581549447194032e-09
9.025726469703261e-09
8.50179483352345e-09
8.00795366385747e-09
7.542494936237431e-09
7.103800823044087e-09
6.690355610638424e-09
6.300720753014239e-09
5.933540309200824e-09
5.587533344836422e-09
5.261492036677109e-09
4.954276089555071e-09
4.664817094950697e-09
4.392096442430756e-09
4.135166332237677e-09
3.893113011509485e-09
3.665096366602618e-09
3.450303671266207e-09
3.247972300752867e-09
3.057388050060734e-09
2.877875744462042e-09
2.708801181728855e-09
2.54955871687788e-09
2.399590220383236e-09
2.258356044732519e-09
2.125361406713236e-09
2.000129378354438e-09
1.882207176529539e-09
1.771176427452663e-09
1.666635726406498e-09
1.568208118592334e-09
1.475538017434485e-09
1.388297261204239e-09
1.306168332089819e-09
1.228852748621638e-09
1.156073238855315e-09
1.087560685335711e-09
1.023073487377383e-09
9.623722906756886e-10
9.052416719133882e-10
8.514802323496496e-10
8.008783016364583e-10
7.532595985230331e-10
7.084508606084669e-10
6.662901193002068e-10
6.266211228182188e-10
5.892922782914542e-10
5.541668743678915e-10
5.21119278791925e-10
4.900210287308045e-10
4.607647027417713e-10
4.332409034622233e-10
4.073457327006538e-10
3.829850568486423e-10
3.600741199029484e-10
3.385192913796648e-10
3.182458034009296e-10
2.991766684248635e-10
2.812427784373322e-10
2.643733891822474e-10
2.485102506084968e-10
2.335923982807003e-10
2.195614357604047e-10
2.063703832412964e-10
1.939652494121549e-10
1.823023981288792e-10
1.71333969714795e-10
1.610182738736877e-10
1.513181814342651e-10
1.421987756854596e-10
1.336268527105479e-10
1.255677326353304e-10
1.179921541224507e-10
1.108668149721166e-10
1.041700334093697e-10
9.787660643948564e-11
9.195927927406231e-11
8.63971903862915e-11
8.116954782890879e-11
7.625440248399636e-11
7.163600365052837e-11
6.729736042453178e-11
6.321841392222053e-11
5.93830646961903e-11
5.578205098797787e-11
5.239643855939582e-11
4.921445917180018e-11
4.622737911815724e-11
4.342163857401384e-11
4.0786272146095e-11
3.830473140592874e-11
3.597480965589752e-11
3.378383570363401e-11
3.172253746182126e-11
2.978792670967871e-11
2.797194022658282e-11
2.626334685626207e-11
2.466242821176021e-11
2.315919406688937e-11
2.174681824241191e-11
2.042270737224561e-11
1.91735417952775e-11
1.799838159013481e-11
1.6900134074239e-11
1.586873231858861e-11
1.490214953997583e-11
1.399255568831068e-11
1.313663859677102e-11
1.233181299364213e-11
1.157197103697087e-11
1.086156412922879e-11
1.019135701768115e-11
9.566104022988182e-12
8.978313749028317e-12
8.424553360310221e-12
7.904973622083367e-12
7.41812936780683e-12
6.964153164253309e-12
6.541813832990451e-12
6.144412096089481e-12
5.770504131746631e-12
5.420023029041128e-12
5.084020105744454e-12
4.768410566216657e-12
4.473284733818633e-12
4.194781442791439e-12
3.934941073035638e-12
3.6921311833525e-12
3.462258428294944e-12
3.243999200055543e-12
3.041969129343118e-12
2.85503273014561e-12
2.681291150466156e-12
2.517735558257441e-12
2.365262397497532e-12
2.220917962030982e-12
2.08641970991001e-12
1.954934588530628e-12
1.8327357140145e-12
1.71667628725563e-12
1.609075614815862e-12
1.510573375256244e-12
1.41766007197923e-12
1.332765025355527e-12
1.251218049533188e-12
1.175177190126739e-12
1.103960836400963e-12
1.034962614957891e-12
9.694540116172347e-13
9.023374188145798e-13
8.424974043159331e-13
7.885927528386213e-13
7.370492967235391e-13
6.938798957836802e-13
6.51805305196559e-13
6.122535125304473e-13
5.765687412854261e-13
5.415814717078421e-13
5.11485298845272e-13
4.819964460057481e-13
4.581782792660156e-13
4.288166479639295e-13
4.000852817876244e-13
3.716519894948539e-13
3.489308128307627e-13
3.267282988016233e-13
3.065970680493479e-13
2.852551158999583e-13
2.663807564656244e-13
2.424398297008966e-13
2.199071786427076e-13
2.057200176700932e-13
1.94032093489141e-13
1.852054523876636e-13
1.789594440520682e-13
1.730712778416401e-13
1.662635702660299e-13
1.597855015070973e-13
1.506689576319904e-13
1.397480914368324e-13
1.305724853427805e-13
1.194044487557682e-13
1.12710059999941e-13
1.064914833848568e-13
9.472362805785432e-14
8.725696803618427e-14
7.963806713462062e-14
6.94030603620983e-14
6.340860406033625e-14
6.049642175664472e-14
6.081383047284184e-14
5.829814212078653e-14
5.470809434215765e-14
5.282141320590328e-14
5.119187134451451e-14
4.559889060413775e-14
4.423949690258088e-14
4.026952668991289e-14
3.776225677304718e-14
3.898338375042774e-14
4.043932483511438e-14
3.86080507918662e-14
3.813135025585949e-14
3.755843673650407e-14
3.526583982770591e-14
3.34676003757407e-14
2.65775548638318e-14
2.157097412219927e-14
1.015436655945182e-14
-9.163478121893582e-16
-7.650843607143939e-15
-7.127700574871042e-15
-3.261385010656271e-15
6.260483036951015e-15
1.789859303511129e-14
2.525919575536422e-14
2.83901121377925e-14
2.876515993896621e-14
2.959411450739786e-14
2.754538694742209e-14
2.474625341802744e-14
1.746278334566358e-14
8.067593575916932e-15
-4.80625619441619e-16
-3.153443486871449e-15
-6.738637343196859e-15
-5.766829938041806e-15
-4.644113208193581e-15
-3.24492848971269e-15
-3.802090934580403e-15
-5.996906963274772e-15
-4.969187808969649e-16
4.864477792429031e-15
4.007372492550841e-15
5.651678281218736e-15
9.297503277960255e-15
1.503469912536738e-14
1.708201739233741e-14
1.740124190246465e-14
1.745695027925463e-14
1.370440207307434e-14
9.822983383002657e-15
2.232543453619888e-15
1.921488488551835e-15
-5.434497634488235e-15
-7.701262374563263e-15
-1.403218961437336e-14
-2.150915642312915e-14
-2.070743080997495e-14
-1.219846948604747e-14
-6.265549448576903e-15
2.088736870776613e-15
6.482238171516835e-15
8.474432646454622e-15
1.330675234863797e-14
1.659362725642966e-14
1.801972920241301e-14
1.52636460314212e-14
1.175365297055848e-14
6.568979489573658e-15
5.623946985937407e-15
4.187387129297664e-15
-1.649727190090108e-15
-6.751214268248672e-15
-1.022459895515575e-14
-1.413375152394271e-14
-1.531925259973939e-14
-1.601666127808378e-14
-1.594043740173618e-14
-1.494208554712366e-14
-7.999808481044872e-15
1.221493792785424e-15
6.585317886268414e-15
1.330587893859985e-14
1.948013415018593e-14
2.560648144381097e-14
2.40693677935564e-14
1.89995919572095e-14
1.335807078161777e-14
4.050938296144448e-15
-4.877872589576734e-15
-1.134784815813352e-14
-1.676239909822181e-14
