-6.517994533054034e-13
1.907804527373928e-14
6.68465896077192e-13
1.359565929385788e-12
2.161722853391982e-12
3.146722917494402e-12
4.396945487072546e-12
6.011870317611597e-12
8.115068162321503e-12
1.08614201777162e-11
1.444751253404949e-11
1.912229211305163e-11
2.520116245214285e-11
3.308351618924516e-11
4.327274565730282e-11
5.640128200624518e-11
7.32661538731366e-11
9.485831384469115e-11
1.22417994742337e-10
1.574852135767561e-10
2.019673986354798e-10
2.582235727093146e-10
3.29159102755129e-10
4.1834812797084e-10
5.301657763580511e-10
6.699668806351785e-10
8.442783337844183e-10
1.061042276060718e-09
1.329897077475971e-09
1.662512037247211e-09
2.072982471846816e-09
2.578300678496382e-09
3.198900514097634e-09
3.959305229053892e-09
4.888884378938597e-09
6.022741173303622e-09
7.402746259186306e-09
9.078747389100547e-09
1.1109972980722e-08
1.356666689008865e-08
1.65319834260353e-08
2.010417711563024e-08
2.439913711114862e-08
2.955330504354499e-08
3.57270339556503e-08
4.310844274198452e-08
5.191782919392902e-08
6.241271349700361e-08
7.489358819407319e-08
8.971044702552227e-08
1.072701902602622e-07
1.280449969721173e-07
1.525817736096878e-07
1.815128811521234e-07
2.155682436761954e-07
2.555889863038829e-07
3.0254276108838e-07
3.575409467938196e-07
4.218579142500249e-07
4.969525704347674e-07
5.844924220512736e-07
6.863803890596137e-07
8.04784658156437e-07
9.421718547219668e-07
1.101343853313309e-06
1.285478553280175e-06
1.498174994758573e-06
1.743503190168051e-06
2.026059093777372e-06
2.35102514124524e-06
2.724236842969827e-06
3.152255922509194e-06
3.642450540080759e-06
4.203083165709915e-06
4.843406698767557e-06
5.573769477280832e-06
6.405729830605985e-06
7.352180893483513e-06
8.427486369202282e-06
9.647628038165581e-06
1.103036581458305e-05
1.259541119027822e-05
1.436461494234503e-05
1.636216999050457e-05
1.861483034785973e-05
2.115214712047588e-05
2.400672251289133e-05
2.7214482857877e-05
3.081497166519036e-05
3.485166369294244e-05
3.937230107316096e-05
4.442925245622204e-05
5.007989617921865e-05
5.638702837597175e-05
6.341929691976271e-05
7.125166202519173e-05
7.99658842313395e-05
8.9651040396674e-05
0.0001004040681885241
0.0001123303393948384
0.0001255442621939052
0.0001401699124783871
0.0001563416964842937
0.0001742050521297248
0.000193917186427872
0.0002156478476473811
0.0002395801325694484
0.0002659113292409667
0.0002948537954944063
0.0003266358734474954
0.0003615028400333552
0.0003997178934838777
0.000441563175586046
0.0004873408293183887
0.0005373740913635881
0.0005920084187675434
0.0006516126488641628
0.0007165801913402598
0.0007873302511260697
0.0008643090805210459
0.0009479912587491828
0.001038880996821769
0.001137513465326191
0.001244456142417483
0.001360310178971081
0.001485711777494295
0.001621333581190185
0.001767886071475531
0.001926118976708919
0.002096822684364231
0.002280829650266731
0.002479015799890391
0.002692301916499534
0.002921655010474644
0.003168089663766974
0.003432669342937859
0.003716507673786293
0.004020769670066524
0.004346672908566847
0.004695488646354142
0.005068542910157179
0.005467217563715702
0.005892951307719218
0.006347240570599072
0.006831640301002721
0.007347764677432833
0.007897287732404739
0.008481943872802662
0.009103528289385885
0.009763897246395764
0.01046496824910499
0.01120872008331226
0.01199719271580375
0.01283248705422362
0.01371676455479657
0.01465224667522368
0.01564121416727086
0.01668600619890141
0.01778901930705743
0.01895270616931178
0.02017957419368563
0.02147218392269615
0.02283314724226948
0.02426512539996606
0.02577082682117873
0.02735300472555508
0.02901445454203245
0.03075801111436455
0.03258654570567303
0.03450296279167271
0.03651019664856066
0.03861120773687807
0.04080897887511813
0.04310651121684626
0.04550682002203467
0.04801293023238788
0.05062787185526157
0.05335467515247933
0.05619636565380838
0.05915595898681308
0.06223645553721232
0.06544083494779161
0.06877205045436909
0.0722330230839829
0.07582663570848629
0.07955572697293244
0.08342308511036946
0.08743144164266903
0.09158346499752085
0.09588175403593037
0.1003288315144335
0.1049271374966734
0.1096790227149941
0.1145867419173081
0.1196524471935015
0.1248781813088747
0.1302658710613744
0.1358173206641831
0.1415342051938517
0.1474180640967037
0.1534702947826887
0.1596921463244403
0.1660847132634699
0.1726489295680106
0.1793855627322593
0.1862952080471977
0.1933782830605782
0.2006350222259797
0.2080654717866356
0.2156694848809586
0.2234467169010237
0.2313966211204093
0.2395184445875175
0.2478112243305984
0.2562737838567968
0.2649047299761384
0.2737024499642068
0.2826651090540086
0.2917906483002841
0.3010767827947865
0.3105210002638197
0.3201205600584221
0.3298724925203156
0.3397735987639092
0.3498204508471364
0.3600093923597363
0.3703365394348409
0.38079778216114
0.3913887864337343
0.4021049962088979
0.4129416361854902
0.4238937149135757
0.4349560283039662
0.4461231635757947
0.457389503598675
0.4687492316465141
0.4801963365581675
0.4917246182730689
0.5033276937746183
0.5149990033919708
0.5267318174722793
0.5385192434139116
0.5503542330268414
0.5622295902561425
0.5741379792064241
0.5860719324587218
0.5980238596655675
0.6099860564177259
0.6219507134607232
0.6339099261382121
0.6458557038782917
0.6577799797088283
0.6696746202052265
0.6815314366175818
0.6933421962989498
0.7050986325011034
0.7167924524294679
0.7284153460801133
0.7399589985447562
0.7514151033245293
0.762775373890259
0.7740315532863636
0.7851754237638751
0.7961988174945591
0.8070936275502363
0.8178518186153642
0.8284654373781198
0.8389266227803656
0.849227616236611
0.8593607717031554
0.8693185655595073
0.8790936062820518
0.8886786438879336
0.8980665791835035
0.9072504727527357
0.9162235536882818
0.9249792280505627
0.9335110870179526
0.9418129147557539
0.9498786959506411
0.9577026230214181
0.9652791029952992
0.9726027640141561
0.9796684614974722
0.9864712839177632
0.9930065582081858
0.9992698547958844
1.005256992225033
1.010964041395294
1.016387329380835
1.021523442855681
1.0263692311237
1.030921808721221
1.03517855762096
1.039137129007762
1.042795444652351
1.046151697885465
1.049204354151074
1.051952151175039
1.054394098720186
1.056529477949376
1.058357840402829
1.059879006579984
1.061093064167943
1.062000365889208
1.062601526987182
1.062897422358971
1.062889183335848
1.062578194158936
1.061966088123677
1.06105474341196
1.059846278623764
1.058343048009137
1.056547636441986
1.054462854120611
1.052091731025812
1.049437511149853
1.046503646489654
1.043293790839706
1.039811793376788
1.036061692065003
1.032047706895679
1.027774232963516
1.023245833418302
1.018467232281273
1.013443307150776
1.008179081811448
1.002679718750197
0.9969505116159912
0.9909968776138872
0.984824349853584
0.9784385696661811
0.9718452788970782
0.9650503122123256
0.9580595894066271
0.9508791077299809
0.9435149342449078
0.9359731982201361
0.9282600835901479
0.9203818214745818
0.9123446827793721
0.9041549708898671
0.8958190144517916
0.8873431602602494
0.8787337662558041
0.8699971946507565
0.8611398051933893
0.852167948564759
0.8430879599259223
0.8339061526118956
0.8246288119890273
0.8152621894816451
0.8058124967640081
0.7962859001331904
0.7866885150573693
0.7770264009109958
0.7673055559008551
0.7575319121786965
0.7477113311530381
0.7378495989931969
0.7279524223355585
0.7180254241935085
0.70807414006431
0.6981040142420026
0.6881203963284573
0.6781285379474444
0.6681335896615365
0.6581405980873797
0.6481545032170968
0.6381801359363409
0.6282222157437432
0.6182853486695764
0.6083740253829474
0.598492619487664
0.5886453860024178
0.5788364600319359
0.5690698556257194
0.5593494648121244
0.5496790568080132
0.540062277396158
0.5305026484693527
0.5210035677374171
0.511568308592142
0.5022000201341582
0.4929017273480047
0.483676331418095
0.4745266101813006
0.465455218714462
0.4564646900602161
0.4475574360776244
0.4387357484116928
0.4300017995766954
0.4213576441481081
0.4128052200623987
0.4043463500152858
0.3959827429543966
0.3877159956614371
0.3795475944179001
0.3714789167535866
0.3635112332685336
0.3556457095242928
0.3478834079995543
0.3402252901040581
0.3326722182482138
0.3252249579618311
0.3178841800605623
0.3106504628551356
0.3035242943958258
0.2965060747488077
0.2895961182992245
0.2827946560784264
0.2761018381114559
0.2695177357799165
0.2630423441985955
0.2566755846001086
0.2504173067255278
0.2442672912174049
0.2382252520094013
0.2322908387090243
0.2264636389714273
0.2207431808654754
0.2151289352288739
0.2096203180051437
0.2042166925586278
0.1989173719669302
0.1937216212925651
0.1886286598313179
0.1836376633312901
0.1787477661794895
0.1739580635558886
0.1692676135567993
0.1646754392856605
0.1601805309062431
0.1557818476557729
0.1514783198182627
0.1472688506599325
0.1431523183253854
0.1391275776909968
0.1351934621741816
0.131348785498471
0.1275923434154498
0.1239229153828125
0.1203392661972326
0.1168401475821434
0.1134242997295909
0.110090452795721
0.1068373283499731
0.1036636407783288
0.1005680986417766
0.09754940598883793
0.09460626362189031
0.09173737031753629
0.08894142400188207
0.08621712288192435
0.08356316653242089
0.08097825693801855
0.07846109949124988
0.07601040394772249
0.07362488534007598
0.07130326485017535
0.06904427063957067
0.06684663863900106
0.06470911329804165
0.06263044829602614
0.06060940721464494
0.05864476417323178
0.05673530442745011
0.05487982493192673
0.05307713486768934
0.051326056135223
0.04962542381409372
0.04797408659002297
0.04637090715041341
0.04481476254964709
0.04330454454452209
0.04183915990034101
0.04041753066863521
0.03903859443777904
0.03770130455770633
0.0364046303392638
0.03514755722878558
0.03392908695886553
0.03274823767632463
0.0316040440485354
0.03049555734865301
0.02942184552054102
0.02838199322416022
0.02737510186244161
0.02640028959042751
0.0254566913074633
0.0245434586331333
0.02365975986769557
0.02280477993779579
0.02197772032833406
0.02117779900104374
0.02040425030053753
0.01965632484844397
0.01893328942641223
0.01823442684867842
0.01755903582473723
0.01690643081274248
0.01627594186421986
0.01566691446069509
0.01507870934285069
0.01451070233270685
0.0139622841493448
0.01343286021872885
0.01292185047811055
0.01242868917558335
0.01195282466520297
0.01149371919805521
0.01105084870977329
0.01062370260483149
0.01021178353815417
0.009814607194289018
0.009431702064536406
0.009062609222432207
0.008706882097887536
0.008364086250363214
0.008033799141323157
0.00771560990627632
0.007409119126615082
0.007113938601617831
0.006829691120861967
0.006556010237279235
0.006292540040990964
0.006038934934214753
0.005794859407399352
0.005559987816821998
0.00533400416373658
0.005116601875356164
0.004907483587716165
0.004706360930640386
0.004512954314920823
0.00432699272182108
0.004148213495051673
0.003976362135243278
0.003811192097100541
0.003652464589279631
0.003499948377074615
0.003353419587969568
0.003212661520204071
0.003077464454280748
0.002947625467549824
0.002822948251926291
0.002703242934710564
0.002588325902634969
0.002478019629075145
0.002372152504480877
0.002270558670037613
0.002173077854571963
0.002079555214746
0.001989841178467628
0.001903791291602645
0.001821266067840391
0.001742130841890088
0.001666255625831857
0.001593514968723394
0.00152378781939189
0.001456957392336066
0.001392911036842776
0.001331540109117644
0.001272739847582765
0.001216409251165345
0.001162450960628651
0.0011107711428764
0.001061279378176301
0.001013888550313598
0.0009685147395665088
0.000925077118547003
0.0008834978507614803
0.0008437019919496213
0.0008056173940664216
0.000769174611924372
0.000734306812445771
0.0007009496864330374
0.000669041362857072
0.0006385223255683422
0.000609335332450649
0.0005814253369035601
0.0005547394116221322
0.0005292266746773334
0.0005048382177628607
0.000481527036633565
0.000459247963634855
0.000437957602302952
0.0004176142640190325
0.0003981779065777294
0.0003796100747308229
0.0003618738425718131
0.0003449337577694719
0.0003287557875842429
0.0003133072666142364
0.0002985568462649202
0.0002844744458486717
0.0002710312052943289
0.0002581994394306344
0.0002459525938024064
0.0002342652019304461
0.0002231128440652365
0.0002124721073045452
0.0002023205470826077
0.0001926366499849937
0.0001833997978500606
0.0001745902331139563
0.0001661890253692549
0.0001581780390936095
0.0001505399025224626
0.0001432579776278033
0.0001363163311765314
0.0001296997068006707
0.0001233934981060292
0.0001173837227407455
0.0001116569974150223
0.0001062005138241009
0.0001010020154808851
9.604977536591826e-05
9.133257445539827e-05
8.68396810121408e-05
8.256083066997914e-05
7.848620726917691e-05
7.460642440331684e-05
7.091250768271434e-05
6.739587767919236e-05
6.40483335025668e-05
6.086203702636053e-05
5.782949771156056e-05
5.494355803577926e-05
5.219737947793035e-05
4.958442905090415e-05
4.709846637757256e-05
4.473353125573208e-05
4.248393172332912e-05
4.034423260756047e-05
3.830924451275617e-05
3.637401327481672e-05
3.453380981294533e-05
3.278412040950995e-05
3.112063737679306e-05
2.9539250101044e-05
2.803603645487306e-05
2.660725456712773e-05
2.524933490837818e-05
2.395887274191406e-05
2.27326208423958e-05
2.156748255145634e-05
2.046050510218301e-05
1.940887323674527e-05
1.84099030760285e-05
1.746103625974796e-05
1.655983433122335e-05
1.570397335710896e-05
1.489123876700839e-05
1.411952044373492e-05
1.338680797509602e-05
1.269118616167771e-05
1.203083066184039e-05
1.140400389129269e-05
1.080905104385943e-05
1.024439630164285e-05
9.708539223971285e-06
9.20005127125068e-06
8.717572499032811e-06
8.25980839147644e-06
7.82552681998411e-06
7.413555174376291e-06
7.022777576796376e-06
6.652132246264315e-06
6.300608977618873e-06
5.967246694819257e-06
5.651131196798538e-06
5.3513929181683e-06
5.067204833913891e-06
4.797780460919524e-06
4.542371930834969e-06
4.300268155073131e-06
4.070793101615006e-06
3.8533040914465e-06
3.647190233613233e-06
3.451870898923787e-06
3.266794262859154e-06
3.091435935019381e-06
2.925297639865554e-06
2.76790594750046e-06
2.618811088323143e-06
2.477585787870008e-06
2.343824198718684e-06
2.217140849529824e-06
2.097169648362285e-06
1.983562948524236e-06
1.875990642998619e-06
1.774139310247326e-06
1.677711383921535e-06
1.586424383630246e-06
1.500010181191497e-06
1.418214270940962e-06
1.340795117530161e-06
1.26752351096527e-06
1.198181957233505e-06
1.132564076002198e-06
1.070474076098137e-06
1.011726209610079e-06
9.561442808049707e-07
9.03561156863704e-07
8.538183304928093e-07
8.067654694035526e-07
7.622600235837089e-07
7.20166823302062e-07
6.803577022180976e-07
6.427111560174738e-07
6.07111997543747e-07
5.73451036186176e-07
5.416247779430295e-07
5.115351294119112e-07
4.830891313283796e-07
4.561986963847505e-07
4.307803497034765e-07
4.067550043076093e-07
3.840477314461482e-07
3.625875475418872e-07
3.423072140679738e-07
3.231430388383211e-07
3.05034698014755e-07
2.879250680394376e-07
2.717600423177289e-07
2.564883962407805e-07
2.42061620349091e-07
2.284337911988723e-07
2.155614328310568e-07
2.03403379744938e-07
1.919206855025845e-07
1.81076462927217e-07
1.708358132284455e-07
1.611657062889181e-07
1.520348845077641e-07
1.43413767420265e-07
1.352743734243261e-07
1.275902216417802e-07
1.203362705919712e-07
1.13488823078675e-07
1.07025461838751e-07
1.009249893530496e-07
9.516734845732188e-08
8.97335806486672e-08
8.460574846966462e-08
7.976689900193737e-08
7.520099698790779e-08
7.089288467274855e-08
6.682822494042316e-08
6.299347054788451e-08
5.937581290308412e-08
5.596314780164581e-08
5.274403434272942e-08
4.970765543029614e-08
4.684379076439769e-08
4.414278003829355e-08
4.159549616336229e-08
3.919331265056036e-08
3.692808388763381e-08
3.479211634192053e-08
3.277813615428101e-08
3.087927653268897e-08
2.908905426530914e-08
2.740132993111994e-08
2.581032445702745e-08
2.431056581787291e-08
2.289689014176298e-08
2.156442516457235e-08
2.030857346163518e-08
1.912498110204067e-08
1.800954900908127e-08
1.695840856168907e-08
1.596789551330572e-08
1.503456048145201e-08
1.415514636857996e-08
1.332658230736521e-08
1.254596234223673e-08
1.181054356473688e-08
1.111775080275894e-08
1.046514065168125e-08
9.850413886068877e-09
9.27139796718399e-09
8.726037332432625e-09
8.212396115828361e-09
7.728656974088413e-09
7.273102745283047e-09
6.844109756344935e-09
6.440154083364109e-09
6.059782448570217e-09
5.701637053932573e-09
5.364436492328905e-09
5.046972917983195e-09
4.748102603190809e-09
4.466744357352091e-09
4.201890400120074e-09
3.952576504317372e-09
3.717908108353389e-09
3.497030462461413e-09
3.28914369102501e-09
3.093497221470503e-09
2.90937193725137e-09
2.736093586032161e-09
2.573031972881973e-09
2.419594923871155e-09
2.275217510375124e-09
2.139371234267021e-09
2.011558151155738e-09
1.891307977308592e-09
1.778174179076586e-09
1.671746569094599e-09
1.571627476744453e-09
1.477450786750524e-09
1.388872442512954e-09
1.305552864098374e-09
1.227189149640481e-09
1.153487538117323e-09
1.084174091196045e-09
1.018986116397439e-09
9.576806148453696e-10
9.000315357180345e-10
8.458180655421673e-10
7.948394844367795e-10
7.469053041905516e-10
7.018347450947891e-10
6.594617689933857e-10
6.196273473693272e-10
5.821785684754606e-10
5.469754575372964e-10
5.138861901971538e-10
4.827800118357887e-10
4.535409148827334e-10
4.260585980448633e-10
4.002284802987285e-10
3.759565593046671e-10
3.531443219582162e-10
3.317039773997388e-10
3.115556963618757e-10
2.926185630080507e-10
2.74821944198123e-10
2.580989771934548e-10
2.423801571563915e-10
2.276113185703035e-10
2.137320366985306e-10
2.006934172113618e-10
1.884441356321679e-10
1.76941252176257e-10
1.661388939976552e-10
1.559926496990758e-10
1.464605340433853e-10
1.37511408080396e-10
1.291029513931336e-10
1.212037434933215e-10
1.13787029199178e-10
1.06818532009759e-10
1.002746086842166e-10
9.41252612239828e-11
8.834995514632392e-11
8.292464721055965e-11
7.782906335898486e-11
7.304085205943533e-11
6.854286810018362e-11
6.43194931820407e-11
6.035314010451176e-11
5.663305002984438e-11
5.314917955241867e-11
4.988274438099075e-11
4.681445081834135e-11
4.393672089943882e-11
4.123740723255311e-11
3.870201672487105e-11
3.631427968817344e-11
3.407331484854196e-11
3.196424138676248e-11
2.998076728102853e-11
2.81213282485291e-11
2.637644981002454e-11
2.473444642207784e-11
2.319692257625142e-11
2.175980582539274e-11
2.041173084247032e-11
1.915069755753869e-11
1.796416153390256e-11
1.685165773672637e-11
1.580896009401948e-11
1.48288779202337e-11
1.391141326206112e-11
1.304968310856897e-11
1.224230447132296e-11
1.148363061196237e-11
1.076742587632591e-11
1.009741009485302e-11
9.464060130671603e-12
8.867800245934957e-12
8.310834247088638e-12
7.792250707136388e-12
7.304985940845853e-12
6.85267711571014e-12
6.427609732107199e-12
6.027400887585318e-12
5.647610398473247e-12
5.291843383030763e-12
4.95825486470513e-12
4.653071833817942e-12
4.366045157096346e-12
4.096419770363275e-12
3.841873222234e-12
3.600270301164087e-12
3.376815969218654e-12
3.162134406887675e-12
2.968070379557212e-12
2.778447238567367e-12
2.603667922583351e-12
2.439904719039809e-12
2.285446446610726e-12
2.136153578211792e-12
2.001781189420514e-12
1.872765258000278e-12
1.756338990712713e-12
1.644948247323353e-12
1.543564061374362e-12
1.448570861902647e-12
1.360017742379066e-12
1.278112616046974e-12
1.202486870591205e-12
1.126503465182949e-12
1.053196026986142e-12
9.861810289405177e-13
9.228568511322586e-13
8.667335573602458e-13
8.099699410068375e-13
7.55129886432012e-13
7.063118974549423e-13
6.583205982958998e-13
6.189038888579407e-13
5.776519936952924e-13
5.398319968213401e-13
5.024226642026533e-13
4.736267709849993e-13
4.448970752878524e-13
4.206755668865565e-13
3.998792303315116e-13
3.788515708877152e-13
3.575482049098148e-13
3.338137142121881e-13
3.110559852116046e-13
2.87120126050246e-13
2.662046187233515e-13
2.46187572981602e-13
2.284590175007447e-13
2.094805318472432e-13
1.942288918630758e-13
1.799051110903509e-13
1.726659247941893e-13
1.627636113629543e-13
1.605712885844628e-13
1.530477945106674e-13
1.441068673292612e-13
1.340453257870897e-13
1.297333838832766e-13
1.218585290482829e-13
1.135049231334835e-13
1.062822190548451e-13
9.45288216085807e-14
8.195106937608469e-14
7.410619075937386e-14
6.660548809662991e-14
6.132368556088678e-14
5.9119009761055e-14
5.838393203701319e-14
5.802025569217165e-14
5.685884800873485e-14
5.60833485258484e-14
5.212450053564487e-14
4.839608149239377e-14
4.470901655407099e-14
4.044532193658571e-14
3.770260419447757e-14
4.073846279251386e-14
4.079663530484666e-14
3.672185044333447e-14
3.464629533543177e-14
2.384428016502274e-14
1.728222586704791e-14
1.183204201169855e-14
6.79721321957594e-15
1.089311941728785e-14
1.208487861573647e-14
1.764054324578244e-14
1.915232176252638e-14
2.306859416392193e-14
2.586694239317491e-14
2.138741637179053e-14
1.771699055574144e-14
1.221501764541661e-14
1.137428902551622e-14
1.043357542018025e-14
1.082574482547094e-14
1.070251106098859e-14
1.062283017892932e-14
1.187836215028106e-14
9.083900999390989e-15
3.99007818617395e-15
-2.490113548099281e-15
-3.141635341714611e-15
-4.770729719374424e-15
-4.003011167267299e-15
-1.476774054097318e-15
5.156479953118417e-15
1.048916282761217e-14
1.213452652697409e-14
1.349006365876111e-14
1.593098709615729e-14
1.844685625677728e-14
1.461225318066409e-14
5.512983575752102e-15
5.266892761557446e-16
-5.04131433555576e-15
-8.72280488330412e-15
-1.218455950039525e-14
-7.733368297985871e-15
-4.845631304624443e-15
-1.546084478529447e-15
1.904703725130646e-15
6.668441159324334e-16
-5.004840958840916e-16
4.427352926348275e-15
1.126658446963919e-14
1.368190434752329e-14
9.151009320756269e-15
7.614331955243579e-15
7.325039440234696e-15
5.526348148792531e-15
-1.512485534672031e-17
-7.774754698551141e-15
-1.111822856455795e-14
-1.076008817927473e-14
-8.725358713595327e-15
-3.440800788845896e-19
5.639510100678233e-15
4.563572025820739e-15
6.01664249712045e-15
3.33570508699002e-15
1.159613129140985e-15
-3.217288998387069e-15
-6.068539730264978e-15
-3.858196337912869e-15
-1.201842507104107e-15
6.530629929602359e-15
7.195686351831529e-15
4.592057862131006e-15
4.395440834773319e-15
3.480258988051567e-15
4.643254297621679e-15
6.168023363290218e-15
1.176270311380729e-15
-3.345416523218815e-15
-8.371783171924458e-15
-1.11643467780224e-14
-9.64729140786713e-15
-6.602973315594708e-15
-2.271902029843814e-15
1.115860213237354e-15
5.274751399230682e-15
2.478725285306015e-15
5.875814865199696e-15
5.119908947204007e-15
3.094553072994419e-15
2.03038002807586e-15
1.86903889214442e-15
1.434745623081693e-15
3.623332286911919e-15
3.87045871876907e-15
-6.866424179746212e-16
3.309121866241703e-16
-1.805841043976858e-15
