9.456399491472805e-12
8.475596876116324e-12
8.417667965847019e-12
9.233600194463997e-12
1.094633028293153e-11
1.366300383829735e-11
1.757774667947628e-11
2.297772011502865e-11
3.025749314258655e-11
3.993930171039272e-11
5.270276401423015e-11
6.942268020214153e-11
9.121445498107243e-11
1.194946323618319e-10
1.56051892295616e-10
2.031368970919317e-10
2.6357318182804e-10
3.408854106677306e-10
4.394670091060072e-10
5.647708750244275e-10
7.235472151118052e-10
9.241279941216331e-10
1.176765797604154e-09
1.494045566637483e-09
1.891369381766332e-09
2.38754169341696e-09
3.005460584195661e-09
3.772941468878883e-09
4.723687789507687e-09
5.898446257528998e-09
7.346360870585656e-09
9.12657302812857e-09
1.13100980148098e-08
1.398202498668423e-08
1.724409532000906e-08
2.121771038235827e-08
2.604743875273533e-08
3.190510093872348e-08
3.899451002906549e-08
4.755696566892203e-08
5.787762124821346e-08
7.029282342173287e-08
8.519857391804161e-08
1.030602717111835e-07
1.244238763553802e-07
1.499287019043695e-07
1.803220253627586e-07
2.164757371730455e-07
2.594052654485548e-07
3.102910232188121e-07
3.705026524579737e-07
4.416263420853503e-07
5.254955959153593e-07
6.242260414214433e-07
7.402546303226871e-07
8.763836483795684e-07
1.035830027989163e-06
1.22228051089861e-06
1.439953248566027e-06
1.693666470686485e-06
1.988914912398734e-06
2.331954726948111e-06
2.729897677664073e-06
3.190815455087237e-06
3.723855016759417e-06
4.33936591876398e-06
5.049040665319599e-06
5.866069173512742e-06
6.805308500273861e-06
7.883469088327378e-06
9.119318796218419e-06
1.053390612127637e-05
1.215080404511731e-05
1.399637603042314e-05
1.6100065766455e-05
1.849471235164201e-05
2.121689264265483e-05
2.430729258572211e-05
2.781110931368408e-05
3.177848598455349e-05
3.626498139237703e-05
4.133207639953441e-05
4.704771930379286e-05
5.348691227262425e-05
6.073234102794703e-05
6.887504995051167e-05
7.801516480733884e-05
8.826266525541189e-05
9.973820926513696e-05
0.0001125740115160453
0.00012691477775937
0.0001429186969858373
0.0001607584931009254
0.0001806225376099977
0.0002027160245385093
0.0002272622085525328
0.0002545037068451609
0.00028470386494171
0.0003181481860699539
0.0003551458231368699
0.0003960311317303992
0.000441165282305362
0.000490937936521879
0.0005457690086664545
0.0006061105012959515
0.0006724484083402375
0.0007453046841611064
0.0008252392770748567
0.0009128522255058546
0.001008785814506217
0.001113726789961229
0.001228408627305016
0.001353613851114254
0.001490176401412472
0.001638984041981435
0.001800980805397921
0.001977169468939108
0.002168614054829599
0.002376442347692105
0.002601848421318136
0.002846095166208035
0.003110516808515419
0.003396521410266752
0.003705593339892668
0.004039295701211413
0.004399272708165149
0.004787251992109608
0.00520504683440193
0.005654558330114497
0.006137777457886337
0.006656787035229665
0.007213763543167198
0.007810978803659966
0.00845080149246381
0.009135698469197861
0.009868235905518243
0.01065108019138884
0.01148699859856593
0.0123788596802898
0.01332963339677416
0.01434239105360078
0.01542030507022319
0.01656664845125218
0.01778479384599429
0.01907821223158563
0.02045047126782773
0.02190523332069285
0.02344625310845765
0.02507737495677548
0.02680252964428064
0.02862573083997108
0.03055107112361251
0.03258271756749594
0.03472490688438887
0.03698194011995139
0.03935817689283772
0.04185802917870394
0.04448595462254078
0.04724644939476214
0.05014404057255645
0.05318327805841698
0.05636872603970571
0.05970495397949191
0.06319652716596817
0.06684799680679032
0.07066388969105568
0.07464869743188036
0.07880686528631346
0.08314278059288445
0.08766076081878142
0.09236504125114452
0.0972597623551779
0.102348956803034
0.1076365362283206
0.1131262777029368
0.1188218099812884
0.1247265995437718
0.1308439364510005
0.1371769200781762
0.1437284447296291
0.1505011851885993
0.1574975822420307
0.1647198281966804
0.1721698524670005
0.1798493072374359
0.1877595532644099
0.195901645863696
0.2042763210999309
0.2128839822662302
0.2217246866566472
0.2307981327034402
0.2401036475274329
0.2496401749163855
0.2594062638249729
0.2694000573942171
0.2796192825633335
0.2900612403205549
0.3007227966040206
0.3116003739489745
0.3226899438695163
0.3339870200430897
0.3454866523383288
0.3571834216907901
0.3690714359219999
0.3811443264761111
0.3933952461346233
0.4058168677399406
0.4184013839194469
0.4311405078965338
0.4440254753488971
0.4570470473660104
0.4701955145238467
0.4834607020517543
0.4968319761668865
0.5102982515188776
0.523847999784826
0.537469259417197
0.5511496464995644
0.5648763667679445
0.5786362287254473
0.5924156578804231
0.6062007120946716
0.6199770979749476
0.6337301883487955
0.6474450407355546
0.6611064168280104
0.674698802955073
0.6882064314423204
0.7016133028981756
0.7149032093186809
0.7280597580082977
0.7410663962720655
0.7539064367867
0.7665630836697148
0.7790194591229079
0.7912586306329592
0.8032636386726507
0.8150175248005327
0.8265033601666328
0.8377042742928453
0.8486034841009004
0.8591843231242057
0.8694302708016025
0.8793249818638142
0.8888523156663605
0.8979963654110075
0.906741487189898
0.9150723287986686
0.9229738583933044
0.9304313927587561
0.937430624879491
0.9439576507665309
0.9499989960954831
0.9555416436608546
0.960573060298893
0.9650812205520114
0.969054627036502
0.9724823310495023
0.9753539569247203
0.9776597265893266
0.9793904806172494
0.9805376956411922
0.9810935007873485
0.9810506944324899
0.9804027601704967
0.9791438813020299
0.9772689537880106
0.9747735978930584
0.9716541686455327
0.967907764968142
0.9635322374367293
0.9585261946505207
0.9528890081970853
0.9466208162598486
0.9397225258086348
0.9321958133913356
0.9240431245280162
0.9152676716892018
0.9058734309083439
0.8958651369988778
0.8852482774134558
0.8740290847631567
0.8622145279940444
0.8498123022790703
0.8368308176196203
0.82327918621147
0.8091672086071452
0.7945053586844288
0.7793047674848685
0.7635772059375404
0.7473350665339956
0.7305913439983021
0.713359614975744
0.6956540168104348
0.6774892254406599
0.6588804324816279
0.6398433215479795
0.6203940438546152
0.6005491931719452
0.5803257801707817
0.5597412062243221
0.5388132367247054
0.5175599739634789
0.4959998296526175
0.4741514971256408
0.4520339232830482
0.4296662803405768
0.4070679374346269
0.3842584321577544
0.3612574420648164
0.3380847562095507
0.3147602467671525
0.2913038407939696
0.2677354921868975
0.2440751538856751
0.2203427503739684
0.1965581505277901
0.1727411408543942
0.1489113991726899
0.1250884687755493
0.1012917331196592
0.07754039108361584
0.05385343283176864
0.0302496163232056
0.006747444498263356
-0.01663485682349762
-0.03987936030329607
-0.06296845767224567
-0.08588487952363608
-0.1086117142837153
-0.1311324263387165
-0.1534308732980829
-0.1754913223752927
-0.1972984658744475
-0.2188374357665453
-0.2400938173446776
-0.2610536619490708
-0.2817034987533976
-0.3020303456123006
-0.3220217189631461
-0.3416656427848493
-0.3609506566155951
-0.3798658226280353
-0.398400731770558
-0.4165455089776218
-0.4342908174637141
-0.4516278621122782
-0.4685483919655218
-0.4850447018339063
-0.5011096330350631
-0.516736573284055
-0.531919455753461
-0.546652757316941
-0.5609314960033154
-0.5747512276760072
-0.5881080419656273
-0.6009985574795761
-0.6134199163077274
-0.6253697778567626
-0.6368463120320487
-0.6478481918001249
-0.6583745851593993
-0.6684251465401575
-0.6780000076691944
-0.6870997679202083
-0.6957254841830911
-0.7038786602811427
-0.7115612359617225
-0.7187755754984645
-0.7255244559259828
-0.7318110549433036
-0.7376389385151527
-0.7430120481904419
-0.7479346881690079
-0.7524115121427513
-0.7564475099508308
-0.7600479940769167
-0.7632185860048952
-0.7659652024643044
-0.7682940415861164
-0.7702115689981243
-0.7717245038852203
-0.772839805037901
-0.7735646569251546
-0.773906455801491
-0.7738727958660482
-0.7734714554951918
-0.7727103835738166
-0.7715976859589713
-0.7701416120813441
-0.7683505417010971
-0.7662329718353241
-0.7637975038728413
-0.7610528308997762
-0.7580077252429042
-0.754671026246724
-0.7510516282970545
-0.7471584691019202
-0.7430005182489641
-0.7385867660416728
-0.7339262126254722
-0.7290278574121486
-0.7239006888078545
-0.7185536742561109
-0.7129957505981974
-0.7072358147628642
-0.701282714789903
-0.6951452411842963
-0.6888321186064282
-0.6823519978983777
-0.6757134484516476
-0.6689249509176368
-0.6619948902589224
-0.6549315491465384
-0.6477431016973378
-0.6404376075538949
-0.6330230063047319
-0.6255071122360135
-0.617897609410736
-0.6102020470740742
-0.60242783539206
-0.594582241518593
-0.586672385973923
-0.5787052393254866
-0.5706876191703575
-0.5626261874248117
-0.5545274479143609
-0.5463977442464499
-0.5382432579554156
-0.5300700069172436
-0.5218838440376635
-0.5136904562056089
-0.5054953634936822
-0.4973039185941528
-0.4891213064871413
-0.4809525443422954
-0.4728024816454625
-0.4646758005338125
-0.4565770163291883
-0.4485104782637825
-0.4404803703949263
-0.4324907127007276
-0.4245453623450112
-0.4166480151053687
-0.4088022069537359
-0.4010113157808808
-0.3932785632570575
-0.3856070168224946
-0.3779995918039026
-0.3704590536449367
-0.3629880202412347
-0.3555889643726741
-0.3482642162275227
-0.3410159660148016
-0.3338462666538176
-0.3267570365314231
-0.3197500623205676
-0.3128270018567539
-0.3059893870701042
-0.2992386269622901
-0.2925760106198959
-0.2860027102585253
-0.2795197842936373
-0.2731281804344244
-0.2668287387939451
-0.2606221950113095
-0.2545091833809237
-0.2484902399826947
-0.2425658058088747
-0.2367362298830656
-0.2310017723676418
-0.2253626076557402
-0.2198188274446873
-0.2143704437894104
-0.2090173921299808
-0.2037595342885473
-0.1985966614329279
-0.1935284970056733
-0.1885546996179789
-0.1836748659037712
-0.1788885333307553
-0.1741951829663493
-0.1695942421975665
-0.1650850874043075
-0.1606670465831167
-0.1563394019194048
-0.1521013923068601
-0.1479522158132534
-0.1438910320923582
-0.1399169647402044
-0.1360291035947057
-0.132226506978021
-0.1285082038812069
-0.1248731960912564
-0.1213204602596189
-0.1178489499119569
-0.1144575973990475
-0.1111453157888701
-0.1079110007005934
-0.1047535320799861
-0.1016717759163164
-0.09866458590118357
-0.09573080502958657
-0.0928692671440194
-0.09007879842180584
-0.08735821880616444
-0.08470634338167632
-0.08212198369506089
-0.07960394902246068
-0.07715104758351422
-0.07476208770295466
-0.07243587892070795
-0.07017123305126766
-0.06796696519363793
-0.06582189469247636
-0.06373484605145197
-0.06170464979984341
-0.05973014331351305
-0.05781017159166829
-0.05594358799009509
-0.0541292549117455
-0.05236604445582965
-0.0506528390267877
-0.04898853190451011
-0.04737202777660224
-0.04580224323369775
-0.04427810722889357
-0.04279856150254494
-0.04136256097353296
-0.03996907409807921
-0.03861708319717044
-0.03730558475370344
-0.03603358968046235
-0.03480012356018966
-0.0336042268585311
-0.03244495511096931
-0.03132137908471123
-0.03023258491656439
-0.0291776742278273
-0.02815576421715835
-0.02716598773239749
-0.02620749332224109
-0.02527944526874525
-0.02438102360148666
-0.02351142409430715
-0.02266985824562061
-0.02185555324309688
-0.02106775191339589
-0.0203057126576838
-0.01956870937383052
-0.01885603136615086
-0.01816698324344159
-0.01750088480586256
-0.01685707092133439
-0.01623489139220519
-0.01563371081282144
-0.01505290841875996
-0.0144918779281953
-0.01395002737606019
-0.0134267789415517
-0.01292156876940355
-0.01243384678557473
-0.01196307650778035
-0.01150873485154642
-0.01107031193208242
-0.01064731086245523
-0.01023924754848274
-0.009845650480746912
-0.00946606052429279
-0.009100030706168011
-0.008747126001261138
-0.008406923116699761
-0.008079010275249333
-0.007762986998029512
-0.007458463886786086
-0.00716506240597906
-0.006882414664946926
-0.006610163200442623
-0.006347960759772304
-0.006095470084745059
-0.005852363696651959
-0.005618323682473667
-0.005393041482471681
-0.005176217679389751
-0.00496756178936868
-0.004766792054815791
-0.004573635239270425
-0.004387826424463947
-0.004209108809612062
-0.004037233513101866
-0.003871959376670012
-0.003713052772200506
-0.00356028741116808
-0.003413444156844234
-0.003272310839318401
-0.003136682073384864
-0.003006359079331147
-0.002881149506732072
-0.002760867261205642
-0.002645332334291401
-0.002534370636337428
-0.002427813832496237
-0.002325499181822988
-0.002227269379557207
-0.002132972402467735
-0.002042461357408959
-0.001955594332927367
-0.001872234254066747
-0.001792248740206405
-0.001715509966102189
-0.001641894525972611
-0.001571283300659258
-0.001503561327879679
-0.001438617675446264
-0.001376345317534717
-0.001316641013893881
-0.00125940519201523
-0.001204541832210143
-0.00115195835554884
-0.001101565514656407
-0.001053277287279398
-0.001007010772625715
-0.0009626860904091163
-0.0009202262826002749
-0.0008795572178156331
-0.0008406074982547735
-0.0008033083692333487
-0.0007675936311636039
-0.0007333995540325036
-0.0007006647943037206
-0.0006693303141392457
-0.0006393393029791699
-0.0006106371013735655
-0.0005831711270340562
-0.0005568908030880082
-0.0005317474884520205
-0.0005076944102770512
-0.0004846865984570184
-0.0004626808221088404
-0.0004416355280258044
-0.000421510781009879
-0.0004022682060725331
-0.0003838709324443953
-0.0003662835393491978
-0.0003494720034950072
-0.000333403648253689
-0.0003180470944840483
-0.0003033722129417852
-0.000289350078233827
-0.0002759529242999481
-0.000263154101347905
-0.000250928034241311
-0.0002392501822429056
-0.0002280970001606884
-0.0002174459007545775
-0.0002072752184738756
-0.0001975641744028169
-0.0001882928424078995
-0.0001794421164796856
-0.0001709936791852149
-0.0001629299712449169
-0.0001552341621513293
-0.0001478901218689105
-0.000140882393475008
-0.0001341961668414081
-0.0001278172532030235
-0.0001217320606787198
-0.0001159275706760891
-0.0001103913151148502
-0.0001051113545399288
-0.0001000762569904107
-9.527507765943118e-05
-9.069733932978597e-05
-8.633301349148751e-05
-8.217250220925351e-05
-7.820662064693869e-05
-7.442658023835107e-05
-7.082397251793068e-05
-6.739075355507586e-05
-6.411922897026846e-05
-6.100203954193713e-05
-5.803214736239997e-05
-5.520282250858052e-05
-5.250763025602887e-05
-4.994041876962881e-05
-4.74953072833928e-05
-4.516667473374941e-05
-4.294914884973219e-05
-4.083759567018131e-05
-3.88271094562169e-05
-3.69130030415839e-05
-3.509079853663529e-05
-3.335621842553372e-05
-3.170517698728682e-05
-3.013377207098301e-05
-2.863827723286826e-05
-2.721513419325549e-05
-2.586094559728446e-05
-2.457246803616284e-05
-2.334660534047648e-05
-2.218040218715877e-05
-2.107103795491113e-05
-2.001582087630791e-05
-1.901218235569234e-05
-1.805767159562633e-05
-1.714995038468228e-05
-1.628678816249204e-05
-1.546605722964654e-05
-1.468572822051324e-05
-1.394386571317433e-05
-1.323862407214514e-05
-1.256824341773832e-05
-1.193104580092075e-05
-1.132543154340417e-05
-1.074987571274028e-05
-1.020292475919919e-05
-9.683193300781772e-06
-9.189361033412445e-06
-8.720169806994156e-06
-8.274420770952495e-06
-7.850971704348427e-06
-7.448734414469412e-06
-7.06667229600978e-06
-6.703797941857609e-06
-6.359170901514669e-06
-6.031895521766551e-06
-5.721118876857775e-06
-5.426028825897764e-06
-5.145852078614979e-06
-4.879852450013944e-06
-4.62732909692576e-06
-4.387614899478027e-06
-4.160074877757678e-06
-3.944104706138765e-06
-3.739129265446028e-06
-3.544601272218401e-06
-3.359999993891239e-06
-3.184829979193841e-06
-3.018619876795846e-06
-2.860921291414377e-06
-2.711307715069445e-06
-2.56937347919775e-06
-2.434732765586295e-06
-2.307018670399426e-06
-2.185882284433365e-06
-2.070991861904318e-06
-1.962031982840253e-06
-1.858702773527541e-06
-1.760719168380803e-06
-1.667810194337361e-06
-1.579718295752157e-06
-1.496198686343827e-06
-1.417018739085602e-06
-1.341957385918894e-06
-1.270804567714035e-06
-1.2033607015989e-06
-1.139436163358063e-06
-1.078850821848636e-06
-1.021433551021009e-06
-9.670218092005345e-07
-9.154612117937122e-07
-8.666051369890398e-07
-8.203143355060217e-07
-7.764565838580517e-07
-7.349063228662185e-07
-6.955443471630682e-07
-6.582574753584816e-07
-6.229382664342571e-07
-5.894847160535532e-07
-5.578000079607922e-07
-5.277922560574029e-07
-4.993742389366904e-07
-4.724631935470867e-07
-4.46980574509535e-07
-4.228518527788981e-07
-4.000063105522807e-07
-3.783768533408947e-07
-3.578998288028896e-07
-3.385148456199003e-07
-3.201646314596666e-07
-3.027948441389577e-07
-2.863539536427916e-07
-2.707930879196845e-07
-2.560658986701516e-07
-2.421284314054037e-07
-2.289390060911396e-07
-2.164581036642044e-07
-2.046482553262203e-07
-1.934739440096353e-07
-1.829014964637892e-07
-1.728989887942532e-07
-1.634361658853219e-07
-1.544843443404842e-07
-1.460163471398724e-07
-1.380064151362092e-07
-1.304301384373292e-07
-1.232643822081024e-07
-1.16487235857652e-07
-1.100779196107342e-07
-1.040167555814158e-07
-9.828510717041387e-08
-9.286531397998332e-08
-8.774064411119141e-08
-8.289526352501387e-08
-7.831415824205252e-08
-7.39831166531665e-08
-6.988867084683398e-08
-6.601807726938232e-08
-6.235926202972427e-08
-5.89007966136674e-08
-5.563185541206883e-08
-5.254219083367112e-08
-4.962210250919241e-08
-4.68624043971848e-08
-4.425440530886576e-08
-4.178987315928025e-08
-3.946102519924672e-08
-3.726047806064805e-08
-3.518125871315439e-08
-3.32167598290033e-08
-3.136073249499537e-08
-2.960726110363271e-08
-2.795074981507207e-08
-2.638590214976263e-08
-2.4907704657094e-08
-2.351141852332313e-08
-2.21925629884077e-08
-2.094689889179526e-08
-1.977040683274415e-08
-1.865929156693292e-08
-1.760996475517387e-08
-1.661903159207621e-08
-1.568328160206914e-08
-1.479967160098101e-08
-1.396533839800511e-08
-1.317756540317319e-08
-1.243377934216861e-08
-1.173155791362861e-08
-1.106859706929058e-08
-1.044273401198919e-08
-9.851913903366344e-09
-9.294193819915863e-09
-8.767736311505017e-09
-8.270805229163009e-09
-7.801758781182353e-09
-7.35906127936387e-09
-6.941244149137742e-09
-6.546920934384526e-09
-6.174791380137293e-09
-5.823612951454593e-09
-5.492219778728564e-09
-5.17951281054813e-09
-4.884446536148073e-09
-4.606036987622226e-09
-4.343354502362221e-09
-4.095520568851335e-09
-3.861709176281671e-09
-3.641134637457693e-09
-3.43304525458826e-09
-3.236743695654003e-09
-3.051564643018745e-09
-2.876885101698114e-09
-2.712116733414277e-09
-2.556702621720623e-09
-2.410111424759693e-09
-2.271854461168702e-09
-2.141465743034169e-09
-2.018490963950794e-09
-1.902521278297601e-09
-1.793162651692448e-09
-1.690039335423642e-09
-1.592801397326783e-09
-1.501118363613709e-09
-1.414669004265516e-09
-1.333155893193245e-09
-1.256301537527571e-09
-1.18384253090239e-09
-1.115530569509534e-09
-1.051130596670787e-09
-9.904216925278741e-10
-9.331909703829713e-10
-8.792394915853032e-10
-8.283803945417186e-10
-7.80440344242025e-10
-7.352522597826548e-10
-6.926681426030547e-10
-6.525279989756944e-10
-6.146936769242467e-10
-5.7903717730388e-10
-5.454333617013517e-10
-5.137685555939189e-10
-4.839298843565239e-10
-4.558132007443708e-10
-4.293184926706042e-10
-4.043515597026882e-10
-3.808314243963575e-10
-3.586651164255804e-10
-3.377807353137629e-10
-3.181004225470357e-10
-2.995620089737119e-10
-2.820967444165661e-10
-2.656436243269817e-10
-2.501418753901468e-10
-2.355375469342192e-10
-2.217820068359331e-10
-2.088204946471768e-10
-1.966163676495868e-10
-1.851213160663098e-10
-1.742957137447338e-10
-1.640945947364288e-10
-1.544875024351545e-10
-1.454379820247726e-10
-1.36912768085618e-10
-1.288833229048042e-10
-1.213269827921457e-10
-1.14208322093501e-10
-1.075075134520665e-10
-1.011971031364621e-10
-9.525336358541647e-11
-8.965984171572376e-11
-8.439167826070456e-11
-7.943267638683592e-11
-7.476622861522376e-11
-7.037063585386714e-11
-6.623032573287591e-11
-6.232925341110213e-11
-5.865466362261e-11
-5.519330016895956e-11
-5.193925762126568e-11
-4.887633097166471e-11
-4.599849172641413e-11
-4.328273016125394e-11
-4.072456754707328e-11
-3.831721281107054e-11
-3.604744364860671e-11
-3.391600930600848e-11
-3.190599246167876e-11
-3.002048710626618e-11
-2.825039337617919e-11
-2.658438446439778e-11
-2.50172385852201e-11
-2.35426892316362e-11
-2.215124941756484e-11
-2.083878045516071e-11
-1.960380719110863e-11
-1.843966310689524e-11
-1.734404517089072e-11
-1.631184654902405e-11
-1.5342532043498e-11
-1.442809881584288e-11
-1.356716834875275e-11
-1.275951184423767e-11
-1.199727612913875e-11
-1.127985248313814e-11
-1.060710728623874e-11
-9.977600668045066e-12
-9.388998943690551e-12
-8.835400683592e-12
-8.314787481909828e-12
-7.824048854416637e-12
-7.361359890401799e-12
-6.924040914783539e-12
-6.514585879209841e-12
-6.128807693663556e-12
-5.762324711214476e-12
-5.414166414414867e-12
-5.08450268305019e-12
-4.774304937465117e-12
-4.484420627978025e-12
-4.21731366318645e-12
-3.964722704282211e-12
-3.729161393314451e-12
-3.509429086908056e-12
-3.300483956428046e-12
-3.103255829448337e-12
-2.915964915364928e-12
-2.742065849633955e-12
-2.577439137417443e-12
-2.419558116063933e-12
-2.280107651595312e-12
-2.145911600893705e-12
-2.022149593051838e-12
-1.905493691527797e-12
-1.792784385479274e-12
-1.687094381355423e-12
-1.583874735903776e-12
-1.488898331394045e-12
-1.394207465692545e-12
-1.307273832160031e-12
-1.225816170134184e-12
-1.14873155647215e-12
-1.078522421064023e-12
-1.012937486242194e-12
-9.462791881930665e-13
-8.913257994236106e-13
-8.361623599212542e-13
-7.877009240662824e-13
-7.400146492307085e-13
-6.985722881563207e-13
-6.618444822735288e-13
-6.282975418041186e-13
-5.983073465828763e-13
-5.683044799729023e-13
-5.330830725800301e-13
-5.002750022836776e-13
-4.656897551296826e-13
-4.315540028271401e-13
-4.005880440686412e-13
-3.736357608912679e-13
-3.51275819034061e-13
-3.252875781243884e-13
-3.044367721279529e-13
-2.818703454696707e-13
-2.615312819032732e-13
-2.425605099202926e-13
-2.315358367852907e-13
-2.232125709656436e-13
-2.143936343824155e-13
-2.098144199144131e-13
-1.99199560870069e-13
-1.915445528865013e-13
-1.815456154817713e-13
-1.737321787703047e-13
-1.644727325309162e-13
-1.51855008389869e-13
-1.380625915990294e-13
-1.216847106666781e-13
-1.070137617999535e-13
-9.684354437954818e-14
-9.103260152031285e-14
-8.647921331951863e-14
-8.400968309156518e-14
-8.111986909312679e-14
-7.765859852360634e-14
-7.479452020742962e-14
-6.607520362981685e-14
-6.059968339917908e-14
-5.465221195740485e-14
-5.336759212278269e-14
-5.448901108280979e-14
-5.824698370622463e-14
-5.560382446249507e-14
-5.341126085220515e-14
-5.347475661015699e-14
-5.479395383914477e-14
-4.900756390650525e-14
-4.556192635016228e-14
-3.396321156780772e-14
-2.30209218875999e-14
-1.747043547486618e-14
-1.539314995016785e-14
-1.457669763820763e-14
-1.137427521153882e-14
-1.363352358262147e-14
-1.501158689674314e-14
-1.825712434238751e-14
-2.049970527734675e-14
-2.355000464034284e-14
-2.416673278770831e-14
-2.483115407106019e-14
-2.449674383859801e-14
-2.288222143379039e-14
-1.857907605834394e-14
-1.734143106046981e-14
-9.354581844350056e-15
-4.639835466279635e-15
-6.847509977173489e-16
-2.601017771237558e-15
-4.905334298107714e-15
-5.067955489718733e-15
-5.22316517541193e-15
-4.995142749692043e-15
-9.335530297332233e-15
-1.305498334338992e-14
-1.516262056466477e-14
