-4.194419049739499e-12
-2.44410358649337e-12
-1.045437048739494e-12
1.827866875787164e-13
1.383535477481268e-12
2.686344621908897e-12
4.218960667289873e-12
6.120967581707323e-12
8.554512002637213e-12
1.171827701413398e-11
1.586008814564184e-11
2.129297452653997e-11
2.84157891555964e-11
3.773416053919846e-11
4.989201507988847e-11
6.570632298732897e-11
8.62098823314518e-11
1.127063466350472e-10
1.468344738823219e-10
1.906493171722826e-10
2.467198128591138e-10
3.182448017336958e-10
4.09203003741629e-10
5.245197448644212e-10
6.702800914014191e-10
8.539814928205845e-10
1.084835710366953e-09
1.374129481939451e-09
1.735662599970311e-09
2.186258337066902e-09
2.746380816566198e-09
3.440862205521059e-09
4.299767139991271e-09
5.359408565430373e-09
6.663556447677188e-09
8.264848616086386e-09
1.022645682903434e-08
1.26240356708763e-08
1.554800655321618e-08
1.910622263800258e-08
2.342707716614592e-08
2.866311856544465e-08
3.499524186141547e-08
4.263755695914919e-08
5.18430018729196e-08
6.290982576400596e-08
7.618904235828848e-08
9.20929924766823e-08
1.111051433272859e-07
1.337912793019661e-07
1.608122483583167e-07
1.929384350024036e-07
2.310661803178333e-07
2.762364732198412e-07
3.296561442733352e-07
3.927218165255447e-07
4.670469364562476e-07
5.544922163777531e-07
6.571998562955811e-07
7.776319621532427e-07
9.186135885523899e-07
1.083380882461593e-06
1.27563484755123e-06
1.499601286825736e-06
1.76009751733935e-06
2.062606512827203e-06
2.413359162445585e-06
2.819425397212077e-06
3.288814978441831e-06
3.830588809200923e-06
4.454981679478663e-06
5.173537414660569e-06
5.999257469727739e-06
6.946764054388971e-06
8.032478977122057e-06
9.274819414316871e-06
1.069441192790296e-05
1.231432606859487e-05
1.416032896372358e-05
1.626116239329454e-05
1.864884393810132e-05
2.135899381004165e-05
2.443118906302288e-05
2.790934692856476e-05
3.18421390607568e-05
3.628343854276754e-05
4.129280153955107e-05
4.69359854933271e-05
5.328550579852264e-05
6.042123288635631e-05
6.843103162802105e-05
7.741144495663989e-05
8.746842352259255e-05
9.871810314501544e-05
0.0001112876316909266
0.0001253160468796875
0.0001409552063264232
0.0001583707708959677
0.0001777432421786254
0.0001992690545447611
0.0002231617218757015
0.0002496530388862343
0.0002789943408052287
0.000311457834273839
0.0003473379945274359
0.0003869530260926714
0.0004306463871657457
0.0004787883778207742
0.0005317777919592732
0.0005900436326314299
0.000654046890072622
0.000724282381455833
0.0008012806510426653
0.0008856099290119666
0.0009778781468808943
0.00107873500698102
0.001188874103010843
0.001309035088221725
0.00144000588723928
0.001582624947026541
0.00173778352188627
0.001906427986789797
0.002089562172698567
0.002288249716816061
0.002503616420018844
0.002736852602958759
0.002989215451826161
0.003262031348235758
0.003556698185769279
0.003874687656354453
0.004217547492016028
0.004586903650070807
0.004984462429316593
0.005412012503972267
0.005871426861270306
0.006364664627751029
0.006893772768389262
0.007460887641816084
0.008068236394447436
0.008718138182944868
0.009413005277964908
0.01015534405744416
0.01094775580266435
0.01179293721710963
0.01269368068583032
0.01365287430192541
0.01467350165320152
0.01575864133319701
0.01691146616183521
0.01813524209755168
0.01943332683575614
0.02080916808164067
0.0222663014764409
0.02380834817399572
0.02543901204629979
0.027162076513558
0.02898140098944788
0.03090091692403588
0.03292462344811154
0.0350565825992487
0.03730091413089725
0.03966178990030316
0.04214342782152163
0.04475008539581744
0.0474860528031106
0.05035564556377767
0.05336319677349903
0.05651304890241226
0.05980954518108268
0.06325702056157236
0.06685979227253395
0.07062214997916121
0.07454834554562534
0.07864258243474567
0.082909004737987
0.0873516858642986
0.09197461690731251
0.09678169469586517
0.1017767095758696
0.1069633329211191
0.112345104411647
0.1179254191076709
0.1237075143302216
0.129694456408051
0.1358891272929681
0.1422942110932444
0.1489121805608654
0.1557452835471558
0.1627955294959387
0.1700646759794953
0.177554215335931
0.1852653614493489
0.1931990366893746
0.2013558590876573
0.209736129756264
0.2183398206112797
0.2271665624455375
0.2362156333674214
0.2454859476898283
0.2549760452697121
0.2646840813619184
0.2746078170300888
0.2847446101295549
0.2950914069497469
0.3056447345082994
0.3164006935578475
0.3273549523437111
0.3385027411195918
0.3498388475051953
0.3613576126686028
0.3730529283904023
0.3849182350398063
0.3969465204580255
0.4091303198264798
0.4214617164892952
0.4339323437792927
0.4465333878663258
0.4592555916074055
0.4720892594631135
0.4850242634371352
0.4980500500806985
0.5111556485675267
0.5243296797998913
0.5375603665966179
0.550835544904191
0.5641426760598482
0.5774688600974222
0.590800850040514
0.6041250672216318
0.617427617550408
0.6306943087425119
0.6439106684847303
0.6570619634693098
0.6701332193267084
0.6831092413612321
0.695974636085773
0.7087138335169427
0.7213111101508134
0.7337506126350367
0.7460163820301065
0.7580923786429834
0.769962507383672
0.7816106435595579
0.7930206591224743
0.8041764492419892
0.8150619591556556
0.8256612112391623
0.8359583322492494
0.8459375808085213
0.855583374921665
0.8648803192370893
0.873813232006308
0.8823671722481841
0.8905274680529617
0.8982797447878108
0.9056099506513667
0.9125043794965559
0.9189496942034385
0.9249329539250338
0.9304416419084965
0.9354636903776895
0.9399875022953049
0.9440019725026956
0.9474965094756765
0.9504610566340123
0.9528861125323561
0.9547627498563422
0.9560826334242218
0.9568380373016291
0.9570218608713426
0.9566276437991053
0.955649579860586
0.9540825295941943
0.9519220318080436
0.949164313862666
0.9458063007274961
0.9418456227920737
0.9372806223928725
0.9321103590853788
0.9263346136101367
0.9199538905695173
0.9129694198118739
0.9053831564984132
0.8971977798906478
0.8884166908305775
0.8790440079483679
0.8690845626092855
0.8585438925876931
0.8474282345136852
0.8357445150861772
0.8235003411012755
0.810703988321389
0.7973643891886795
0.7834911194377798
0.7690943836177602
0.7541849995788472
0.7387743819612902
0.7228745247083092
0.706497982668655
0.6896578523079627
0.6723677515860527
0.6546417990465722
0.6364945921564391
0.6179411849662169
0.5989970651188747
0.5796781302648262
0.5600006639352647
0.5399813109215768
0.5196370522336811
0.4989851796698935
0.4780432700564
0.4568291592100689
0.4353609156735879
0.4136568142893769
0.3917353096528489
0.369615009505279
0.3473146481175557
0.3248530597088451
0.3022491519586609
0.2795218796546995
0.2566902185302704
0.2337731393387088
0.2107895822077216
0.1877584313250085
0.1646984899923351
0.1416284560928839
0.1185668980123578
0.09553223105127363
0.07254269436891593
0.04961632849121837
0.02677095341756636
0.004024147358619977
-0.01860677386467751
-0.04110477673250133
-0.06345312922286681
-0.08563541926906061
-0.1076355724554761
-0.1294378689307619
-0.1510269595217901
-0.1723878810307591
-0.1935060707026634
-0.2143673798516245
-0.2349580866332226
-0.2552649079564019
-0.2752750105261201
-0.2949760210158848
-0.3143560353685355
-0.3334036272205376
-0.3521078554544213
-0.370458270878367
-0.3884449220413534
-0.4060583601906357
-0.4232896433753027
-0.440130339710312
-0.4565725298068891
-0.472608808385494
-0.4882322850855863
-0.5034365844827176
-0.518215845335292
-0.5325647190726227
-0.5464783675480226
-0.559952460077094
-0.5729831697760663
-0.5855671692278037
-0.59770162549146
-0.6093841944824334
-0.6206130147464611
-0.6313867006489604
-0.6417043350122764
-0.6515654612191589
-0.6609700748142014
-0.6699186146298847
-0.6784119534547862
-0.6864513882729411
-0.6940386300986653
-0.7011757934447417
-0.7078653854510774
-0.7141102946908838
-0.7199137796854029
-0.7252794571486054
-0.7302112899916724
-0.73471357511355
-0.7387909310028731
-0.7424482851882982
-0.7456908615503142
-0.7485241675148023
-0.7509539811527015
-0.7529863382136205
-0.7546275191300527
-0.7558840360017823
-0.7567626195808546
-0.7572702062782066
-0.7574139252119381
-0.757201085324848
-0.7566391625829384
-0.7557357872753705
-0.7544987314334812
-0.7529358963846252
-0.7510553004649605
-0.7488650668986425
-0.7463734118595936
-0.7435886327296204
-0.7405190965631276
-0.7371732287754112
-0.7335595020618888
-0.729686425565896
-0.7255625343047284
-0.7211963788558483
-0.7165965153139482
-0.7117714955239731
-0.706729857600791
-0.70148011674167
-0.6960307563348755
-0.690390219374407
-0.6845669001797778
-0.6785691364281277
-0.67240520150118
-0.6660832971422447
-0.6596115464236013
-0.6529979870274036
-0.6462505648519711
-0.6393771279427535
-0.6323854207340595
-0.6252830785958933
-0.6180776226889286
-0.610776455137729
-0.6033868545186111
-0.5959159716469569
-0.5883708256559709
-0.5807583003677117
-0.5730851409636615
-0.5653579509494426
-0.5575831893967893
-0.5497671684530518
-0.5419160511175375
-0.5340358492887877
-0.5261324220763031
-0.5182114743608272
-0.5102785555944028
-0.5023390588358014
-0.4943982200200356
-0.486461117454814
-0.4785326715330634
-0.4706176446563596
-0.4627206413592476
-0.4548461086263404
-0.4469983363949623
-0.4391814582376093
-0.431399452221356
-0.4236561419316268
-0.4159551976508613
-0.4083001376847837
-0.4006943298308986
-0.39314099298613
-0.3856431988815187
-0.3782038739338888
-0.3708258012075791
-0.3635116224827801
-0.3562638404284003
-0.3490848208672518
-0.3419767951240621
-0.3349418624499021
-0.3279819925184012
-0.3210990279895413
-0.3142946871330637
-0.3075705665065096
-0.3009281436819091
-0.2943687800136801
-0.2878937234425037
-0.2815041113295094
-0.2752009733159518
-0.2689852342035206
-0.2628577168510391
-0.256819145085376
-0.2508701466190875
-0.2450112559686149
-0.2392429173690497
-0.2335654876835093
-0.2279792393056183
-0.222484363048999
-0.2170809710189414
-0.2117690994631996
-0.2065487115999035
-0.2014197004212504
-0.1963818914685557
-0.191435045575431
-0.1865788615767812
-0.1818129789817174
-0.1771369806092798
-0.1725503951839203
-0.168052699888689
-0.1636433228745321
-0.1593216457242247
-0.1550870058702065
-0.1509386989644304
-0.1468759811988816
-0.1428980715758964
-0.1390041541275124
-0.1351933800837866
-0.1314648699886302
-0.1278177157625161
-0.1242509827116337
-0.1207637114831116
-0.1173549199665082
-0.1140236051409183
-0.1107687448676067
-0.1075892996281749
-0.1044842142086562
-0.1014524193302393
-0.09849283322626806
-0.09560436316574944
-0.09278590692371132
-0.0900363541989376
-0.0873545879797667
-0.08473948585831788
-0.08218992129355882
-0.07970476482400388
-0.07728288523089462
-0.07492315065288091
-0.07262442965266311
-0.07038559223606172
-0.0682055108244148
-0.06608306118153967
-0.06401712329649216
-0.06200658222266144
-0.06005032887390958
-0.0581472607787915
-0.05629628279382133
-0.05449630777698227
-0.05274625722222487
-0.05104506185609566
-0.04939166219741399
-0.0477850090811665
-0.04622406414775294
-0.04470780029840946
-0.04323520211780862
-0.04180526626480063
-0.04041700183235266
-0.03906943067778364
-0.03776158772413915
-0.03649252123385213
-0.03526129305558737
-0.03406697884526252
-0.03290866826214289
-0.03178546514103785
-0.03069648764163087
-0.02964086837590183
-0.02861775451430694
-0.02762630787150059
-0.02666570497265554
-0.02573513710138781
-0.02483381033012698
-0.02396094553358449
-0.02311577838600862
-0.02229755934315169
-0.02150555360981752
-0.02073904109366415
-0.01999731634606599
-0.01927968849069399
-0.0185854811404673
-0.01791403230354103
-0.01726469427892187
-0.01663683354245413
-0.01602983062390423
-0.01544307997554914
-0.01487598983293947
-0.01432798206829
-0.01379849203715756
-0.01328696841892569
-0.01279287305157801
-0.01231568076118313
-0.01185487918651106
-0.0114099685993744
-0.01098046172114345
-0.01056588353575661
-0.01016577109965789
-0.00977967334890857
-0.009407150904024036
-0.009047775872783511
-0.00870113165141583
-0.008366812724419827
-0.008044424463301605
-0.007733582924575442
-0.007433914647282583
-0.007145056450297928
-0.006866655229634098
-0.00659836775606322
-0.006339860473161141
-0.006090809296024955
-0.005850899410826537
-0.005619825075453929
-0.005397289421385276
-0.005183004257002848
-0.004976689872391324
-0.004778074845900241
-0.004586895852467734
-0.004402897473884536
-0.004225832011104205
-0.004055459298771333
-0.003891546521922145
-0.003733868035081897
-0.003582205183753855
-0.003436346128388085
-0.003296085670951766
-0.003161225084121277
-0.003031571943109001
-0.002906939960227489
-0.002787148822156667
-0.002672024030031942
-0.002561396742354176
-0.002455103620709143
-0.002352986678407535
-0.002254893131937523
-0.002160675255331807
-0.002070190237376828
-0.001983300041740322
-0.001899871270011306
-0.001819775027540906
-0.001742886792232455
-0.001669086286134694
-0.001598257349909887
-0.001530287820073326
-0.001465069409087386
-0.00140249758822052
-0.001342471473183456
-0.001284893712457501
-0.001229670378354448
-0.001176710860681059
-0.001125927763127597
-0.001077236802220229
-0.001030556708850231
-0.0009858091323025526
-0.0009429185468250734
-0.0009018121606148172
-0.0008624198272639928
-0.0008246739595611659
-0.000788509445613716
-0.0007538635673026066
-0.0007206759209684671
-0.000688888340319919
-0.0006584448215340185
-0.0006292914504468301
-0.0006013763318748782
-0.0005746495209304013
-0.0005490629563923261
-0.0005245703959919591
-0.000501127353652851
-0.0004786910385950257
-0.0004572202962685183
-0.0004366755510720244
-0.0004170187508234425
-0.0003982133129691095
-0.0003802240723999901
-0.0003630172309528159
-0.0003465603084842412
-0.0003308220954794748
-0.0003157726071645943
-0.0003013830391269693
-0.0002876257243213185
-0.000274474091499082
-0.0002619026249859133
-0.000249886825782128
-0.0002384031739474571
-0.0002274290922417699
-0.0002169429109671147
-0.0002069238340029772
-0.0001973519059925965
-0.0001882079806252301
-0.0001794736900157077
-0.0001711314151550607
-0.0001631642573275162
-0.0001555560105675193
-0.0001482911350664926
-0.0001413547314889668
-0.0001347325162270322
-0.0001284107975076197
-0.0001223764523551984
-0.0001166169043755328
-0.0001111201023310615
-0.0001058744994944794
-0.0001008690337707402
-9.609310850167491e-05
-9.153657399332933e-05
-8.718970972574572e-05
-8.304320720110209e-05
-7.908815344751039e-05
-7.53160151136309e-05
-7.171862317418086e-05
-6.828815820837768e-05
-6.50171361945662e-05
-6.189839490371914e-05
-5.892508076464248e-05
-5.609063623850636e-05
-5.338878766418191e-05
-5.08135335573814e-05
-4.835913339498584e-05
-4.602009687074761e-05
-4.379117353858682e-05
-4.166734281458405e-05
-3.964380433096963e-05
-3.771596875365001e-05
-3.587944892039358e-05
-3.413005137086302e-05
-3.246376818899752e-05
-3.087676915395039e-05
-2.936539420151307e-05
-2.792614622082563e-05
-2.655568409851466e-05
-2.525081607091072e-05
-2.400849332879317e-05
-2.282580389798143e-05
-2.169996673872102e-05
-2.062832612162346e-05
-1.960834620603222e-05
-1.863760585782792e-05
-1.771379364820671e-05
-1.683470311330258e-05
-1.599822815033984e-05
-1.520235864974565e-05
-1.444517628741006e-05
-1.372485049395372e-05
-1.303963458877678e-05
-1.238786209000752e-05
-1.176794316908732e-05
-1.117836125410923e-05
-1.0617669781886e-05
-1.008448908913569e-05
-9.577503415347826e-06
-9.095458065974588e-06
-8.637156667082096e-06
-8.20145855987421e-06
-7.787276292307833e-06
-7.393573222599046e-06
-7.019361227806714e-06
-6.663698515673808e-06
-6.325687524938625e-06
-6.004472898074577e-06
-5.699239590651718e-06
-5.409211022560308e-06
-5.133647318240856e-06
-4.871843637299048e-06
-4.623128562205412e-06
-4.386862561637726e-06
-4.162436529189173e-06
-3.949270377367302e-06
-3.7468117023882e-06
-3.55453450171694e-06
-3.371937951584612e-06
-3.198545238941918e-06
-3.033902433871171e-06
-2.877577446683996e-06
-2.729158982802417e-06
-2.588255587877902e-06
-2.454494719535424e-06
-2.327521845703595e-06
-2.206999612455163e-06
-2.092607032817472e-06
-1.984038712035297e-06
-1.881004106202215e-06
-1.783226836179939e-06
-1.690443993418376e-06
-1.602405524313487e-06
-1.518873608746731e-06
-1.43962206981555e-06
-1.364435826860914e-06
-1.293110363880452e-06
-1.225451227307719e-06
-1.16127354726652e-06
-1.100401564425464e-06
-1.042668201511968e-06
-9.879146386206006e-07
-9.359899302047914e-07
-8.867506071518664e-07
-8.400603247509627e-07
-7.957895123630351e-07
-7.538150511873406e-07
-7.140199571765096e-07
-6.762930838060168e-07
-6.405288425510356e-07
-6.066269188385039e-07
-5.744920271383645e-07
-5.440336578812434e-07
-5.151658489471689e-07
-4.87806962079736e-07
-4.618794499578558e-07
-4.373096941337701e-07
-4.140277793549187e-07
-3.919673247788746e-07
-3.710653062489663e-07
-3.512618830441866e-07
-3.325002510502562e-07
-3.147265029646305e-07
-2.978894485278288e-07
-2.819405124082394e-07
-2.66833592086044e-07
-2.525249305112412e-07
-2.389730102171366e-07
-2.261384264996853e-07
-2.139838024769192e-07
-2.0247366106162e-07
-1.915743524142737e-07
-1.81253949084537e-07
-1.714821641014571e-07
-1.622302711075244e-07
-1.534710179285489e-07
-1.451785612321861e-07
-1.373283864896661e-07
-1.298972487685559e-07
-1.22863103040765e-07
-1.162050514934009e-07
-1.099032687235341e-07
-1.039389640665221e-07
-9.829431746429288e-08
-9.295243296206673e-08
-8.789730010022675e-08
-8.311373351371643e-08
-7.858735058627035e-08
-7.430450357846635e-08
-7.025227079115631e-08
-6.641839913748369e-08
-6.279128191503818e-08
-5.935991544439556e-08
-5.611387791515375e-08
-5.304328705042719e-08
-5.013878451685316e-08
-4.739150746876117e-08
-4.479305183202329e-08
-4.233546239675315e-08
-4.001119697137116e-08
-3.781311166035726e-08
-3.573444762532878e-08
-3.376879020220969e-08
-3.191007259059811e-08
-3.015255193153241e-08
-2.849078389403406e-08
-2.69196149534594e-08
-2.543415981823378e-08
-2.402980427289361e-08
-2.270217244886713e-08
-2.144712149483459e-08
-2.026073158714854e-08
-1.913928574631662e-08
-1.8079270959975e-08
-1.707736510209339e-08
-1.61304206929491e-08
-1.523545808850322e-08
-1.438965276584111e-08
-1.359033583761934e-08
-1.28349775414598e-08
-1.212119159437217e-08
-1.144671538862961e-08
-1.080940436212269e-08
-1.020723511295937e-08
-9.638289350805352e-09
-9.100753229506375e-09
-8.592913295334705e-09
-8.113142194435488e-09
-7.659905316993686e-09
-7.231755782809352e-09
-6.82731445427588e-09
-6.445285048090654e-09
-6.084433474347513e-09
-5.743603594883326e-09
-5.42168988772294e-09
-5.11765310411093e-09
-4.830515404086576e-09
-4.559343975990272e-09
-4.30326769658493e-09
-4.061448206721067e-09
-3.833100573863363e-09
-3.617480789510062e-09
-3.413889741297096e-09
-3.221656982153868e-09
-3.040158212270287e-09
-2.868799306745998e-09
-2.707017486343637e-09
-2.554284514567072e-09
-2.410093980731254e-09
-2.273973218301122e-09
-2.145474545728715e-09
-2.024178341477807e-09
-1.909685280405722e-09
-1.80161471162256e-09
-1.699615746679741e-09
-1.603346038449722e-09
-1.512483332010899e-09
-1.426728408675104e-09
-1.345800106986894e-09
-1.269427365576637e-09
-1.197356310415207e-09
-1.129348079880405e-09
-1.065178226749565e-09
-1.004624477126533e-09
-9.474856710400348e-10
-8.935736876912568e-10
-8.427058648396606e-10
-7.947062510367471e-10
-7.494232056694612e-10
-7.067021939969188e-10
-6.663977827128407e-10
-6.283728983259316e-10
-5.925057842247445e-10
-5.586709408460775e-10
-5.267543716300193e-10
-4.966479202754854e-10
-4.682522579149953e-10
-4.41467942471382e-10
-4.162062468057384e-10
-3.923802823283781e-10
-3.699068329102884e-10
-3.487134507225769e-10
-3.287253935070337e-10
-3.098771175144247e-10
-2.921031735832419e-10
-2.753432969343701e-10
-2.595383321369824e-10
-2.446334107678883e-10
-2.30577682117229e-10
-2.173242902504297e-10
-2.04830627984471e-10
-1.930469532933449e-10
-1.819366889603931e-10
-1.714588701005399e-10
-1.615803223688647e-10
-1.522722194189893e-10
-1.43494485392081e-10
-1.352253160696041e-10
-1.274290195412615e-10
-1.200815480143799e-10
-1.131534023481692e-10
-1.066202238775976e-10
-1.004619308116818e-10
-9.465479837172169e-11
-8.918084059136676e-11
-8.401974061813915e-11
-7.915510087907679e-11
-7.45691094100975e-11
-7.025278221172474e-11
-6.618862964922052e-11
-6.235930381362608e-11
-5.875211246107581e-11
-5.535344403743157e-11
-5.215022886957736e-11
-4.913095870532014e-11
-4.628213871177712e-11
-4.359553314409341e-11
-4.106146670996545e-11
-3.867206228017974e-11
-3.642016292362296e-11
-3.429823734679765e-11
-3.229237933045228e-11
-3.040883728886957e-11
-2.86351523200774e-11
-2.696521129152896e-11
-2.53964399807761e-11
-2.392196815797726e-11
-2.253620120828088e-11
-2.123107760186224e-11
-2.000353759306479e-11
-1.884700332857018e-11
-1.775479380706733e-11
-1.672433357260984e-11
-1.575125382954698e-11
-1.482812718883785e-11
-1.395238829771775e-11
-1.312815830107469e-11
-1.235341286285906e-11
-1.162471013856046e-11
-1.093744334527569e-11
-1.029280152867973e-11
-9.690080749011576e-12
-9.126951320269269e-12
-8.594170143227969e-12
-8.09719564372689e-12
-7.626050811522046e-12
-7.187451161692201e-12
-6.771582976483979e-12
-6.377530567985174e-12
-6.006570841205582e-12
-5.655789023265908e-12
-5.322587697377893e-12
-5.008027335012921e-12
-4.710219773612684e-12
-4.430209367836485e-12
-4.168883422633371e-12
-3.923802897173261e-12
-3.692375592032951e-12
-3.477405496882071e-12
-3.273938721367565e-12
-3.076325076482567e-12
-2.894103950745302e-12
-2.718361086566949e-12
-2.556686498355191e-12
-2.409567041120037e-12
-2.270488999811009e-12
-2.138179906726353e-12
-2.015193106623944e-12
-1.897677440379421e-12
-1.782330694404373e-12
-1.676853605877607e-12
-1.58124344578519e-12
-1.493097547618434e-12
-1.405153745187644e-12
-1.32516595172398e-12
-1.246664131262988e-12
-1.176072903860788e-12
-1.104786178196603e-12
-1.036842484402117e-12
-9.758891465755711e-13
-9.162870141969154e-13
-8.5713260477149e-13
-8.007626376762231e-13
-7.502631684971125e-13
-7.024165054399448e-13
-6.592131828640084e-13
-6.214425418271601e-13
-5.886815876288819e-13
-5.584564039361293e-13
-5.286098175183844e-13
-5.008960650372906e-13
-4.743772691094117e-13
-4.485902776561586e-13
-4.23760749490125e-13
-4.003251068655425e-13
-3.762946465088749e-13
-3.518966572963881e-13
-3.303697800169034e-13
-3.056621607987928e-13
-2.831271633597996e-13
-2.616086356979429e-13
-2.449002282314299e-13
-2.305097552072913e-13
-2.176614718744891e-13
-2.076620058589876e-13
-1.974823109000256e-13
-1.852002849056849e-13
-1.769310536202712e-13
-1.678702738433085e-13
-1.624559103931435e-13
-1.529159310044234e-13
-1.415680213366185e-13
-1.268755977435409e-13
-1.139009407196702e-13
-1.040420444319321e-13
-1.008487090361566e-13
-9.810027692795697e-14
-9.493186413567894e-14
-9.51416596347138e-14
-8.987794053680388e-14
-8.518656696414335e-14
-8.115878867818964e-14
-7.616231775782909e-14
-7.520363882894018e-14
-7.114240248514299e-14
-6.650841167493495e-14
-6.029805845592512e-14
-4.946542778068962e-14
-3.901259391920014e-14
-3.263495014228369e-14
-2.626949989150311e-14
-2.242167791739105e-14
-2.201489746908259e-14
-2.189523154769401e-14
-2.343022054673511e-14
-2.999264771201772e-14
-3.874301337552033e-14
-4.530595633775294e-14
-4.657576840115665e-14
-4.592821451560986e-14
-4.034820115719046e-14
-3.494186009067749e-14
-2.744391405083978e-14
-2.087507443415449e-14
-1.26575837823059e-14
-6.700577275558816e-15
