5.438446997821044e-12
6.765956069129433e-12
8.733670435995029e-12
1.149296799198042e-11
1.526031788198494e-11
2.032723926353101e-11
2.707648168930657e-11
3.600671300530496e-11
4.775986233635289e-11
6.31592753460008e-11
8.325426641981174e-11
1.093773145935742e-10
1.43214972919526e-10
1.868915271443291e-10
2.4307728813903e-10
3.151143444536107e-10
4.071745077425341e-10
5.244476487309996e-10
6.733712536337695e-10
8.619052987424497e-10
1.099864454413807e-09
1.399316229286204e-09
1.775055476853352e-09
2.245174565386753e-09
2.831735422427088e-09
3.561578553748205e-09
4.467270428401287e-09
5.588234239332936e-09
6.972078893074906e-09
8.676163826808519e-09
1.076944499667844e-08
1.333463237613936e-08
1.647072203053859e-08
2.029595370845128e-08
2.495126483082055e-08
3.060430629215101e-08
3.745411632402555e-08
4.573654214358974e-08
5.573051743407793e-08
6.776531742330426e-08
8.222893356757478e-08
9.957771041800022e-08
1.203474257080222e-07
1.451659920444581e-07
1.747679930706277e-07
2.100112801930165e-07
2.518958747753667e-07
3.015854497388311e-07
3.604316681917045e-07
4.300016946881099e-07
5.121091884542263e-07
6.088491293785867e-07
7.226369197231591e-07
8.562525219123106e-07
1.012890030057937e-06
1.196213173616389e-06
1.41041734445353e-06
1.660298781532912e-06
1.951331630705257e-06
2.289753614138941e-06
2.682661117246153e-06
3.138114558302537e-06
3.665254960772888e-06
4.27443271013647e-06
4.977349547143157e-06
5.787214908992276e-06
6.718917803181244e-06
7.789215474434231e-06
9.016940179156897e-06
1.042322548385988e-05
1.203175355176095e-05
1.386902498021668e-05
1.596465281476435e-05
1.835168245321275e-05
2.106693922318943e-05
2.415140550089826e-05
2.765062930908264e-05
3.161516636518027e-05
3.610105752701269e-05
4.117034379773216e-05
4.689162108418965e-05
5.334063693616645e-05
6.060093148830944e-05
6.87645249147517e-05
7.793265365164897e-05
8.821655767005502e-05
9.973832107387368e-05
0.0001126317682050793
0.0001270434174104273
0.000143133494492399
0.0001610770077571738
0.000181064886377394
0.000203305183581216
0.0002280243459168779
0.0002554685495063746
0.0002859051038246667
0.0003196239230844728
0.0003569390647596479
0.0003981903341704605
0.0004437449533300583
0.0004939992914511876
0.0005493806542897963
0.0006103491379566245
0.0006773995726671563
0.0007510635421757164
0.0008319114698621795
0.0009205547690481716
0.001017648055173114
0.001123891417058576
0.001240032744026158
0.001366870105119938
0.001505254176187348
0.001656090710003621
0.001820343044079068
0.001999034640155429
0.00219325164882127
0.002404145491967689
0.002632935455174677
0.002880911281365139
0.00314943575635112
0.003439947276099704
0.003753962384748434
0.00409307827155358
0.004458975214069561
0.004853418953944215
0.00527826299080806
0.005735450779302393
0.006227017821569056
0.006755093663226725
0.007321903764048733
0.007929771219904898
0.008581118318201266
0.009278467908736732
0.01002444457106772
0.01082177555865648
0.01167329149920404
0.01258192682968102
0.01355071994375376
0.01458281302932951
0.0156814515866462
0.01684998373213481
0.0180918593103306
0.01941062866631869
0.02080994094740238
0.02229354197910095
0.02386527177519988
0.02552906168141255
0.02728893110207879
0.02914898379738998
0.03111340373324028
0.03318645048875354
0.03537245421492261
0.03767581012286157
0.04010097251099341
0.04265244830975119
0.04533479015126468
0.04815258896340865
0.05111046607396718
0.05421306484641546
0.05746504182971047
0.06087105743940036
0.06443576617807452
0.06816380638740362
0.07205978956647353
0.07612828924407689
0.0803738294340854
0.08480087269173216
0.0894138077699861
0.09421693692464111
0.09921446286156052
0.1044104753676588
0.1098089376534954
0.1154136724139956
0.1212283476710466
0.1272564623957711
0.1335013319626352
0.1399660734722677
0.1466535909567425
0.1535665605457901
0.1607074155941084
0.1680783318315085
0.1756812125800065
0.1835176740553875
0.191589030842202
0.1998962815437007
0.2084400946779113
0.2172207948687031
0.2262383493481874
0.2354923548655767
0.2449820250025016
0.2547061779713939
0.2646632249466403
0.2748511589411899
0.2852675443277009
0.2959095069973186
0.3067737252316615
0.3178564213340686
0.3291533540269831
0.3406598117153408
0.3523706065971794
0.3642800696899678
0.3763820468106169
0.3886698955075115
0.4011364830418528
0.4137741853831398
0.4265748872774321
0.4395299834144809
0.4526303806771182
0.4658665015590618
0.47922828870028
0.4927052105883194
0.5062862684371489
0.5199600042084769
0.5337145098488545
0.547537437672836
0.5614160119272034
0.575337041531201
0.5892869339364454
0.6032517101606303
0.6172170209098491
0.6311681638142533
0.6450901017551618
0.658967482205026
0.6727846576169442
0.6865257067617263
0.7001744570224009
0.7137145076080476
0.727129253592561
0.7404019108017672
0.7535155414299838
0.7664530803778216
0.7791973622591095
0.7917311489746819
0.8040371578687182
0.8160980903335315
0.8278966608409013
0.8394156263375581
0.8506378158945452
0.8615461606161787
0.8721237236688293
0.8823537303997885
0.8922195984783086
0.9017049679517047
0.9107937312273708
0.9194700628284053
0.9277184488633854
0.9355237161428094
0.9428710608880089
0.949746077110752
0.9561347844258357
0.9620236549805726
0.9673996394587575
0.9722501927322577
0.9765633001897405
0.980327503359351
0.9835319220445429
0.98616627295611
0.9882208884617222
0.989686739017403
0.9905554556532948
0.9908193487561768
0.9904714230330525
0.98950539137297
0.987915688923833
0.9856974862597896
0.9828467009526651
0.9793600074973289
0.9752348458274479
0.9704694285564103
0.9650627468044047
0.9590145745777934
0.9523254716922199
0.9449967852318285
0.9370306496004803
0.9284299851147305
0.9191984951652473
0.9093406619568765
0.8988617408183287
0.887767753139769
0.8760654779181783
0.863762441956474
0.8508669087428248
0.837387866016601
0.8233350120866552
0.8087187409052006
0.7935501259594935
0.7778409030211225
0.7616034517709664
0.744850776370336
0.7275964850013489
0.7098547684486634
0.6916403777725401
0.6729686011042673
0.6538552396388774
0.6343165828606546
0.6143693830752343
0.5940308293053554
0.5733185205942259
0.5522504387952223
0.5308449208881024
0.5091206308917986
0.4870965314339886
0.4647918550299935
0.4422260751480002
0.4194188771034343
0.3963901288474307
0.3731598517087491
0.3497481911444442
0.3261753875701678
0.3024617473123057
0.2786276137407286
0.254693338636463
0.2306792538447638
0.2066056432727115
0.1824927152739567
0.1583605754731011
0.1342292000754568
0.1101184097035268
0.08604784380663419
0.06203693568172014
0.0381048881463973
0.01427064990071188
-0.009447107388296754
-0.03303001124595087
-0.05646000976393211
-0.07971939216054101
-0.102790808501616
-0.1256572885578514
-0.1483022597791578
-0.170709564365458
-0.1928634754174957
-0.2147487121531763
-0.2363504541761655
-0.2576543547921207
-0.2786465533604508
-0.2993136866770606
-0.3196428993844994
-0.3396218534063256
-0.3592387364122885
-0.3784822693120108
-0.3973417127860563
-0.4158068728617675
-0.433868105536855
-0.4515163204653637
-0.4687429837134026
-0.4855401196052587
-0.5019003116759413
-0.5178167027401619
-0.5332829941017821
-0.5482934439171301
-0.5628428647392907
-0.5769266202656979
-0.5905406213061677
-0.6036813210028509
-0.6163457093197777
-0.6285313068337974
-0.6402361578537556
-0.651458822889758
-0.6621983705081961
-0.6724543685937997
-0.6822268750543222
-0.6915164279977667
-0.7003240354049023
-0.7086511643343927
-0.7164997296831427
-0.7238720825363176
-0.7307709981375964
-0.7371996635057205
-0.7431616647368385
-0.748660974013839
-0.7537019363595343
-0.7582892561631697
-0.7624279834992254
-0.7661235002699569
-0.7693815061970714
-0.7722080047026277
-0.7746092887061951
-0.7765919263539075
-0.7781627467100348
-0.7793288254304066
-0.7800974704462728
-0.7804762076824224
-0.7804727668317688
-0.7800950672211545
-0.7793512037765183
-0.7782494331036707
-0.7767981597044792
-0.7750059223519783
-0.7728813806561302
-0.7704333018238569
-0.7676705476278551
-0.7646020615994413
-0.7612368564590438
-0.7575840018057084
-0.7536526120706283
-0.7494518347481189
-0.7449908389150146
-0.7402788040468767
-0.7353249091480509
-0.7301383221955734
-0.7247281899059256
-0.7191036278307774
-0.7132737107847785
-0.7072474636147638
-0.7010338523103489
-0.6946417754659937
-0.688080056096521
-0.6813574338012524
-0.6744825572798208
-0.6674639771979682
-0.6603101394065519
-0.6530293785130903
-0.6456299118022815
-0.638119833508504
-0.6305071094328489
-0.6227995719053934
-0.6150049150886749
-0.6071306906122133
-0.5991843035324725
-0.5911730086156306
-0.5831039069482543
-0.5749839428698179
-0.5668199012090577
-0.5586184048140336
-0.5503859123738609
-0.5421287165361254
-0.5338529423122182
-0.5255645457522733
-0.5172693128784697
-0.5089728588732798
-0.5006806275249642
-0.4923978909215989
-0.4841297493750977
-0.4758811315631482
-0.4676567948851809
-0.459461326032615
-0.4512991417646215
-0.443174489872607
-0.4350914503231554
-0.4270539365730552
-0.4190656970527382
-0.4111303168097082
-0.4032512193003685
-0.39543166832393
-0.3876747700878339
-0.3799834753961517
-0.3723605819531412
-0.3648087367757759
-0.3573304387111284
-0.349928041047095
-0.3426037542071768
-0.3353596485223803
-0.3281976570747776
-0.3211195786093188
-0.3141270805032961
-0.3072217017844379
-0.300404856191571
-0.2936778352746011
-0.2870418115317103
-0.2804978415736113
-0.2740468693070081
-0.2676897291320193
-0.2614271491498582
-0.2552597543774479
-0.2491880699626881
-0.2432125243966718
-0.2373334527182323
-0.2315510997053707
-0.2258656230497058
-0.220277096509951
-0.2147855130411693
-0.2093907878964399
-0.2040927616982476
-0.1988912034785023
-0.1937858136820239
-0.1887762271293094
-0.1838620159363395
-0.1790426923906613
-0.1743177117833237
-0.1696864751928104
-0.1651483322181137
-0.1607025836594665
-0.1563484841460628
-0.1520852447106922
-0.1479120353087569
-0.1438279872802218
-0.1398321957536278
-0.1359237219916846
-0.1321015956785843
-0.1283648171476466
-0.1247123595487614
-0.1211431709553144
-0.1176561764105202
-0.1142502799135845
-0.1109243663451053
-0.1076773033318357
-0.1045079430509947
-0.1014151239745042
-0.09839767255404695
-0.09545440484676938
-0.09258412808208921
-0.08978564217014212
-0.08705774115252883
-0.0843992145963066
-0.08180884893167044
-0.07928542873405833
-0.07682773795150323
-0.07443456107838003
-0.07210468427676758
-0.06983689644599855
-0.06762999024130605
-0.06548276304256914
-0.06339401787421546
-0.06136256427754278
-0.0593872191363447
-0.0574668074568772
-0.05560016310330699
-0.05378612948991173
-0.05202356023139449
-0.05031131975217017
-0.0486482838556079
-0.04703334025438095
-0.04546538906330996
-0.04394334325617479
-0.04246612908727158
-0.04103268647878142
-0.03964196937508771
-0.0382929460652363
-0.03698459947471174
-0.03571592742755311
-0.03448594287995056
-0.03329367412638404
-0.03213816497941084
-0.03101847492431714
-0.02993367924948062
-0.02888286915347691
-0.02786515182990303
-0.02687965053091931
-0.02592550461050688
-0.02500186954837959
-0.02410791695546464
-0.02324283456186781
-0.02240582618819718
-0.02159611170107117
-0.02081292695371308
-0.02005552371248491
-0.01932316957020886
-0.0186151478468589
-0.01793075747836576
-0.01726931289431759
-0.01663014388539764
-0.01601259546121459
-0.01541602769910398
-0.01483981558448721
-0.01428334884340574
-0.01374603176802395
-0.0132272830354926
-0.01272653552090312
-0.0122432361046882
-0.011776845475139
-0.01132683792635285
-0.01089270115213069
-0.01047393603638899
-0.01007005644045505
-0.00968058898772947
-0.009305072845959848
-0.008943059507640985
-0.008594112568833535
-0.008257807506833616
-0.007933731456924793
-0.007621482988596622
-0.00732067188140384
-0.007030918900849461
-0.006751855574655912
-0.006483123969478729
-0.006224376468417207
-0.005975275549442999
-0.005735493565053092
-0.005504712523328257
-0.005282623870536003
-0.0050689282755021
-0.004863335415870016
-0.004665563766406575
-0.004475340389504098
-0.004292400728001219
-0.004116488400457307
-0.00394735499897247
-0.00378475988965608
-0.00362847001577325
-0.003478259703701783
-0.00333391047181043
-0.003195210842258581
-0.003061956155811757
-0.002933948389720214
-0.002810995978717854
-0.002692913639103819
-0.002579522196038657
-0.002470648413990299
-0.002366124830392306
-0.002265789592568405
-0.002169486297871373
-0.002077063837003131
-0.001988376240650894
-0.001903282529322339
-0.001821646566418336
-0.001743336914504602
-0.001668226694797796
-0.001596193449800391
-0.001527119009101521
-0.00146088935833988
-0.001397394511239425
-0.001336528384732687
-0.00127818867713756
-0.00122227674934412
-0.001168697508953028
-0.001117359297381744
-0.001068173779836741
-0.00102105583817487
-0.0009759234665677516
-0.0009326976699365136
-0.0008913023651127683
-0.0008516642846830059
-0.0008137128834716451
-0.0007773802476225708
-0.0007426010062343304
-0.0007093122454846901
-0.0006774534252038579
-0.0006469662978200692
-0.000617794829719177
-0.000589885124865911
-0.0005631853507012349
-0.0005376456662468404
-0.000513218152352553
-0.0004898567440833043
-0.0004675171651366234
-0.0004461568643169108
-0.0004257349539425757
-0.0004062121502058242
-0.0003875507153833327
-0.0003697144018943438
-0.000352668398132693
-0.0003363792760407513
-0.000320814940384556
-0.0003059445796808608
-0.0002917386187000101
-0.0002781686725724722
-0.000265207502402861
-0.0002528289723652878
-0.0002410080082233859
-0.0002297205572791778
-0.0002189435496710077
-0.0002086548609583357
-0.0001988332760567359
-0.0001894584543535928
-0.0001805108960869325
-0.000171971909864391
-0.000163823581332471
-0.0001560487429441956
-0.0001486309448170868
-0.0001415544266064772
-0.0001348040904030972
-0.000128365474593627
-0.0001222247286692452
-0.0001163685889574818
-0.0001107843552198635
-0.0001054598681374761
-0.0001003834875983846
-9.554407180565187e-05
-9.093095714352358e-05
-8.653393882422957e-05
-8.234325221464035e-05
-7.834955491160472e-05
-7.454390947010064e-05
-7.09177667949496e-05
-6.746295015821606e-05
-6.417163984249476e-05
-6.103635835446209e-05
-5.80499562144939e-05
-5.520559831816178e-05
-5.249675079320881e-05
-4.991716838343408e-05
-4.746088234700173e-05
-4.512218880087353e-05
-4.289563752394297e-05
-4.077602125451673e-05
-3.875836532603977e-05
-3.683791778886766e-05
-3.501013990703914e-05
-3.327069702227235e-05
-3.161544979249529e-05
-3.004044579444975e-05
-2.8541911464017e-05
-2.711624435929159e-05
-2.576000573163232e-05
-2.446991339170938e-05
-2.324283490440662e-05
-2.207578106804611e-05
-2.096589963795611e-05
-1.991046932045043e-05
-1.890689397829114e-05
-1.79526971061012e-05
-1.704551655028693e-05
-1.618309945083798e-05
-1.536329738815721e-05
-1.458406171151443e-05
-1.384343910405628e-05
-1.313956732290668e-05
-1.247067109994464e-05
-1.183505825015161e-05
-1.123111591127764e-05
-1.065730697751615e-05
-1.0112166679797e-05
-9.594299278968419e-06
-9.102374951491127e-06
-8.635126793366633e-06
-8.191347932548065e-06
-7.769888797485893e-06
-7.369654480780853e-06
-6.989602244041957e-06
-6.628739105060912e-06
-6.28611955770655e-06
-5.960843370165022e-06
-5.652053486917859e-06
-5.358934025522473e-06
-5.080708377480906e-06
-4.816637370387587e-06
-4.566017519273495e-06
-4.328179366622385e-06
-4.102485872850046e-06
-3.88833093146244e-06
-3.685137856742037e-06
-3.492358057413904e-06
-3.309469682278044e-06
-3.135976359099888e-06
-2.971405987488738e-06
-2.815309589581557e-06
-2.667260220683279e-06
-2.526851901162035e-06
-2.393698627265051e-06
-2.267433427675672e-06
-2.147707426426275e-06
-2.034189001379359e-06
-1.926562945033001e-06
-1.824529670329776e-06
-1.727804457039967e-06
-1.636116749458104e-06
-1.549209455959842e-06
-1.466838294055894e-06
-1.388771187626597e-06
-1.314787660902971e-06
-1.244678277121566e-06
-1.178244102763497e-06
-1.115296185869887e-06
-1.055655076964569e-06
-9.991503607847775e-07
-9.456202105356435e-07
-8.94910974638473e-07
-8.468767566860239e-07
-8.013790538070136e-07
-7.582863832356357e-07
-7.174739332303504e-07
-6.788232332338708e-07
-6.422218369539817e-07
-6.075630355282279e-07
-5.747455572146799e-07
-5.436733015445052e-07
-5.142550816542751e-07
-4.864043820152468e-07
-4.600391262001782e-07
-4.350814388035663e-07
-4.114574563196287e-07
-3.890971148576444e-07
-3.679339527801092e-07
-3.479049470291262e-07
-3.289503239734194e-07
-3.110134020030857e-07
-2.940404375238111e-07
-2.779804681846392e-07
-2.627851828638792e-07
-2.484087684302124e-07
-2.34807803257581e-07
-2.219411228343889e-07
-2.097697045280879e-07
-1.982565728205057e-07
-1.873666794687131e-07
-1.7706680561245e-07
-1.673254703584054e-07
-1.581128530359946e-07
-1.494006892630589e-07
-1.411621963295713e-07
-1.333720096437005e-07
-1.260060954370946e-07
-1.190416878589437e-07
-1.124572201316004e-07
-1.062322625028948e-07
-1.003474733617159e-07
-9.478452965123352e-08
-8.952607678242804e-08
-8.455569041620367e-08
-7.985781271500218e-08
-7.541771142019287e-08
-7.122144388095636e-08
-6.72558016689052e-08
-6.35082841840336e-08
-5.996705262015819e-08
-5.662091291991379e-08
-5.345925879931683e-08
-5.047205291949514e-08
-4.7649805364614e-08
-4.498351973397626e-08
-4.246468955608444e-08
-4.008526915225436e-08
-3.78376443144121e-08
-3.571460087196157e-08
-3.370932105015188e-08
-3.181536242228327e-08
-3.002661629995294e-08
-2.833731773876651e-08
-2.674200583609575e-08
-2.523551769911412e-08
-2.38129695655624e-08
-2.246973533233718e-08
-2.120144872109347e-08
-2.000398221994758e-08
-1.887342465125729e-08
-1.780608906086984e-08
-1.679847780731878e-08
-1.584729337956601e-08
-1.494941074537222e-08
-1.410187571847588e-08
-1.330189629612267e-08
-1.25468307443516e-08
-1.183419110234526e-08
-1.11616212503163e-08
-1.052688644181796e-08
-9.927883890105326e-09
-9.362626584237879e-09
-8.829229884587871e-09
-8.325926766598304e-09
-7.85103333575891e-09
-7.40296119955399e-09
-6.980214148072409e-09
-6.58138197103536e-09
-6.205122080812087e-09
-5.850172908923756e-09
-5.515336612722043e-09
-5.199492130565222e-09
-4.901568317861562e-09
-4.620558639289514e-09
-4.355515185165739e-09
-4.105538052027264e-09
-3.869775151268225e-09
-3.647428038583149e-09
-3.437742329307214e-09
-3.240002308944902e-09
-3.053535402102099e-09
-2.877703979432187e-09
-2.711909354899225e-09
-2.555575557556117e-09
-2.408177717259311e-09
-2.269209543540219e-09
-2.138194933352279e-09
-2.014682314128612e-09
-1.898246801099307e-09
-1.788486355625212e-09
-1.685013783283169e-09
-1.587477294871076e-09
-1.495543935668703e-09
-1.40889798360477e-09
-1.327229132722102e-09
-1.250258369273617e-09
-1.177716100412709e-09
-1.109347831019744e-09
-1.044917475393967e-09
-9.842028983182368e-10
-9.269851070353991e-10
-8.730665407172623e-10
-8.222559924668739e-10
-7.743792892533254e-10
-7.292653852723713e-10
-6.867579015385362e-10
-6.467097411607294e-10
-6.089774064949125e-10
-5.734322328018346e-10
-5.399482625809447e-10
-5.084100657280754e-10
-4.787008667475474e-10
-4.507204572758259e-10
-4.243637567673496e-10
-3.99540803523585e-10
-3.761577565687533e-10
-3.54133249157759e-10
-3.333877659280017e-10
-3.138491751988647e-10
-2.954472158663656e-10
-2.781114526581773e-10
-2.617828779447195e-10
-2.464057643227824e-10
-2.31925793165848e-10
-2.182864134432937e-10
-2.054506039536254e-10
-1.933617404056512e-10
-1.819784827742118e-10
-1.712640180524798e-10
-1.611794418893171e-10
-1.516841818727819e-10
-1.427479197355847e-10
-1.343352935909015e-10
-1.264157842390776e-10
-1.189555896235831e-10
-1.119365454939295e-10
-1.053315914053786e-10
-9.911518567832181e-11
-9.326439274000337e-11
-8.775187751580221e-11
-8.256144776629377e-11
-7.767382908862869e-11
-7.3070827987625e-11
-6.873792438358516e-11
-6.465632390350496e-11
-6.081809593632851e-11
-5.720998328049449e-11
-5.381581883868059e-11
-5.061960670018675e-11
-4.76165600931856e-11
-4.479011727788178e-11
-4.213646881943834e-11
-3.963827762860586e-11
-3.728973088692478e-11
-3.508147884124624e-11
-3.299790468247038e-11
-3.103765872799708e-11
-2.918823414239201e-11
-2.744955228732801e-11
-2.58151806665719e-11
-2.427509571881672e-11
-2.282042553737007e-11
-2.145240090015316e-11
-2.016819675222969e-11
-1.896105553939266e-11
-1.782708584681733e-11
-1.67667551348189e-11
-1.576984588229723e-11
-1.482873148465506e-11
-1.394612926473259e-11
-1.311460977193968e-11
-1.233495872652242e-11
-1.15991936739622e-11
-1.090729755167407e-11
-1.025434932330418e-11
-9.638486314518275e-12
-9.059091626516815e-12
-8.51725178163786e-12
-8.005024926580046e-12
-7.523394466606896e-12
-7.071562698455716e-12
-6.644863122878336e-12
-6.244559403276165e-12
-5.869272742376518e-12
-5.517531572251968e-12
-5.185581194000102e-12
-4.87576325779918e-12
-4.581367853112724e-12
-4.309350510396752e-12
-4.048539354170029e-12
-3.803781027260778e-12
-3.578121308568571e-12
-3.367010037536321e-12
-3.166636328771886e-12
-2.976020411007674e-12
-2.797631029886756e-12
-2.629981360006926e-12
-2.471359310177853e-12
-2.320286071241799e-12
-2.17532312050349e-12
-2.04262807213403e-12
-1.916095928844452e-12
-1.797118361489645e-12
-1.687736541736077e-12
-1.58822592684943e-12
-1.493996252829618e-12
-1.403095370072303e-12
-1.319495192437419e-12
-1.238035785971061e-12
-1.165453921756499e-12
-1.102564915628463e-12
-1.040559534711844e-12
-9.771328450250356e-13
-9.190877060090109e-13
-8.652959392108341e-13
-8.12109284257371e-13
-7.616993877326347e-13
-7.140543701089208e-13
-6.673532726393501e-13
-6.242761419919572e-13
-5.80180003119531e-13
-5.383143523338612e-13
-5.014549923101678e-13
-4.697393713415244e-13
-4.417272778519623e-13
-4.157743568077325e-13
-3.958945017500034e-13
-3.813702962122064e-13
-3.663654978029473e-13
-3.486014513035315e-13
-3.33144096365481e-13
-3.145300320229573e-13
-2.977561340675208e-13
-2.734276685410691e-13
-2.517226384603498e-13
-2.312099642890557e-13
-2.10214996906912e-13
-1.917424264781166e-13
-1.728465244171572e-13
-1.58781896321676e-13
-1.480293232629901e-13
-1.412805457001215e-13
-1.371484582609881e-13
-1.386366391387756e-13
-1.354173799788071e-13
-1.343821207354493e-13
-1.281220020467066e-13
-1.218560610440244e-13
-1.119347982216458e-13
-1.033946578458278e-13
-9.267213324753183e-14
-8.421950836489164e-14
-7.882336938396234e-14
-6.972488588233463e-14
-6.148511951695826e-14
-5.916861184670724e-14
-5.682739756876489e-14
-5.597105135550192e-14
-5.523314913108308e-14
-5.268487990455629e-14
-5.067775561509435e-14
-4.902735499811509e-14
-4.354377382677153e-14
-3.684215799598121e-14
-2.978101699001429e-14
-2.835404699488962e-14
-2.606324353528193e-14
-2.374013745913871e-14
-2.247084080276356e-14
-2.449952823199569e-14
-2.96353137045084e-14
-3.326488566838957e-14
-3.388082857717929e-14
-3.213219890386558e-14
-2.854855286954049e-14
-2.36189374054461e-14
-2.012245597830656e-14
-1.865314978255889e-14
-1.492861266858143e-14
-1.196883992803439e-14
-8.771009798495369e-15
-5.623035255082856e-15
-1.319101515850572e-15
-1.554237126557042e-15
-1.277839412505669e-15
-4.413200237330992e-15
-4.626309585595793e-15
-8.439907057298755e-15
-6.323567958845182e-15
-9.599192414667531e-15
-1.080601983702837e-14
-1.428800984154062e-14
-1.502934557044415e-14
-1.56820323981138e-14
-1.534410533785831e-14
-1.458174227626779e-14
-1.091485813162522e-14
-9.338072288427628e-15
-7.100959967722893e-15
-1.00987773216864e-15
