-3.417748088856985e-12
-2.286092303701661e-12
-1.511364300618652e-12
-9.649274521759529e-13
-5.630502948796796e-13
-2.466303156363066e-13
2.812681980756936e-14
2.960412301901271e-13
5.87994222010017e-13
9.349670020161347e-13
1.370674642364799e-12
1.935306210435507e-12
2.678375636284792e-12
3.662198527828733e-12
4.967168414603004e-12
6.696129887684198e-12
8.981777480329005e-12
1.199406341697766e-11
1.595118088557702e-11
2.113161255893409e-11
2.789073685696e-11
3.668017480038822e-11
4.806944482705684e-11
6.278050837494078e-11
8.171949990275914e-11
1.060231538035179e-10
1.371147378437874e-10
1.767675466582505e-10
2.271871719952585e-10
2.911107235854389e-10
3.719208638515244e-10
4.737912760380436e-10
6.01861484123478e-10
7.624344866238428e-10
9.632312563981705e-10
1.213683683835611e-09
1.525286554515035e-09
1.912015603828054e-09
2.390828169379658e-09
2.98225166216294e-09
3.7110836062731e-09
4.607214357455731e-09
5.706596172203112e-09
7.052387645686206e-09
8.696290694044242e-09
1.070011044281608e-08
1.313758865606493e-08
1.609652684716688e-08
1.968125575734406e-08
2.401550121347929e-08
2.924569129734478e-08
3.554476162469173e-08
4.31165513350879e-08
5.220085370643196e-08
6.30792239237082e-08
7.608163785883496e-08
9.159410152204713e-08
1.100673364277128e-07
1.320266760383398e-07
1.58083331208099e-07
1.889471587478594e-07
2.254411542452301e-07
2.685178328859834e-07
3.192777346834883e-07
3.789902900558924e-07
4.491173084978489e-07
5.313393604646248e-07
6.275853946912552e-07
7.400658981745976e-07
8.713099877191284e-07
1.024206821982703e-06
1.202051774750777e-06
1.408597831636192e-06
1.64811271603425e-06
1.925442296455533e-06
2.246080846138716e-06
2.616248798498937e-06
3.042978665728987e-06
3.534209816517878e-06
4.098892899954296e-06
4.7471047231153e-06
5.490174448416831e-06
6.340822033496228e-06
7.313309883568126e-06
8.42360872926552e-06
9.689578822391389e-06
1.113116756669888e-05
1.277062475622209e-05
1.4632736669196e-05
1.674508026582325e-05
1.913829882572898e-05
2.18464003593273e-05
2.490708019324426e-05
2.836206911109745e-05
3.22575084899435e-05
3.664435383465095e-05
4.157880811183884e-05
4.712278627416435e-05
5.334441227916465e-05
6.031854987384277e-05
6.81273682963344e-05
7.686094402832012e-05
8.661790093430715e-05
9.750609399960711e-05
0.0001096433365510511
0.000123158171464436
0.0001381906877698881
0.000154893384079695
0.0001734320801945633
0.0001939868781892908
0.0002167531741486374
0.0002419427216539361
0.0002697847479795047
0.0003005271238167928
0.0003344375872116956
0.0003718050221916165
0.0004129407923870577
0.0004581801297381958
0.0005078835781263395
0.0005624384915125511
0.0006222605858874965
0.0006877955440144534
0.0007595206716042958
0.0008379466032027496
0.0009236190556534474
0.001017120626577443
0.001119072634970113
0.001230137002101066
0.001351018173856532
0.001482465078273627
0.001625273112645055
0.001780286155210385
0.001948398596048889
0.002130557381164115
0.002327764063150797
0.00254107685118446
0.002771612652384597
0.003020549095889114
0.003289126530447168
0.003578649988644898
0.00389049113667817
0.004226090210904618
0.00458695790295419
0.004974677156482621
0.005390904878349436
0.005837373570945358
0.006315892878360444
0.006828351026452198
0.007376716145264183
0.00796303746037411
0.008589446345007527
0.009258157221522602
0.00997146829653334
0.01073176212142505
0.01154150596159631
0.01240325196492151
0.01331963711746316
0.01429338297042537
0.01532729513168238
0.01642426250428537
0.01758725626364956
0.01881932856245329
0.0201236109475127
0.02150331248497578
0.0229617175764928
0.02450218346101511
0.026128137393687
0.0278430734876607
0.0296505492197494
0.03155418158421517
0.0335576428939313
0.0356646562243637
0.0378789904892674
0.04020445515574147
0.04264489458554099
0.04520418200762811
0.04788621312271719
0.05069489933336667
0.05363416061576926
0.05670791802370043
0.05992008583680415
0.06327456336047864
0.06677522637609781
0.07042591826672621
0.07423044081347008
0.07819254468367161
0.08231591962555017
0.08660418437292262
0.091060876294418
0.09568944078730027
0.1004932204462873
0.105475444029275
0.1106392152287097
0.1159875012928709
0.1215231215010816
0.1272487355310919
0.1331668317470024
0.1392797154213941
0.1455894969455257
0.1520980800337738
0.1588071499665274
0.1657181619047728
0.1728323292939505
0.1801506124193489
0.1876737071192189
0.1954020337042035
0.2033357261192139
0.21147462136571
0.2198182492508363
0.228365822468466
0.2371162270641022
0.2460680133201492
0.2552193870767822
0.2645682015567596
0.2741119496948284
0.2838477570238075
0.2937723751512
0.3038821758349731
0.3141731457234492
0.3246408817544285
0.3352805872648946
0.3460870688397977
0.357054733898294
0.3681775890769722
0.3794492393958638
0.3908628882526584
0.4024113382651159
0.4140869929497323
0.42588185928962
0.4377875511645805
0.4497952936775647
0.4618959283864983
0.4740799194200958
0.486337360523935
0.4986579829941475
0.5110311645205098
0.5234459389357249
0.5358910068365117
0.5483547471114791
0.5608252293194325
0.5732902269275357
0.5857372313936302
0.5981534670490469
0.610525906812789
0.6228412886595581
0.635086132821181
0.647246759693359
0.6593093084263792
0.671259756268789
0.6830839385134868
0.6947675688296907
0.7062962599476249
0.7176555451097612
0.7288309010650167
0.7398077716319923
0.7505715897401114
0.7611077978278007
0.7714018692753549
0.7814393336843964
0.7912058033319536
0.8006869978431411
0.8098687668635656
0.8187371128107073
0.8272782147715957
0.8354784526496675
0.8433244309717112
0.8508030022697091
0.8579012901952817
0.8646067124478359
0.8709070033614995
0.8767902360801798
0.8822448442693177
0.8872596433114185
0.8918238509891139
0.8959271075608538
0.8995594952024871
0.902711556771423
0.905374313829275
0.9075392839231242
0.9091984970474404
0.9103445112722579
0.9109704275035332
0.9110699033191076
0.9106371658848188
0.9096670238889832
0.9081548784956753
0.9060967332935413
0.9034892031918013
0.9003295222734005
0.8966155505618398
0.8923457797148573
0.8875193376343969
0.8821359919579677
0.8761961524517429
0.869700872276881
0.8626518481504964
0.855051419403653
0.8469025659211672
0.8382089049976126
0.8289746870919356
0.819204790506652
0.8089047150063711
0.79808057438005
0.7867390879931848
0.7748875713238846
0.7625339255144531
0.7496866259643575
0.7363547099856913
0.7225477635770921
0.7082759073202011
0.6935497814374399
0.6783805300455567
0.6627797846338914
0.6467596468236424
0.6303326704285233
0.6135118428678397
0.5963105659721568
0.5787426362113284
0.5608222244001654
0.5425638549125134
0.5239823844559963
0.5050929804517131
0.4859110990569224
0.4664524628882178
0.4467330384774771
0.4267690135108614
0.4065767738957217
0.3861728806957024
0.3655740469880714
0.3447971146775776
0.3238590313133909
0.3027768269524677
0.2815675911100186
0.2602484498464034
0.2388365430227148
0.2173490017665186
0.195802926186571
0.1742153633729961
0.1526032857236124
0.1309835696275446
0.1093729745423807
0.08778812249683104
0.06624547804816139
0.04476132872582402
0.02335176598880353
0.002032666724682437
-0.01918032468515115
-0.04027181371110939
-0.06122667240953548
-0.08203005552481674
-0.1026674159409268
-0.1231245194658374
-0.1433874589325175
-0.1634426676039406
-0.1832769318685953
-0.2028774032171767
-0.2222316094920487
-0.2413274654004983
-0.2601532822886072
-0.2786977771693404
-0.2969500810047115
-0.31489974624166
-0.3325367535993526
-0.3498515181131016
-0.3668348944349989
-0.3834781813979912
-0.3997731258496589
-0.4157119257612332
-0.4312872326255369
-0.4464921531492032
-0.4613202502545608
-0.4757655434036805
-0.4898225082520463
-0.5034860756473651
-0.5167516299870496
-0.5296150069581296
-0.5420724906773184
-0.5541208102417055
-0.5657571357116048
-0.5769790735406204
-0.587784661475205
-0.5981723629440191
-0.6081410609571417
-0.6176900515460528
-0.6268190367560527
-0.6355281172094003
-0.6438177842609332
-0.6516889117720435
-0.6591427475368623
-0.6661809043725975
-0.6728053508949737
-0.6790184020013285
-0.6848227090830422
-0.6902212499967406
-0.6952173188098093
-0.6998145153440721
-0.7040167345394092
-0.7078281556577993
-0.7112532313563652
-0.7142966766432723
-0.7169634577382484
-0.7192587808580243
-0.721188080943692
-0.7227570103536545
-0.7239714275373138
-0.7248373857142818
-0.7253611215770643
-0.7255490440272109
-0.7254077229641008
-0.7249438781396663
-0.7241643680985418
-0.7230761792186389
-0.721686414864089
-0.7200022846700512
-0.7180310939668429
-0.7157802333602855
-0.7132571684796157
-0.7104694298971975
-0.7074246032289586
-0.7041303194280558
-0.7005942452930806
-0.6968240741995191
-0.6928275170481116
-0.6886122934328497
-0.684186123040341
-0.6795567173001503
-0.6747317712912768
-0.6697189558960942
-0.6645259102012454
-0.6591602341544629
-0.6536294814934904
-0.6479411529492201
-0.642102689711824
-0.6361214671562471
-0.6300047888335271
-0.6237598807401098
-0.6173938858649874
-0.6109138590031641
-0.6043267618319909
-0.5976394582516358
-0.5908587099946955
-0.5839911725027578
-0.5770433910630178
-0.570021797204791
-0.5629327053494508
-0.5557823097093976
-0.5485766814326594
-0.5413217659910633
-0.5340233808134182
-0.5266872131530029
-0.5193188181821055
-0.5119236173087209
-0.5045068967129042
-0.4970738061025796
-0.4896293576775832
-0.4821784252925234
-0.4747257438129195
-0.467275908663303
-0.4598333755674805
-0.4524024604681524
-0.444987339616168
-0.4375920498233393
-0.430220488874922
-0.4228764160983016
-0.4155634530791628
-0.4082850845203395
-0.4010446592368957
-0.3938453912788822
-0.3866903611759127
-0.3795825172969886
-0.3725246773199289
-0.3655195298045106
-0.3585696358642093
-0.3516774309339266
-0.3448452266239852
-0.3380752126519141
-0.3313694588467156
-0.3247299172226856
-0.3181584241205741
-0.311656702407356
-0.3052263637275127
-0.2988689108008906
-0.2925857397638107
-0.2863781425508605
-0.2802473093102212
-0.274194330847282
-0.2682202010921504
-0.2623258195873366
-0.2565119939930147
-0.2507794426042549
-0.2451287968761391
-0.2395606039530458
-0.2340753291987602
-0.2286733587249512
-0.2233550019137326
-0.2181204939310847
-0.2129699982282069
-0.2079036090281688
-0.2029213537962581
-0.198023195690298
-0.1932090359883333
-0.1884787164914729
-0.1838320218996749
-0.1792686821590532
-0.1747883747781912
-0.1703907271115457
-0.1660753186083578
-0.1618416830259102
-0.1576893106066579
-0.1536176502169114
-0.1496261114458382
-0.1457140666636382
-0.1418808530380028
-0.1381257745084148
-0.1344481037170576
-0.1308470838955599
-0.1273219307070912
-0.1238718340435255
-0.1204959597779599
-0.117193451471497
-0.1139634320337183
-0.1108050053367277
-0.1077172577832117
-0.1046992598291729
-0.1017500674606634
-0.09886872362441383
-0.0960542596125331
-0.09330569640162484
-0.09062204594679595
-0.08800231243075962
-0.08544549346840576
-0.08295058126728444
-0.08051656374461053
-0.07814242560166706
-0.07582714935575813
-0.07356971633026013
-0.07136910760340004
-0.06922430491641654
-0.06713429154192802
-0.06509805311309547
-0.06311457841441068
-0.06118286013481085
-0.05930189558387435
-0.05747068737186507
-0.05568824405445026
-0.05395358074317422
-0.05226571968247633
-0.05062369079373785
-0.04902653218702959
-0.04747329064159376
-0.0459630220563253
-0.04449479187100079
-0.04306767545877521
-0.04168075849070161
-0.04033313727326212
-0.03902391905993025
-0.03775222233757724
-0.03651717708850158
-0.03531792502898197
-0.0341536198250359
-0.03302342728610538
-0.03192652553748341
-0.03086210517238857
-0.02982936938461697
-0.02882753408237921
-0.02785582798402611
-0.02691349269636073
-0.02599978277638469
-0.02511396577732937
-0.02425532227951688
-0.0234231459066178
-0.02261674332801617
-0.02183543424807789
-0.02107855138306191
-0.02034544042619093
-0.01963546000136272
-0.01894798160612047
-0.01828238954455731
-0.01763808085076086
-0.0170144652032894
-0.01641096483119039
-0.01582701441212005
-0.01526206096302921
-0.0147155637239526
-0.01418699403533872
-0.01367583520945531
-0.01318158239627644
-0.01270374244420256
-0.0122418337560097
-0.0117953861404462
-0.01136394065996576
-0.01094704947484644
-0.0105442756841722
-0.01015519316395283
-0.00977938640268404
-0.009416450334674203
-0.009065990171365232
-0.008727621231073015
-0.008400968767317813
-0.008085667796090015
-0.007781362922205689
-0.007487708164986051
-0.007204366783590999
-0.006931011102188344
-0.00666732233517124
-0.006412990412523519
-0.006167713805570267
-0.005931199353277559
-0.005703162089280858
-0.005483325069797617
-0.005271419202584313
-0.00506718307706469
-0.00487036279573462
-0.004680711806949054
-0.004497990739215847
-0.00432196723712931
-0.004152415799001562
-0.003989117616296278
-0.003831860414951396
-0.003680438298662363
-0.003534651594143748
-0.003394306698481802
-0.00325921592862035
-0.00312919737309821
-0.003004074746007905
-0.00288367724320912
-0.002767839400800094
-0.00265640095599377
-0.002549206710324129
-0.002446106395300774
-0.002346954540433775
-0.002251610343611832
-0.00215993754398777
-0.002071804297248632
-0.001987083053377461
-0.001905650436800789
-0.001827387128972523
-0.0017521777534128
-0.001679910763117008
-0.001610478330449276
-0.001543776239367901
-0.001479703780070084
-0.001418163645961115
-0.001359061832989336
-0.001302307541282564
-0.00124781307909212
-0.001195493769034233
-0.001145267856577381
-0.001097056420728701
-0.001050783286932205
-0.001006374942130535
-0.0009637604519462095
-0.0009228713799944833
-0.0008836417092504377
-0.0008460077654845249
-0.0008099081427025259
-0.0007752836305374101
-0.0007420771435998031
-0.0007102336527373752
-0.0006797001181559671
-0.0006504254244017612
-0.000622360317125887
-0.0005954573416500366
-0.000569670783226808
-0.0005449566090218832
-0.0005212724117704031
-0.0004985773550431239
-0.0004768321201111588
-0.0004559988543791156
-0.0004360411213265504
-0.0004169238519610735
-0.0003986132977012584
-0.0003810769847224662
-0.0003642836696480666
-0.0003482032966320043
-0.0003328069557476701
-0.0003180668426599303
-0.0003039562195694628
-0.0002904493773707537
-0.0002775215990323748
-0.000265149124104387
-0.0002533091143879345
-0.0002419796206956723
-0.0002311395507040514
-0.0002207686378218398
-0.0002108474111022064
-0.0002013571661390204
-0.0001922799369156293
-0.000183598468607137
-0.0001752961912631326
-0.0001673571943994039
-0.0001597662024630553
-0.0001525085511074138
-0.0001455701641995663
-0.0001389375316563705
-0.0001325976880975582
-0.0001265381923698019
-0.0001207471076628646
-0.0001152129822169991
-0.0001099248306528701
-0.000104872116063538
-0.0001000447327951719
-9.543298984861719e-05
-9.102759480557121e-05
-8.681963835118868e-05
-8.280057933060982e-05
-7.896223037738029e-05
-7.529674403454221e-05
-7.179659940725816e-05
-6.8454589285302e-05
-6.526380774116263e-05
-6.221763818589771e-05
-5.930974186384372e-05
-5.653404678226536e-05
-5.388473703914895e-05
-5.135624256067815e-05
-4.894322922423396e-05
-4.664058933238021e-05
-4.444343248189169e-05
-4.234707674415088e-05
-4.034704021403695e-05
-3.843903284502104e-05
-3.661894862803524e-05
-3.488285805172498e-05
-3.322700084837374e-05
-3.164777905777289e-05
-3.014175031251332e-05
-2.870562140405815e-05
-2.733624211155529e-05
-2.603059924808046e-05
-2.478581097903964e-05
-2.359912130793098e-05
-2.246789482246838e-05
-2.13896116465143e-05
-2.036186258017979e-05
-1.938234442540949e-05
-1.844885552518296e-05
-1.755929145495254e-05
-1.671164090173054e-05
-1.59039817136573e-05
-1.51344770886785e-05
-1.440137193966845e-05
-1.370298940101274e-05
-1.303772745587941e-05
-1.240405574076055e-05
-1.180051244637148e-05
-1.122570137216677e-05
-1.067828907565636e-05
-1.015700216314461e-05
-9.66062467387536e-06
-9.187995591164483e-06
-8.738006448628901e-06
-8.309599020578138e-06
-7.901763133885548e-06
-7.513534566057675e-06
-7.143993012163691e-06
-6.792260161729684e-06
-6.457497842113042e-06
-6.138906248631618e-06
-5.835722243328242e-06
-5.547217731324122e-06
-5.272698097605589e-06
-5.0115007275389e-06
-4.7629935640555e-06
-4.526573752974917e-06
-4.301666336692549e-06
-4.087723004672358e-06
-3.884220893910723e-06
-3.690661433326879e-06
-3.506569265038094e-06
-3.33149118673259e-06
-3.164995154586613e-06
-3.006669320311307e-06
-2.856121116531534e-06
-2.712976380906737e-06
-2.576878517395049e-06
-2.447487687828963e-06
-2.324480068281958e-06
-2.207547095643859e-06
-2.096394763490475e-06
-1.990742973593478e-06
-1.890324892105231e-06
-1.79488632595975e-06
-1.70418515283741e-06
-1.617990754027532e-06
-1.536083490079029e-06
-1.458254179451582e-06
-1.384303633689225e-06
-1.314042175839697e-06
-1.247289202006959e-06
-1.18387276092276e-06
-1.123629150100688e-06
-1.066402525005302e-06
-1.012044537411138e-06
-9.60413973695386e-07
-9.113764363215979e-07
-8.648040033152574e-07
-8.205749426285433e-07
-7.78573406834121e-07
-7.386891658611392e-07
-7.008173304330277e-07
-6.648581126610424e-07
-6.307165623135562e-07
-5.983023590657551e-07
-5.675295791992924e-07
-5.383164906214367e-07
-5.105853489248954e-07
-4.842622191369136e-07
-4.592767828453425e-07
-4.355621692837047e-07
-4.130547843724932e-07
-3.916941520662944e-07
-3.714227786809706e-07
-3.52185997288024e-07
-3.339318392329394e-07
-3.166108974942007e-07
-3.00176196313018e-07
-2.84583088465299e-07
-2.697891380242363e-07
-2.55754013542195e-07
-2.424393799370214e-07
-2.29808803952272e-07
-2.178276684098238e-07
-2.064630686121789e-07
-1.956837485955671e-07
-1.854600025774328e-07
-1.757636162037566e-07
-1.665677747512625e-07
-1.578470132452577e-07
-1.495771365999578e-07
-1.417351596385324e-07
-1.342992490813788e-07
-1.272486802374471e-07
-1.205637566614505e-07
-1.14225775520565e-07
-1.082169726745654e-07
-1.025204938922076e-07
-9.71203194673235e-08
-9.20012450447774e-08
-8.714882764419476e-08
-8.254936718734384e-08
-7.818984609984935e-08
-7.4057908425638e-08
-7.014183109406981e-08
-6.643048271718292e-08
-6.291330408775511e-08
-5.958026762746661e-08
-5.64218473618007e-08
-5.342901007032466e-08
-5.059318405113189e-08
-4.790623451322518e-08
-4.536044031588302e-08
-4.294847129695406e-08
-4.066338390309587e-08
-3.849858280821743e-08
-3.644781186783552e-08
-3.450513688892609e-08
-3.266492759477405e-08
-3.092184561637117e-08
-2.927081929856106e-08
-2.770704781348185e-08
-2.62259650453743e-08
-2.482325406971167e-08
-2.349481289132533e-08
-2.2236755025392e-08
-2.104539165167833e-08
-1.991723170279117e-08
-1.884895453346422e-08
-1.783741960351874e-08
-1.687964874908958e-08
-1.597280921486804e-08
-1.511422646527629e-08
-1.430135595883288e-08
-1.353178651777993e-08
-1.280324192390211e-08
-1.211355510818157e-08
-1.146067656638158e-08
-1.084266622524879e-08
-1.025767332551932e-08
-9.703958050009563e-09
-9.179867130978039e-09
-8.683825160479523e-09
-8.214352050518679e-09
-7.770034857483463e-09
-7.349534303342188e-09
-6.951594871781905e-09
-6.575012197039218e-09
-6.218653268523853e-09
-5.881445832111826e-09
-5.562368335941661e-09
-5.260455047802326e-09
-4.974792869056983e-09
-4.704518593288736e-09
-4.448805277490964e-09
-4.206876045849675e-09
-3.977994089288187e-09
-3.761460528771276e-09
-3.55661828190691e-09
-3.362837060688159e-09
-3.179528237761117e-09
-3.006133178945128e-09
-2.842121728194255e-09
-2.686986472577568e-09
-2.540253559281973e-09
-2.401475790342434e-09
-2.270222797902911e-09
-2.146089649672796e-09
-2.028692625657339e-09
-1.917673363444081e-09
-1.812683242989269e-09
-1.713396838657254e-09
-1.619504054770116e-09
-1.530716334195634e-09
-1.446760160892074e-09
-1.367375230462663e-09
-1.292314154837695e-09
-1.221344035443066e-09
-1.154244316013863e-09
-1.090808140506492e-09
-1.030833121446209e-09
-9.741315378046352e-10
-9.205302587091659e-10
-8.698584216688848e-10
-8.219553469374426e-10
-7.766755432291806e-10
-7.338686522691088e-10
-6.93408465724194e-10
-6.551619733513451e-10
-6.190083406246101e-10
-5.848337778849076e-10
-5.52537549959988e-10
-5.220164210820749e-10
-4.931696102902798e-10
-4.659075761500773e-10
-4.401409932868646e-10
-4.157912692365769e-10
-3.927774657571317e-10
-3.71028626986275e-10
-3.50477955816139e-10
-3.310564987139172e-10
-3.127053116871311e-10
-2.953633441040303e-10
-2.789804273822902e-10
-2.635016496001614e-10
-2.488763789311173e-10
-2.35061381531369e-10
-2.22010303584877e-10
-2.096806456074315e-10
-1.980305114845147e-10
-1.870199706680607e-10
-1.766168084815645e-10
-1.667878011486675e-10
-1.574989306550591e-10
-1.487268646559596e-10
-1.404382161266119e-10
-1.326113878420442e-10
-1.252214293900564e-10
-1.182383876708734e-10
-1.116432220440063e-10
-1.054187801662367e-10
-9.953687024194745e-11
-9.398427172771113e-11
-8.873755085815773e-11
-8.378516977396626e-11
-7.910404107955849e-11
-7.468458179468599e-11
-7.050876888927698e-11
-6.656510581385322e-11
-6.28438469244037e-11
-5.932943325591533e-11
-5.600963861168051e-11
-5.28696148237716e-11
-4.990500735927206e-11
-4.710517090525618e-11
-4.446087161237182e-11
-4.196522672930218e-11
-3.961158171244817e-11
-3.739181557441339e-11
-3.529271500505816e-11
-3.331060154187473e-11
-3.14431119993183e-11
-2.967815250949559e-11
-2.801448076263333e-11
-2.644591538442271e-11
-2.496242791638023e-11
-2.356286663851683e-11
-2.224258865251291e-11
-2.099038009041264e-11
-1.980731096246752e-11
-1.868755329779015e-11
-1.76331393038161e-11
-1.663690309869659e-11
-1.569568615251927e-11
-1.480779129317441e-11
-1.397160594545034e-11
-1.318467168935305e-11
-1.244020402596924e-11
-1.174221197245252e-11
-1.108183670927246e-11
-1.045993976887436e-11
-9.871542319251881e-12
-9.317420694297401e-12
-8.791696740554101e-12
-8.297924282078255e-12
-7.828898701070174e-12
-7.386357956017462e-12
-6.968111590748943e-12
-6.57207775384855e-12
-6.19616117321657e-12
-5.843784398914826e-12
-5.512584219638673e-12
-5.198780066702071e-12
-4.906533906440334e-12
-4.630416076384889e-12
-4.370161379483503e-12
-4.123676763566591e-12
-3.889985666309634e-12
-3.6685539425161e-12
-3.458370531680307e-12
-3.26091952641236e-12
-3.074382515610058e-12
-2.900443282505126e-12
-2.737779776809341e-12
-2.585135399797508e-12
-2.438447338597409e-12
-2.303199009713238e-12
-2.17437941129091e-12
-2.052145108014761e-12
-1.935007922162402e-12
-1.821128900320365e-12
-1.71154733188249e-12
-1.612520437417409e-12
-1.523539481749094e-12
-1.439930608035592e-12
-1.36015445701507e-12
-1.284975662527474e-12
-1.211435969902982e-12
-1.138428733124653e-12
-1.068506550607131e-12
-1.003941349875095e-12
-9.51421733890872e-13
-9.006725719082562e-13
-8.504398092305321e-13
-8.05436188392538e-13
-7.591489318324735e-13
-7.118854591018756e-13
-6.713228206564031e-13
-6.343326325505648e-13
-6.003559520526343e-13
-5.69518021114819e-13
-5.369778757791798e-13
-5.058640626655413e-13
-4.751680910752397e-13
-4.435949827647004e-13
-4.130499089763717e-13
-3.907666070726645e-13
-3.677622575286336e-13
-3.426120650894659e-13
-3.250830575023242e-13
-3.10174885731268e-13
-2.947756758955347e-13
-2.82926828255747e-13
-2.696287785943853e-13
-2.587872598803993e-13
-2.41276172541153e-13
-2.242925519260707e-13
-2.100327822473876e-13
-1.96682472884263e-13
-1.860799159529518e-13
-1.741448817870024e-13
-1.618266757901242e-13
-1.476217621798694e-13
-1.371876161510508e-13
-1.263809582305624e-13
-1.194088879291099e-13
