-2.547863887038959e-13
-1.641699859660242e-13
-1.041638915904908e-13
-6.692568411273847e-14
-4.3559066880406e-14
-2.867762459142431e-14
-1.882039920422661e-14
-1.206426077676392e-14
-7.159762500584883e-15
-3.126700241184089e-15
9.892803014604307e-16
5.336555331925315e-15
1.062151854086232e-14
1.746136547524891e-14
2.647954448511053e-14
3.814101627605271e-14
5.381216058856566e-14
7.509227057159555e-14
1.033759079573653e-13
1.416982879460071e-13
1.929529055884686e-13
2.617053407243725e-13
3.543660729446375e-13
4.793136074648196e-13
6.459011465828818e-13
8.692076666550231e-13
1.166191491149411e-12
1.559942755013077e-12
2.08101707278724e-12
2.766465531919485e-12
3.667262240597478e-12
4.845167162799697e-12
6.379964082272372e-12
8.373229188339384e-12
1.095497744387446e-11
1.428845380876885e-11
1.857780751033879e-11
2.40840783482778e-11
3.112870933630272e-11
4.012013661277871e-11
5.156324531584611e-11
6.608785213540483e-11
8.447913574437378e-11
1.077027873671771e-10
1.369560405605135e-10
1.737152557009843e-10
2.197915130264753e-10
2.774094197524596e-10
3.492901613634243e-10
4.387578185292455e-10
5.498572007340391e-10
6.87509752889193e-10
8.576795278138022e-10
1.067584892213995e-09
1.325942020536712e-09
1.643247636661161e-09
2.032129954884343e-09
2.507733915816841e-09
3.088199306831884e-09
3.795199992036541e-09
4.654585397836342e-09
5.697125822091523e-09
6.959374557263532e-09
8.484673188557652e-09
1.032431834386933e-08
1.253890757337622e-08
1.51998904096261e-08
1.839136550597757e-08
2.221213957899404e-08
2.677809765034493e-08
3.222491566960104e-08
3.871116988371827e-08
4.642188711480913e-08
5.557260152527408e-08
6.641396008014716e-08
7.923698015921683e-08
9.437900307932982e-08
1.122304492313798e-07
1.332424623379626e-07
1.579355549796529e-07
1.86909342159445e-07
2.20853538938116e-07
2.605603032781364e-07
3.069381153856516e-07
3.610273419429379e-07
4.240176651206429e-07
4.972675698347915e-07
5.823261146066941e-07
6.809571929541661e-07
7.951665504659993e-07
9.272318256554902e-07
1.079735887062365e-06
1.255603795250491e-06
1.458143708504912e-06
1.691092091301877e-06
1.958663595472964e-06
2.265606027624434e-06
2.617260812133353e-06
3.019629401446954e-06
3.479446102672585e-06
4.00425780636704e-06
4.602511137894827e-06
5.283647640455339e-06
6.058207819272849e-06
6.93794460492576e-06
7.935946849529854e-06
9.066773560286794e-06
1.034659963120199e-05
1.1793373810334e-05
1.342698975796421e-05
1.526947099628888e-05
1.734517064595358e-05
1.968098684042482e-05
2.230659474871298e-05
2.525469616667917e-05
2.856128766004908e-05
3.226594825260799e-05
3.641214769998593e-05
4.104757637601034e-05
4.622449782433207e-05
5.200012504979438e-05
5.843702158691082e-05
6.560352843007955e-05
7.357421785669187e-05
8.243037518575762e-05
9.226050947836398e-05
0.0001031608941649453
0.0001152361386905952
0.0001285997925643141
0.0001433749825153882
0.0001596950835167591
0.0001777044244524867
0.0001975590291341718
0.0002194273933029154
0.0002434912981184042
0.000269946660527854
0.0002990044207835846
0.0003308914671916074
0.0003658515980615587
0.0004041465209729984
0.0004460568922882302
0.0004918833980113097
0.0005419478725093481
0.0005965944513396513
0.0006561907587637138
0.0007211291309950868
0.0007918278744860341
0.0008687325568805149
0.0009523173290268549
0.001043086276010717
0.001141574795631571
0.001248351002122045
0.001364017152116144
0.001489211090601015
0.001624607713209026
0.001770920441891904
0.001928902710429109
0.002099349455349974
0.0022830986088581
0.002481032588501761
0.002694079779331068
0.002923216003589162
0.003169465971913782
0.003433904711551049
0.003717658964583419
0.004021908550745607
0.004347887688508465
0.004696886266877101
0.00507025106242033
0.005469386892994612
0.005895757701711208
0.006350887563781106
0.006836361607335605
0.007353826842286987
0.007904992887316706
0.008491632587950748
0.009115582517660837
0.009778743352272717
0.01048308011194258
0.01123062225984573
0.01202346365061153
0.01286376232042095
0.01375374010875327
0.01469568210690889
0.01569193592226309
0.01674491075234314
0.01785707626148948
0.01903096125040554
0.02026915211548464
0.02157429108746951
0.02294907424556889
0.02439624930151703
0.02591861314514898
0.02751900915133837
0.02920032423917388
0.03096548568236808
0.03281745766800368
0.03475923759750617
0.03679385213383232
0.03892435298777779
0.04115381244603595
0.0434853186415853
0.0459219705635131
0.04846687281555077
0.05112313011877628
0.05389384156568227
0.0567820946303861
0.05979095893557138
0.06292347979093435
0.06618267150189637
0.06957151046126167
0.07309292803328085
0.07674980323433256
0.08054495523104442
0.08448113565787964
0.08856102077249714
0.09278720346303512
0.09716218511476471
0.1016883673621866
0.1063680437321174
0.1112033912021319
0.1161964616929472
0.1213491735045692
0.1266633027273597
0.1321404746360127
0.1377821550955294
0.1435896420011914
0.1495640567644807
0.1557063358807964
0.1620172225877971
0.1684972586460463
0.1751467762659484
0.1819658901946433
0.1889544900028768
0.1961122325794835
0.2034385348663724
0.2109325668584777
0.2185932448815721
0.2264192251891305
0.2344088978838696
0.2425603811963976
0.2508715161441901
0.2593398615827582
0.2679626896928344
0.2767369819020406
0.2856594252633662
0.2947264093099334
0.3039340234086221
0.3132780546772137
0.3227539864305948
0.3323569970865912
0.342081959543295
0.3519234412559912
0.3618757054344083
0.3719327129417586
0.3820881238830704
0.3923352987965554
0.4026673007966158
0.41307690018628
0.4235565802723908
0.4340985428676244
0.4446947133297687
0.4553367462368909
0.46601603231758
0.4767237061960438
0.487450654652937
0.49818752536876
0.5089247362552333
0.5196524854415797
0.5303607618451573
0.5410393563006758
0.5516778732310967
0.5622657428399717
0.5727922338387379
0.5832464666592027
0.5936174271412418
0.6038939806734639
0.6140648867482298
0.6241188139324544
0.6340443552015299
0.6438300436237496
0.6534643683670007
0.6629357909812578
0.6722327619507652
0.6813437374605625
0.6902571963638194
0.6989616573178968
0.7074456960349172
0.7156979626343579
0.7237071990419705
0.7314622564207088
0.7389521125996935
0.74616588944437
0.75309287015382
0.7597225164287886
0.7660444854934738
0.7720486469369749
0.7777250993223385
0.7830641865533213
0.788056513940659
0.7926929639471121
0.7969647115791533
0.800863239381543
0.8043803520300719
0.8075081904661709
0.8102392455517853
0.8125663712168186
0.814482797065228
0.8159821404424979
0.817058417911702
0.8177060561209525
0.8179199020402038
0.8176952325385523
0.8170277633053126
0.815913657075761
0.8143495311594124
0.8123324642561374
0.8098600025317588
0.8069301649585429
0.803541447893963
0.7996928289009789
0.7953837698037473
0.7906142189640141
0.7853846127947041
0.7796958764896181
0.7735494239777905
0.7669471571042203
0.7598914640323947
0.7523852168913873
0.7444317686561914
0.7360349492749096
0.7271990610526776
0.7179288732998202
0.7082296162750745
0.6981069744197168
0.6875670789014997
0.676616499485361
0.6652622357445335
0.6535117076447637
0.6413727455094137
0.6288535793953084
0.6159628279015913
0.6027094864254399
0.5891029148967031
0.5751528250100423
0.5608692669905192
0.5462626159189992
0.5313435576360495
0.5161230742593728
0.5006124293366293
0.4848231526691478
0.4687670248355886
0.4524560614395336
0.4359024971171885
0.4191187693291394
0.4021175019707237
0.3849114888309591
0.3675136769261153
0.3499371497429311
0.3321951104165198
0.3143008648763539
0.2962678049891806
0.278109391724099
0.2598391383718249
0.2414705938426153
0.2230173260723466
0.2044929055635402
0.1859108890863179
0.1672848035675822
0.1486281301904493
0.1299542887297518
0.1112766221462493
0.09260838145988559
0.07396271092462209
0.05535263352545445
0.03679103681883542
0.01829065913428859
-0.0001359238461572838
-0.01847631211363253
-0.03671829394746735
-0.05484985810459194
-0.07285920556974458
-0.09073476085374002
-0.1084651828296953
-0.1260393750962649
-0.1434464958575927
-0.1606759673111635
-0.1777174845365841
-0.1945610238821893
-0.2111968508423593
-0.2276155274210087
-0.2438079189778066
-0.2597652005547763
-0.2754788626843745
-0.2909407166768916
-0.3061428993883976
-0.3210778774710047
-0.335738451107417
-0.3501177572367702
-0.3642092722729963
-0.3780068143215018
-0.3915045449000217
-0.4046969701690221
-0.4175789416812662
-0.4301456566566129
-0.4423926577947453
-0.4543158326355202
-0.4659114124729042
-0.4771759708345002
-0.4881064215358377
-0.4987000163236062
-0.5089543421199905
-0.518867317879095
-0.5284371910724062
-0.537662533812886
-0.5465422386344684
-0.5550755139408428
-0.5632618791324723
-0.5711011594247297
-0.5785934803734054
-0.5857392621321674
-0.592539213457377
-0.5989943254640309
-0.6051058651431502
-0.6108753686597858
-0.6163046344582634
-0.6213957161900635
-0.6261509154674492
-0.6305727744529459
-0.6346640683037797
-0.6384277974981823
-0.6418671800581929
-0.6449856436706086
-0.647786817714785
-0.6502745252159542
-0.6524527747494123
-0.6543257523092275
-0.6558978131431603
-0.6571734735636461
-0.658157402749565
-0.6588544145580287
-0.6592694593580088
-0.6594076158925367
-0.6592740831832616
-0.6588741724844382
-0.6582132992954036
-0.6572969754415181
-0.6561308012355501
-0.6547204577352543
-0.653071699098885
-0.6511903450436715
-0.6490822734151134
-0.6467534128776895
-0.6442097357406583
-0.6414572509185219
-0.6385019970272819
-0.6353500356225528
-0.6320074445905149
-0.6284803117052701
-0.6247747283484189
-0.6208967833900567
-0.6168525572349602
-0.6126481160404765
-0.6082895061129722
-0.6037827484822822
-0.5991338336583627
-0.5943487165720646
-0.5894333116981582
-0.5843934883623932
-0.5792350662328034
-0.5739638109964875
-0.5685854302224327
-0.5631055694116137
-0.5575298082393999
-0.5518636569837146
-0.5461125531338253
-0.5402818581788501
-0.5343768545789156
-0.5284027429225439
-0.5223646392630843
-0.5162675726290301
-0.5101164827060949
-0.5039162176912816
-0.4976715323201228
-0.4913870860604757
-0.4850674414684377
-0.4787170627034197
-0.4723403142001176
-0.465941459496667
-0.4595246602128252
-0.4530939751740271
-0.4466533596776788
-0.4402066648982934
-0.433757637429323
-0.4273099189560335
-0.4208670460551701
-0.4144324501175219
-0.4080094573896918
-0.4016012891331557
-0.3952110618942246
-0.3888417878805406
-0.3824963754398904
-0.3761776296372711
-0.3698882529271192
-0.3636308459154369
-0.3574079082073099
-0.3512218393358317
-0.3450749397691539
-0.3389694119935364
-0.332907361666441
-0.3268907988353749
-0.3209216392186758
-0.3150017055443347
-0.3091327289440794
-0.3033163503979817
-0.2975541222256912
-0.2918475096207826
-0.2861978922253006
-0.2806065657424486
-0.2750747435825247
-0.2696035585378161
-0.2641940644834244
-0.2588472381020432
-0.2535639806313397
-0.2483451196293004
-0.2431914107540554
-0.238103539555498
-0.2330821232761913
-0.2281277126595211
-0.2232407937620993
-0.2184217897680897
-0.2136710628031436
-0.2089889157459906
-0.2043755940365012
-0.1998312874771662
-0.1953561320259289
-0.1909502115784968
-0.1866135597383768
-0.1823461615733096
-0.1781479553562005
-0.1740188342892771
-0.1699586482100335
-0.1659672052773982
-0.1620442736369389
-0.1581895830639956
-0.1544028265843767
-0.1506836620715134
-0.1470317138181674
-0.1434465740813421
-0.1399278046002073
-0.136474938087312
-0.1330874796923382
-0.1297649084368188
-0.1265066786189792
-0.1233122211886136
-0.1201809450921314
-0.1171122385874422
-0.1141054705280857
-0.1111599916167077
-0.1082751356272747
-0.10545022059552
-0.1026845499776497
-0.09997741377759294
-0.09732808964326982
-0.09473584393143367
-0.09219993274090277
-0.08971960291430381
-0.08729409300878893
-0.08492263423628992
-0.08260445137305222
-0.08033876363836523
-0.07812478554281153
-0.07596172770676982
-0.0738487976499297
-0.07178520055168072
-0.06977013998240972
-0.06780281860611596
-0.06588243885504586
-0.06400820357697423
-0.06217931665537013
-0.06039498360287032
-0.05865441212851609
-0.05695681267930015
-0.05530139895659037
-0.05368738840791686
-0.0521140026947786
-0.05058046813700001
-0.04908601613385778
-0.04762988356244745
-0.04621131315395485
-0.04482955384856635
-0.04348386112957934
-0.04217349733719154
-0.04089773196266276
-0.03965584192322317
-0.03844711181821063
-0.03727083416690152
-0.03612630962880552
-0.03501284720704139
-0.03392976443519141
-0.03287638754805786
-0.03185205163687611
-0.03085610078966336
-0.02988788821739559
-0.02894677636631809
-0.02803213701675586
-0.02714335136888719
-0.02627981011611955
-0.02544091350656669
-0.0246260713930842
-0.0238347032724424
-0.02306623831404896
-0.02232011537854809
-0.02159578302673907
-0.02089269951926914
-0.02021033280760626
-0.01954816051667526
-0.0189056699195715
-0.01828235790468566
-0.01767773093567426
-0.01709130500453268
-0.01652260557815324
-0.01597116753886711
-0.01543653511945295
-0.0149182618327451
-0.01441591039604414
-0.01392905265060359
-0.01345726947671831
-0.0130001507048727
-0.01255729502300719
-0.01212830988012714
-0.01171281138645772
-0.01131042421059683
-0.01092078147393265
-0.01054352464253018
-0.01017830341658585
-0.009824775617766904
-0.009482607074631378
-0.009151471506434436
-0.008831050405461892
-0.008521032918042135
-0.008221115724470833
-0.007931002917946489
-0.007650405882690302
-0.007379043171442089
-0.007116640382564764
-0.006862930036881121
-0.006617651454328788
-0.006380550630539562
-0.006151380113482951
-0.005929898880311237
-0.005715872214484506
-0.005509071583354275
-0.005309274516310197
-0.005116264483603384
-0.004929830775791578
-0.004749768383988602
-0.004575877880974302
-0.004407965303263655
-0.004245842034195582
-0.004089324688156717
-0.003938234995887647
-0.003792399691037323
-0.003651650397936892
-0.003515823520683753
-0.003384760133581346
-0.003258305872962835
-0.003136310830445746
-0.003018629447619287
-0.00290512041220851
-0.002795646555765654
-0.002690074752881897
-0.002588275821976882
-0.002490124427681517
-0.002395498984791901
-0.002304281563817989
-0.002216357798136605
-0.002131616792737507
-0.002049951034643858
-0.00197125630496126
-0.001895431592532114
-0.001822379009255025
-0.001752003707003859
-0.00168421379614392
-0.001618920265752469
-0.001556036905350452
-0.001495480228348974
-0.001437169397005846
-0.001381026148972177
-0.001326974725433329
-0.001274941800853062
-0.001224856414372276
-0.001176649902583021
-0.0011302558333766
-0.001085609941318837
-0.00104265006530485
-0.001001316088294169
-0.0009615498780380037
-0.0009232952279902201
-0.0008864977994250288
-0.0008511050656856532
-0.000817066258387746
-0.0007843323148605682
-0.0007528558265971002
-0.000722590988916537
-0.0006934935519512647
-0.0006655207729851934
-0.0006386313699998603
-0.0006127854764454371
-0.0005879445971682768
-0.000564071565542378
-0.0005411305017226406
-0.0005190867720665907
-0.0004979069496276351
-0.0004775587757364678
-0.0004580111226575682
-0.0004392339572664509
-0.0004211983057615805
-0.0004038762193377629
-0.0003872407408931327
-0.0003712658726300705
-0.000355926544613719
-0.0003411985842455093
-0.0003270586866015266
-0.0003134843856572426
-0.0003004540263524018
-0.000287946737501237
-0.0002759424054811504
-0.0002644216487281212
-0.0002533657930012789
-0.0002427568473809318
-0.0002325774810177645
-0.0002228110005952868
-0.0002134413284580236
-0.0002044529814477537
-0.0001958310503783345
-0.0001875611801683106
-0.0001796295505743433
-0.0001720228575605476
-0.0001647282952288702
-0.0001577335383524343
-0.0001510267254456367
-0.0001445964423925617
-0.0001384317066067247
-0.0001325219516893013
-0.0001268570126005441
-0.0001214271113111733
-0.0001162228429188137
-0.0001112351622398652
-0.0001064553708295421
-0.0001018751044393083
-9.748632089310712e-05
-9.328128836637519e-05
-8.925257407012305e-05
-8.539303329630031e-05
-8.169579886674449e-05
-7.815427091505941e-05
-7.476210701728659e-05
-7.151321268840795e-05
-6.840173217180369e-05
-6.542203956851235e-05
-6.25687302628326e-05
-5.983661265758099e-05
-5.722070018796272e-05
-5.471620362449632e-05
-5.23185236301843e-05
-5.002324360042441e-05
-4.782612274923718e-05
-4.572308942156904e-05
-4.371023467801912e-05
-4.178380608121803e-05
-3.994020172032456e-05
-3.817596443107556e-05
-3.648777625882881e-05
-3.487245308995603e-05
-3.332693948643129e-05
-3.184830371483165e-05
-3.043373295504114e-05
-2.908052867599329e-05
-2.778610219100441e-05
-2.654797037746095e-05
-2.53637515408903e-05
-2.423116145080078e-05
-2.314800951102417e-05
-2.211219506769411e-05
-2.112170387176884e-05
-2.017460466487341e-05
-1.926904588479224e-05
-1.840325252552118e-05
-1.757552306552987e-05
-1.67842265613848e-05
-1.602779981678968e-05
-1.530474468334661e-05
-1.461362545619127e-05
-1.395306635402986e-05
-1.332174911822457e-05
-1.27184106918467e-05
-1.214184099546456e-05
-1.159088077535195e-05
-1.106441954784626e-05
-1.056139361899121e-05
-1.008078418398806e-05
-9.621615498433569e-06
-9.182953106022131e-06
-8.763902165841627e-06
-8.363605815592234e-06
-7.981243630059002e-06
-7.616030104406249e-06
-7.267213228541494e-06
-6.934073098378481e-06
-6.615920587258532e-06
-6.312096084341864e-06
-6.02196825578258e-06
-5.744932865184918e-06
-5.480411672421186e-06
-5.227851324976666e-06
-4.986722325596185e-06
-4.756518036937336e-06
-4.536753729577266e-06
-4.326965654608566e-06
-4.126710159439042e-06
-3.935562855304709e-06
-3.753117791460413e-06
-3.578986684746145e-06
-3.412798167244604e-06
-3.254197073949613e-06
-3.102843759919643e-06
-2.958413426342129e-06
-2.820595502796865e-06
-2.689093035178675e-06
-2.563622101416444e-06
-2.443911266364291e-06
-2.329701032913876e-06
-2.220743345808575e-06
-2.116801085167609e-06
-2.017647613662764e-06
-1.923066308330863e-06
-1.832850139150032e-06
-1.746801248947119e-06
-1.664730571358421e-06
-1.586457438158779e-06
-1.511809200710158e-06
-1.440620879222112e-06
-1.372734887115797e-06
-1.308000730512363e-06
-1.246274685054245e-06
-1.18741939384792e-06
-1.131303540077013e-06
-1.07780165500011e-06
-1.026793932427887e-06
-9.781660104420086e-07
-9.318086888421058e-07
-8.876176707938923e-07
-8.454933555575432e-07
-8.053406321964039e-07
-7.670686831716972e-07
-7.305908107738264e-07
-6.9582423137944e-07
-6.626899128831214e-07
-6.311124021046901e-07
-6.010196754250875e-07
-5.723429851027445e-07
-5.450167078010361e-07
-5.189782035615001e-07
-4.941676895481208e-07
-4.705281083437016e-07
-4.480050168687295e-07
-4.265464515873221e-07
-4.061028260857287e-07
-3.866268323014174e-07
-3.680733253616527e-07
-3.503992316864993e-07
-3.335634622557289e-07
-3.17526808465747e-07
-3.0225186857039e-07
-2.877029584632952e-07
-2.738460479499595e-07
-2.606486714588104e-07
-2.48079861306385e-07
-2.361100839273424e-07
-2.247111630021083e-07
-2.138562391494502e-07
-2.035196967586094e-07
-1.936771001880158e-07
-1.84305155918536e-07
-1.753816457469239e-07
-1.66885391050173e-07
-1.587961952309385e-07
-1.510947987698923e-07
-1.437628499478359e-07
-1.367828453584051e-07
-1.301380976043221e-07
-1.238127006220068e-07
-1.17791493535615e-07
-1.120600259645259e-07
-1.066045254959239e-07
-1.014118605565411e-07
-9.646952152066001e-08
-9.176558171445508e-08
-8.728867202679868e-08
-8.302796850430327e-08
-7.897314793603175e-08
-7.511438034094436e-08
-7.144229287701078e-08
-6.794795813754083e-08
-6.462286309696451e-08
-6.145890933876798e-08
-5.844837064054415e-08
-5.558389007112557e-08
-5.285846051369127e-08
-5.026540507901708e-08
-4.779836508577739e-08
-4.545127717821784e-08
-4.321837173389126e-08
-4.10941561092783e-08
-3.907339036238801e-08
-3.715109458207243e-08
-3.532251598268185e-08
-3.358313307023558e-08
-3.192863961067441e-08
-3.035493402386434e-08
-2.885811133371887e-08
-2.743445791879506e-08
-2.608042720532755e-08
-2.479265322545347e-08
-2.356792752880031e-08
-2.240319119304347e-08
-2.129553142208791e-08
-2.024217691776525e-08
-1.924049482038915e-08
-1.8287973857708e-08
-1.738221559314495e-08
-1.65209536135462e-08
-1.570201892964298e-08
-1.492335205999839e-08
-1.418298937888213e-08
-1.347906534576231e-08
-1.280980464258529e-08
-1.217351646656872e-08
-1.156858494201839e-08
-1.099348350077288e-08
-1.044675337366319e-08
-9.927005454336608e-09
-9.432920925984397e-09
-8.96324543533364e-09
-8.516781114135335e-09
-8.092389969737939e-09
-7.68899450645207e-09
-7.305560395223453e-09
-6.94110946945956e-09
-6.594704988754044e-09
-6.265461368494223e-09
-5.952539196752732e-09
-5.655133756880347e-09
-5.372482876921649e-09
-5.103861585485273e-09
-4.848580816230767e-09
-4.605982160231352e-09
-4.375440133108211e-09
-4.156357832389862e-09
-3.948175917239522e-09
-3.750348491403543e-09
-3.562368927791897e-09
-3.38375257779005e-09
-3.214032319425903e-09
-3.052765834765339e-09
-2.899538205921477e-09
-2.753950356586499e-09
-2.615623907819796e-09
-2.484199496823359e-09
-2.359336506464627e-09
-2.240710442238278e-09
-2.128016146250377e-09
-2.020954019334102e-09
-1.919246478382173e-09
-1.822627310981153e-09
-1.730844992123945e-09
-1.643656889753435e-09
-1.560834866907394e-09
-1.482162534215837e-09
-1.407434182750428e-09
-1.336448249968352e-09
-1.269025501952204e-09
-1.204979257011973e-09
-1.144147464496864e-09
-1.086368023961243e-09
-1.031491707031571e-09
-9.79369206339852e-10
-9.298656868921702e-10
-8.828486043484165e-10
-8.381970830556788e-10
-7.957900782594521e-10
-7.555176383588426e-10
-7.172759085324223e-10
-6.809589688127356e-10
-6.464719949856714e-10
-6.137232293943445e-10
-5.826241388555942e-10
-5.530961976929461e-10
-5.250531028288044e-10
-4.984236915269125e-10
-4.731416642145877e-10
-4.491361158971889e-10
-4.263423396345068e-10
-4.046985088871557e-10
-3.841480412068129e-10
-3.646355047520667e-10
-3.461058538039008e-10
-3.285142248616308e-10
-3.118115016300318e-10
-2.959559966748621e-10
-2.809056926510567e-10
-2.666153406572641e-10
-2.530444728124319e-10
-2.401584585171029e-10
-2.2792773240002e-10
-2.163182747165918e-10
-2.05296508756701e-10
-1.948360835645675e-10
-1.849046124567014e-10
-1.754807117709882e-10
-1.66534873724836e-10
-1.580492399758595e-10
-1.499943276543292e-10
-1.423472652154895e-10
-1.350879268444581e-10
-1.281967684661982e-10
-1.216549629469007e-10
-1.15442867067087e-10
-1.095408336263852e-10
-1.039376025509036e-10
-9.862005449932236e-11
-9.357551796965229e-11
-8.878684925254745e-11
-8.424198562726715e-11
-7.993033456442571e-11
-7.583785446054935e-11
-7.195734658255451e-11
-6.827525985275629e-11
-6.478292401395229e-11
-6.1473420599601e-11
-5.83283941001492e-11
-5.53485626218684e-11
-5.251730860751091e-11
-4.982915453075682e-11
-4.727350837366723e-11
-4.484988274852983e-11
-4.255033499229188e-11
-4.036649690456221e-11
-3.829368110795898e-11
-3.632522362164044e-11
-3.445760600754991e-11
-3.268772484470652e-11
-3.10070509763485e-11
-2.941349829958035e-11
-2.790449597920353e-11
-2.647355495101234e-11
-2.5114455785306e-11
-2.382721407525518e-11
-2.260324581228132e-11
-2.143996254838316e-11
-2.033723235377623e-11
-1.929017383203289e-11
-1.830171987122401e-11
-1.73612986842994e-11
-1.646763473769049e-11
-1.561943473852762e-11
-1.481544800239001e-11
-1.405326152673737e-11
-1.332875295458156e-11
-1.264276588227814e-11
-1.199324998256684e-11
-1.137857296057132e-11
-1.079227933934339e-11
-1.023660619558197e-11
