-4.741234045367897e-11
-5.285669142425241e-11
-6.310598841763058e-11
-7.879531838221224e-11
-1.009951653062213e-10
-1.312432419222042e-10
-1.716206631102975e-10
-2.248605678664588e-10
-2.944915597636975e-10
-3.850172639469218e-10
-5.021466214036909e-10
-6.530743372876244e-10
-8.468271920564283e-10
-1.094686920891492e-09
-1.410701697619881e-09
-1.812306739870151e-09
-2.321072367508785e-09
-2.963600832298165e-09
-3.772604097051236e-09
-4.788188324086805e-09
-6.059386449150523e-09
-7.645981417634329e-09
-9.62066644287076e-09
-1.207160100736266e-08
-1.510543210365462e-08
-1.88508486123436e-08
-2.346276797744274e-08
-2.912724358525795e-08
-3.606720978665985e-08
-4.454919859673118e-08
-5.489116632130316e-08
-6.747160446291025e-08
-8.27401369089091e-08
-1.012297937529414e-07
-1.235712335951011e-07
-1.505091718726703e-07
-1.829213329724292e-07
-2.21840270316298e-07
-2.684784464271756e-07
-3.242569973702392e-07
-3.908386675560472e-07
-4.701654471221455e-07
-5.645014784217083e-07
-6.764818953823046e-07
-8.091682574636896e-07
-9.661113546800866e-07
-1.151422166486514e-06
-1.369851830931111e-06
-1.626881525151506e-06
-1.928823167965488e-06
-2.282931905531644e-06
-2.697531340634257e-06
-3.182152952324508e-06
-3.747692341615497e-06
-4.406583379386667e-06
-5.172991548400287e-06
-6.063028209076743e-06
-7.094987612198779e-06
-8.289608626149563e-06
-9.670363257991531e-06
-1.126377415706105e-05
-1.309976341937553e-05
-1.521203514836218e-05
-1.763849431376105e-05
-2.0421704618415e-05
-2.360938818041413e-05
-2.725496996398905e-05
-3.141817002895056e-05
-3.616564676691802e-05
-4.157169441988762e-05
-4.771899829325073e-05
-5.469945116683279e-05
-6.261503450979404e-05
-7.157876820786333e-05
-8.171573256987172e-05
-9.316416646766983e-05
-0.0001060766454924654
-0.0001206213439080766
-0.0001369833838131254
-0.0001553662755232626
-0.0001759934530164197
-0.0001991099081107108
-0.0002249839268828721
-0.000253908931669832
-0.0002862054317336704
-0.0003222230854190638
-0.0003623428762463249
-0.0004069794049688264
-0.0004565832991059977
-0.0005116437408650316
-0.00057269111365462
-0.0006402997665706576
-0.0007150908952944814
-0.0007977355367371147
-0.0008889576735294223
-0.0009895374430375933
-0.001100314443961483
-0.001222191131765619
-0.001356136292142229
-0.001503188579431597
-0.001664460104514844
-0.001841140056163067
-0.002034498368630416
-0.002245889513840917
-0.002476756362045127
-0.002728634073644109
-0.003003154007491548
-0.0033020476316017
-0.003627150421169937
-0.003980405727688856
-0.00436386860177655
-0.004779709551177528
-0.005230218214196908
-0.005717806927662636
-0.006245014167276287
-0.006814507837034716
-0.007429088383173825
-0.008091691706862717
-0.008805391848655761
-0.009573403416472717
-0.01039908372765063
-0.01128593463434473
-0.01223760400034473
-0.01325788679608609
-0.01435072577742859
-0.01552021171259222
-0.01677058312217599
-0.01810622551995702
-0.01953167018908375
-0.02105159242110831
-0.02267080916375214
-0.02439427604209999
-0.02622708371896872
-0.02817445355997614
-0.03024173256863225
-0.03243438755653687
-0.03475799851365316
-0.03721825114367708
-0.03982092853214819
-0.04257190195188319
-0.04547712112338929
-0.04854260401433056
-0.05177442580441181
-0.05517870669916627
-0.05876159875696583
-0.06252927192841518
-0.06648789934436147
-0.0706436417583175
-0.07500263115256377
-0.07957095350485364
-0.08435463077326977
-0.08935960212696531
-0.09459170441372496
-0.1000566519347664
-0.1057600155198481
-0.1117072009695592
-0.1179034269111672
-0.1243537020812262
-0.1310628021365535
-0.1380352459986631
-0.1452752718224342
-0.1527868126558684
-0.1605734718197942
-0.1686384981370182
-0.1769847610270157
-0.1856147255797727
-0.1945304276934213
-0.2037334493157745
-0.2132248939423323
-0.223005362393832
-0.2330749290048188
-0.2434331183201431
-0.2540788823458467
-0.2650105785260681
-0.2762259484670439
-0.2877220975470319
-0.2994954755127843
-0.3115418581097155
-0.3238563299285781
-0.3364332684785431
-0.349266329624672
-0.3623484344848705
-0.3756717578217543
-0.3892277181086691
-0.4030069692624962
-0.41699939417534
-0.4311941001251035
-0.4455794160749461
-0.4601428920243901
-0.4748713003791934
-0.4897506394545679
-0.5047661391666357
-0.5199022688905569
-0.5351427476250691
-0.5504705563941376
-0.5658679529692214
-0.5813164889332597
-0.5967970290301984
-0.6122897729109827
-0.6277742791629497
-0.643229491665774
-0.6586337682557843
-0.6739649116061268
-0.6892002024010159
-0.7043164346446209
-0.7192899531065698
-0.7340966928449155
-0.7487122206722018
-0.7631117786011082
-0.7772703290720947
-0.7911626019304631
-0.8047631430554386
-0.8180463644676309
-0.8309865959140863
-0.8435581376995845
-0.8557353146998371
-0.8674925314270495
-0.8788043279405766
-0.8896454365647957
-0.89999083916499
-0.9098158248996617
-0.9190960482977281
-0.9278075874294847
-0.9359270021098172
-0.9434313918752315
-0.9502984536393277
-0.9565065388650583
-0.962034710020003
-0.9668627962458574
-0.9709714479849255
-0.9743421904607626
-0.9769574758550901
-0.9788007339651386
-0.9798564212821758
-0.9801100682474617
-0.9795483245905768
-0.9781590026096837
-0.9759311182039424
-0.9728549296130087
-0.9689219736544481
-0.9641250993863546
-0.9584584990850724
-0.9519177363929849
-0.9444997716279387
-0.9362029840761048
-0.9270271912014355
-0.9169736647042633
-0.9060451433824188
-0.8942458428827985
-0.8815814621250628
-0.8680591861343644
-0.853687685303642
-0.8384771116558144
-0.8224390930061697
-0.8055867237697764
-0.7879345501685695
-0.7694985501448075
-0.7502961111428506
-0.7303460084456463
-0.7096683809853428
-0.6882847018904072
-0.6662177440445054
-0.6434915428718727
-0.620131357310065
-0.5961636282178622
-0.5716159338753478
-0.5465169426983556
-0.5208963634604976
-0.4947848932319092
-0.4682141630861349
-0.4412166816987702
-0.4138257769804768
-0.3860755358907657
-0.3580007426088428
-0.3296368151908746
-0.3010197408808793
-0.2721860102356972
-0.2431725502199986
-0.2140166564504915
-0.1847559247429683
-0.1554281821369776
-0.1260714175653439
-0.09672371233201912
-0.06742317057204701
-0.03820784985459286
-0.009115692097201419
0.0198155450475959
0.04854835617448348
0.07704555531803223
0.1052703422016825
0.133186367393797
0.1607577962266984
0.1879493713345902
0.2147264736772492
0.2410551819140598
0.2669023300067996
0.2922355629329196
0.3170233903904505
0.3412352383959908
0.3648414986667273
0.3878135756973097
0.4101239314455468
0.4317461275417689
0.4526548649628429
0.4728260210932108
0.4922366841193555
0.5108651847077997
0.528691124920078
0.5456954043477664
0.5618602434236519
0.5771692038927675
0.5916072064309384
0.6051605453997696
0.6178169007561429
0.6295653471104931
0.6403963599603649
0.6503018191226473
0.6592750093823662
0.6673106184070641
0.6744047319556504
0.6805548264389552
0.6857597588863785
0.6900197543697076
0.6933363909655205
0.6957125823091763
0.697152557821643
0.6976618406878186
0.6972472236619354
0.6959167428021342
0.6936796492082988
0.6905463788607392
0.6865285206559077
0.6816387827338882
0.6758909572155689
0.6692998834348329
0.6618814097732106
0.6536523542024323
0.6446304636371064
0.6348343722173886
0.6242835586171093
0.6129983024928459
0.6009996401810721
0.5883093197409049
0.5749497554558582
0.5609439818934182
0.5463156076358751
0.5310887687845443
0.5152880823295719
0.4989385994910746
0.4820657591218072
0.4646953412721951
0.4468534210093822
0.4285663225740436
0.4098605739675618
0.3907628620471273
0.3712999882134814
0.3514988247680909
0.331386272009903
0.3109892161466118
0.2903344880829316
0.2694488231525313
0.2483588218526918
0.2270909116344036
0.2056713098028722
0.1841259875738907
0.1624806353322781
0.1407606291329647
0.1189909984806887
0.09719639542342419
0.07540106498670393
0.05362881697560413
0.03190299916559356
0.01024647189943845
-0.01131841589434656
-0.03276984924993148
-0.05408656827158295
-0.07524788779660049
-0.09623371561262653
-0.1170245692314201
-0.137601591223546
-0.1579465631220794
-0.1780419179063287
-0.1978707510790013
-0.2174168303561355
-0.236664603986447
-0.2555992077196952
-0.274206470446928
-0.2924729185391588
-0.3103857789171688
-0.3279329808780359
-0.3451031567089597
-0.3618856411209039
-0.3782704695358939
-0.3942483752672498
-0.4098107856264125
-0.4249498169951372
-0.4396582689021747
-0.4539296171434848
-0.4677580059913117
-0.4811382395290796
-0.4940657721546433
-0.5065366982941341
-0.5185477413668108
-0.5300962420466607
-0.5411801458606601
-0.5517979901713002
-0.5619488905861854
-0.5716325268317989
-0.5808491281352793
-0.5895994581535826
-0.5978847994942729
-0.6057069378687403
-0.6130681459159913
-0.6199711667412701
-0.6264191972036125
-0.6324158709939733
-0.637965241540779
-0.6430717647729129
-0.647740281773772
-0.6519760013623785
-0.6557844826462335
-0.6591716175779649
-0.6621436135341845
-0.6647069759413534
-0.6668684909820662
-0.6686352084220792
-0.6700144245845289
-0.671013665483507
-0.6716406701358165
-0.6719033740785826
-0.6718098931272647
-0.6713685073942403
-0.6705876455736317
-0.669475869504524
-0.6680418590347055
-0.6662943972123668
-0.6642423558201203
-0.661894681252879
-0.659260380748338
-0.6563485089836446
-0.6531681550550045
-0.6497284298488498
-0.6460384538073897
-0.6421073450977957
-0.6379442081869716
-0.6335581228252136
-0.6289581334427077
-0.624153238963712
-0.619152383046769
-0.6139644447449412
-0.608598229583274
-0.6030624610527554
-0.5973657725224183
-0.5915166995735845
-0.5855236727465718
-0.5793950106920951
-0.5731389137232025
-0.5667634577685706
-0.5602765887293367
-0.55368611722588
-0.5469997137236187
-0.5402249040314393
-0.5333690651682843
-0.5264394215939388
-0.5194430417931087
-0.5123868352064573
-0.5052775494999011
-0.4981217681606022
-0.4909259084110915
-0.4836962194317624
-0.476438780883091
-0.4691595017181628
-0.4618641192770701
-0.454558198657718
-0.4472471323482416
-0.4399361401077597
-0.4326302690857451
-0.4253343941736766
-0.4180532185832257
-0.4107912746366082
-0.4035529247569302
-0.3963423626488603
-0.3891636146620575
-0.3820205413307391
-0.3749168390768325
-0.3678560420661954
-0.3608415242088759
-0.3538765012950346
-0.3469640332596046
-0.3401070265648901
-0.3333082366920912
-0.3265702707334897
-0.3198955900772372
-0.3132865131781709
-0.3067452184054336
-0.3002737469591882
-0.293874005849161
-0.2875477709281829
-0.2812966899752698
-0.2751222858199979
-0.2690259595014696
-0.2630089934557349
-0.2570725547255738
-0.2512176981877332
-0.2454453697912372
-0.2397564098011973
-0.2341515560432054
-0.2286314471439294
-0.2231966257645773
-0.2178475418215118
-0.2125845556895867
-0.2074079413843606
-0.2023178897193396
-0.1973145114354586
-0.1923978402987648
-0.1875678361630646
-0.1828243879946815
-0.1781673168570177
-0.1735963788531854
-0.1691112680234817
-0.1647116191948983
-0.1603970107807827
-0.1561669675296431
-0.1520209632223871
-0.1479584233155213
-0.1439787275285749
-0.1400812123746948
-0.1362651736334578
-0.1325298687653352
-0.1288745192668493
-0.1252983129657503
-0.1218004062558057
-0.1183799262709543
-0.1150359729991211
-0.1117676213349405
-0.1085739230713008
-0.1054539088297786
-0.1024065899300791
-0.09943096019891354
-0.09652599771856828
-0.09369066651557485
-0.0909239181900463
-0.08822469348603174
-0.08559192380359359
-0.08302453265331342
-0.08052143705431365
-0.07808154887656317
-0.07570377612777808
-0.07338702418552759
-0.07113019697583567
-0.06893219809970691
-0.06679193190855066
-0.0647083045289745
-0.06268022483788017
-0.06070660538910661
-0.05878636329300766
-0.05691842105001319
-0.05510170733924456
-0.05333515776341226
-0.05161771555093329
-0.04994833221626629
-0.04832596817970505
-0.04674959334788226
-0.04521818765643843
-0.04373074157571281
-0.04228625658052105
-0.04088374558519395
-0.03952223334512414
-0.03820075682611305
-0.03691836554246355
-0.03567412186476663
-0.0344671012984466
-0.03329639273445098
-0.03216109867324581
-0.0310603354229831
-0.02999323327273665
-0.0289589366418347
-0.02795660420639511
-0.02698540900415038
-0.02604453851841555
-0.02513319474214051
-0.02425059422295759
-0.02339596809014112
-0.02256856206439917
-0.02176763645135791
-0.02099246611957751
-0.02024234046397848
-0.01951656335532279
-0.0188144530764825
-0.01813534224632191
-0.0174785777319719
-0.01684352055022315
-0.01622954575868112
-0.01563604233743617
-0.01506241306175688
-0.01450807436645008
-0.01397245620245288
-0.01345500188627254
-0.01295516794293089
-0.01247242394285627
-0.01200625233315883
-0.01155614826387084
-0.01112161940963186
-0.01070218578736376
-0.01029737957027797
-0.009906744898589333
-0.009529837687347506
-0.009166225431776471
-0.008815487010547509
-0.008477212487288348
-0.008151002910704881
-0.00783647011362055
-0.007533236511211552
-0.007240934898683794
-0.006959208248709168
-0.006687709508857332
-0.006426101399309454
-0.006174056211037285
-0.00593125560469136
-0.005697390410349334
-0.005472160428369974
-0.005255274231410286
-0.00504644896794078
-0.004845410167400313
-0.004651891547064896
-0.004465634820740878
-0.00428638950938656
-0.004113912753846927
-0.003947969129859692
-0.003788330465370136
-0.003634775660181631
-0.003487090508056699
-0.003345067521359693
-0.003208505758329534
-0.003077210653035249
-0.002950993848007667
-0.002829673029608625
-0.002713071766233167
-0.002601019349303333
-0.002493350637177041
-0.002389905901872048
-0.002290530678752136
-0.002195075619030385
-0.002103396345247414
-0.002015353309589455
-0.001930811655214291
-0.001849641080433821
-0.00177171570583774
-0.001696913944290982
-0.001625118373787389
-0.001556215613184988
-0.001490096200745542
-0.001426654475538169
-0.001365788461600839
-0.001307399754920774
-0.001251393413110622
-0.001197677847804571
-0.001146164719702256
-0.001096768836280313
-0.001049408052110247
-0.001004003171723249
-0.0009604778550475779
-0.0009187585253008786
-0.0008787742793506793
-0.0008404568004857136
-0.0008037402735638545
-0.0007685613024807364
-0.0007348588299484178
-0.0007025740594930901
-0.0006716503796736462
-0.0006420332904526329
-0.0006136703316834148
-0.0005865110136739271
-0.0005605067497963899
-0.000535610791070253
-0.0005117781626799143
-0.0004889656024214252
-0.0004671315009721026
-0.0004462358439902198
-0.0004262401560018474
-0.0004071074460041191
-0.0003888021547798689
-0.0003712901038263075
-0.0003545384459244186
-0.0003385156172438613
-0.0003231912910172611
-0.0003085363326640241
-0.0002945227563791143
-0.0002811236831448806
-0.0002683133000860061
-0.0002560668211912504
-0.0002443604493649626
-0.0002331713396962069
-0.0002224775638666012
-0.0002122580757883811
-0.0002024926785240715
-0.0001931619924779655
-0.0001842474245715673
-0.0001757311382682196
-0.0001675960245530386
-0.0001598256741068823
-0.0001524043505203138
-0.0001453169644521444
-0.0001385490486499294
-0.0001320867337963943
-0.0001259167252596674
-0.0001200262806974985
-0.0001144031884117271
-0.0001090357465380349
-0.0001039127429535125
-9.902343591908313e-05
-9.435753545025602e-05
-8.99051853491557e-05
-8.56569459034582e-05
-8.160377724551179e-05
-7.773702328357872e-05
-7.404839629256037e-05
-7.052996201952071e-05
-6.717412540432906e-05
-6.397361680250984e-05
-6.092147874225282e-05
-5.801105318192663e-05
-5.523596925324626e-05
-5.259013149674585e-05
-5.006770849460811e-05
-4.766312201357928e-05
-4.537103649879538e-05
-4.318634902882878e-05
-4.110417962337731e-05
-3.911986196187922e-05
-3.722893444450254e-05
-3.54271316157191e-05
-3.371037592093625e-05
-3.207476979654493e-05
-3.051658806508463e-05
-2.903227063534928e-05
-2.761841550373737e-05
-2.627177202701313e-05
-2.498923447024258e-05
-2.376783580938413e-05
-2.260474180610877e-05
-2.149724528832058e-05
-2.044276069201401e-05
-1.94388188037334e-05
-1.848306174854715e-05
-1.757323814577955e-05
-1.670719850841205e-05
-1.588289078843941e-05
-1.509835613108533e-05
-1.435172480712222e-05
-1.364121230532222e-05
-1.296511559368375e-05
-1.232180953446805e-05
-1.170974344150899e-05
-1.112743781193868e-05
-1.057348115975129e-05
-1.004652700419282e-05
-9.545290969071426e-06
-9.06854803778136e-06
-8.6151298890385e-06
-8.183922365659951e-06
-7.773863045762233e-06
-7.383938933458441e-06
-7.013184212328258e-06
-6.660678145699079e-06
-6.325543022530854e-06
-6.006942221385284e-06
-5.704078338799125e-06
-5.416191422970766e-06
-5.14255725932119e-06
-4.88248573869897e-06
-4.635319310436998e-06
-4.400431491060664e-06
-4.177225444426484e-06
-3.965132610429107e-06
-3.763611409699091e-06
-3.572146006193148e-06
-3.39024512177028e-06
-3.217440885613103e-06
-3.053287764359235e-06
-2.897361515824986e-06
-2.749258215489497e-06
-2.608593303207502e-06
-2.475000680135865e-06
-2.348131832062138e-06
-2.227655037870272e-06
-2.113254563567021e-06
-2.004629919575304e-06
-1.901495135682683e-06
-1.803578084312989e-06
-1.710619827536168e-06
-1.622373992780797e-06
-1.538606175079476e-06
-1.459093386417723e-06
-1.383623497560093e-06
-1.311994732194627e-06
-1.244015162745116e-06
-1.179502255047449e-06
-1.118282403451336e-06
-1.060190533715759e-06
-1.005069661752823e-06
-9.527705279232535e-07
-9.031512102550792e-07
-8.560767929860643e-07
-8.114190060812968e-07
-7.690559226304594e-07
-7.288716383749256e-07
-6.907559933568084e-07
-6.546042958051441e-07
-6.203170398289065e-07
-5.877996706276562e-07
-5.569623283935489e-07
-5.277196349736807e-07
-4.99990471572556e-07
-4.736977671122531e-07
-4.487682975238573e-07
-4.251325128654026e-07
-4.027243405141256e-07
-3.814810221971789e-07
-3.613429492765745e-07
-3.422535059384871e-07
-3.241589302851469e-07
-3.070081688751212e-07
-2.907527392076157e-07
-2.753466041222746e-07
-2.607460605890713e-07
-2.469096102619701e-07
-2.337978579922273e-07
-2.213734042027102e-07
-2.096007497487786e-07
-1.984461981933924e-07
-1.878777589183593e-07
-1.778650763778993e-07
-1.6837934352489e-07
-1.593932150300386e-07
-1.508807524169439e-07
-1.428173271896073e-07
-1.351795844529998e-07
-1.279453606754506e-07
-1.210936282803975e-07
-1.146044359887459e-07
-1.08458857667659e-07
-1.026389370574392e-07
-9.712764958326505e-08
-9.190885339342466e-08
-8.696723783343243e-08
-8.228827658136002e-08
-7.785818539747681e-08
-7.366389800002606e-08
-6.969301053378229e-08
-6.593378191300836e-08
-6.237506843706972e-08
-5.900631122634668e-08
-5.581749653087278e-08
-5.279912905006206e-08
-4.994220781768047e-08
-4.723820111507765e-08
-4.467903160478897e-08
-4.225703093043522e-08
-3.996493455005697e-08
-3.779585960525547e-08
-3.574327904876069e-08
-3.3801015359658e-08
-3.196320782940595e-08
-3.022430489880654e-08
-2.857903651790046e-08
-2.702242341643438e-08
-2.554974300869058e-08
-2.415651871229592e-08
-2.283851474378864e-08
-2.159171227434006e-08
-2.04123056338705e-08
-1.929669112604156e-08
-1.824146113262061e-08
-1.724338055728331e-08
-1.629939065855679e-08
-1.540658476949031e-08
-1.45622269218596e-08
-1.376371090571829e-08
-1.300857211653183e-08
-1.229448121569894e-08
-1.161922940190845e-08
-1.098072363148559e-08
-1.037698725452506e-08
-9.806143749088873e-09
-9.266420611629723e-09
-8.756139293385358e-09
-8.273709039655328e-09
-7.817624666694766e-09
-7.386461510293722e-09
-6.978871002632685e-09
-6.593581489150554e-09
-6.229381415426956e-09
-5.885124919688807e-09
-5.559730268063088e-09
-5.252174301389494e-09
-4.961493004464585e-09
-4.686765061920876e-09
-4.427125246094195e-09
-4.18174723984943e-09
-3.949858071082087e-09
-3.730720067275209e-09
-3.523643916178904e-09
-3.327966507234671e-09
-3.143073071011777e-09
-2.968368985560853e-09
-2.803301179362033e-09
-2.647340116842726e-09
-2.49999037449509e-09
-2.360781616967997e-09
-2.229265178695942e-09
-2.105026936064918e-09
-1.987653336738008e-09
-1.876778360709955e-09
-1.772036125533144e-09
-1.673093061567557e-09
-1.579632265578869e-09
-1.491355225872528e-09
-1.407970737895943e-09
-1.329224000266046e-09
-1.254845102945505e-09
-1.184601659483753e-09
-1.11826180125538e-09
-1.05560848915181e-09
-9.964367762634705e-10
-9.405645387701275e-10
-8.878029359960153e-10
-8.379833747592155e-10
-7.909404805141666e-10
-7.46523938018051e-10
-7.045873150011517e-10
-6.649853963423703e-10
-6.275918802497593e-10
-5.922861314040506e-10
-5.589521159435981e-10
-5.274868704959698e-10
-4.977764785657056e-10
-4.697295157380703e-10
-4.432504599243221e-10
-4.182559648619634e-10
-3.946646807444107e-10
-3.723987310289644e-10
-3.513833717191187e-10
-3.315436921428173e-10
-3.128149500823133e-10
-2.95134093727605e-10
-2.78443508284839e-10
-2.626898679331031e-10
-2.478238603532588e-10
-2.337972617043276e-10
-2.205622142986937e-10
-2.080757030450643e-10
-1.96292680442946e-10
-1.851735687245454e-10
-1.7467929877285e-10
-1.64778056833126e-10
-1.554311290567834e-10
-1.466086112315448e-10
-1.382838860219719e-10
-1.304282399560591e-10
-1.230197646442786e-10
-1.160292194159796e-10
-1.094298228438269e-10
-1.03202374040514e-10
-9.732814878340398e-11
-9.178820729493322e-11
-8.655930676257664e-11
-8.163139317674124e-11
-7.697829431601264e-11
-7.259203375296267e-11
-6.84586142009592e-11
-6.456079801788056e-11
-6.088467328186776e-11
-5.741067932185442e-11
-5.413424308776466e-11
-5.104404951513738e-11
-4.813053956075555e-11
-4.538552813306098e-11
-4.279655792465366e-11
-4.035470181646791e-11
-3.804628217897689e-11
-3.586448528616598e-11
-3.380523881537476e-11
-3.186338301019795e-11
-3.003434815191541e-11
-2.831226913567044e-11
-2.669261110215345e-11
-2.516587231839743e-11
-2.372669797325979e-11
-2.237157650695675e-11
-2.109486118877906e-11
-1.988693817431873e-11
-1.874552569044985e-11
-1.766899604369916e-11
-1.665275170520006e-11
-1.569852297830075e-11
-1.479712793519426e-11
-1.394448259706013e-11
-1.314092850838072e-11
-1.238777980467351e-11
-1.167569791316353e-11
-1.100568789539253e-11
-1.036980389463492e-11
-9.772353112191437e-12
-9.211571264354659e-12
-8.681177383212278e-12
-8.176349234856149e-12
-7.70409315164968e-12
-7.258238458505264e-12
-6.83830503613671e-12
-6.447984538080994e-12
-6.080730449966554e-12
-5.732783167250333e-12
-5.405086677931678e-12
-5.093989114266862e-12
-4.800035675471547e-12
-4.525643000759047e-12
-4.258878210478239e-12
-4.011743860071024e-12
-3.779079745486242e-12
-3.557209140069236e-12
-3.347531028009671e-12
-3.151652153165877e-12
-2.968740472163346e-12
-2.800434995375392e-12
-2.642886781387545e-12
-2.493198810670985e-12
-2.350119054729466e-12
-2.211472471712284e-12
-2.083791021098946e-12
-1.96525963453864e-12
-1.852756442917529e-12
-1.747643621663881e-12
-1.647608344273577e-12
-1.548178425657784e-12
-1.457181513264087e-12
-1.370785378096447e-12
-1.289388672297129e-12
-1.21458193010665e-12
-1.143011227464262e-12
-1.072408277674705e-12
-1.007368640490375e-12
-9.492909219011197e-13
-8.93660634915562e-13
-8.440125429284425e-13
-7.995276899301662e-13
-7.572670885981742e-13
-7.180186981506847e-13
-6.792538146793807e-13
-6.430340960561678e-13
-6.059628726902238e-13
-5.696400151890527e-13
-5.329734156589036e-13
-4.961895189886816e-13
-4.614440578238348e-13
-4.304029042050035e-13
-4.006796724358628e-13
-3.782495958047636e-13
-3.574662653961401e-13
-3.395525792612117e-13
-3.205695327675612e-13
-3.08470612625235e-13
-2.96483125042582e-13
-2.824290396032219e-13
-2.668724896033778e-13
-2.49398426229352e-13
-2.322602214068212e-13
-2.14131487284147e-13
-1.974160555744739e-13
-1.838672050779933e-13
-1.724227858992321e-13
-1.626007666128781e-13
-1.52903643946255e-13
-1.441105628375324e-13
-1.393302040946976e-13
