2.059656991920172e-13
1.723761024165466e-13
1.663784706150651e-13
1.830557861344341e-13
2.239599097405939e-13
2.935153185814852e-13
3.99043111097906e-13
5.508781552736795e-13
7.644861078057132e-13
1.060784566449829e-12
1.46792824466787e-12
2.024225578826743e-12
2.780360766457404e-12
3.802847086200857e-12
5.179601541987012e-12
7.025273048907565e-12
9.489491872399196e-12
1.276630944479956e-11
1.71048201744659e-11
2.282880102564325e-11
3.03508594458409e-11
4.019965659392962e-11
5.30484534023929e-11
6.975290442464141e-11
9.139546789494441e-11
1.193418381386428e-10
1.55310947580944e-10
2.014590487707938e-10
2.604823338160333e-10
3.357436579352729e-10
4.314235363585649e-10
5.527082899026116e-10
7.060107352879404e-10
8.99242969107243e-10
1.142143165163192e-09
1.446661762299949e-09
1.82743492281676e-09
2.302343850683282e-09
2.893178543045113e-09
3.626441389474797e-09
4.5342842629211e-09
5.655633772541822e-09
7.03751013145867e-09
8.736595096324091e-09
1.082106375975347e-08
1.337274725372955e-08
1.648966065226848e-08
2.028895958485498e-08
2.491038378313408e-08
3.052026889234317e-08
3.731618729848953e-08
4.553232871297354e-08
5.544570128863554e-08
6.738331021094709e-08
8.173042537806515e-08
9.894008443916977e-08
1.195439930026684e-07
1.441650061963699e-07
1.735313884236569e-07
2.084930768011675e-07
2.50040201279423e-07
2.993241217288661e-07
3.576813012838843e-07
4.266603283830411e-07
5.080524620650592e-07
6.039261057736624e-07
7.166656271801257e-07
8.490150181677294e-07
1.004126907327469e-06
1.185617492009596e-06
1.397628001054061e-06
1.644893362334649e-06
1.932818789917677e-06
2.267565070020399e-06
2.656143392231601e-06
3.106520625533853e-06
3.627736013795075e-06
4.23003032984443e-06
4.924988578956852e-06
5.725697453814383e-06
6.646918798010226e-06
7.705280425529453e-06
8.919485712198913e-06
1.031054347131768e-05
1.19020196853056e-05
1.372031277245729e-05
1.579495411722332e-05
1.815893570127921e-05
2.084906671710682e-05
2.390636114262522e-05
2.737645827807485e-05
3.131007835645314e-05
3.576351531833578e-05
4.079916891768653e-05
4.648611831686225e-05
5.290073933335441e-05
6.012736745283463e-05
6.825900870566237e-05
7.739810036311768e-05
8.765732335099681e-05
9.916046805493791e-05
0.0001120433551929822
0.0001264548150739663
0.0001425577328302317
0.000160530159378192
0.0001805664887378287
0.0002028787036217783
0.0002276976911741602
0.000255274630618
0.0002858824543808741
0.0003198173841149876
0.0003574005427773509
0.0003989796437271692
0.000444930757498455
0.0004956601566410582
0.0005516062386511242
0.0006132415266769981
0.0006810747472801262
0.0007556529840834731
0.0008375639056701921
0.0009274380655792118
0.001025951271679742
0.001133827021605935
0.001251839000274772
0.00138081363481741
0.001521632701504104
0.001675235978616329
0.001842623940800646
0.002024860494686296
0.002223075744483816
0.002438468777034908
0.002672310456728623
0.002925946219914254
0.003200798857479454
0.003498371273274587
0.003820249204985483
0.004168103892984959
0.004543694681553488
0.004948871536025843
0.0053855774628419
0.005855850858326589
0.00636182778540831
0.006905744118127813
0.007489937495712495
0.00811684908778402
0.008789025178269488
0.009509118554560254
0.01027988966951443
0.01110420755665123
0.01198505047621369
0.01292550627783304
0.01392877246084344
0.0149981559069964
0.01613707227178042
0.01734904500818392
0.01863770400772236
0.0200067838402381
0.02146012156813819
0.02300165412523138
0.02463541523420443
0.02636553185121218
0.02819622012242252
0.03013178083071978
0.03217659432932203
0.03433511493906324
0.03661186480462234
0.03901142720070317
0.04153843927134545
0.04419758420866098
0.04699358285307811
0.04993118472009412
0.05301515845348437
0.05625028169582383
0.05964133039570176
0.06319306754082298
0.06691023133369876
0.07079752282101395
0.07485959297772191
0.07910102928101634
0.08352634177194118
0.08813994863514293
0.09294616132056505
0.0979491692189192
0.1031530239422121
0.1085616232169663
0.1141786944365765
0.1200077779099387
0.1260522098279336
0.1323151050146341
0.138799339480385
0.1455075328382892
0.1524420306334918
0.1596048866157132
0.1669978450370183
0.1746223229986266
0.1824793929199804
0.1905697651888415
0.1988937710299913
0.2074513456873616
0.2162420119458989
0.2252648640733482
0.234518552245983
0.2440012674994631
0.2537107273087028
0.2636441618203513
0.2737983008207208
0.2841693615033314
0.294753037073796
0.3055444862965299
0.3165383240006468
0.3277286126266922
0.3391088548728194
0.3506719874681369
0.3624103761729353
0.3743158120102442
0.3863795088025631
0.3985921020605814
0.4109436492345768
0.4234236314139935
0.4360209564638661
0.4487239636610248
0.4615204298598586
0.4743975771751154
0.4873420822489266
0.5003400870687919
0.5133772113803624
0.5264385667028855
0.5395087719108831
0.5525719704290972
0.5656118489803711
0.5786116579043661
0.5915542330298476
0.6044220190418718
0.6171970943707089
0.6298611975125922
0.6423957547737196
0.6547819093944481
0.6670005519699682
0.6790323521693218
0.6908577916382075
0.7024571980522747
0.7138107802543499
0.7248986643738023
0.7357009309161414
0.7461976526773844
0.7563689334070927
0.7661949471340783
0.7756559780760044
0.7847324611595315
0.7934050229164129
0.8016545224487309
0.8094620923762728
0.8168091801915262
0.8236775908406734
0.8300495293320994
0.8359076409619571
0.8412350490417169
0.846015393115779
0.8502328706746706
0.8538722792525903
0.8569190556190126
0.8593593118583469
0.8611798705881918
0.8623683003938639
0.862912950446454
0.8628029836367266
0.8620284081057631
0.8605801073048358
0.8584498686318783
0.85563041045182
0.8521154074005193
0.8478995138952972
0.8429783857770982
0.8373487000672797
0.831008172729791
0.8239555743993074
0.8161907440239348
0.8077146003557649
0.7985291512857632
0.7886375009517479
0.7780438546105723
0.76675352125117
0.7547729139103432
0.7421095477100421
0.7287720355821294
0.7147700817034449
0.7001144726475123
0.6848170662436889
0.6688907781855431
0.6523495663917971
0.6352084131711279
0.6174833052266191
0.5991912115224732
0.5803500590794022
0.5609787067338624
0.5410969169345903
0.5207253256391106
0.4998854103652751
0.4785994564875476
0.4568905218378492
0.4347823997007016
0.4122995802875233
0.3894672107719157
0.3663110539920784
0.3428574459006666
0.3191332518644909
0.2951658219145775
0.2709829450466845
0.2466128026872975
0.2220839214194545
0.1974251250782937
0.1726654863248063
0.1478342778050613
0.1229609230096613
0.09807494693772946
0.07320592667736385
0.04838344201043954
0.02363702614777932
-0.001003883296649277
-0.02550999298815424
-0.04985220210560161
-0.07400165002599719
-0.09792976335914942
-0.1216083022363967
-0.1450094057575569
-0.1681056365047991
-0.1908700240348278
-0.2132761072621958
-0.2352979756554791
-0.2569103091642294
-0.2780884168028193
-0.2988082738204314
-0.3190465573888895
-0.3387806807532811
-0.3579888257807862
-0.3766499738550689
-0.3947439350670365
-0.412251375654561
-0.4291538436586162
-0.4454337927535506
-0.4610746042258729
-0.4760606070759822
-0.4903770962148585
-0.5040103487439873
-0.5169476383012254
-0.5291772474728561
-0.5406884782695817
-0.5514716606604255
-0.5615181591767677
-0.5708203775903945
-0.5793717616864583
-0.5871668001504389
-0.5942010235853494
-0.6004710016930818
-0.6059743386428956
-0.6107096666664151
-0.6146766379167283
-0.6178759146265235
-0.6203091576165021
-0.6219790131936141
-0.6228890984949389
-0.6230439853296287
-0.6224491825668492
-0.6211111171335589
-0.6190371136740309
-0.616235372936037
-0.6127149489463837
-0.6084857250365917
-0.6035583887920133
-0.5979444059836589
-0.5916559935562536
-0.5847060917406923
-0.5771083353519013
-0.5688770243438841
-0.5600270936900427
-0.5505740826677251
-0.5405341036164221
-0.5299238102307371
-0.5187603654607128
-0.5070614090840986
-0.4948450250211541
-0.4821297084591479
-0.4689343328518653
-0.4552781168666516
-0.4411805913338117
-0.4266615662580935
-0.4117410979536066
-0.396439456364122
-0.3807770926333639
-0.3647746069730832
-0.3484527168818729
-0.3318322257666746
-0.3149339920166023
-0.2977788985803417
-0.2803878230891022
-0.2627816085694709
-0.2449810347872928
-0.2270067902610055
-0.2088794449836484
-0.1906194238847292
-0.1722469810644331
-0.1537821748296683
-0.1352448435585912
-0.1166545824195747
-0.09803072096629617
-0.07939230163025005
-0.06075805912799044
-0.0421464007974489
-0.02357538787709077
-0.005062717738960883
0.01337429291516916
0.03171872388789328
0.04995406634595531
0.06806423670334499
0.08603358952728818
0.1038469294688012
0.1214895222215741
0.1389471045133688
0.1562058931361581
0.1732525930234118
0.1900744043874555
0.2066590289297565
0.2229946751344699
0.2390700626578227
0.2548744258300347
0.2703975162915927
0.285629604783361
0.3005614821056185
0.3151844592640053
0.3294903668254245
0.3434715535123875
0.3571208840601489
0.3704317363544313
0.3833979978710315
0.3960140614448185
0.4082748204007429
0.4201756630739607
0.4317124667392745
0.4428815909746248
0.4536798704869827
0.4641046074327325
0.4741535632603316
0.4838249500998848
0.4931174217291234
0.5020300641407104
0.5105623857373417
0.5187143071817363
0.5264861509302956
0.5338786304826207
0.5408928393680674
0.547530239892691
0.5537926516721556
0.559682239978241
0.5652015039295963
0.5703532645450823
0.5751406526790547
0.5795670968615331
0.5836363110707764
0.5873522824681718
0.5907192591089475
0.5937417376448081
0.5964244510381487
0.5987723563098336
0.6007906223429071
0.6024846177568943
0.6038598988717736
0.6049221977780296
0.6056774105249146
0.6061315854423026
0.6062909116093753
0.6061617074841997
0.6057504097068861
0.6050635620896426
0.6041078048104779
0.6028898638148148
0.601416540429861
0.5996947012008752
0.5977312679619872
0.5955332081549156
0.5931075253966416
0.5904612502985631
0.5876014315427007
0.5845351272226731
0.5812693964580807
0.5778112912815264
0.5741678487995119
0.5703460836296705
0.5663529806173511
0.5621954878358608
0.5578805098680946
0.5534149013690621
0.548805460909026
0.5440589250970539
0.5391819629858529
0.5341811707541874
0.5290630666645182
0.523834086293597
0.5185005780337634
0.513068798864473
0.5075449103879376
0.5019349751246716
0.496244953064976
0.4904806984719533
0.4846479569329663
0.4787523626532758
0.4727994359862366
0.4667945811950164
0.4607430844415079
0.4546501119992716
0.4485207086823511
0.4423597964836358
0.4361721734168392
0.4299625125560699
0.4237353612681722
0.4174951406302286
0.4112461450256663
0.4049925419127423
0.3987383717598599
0.3924875481433951
0.3862438579994835
0.3800109620220505
0.3737923952009613
0.3675915674956327
0.3614117646402057
0.3552561490716898
0.3491277609740966
0.3430295194325227
0.3369642236914498
0.3309345545120961
0.3249430756223208
0.3189922352533288
0.3130843677576595
0.3072216953032467
0.3014063296395068
0.2956402739287398
0.2899254246374186
0.2842635734822968
0.2786564094264816
0.2731055207211118
0.2676123969875934
0.2621784313361789
0.2568049225164627
0.2514930770952313
0.2462440116576785
0.2410587550280454
0.2359382505070476
0.2308833581222881
0.225894856886565
0.2209734470600424
0.2161197524138751
0.2113343224937136
0.2066176348800176
0.2019700974408437
0.1973920505738204
0.1928837694354191
0.1884454661558656
0.1840772920374454
0.1797793397335386
0.1755516454069007
0.1713941908645349
0.1673069056668651
0.1632896692095769
0.1593423127771723
0.1554646215675028
0.1516563366851132
0.1479171571017693
0.1442467415830651
0.1406447105804974
0.1371106480886646
0.1336441034660479
0.1302445932180042
0.126911602741401
0.1236445880309723
0.1204429773476576
0.1173061728476174
0.1142335521710482
0.1112244699906084
0.1082782595195993
0.105394233980168
0.1025716880310778
0.09980989915494386
0.09710812900500565
0.09446562471157416
0.09188162014844449
0.08935533715942626
0.08688598674548217
0.08447277021273081
0.08211488028124143
0.0798115021547329
0.0775618145519234
0.07536499070024363
0.07322019929236318
0.07112660540600382
0.06908337138781288
0.0670896577015255
0.06514462374084305
0.06324742860765219
0.06139723185643162
0.05959319420567117
0.05783447821678202
0.05612024894089794
0.05444967453432968
0.05282192684361678
0.051236181961233
0.04969162075224594
0.04818742935239242
0.04672279963829807
0.04529692967078085
0.0439090241119744
0.04255829461702364
0.04124396020117891
0.03996524758297762
0.03872139150408462
0.0375116350264285
0.03633522980741904
0.03519143635406719
0.03407952425673186
0.03299877240308111
0.03194846917300666
0.03092791261514154
0.02993641060545232
0.02897328098864566
0.02803785170328772
0.02712946089142683
0.02624745699314888
0.02539119882629426
0.02456005565202353
0.02375340722711067
0.02297064384384308
0.02221116635773052
0.02147438620343251
0.02075972539940912
0.02006661654210878
0.01939450279021654
0.01874283783945186
0.01811108588818901
0.01749872159446939
0.01690523002490125
0.01633010659605865
0.01577285700865239
0.01523299717496454
0.01471005313990441
0.01420356099605339
0.01371306679304438
0.0132381264417287
0.01277830561362636
0.01233317963595565
0.01190233338254698
0.01148536116082393
0.01108186659527487
0.01069146250769658
0.01031377079448928
0.009948422301335809
0.009595056695647195
0.009253322336929369
0.008922876145174801
0.008603383467643003
0.008294517944206561
0.007995961371535371
0.007707403566335234
0.007428542227819341
0.007159082799584074
0.006898738331082799
0.006647229338835263
0.00640428366755665
0.006169636351385596
0.005943029475328369
0.00572421203706629
0.005512939809235723
0.005308975202268333
0.005112087127990174
0.004922050864040889
0.004738647919234333
0.004561665899992646
0.004390898377893427
0.004226144758361813
0.004067210150608165
0.003913905238919436
0.003766046155409116
0.003623454354213372
0.003485956487262889
0.003353384281556896
0.003225574418107897
0.003102368412512023
0.002983612497245312
0.002869157505696344
0.002758858757985374
0.002652575948540194
0.002550173035456644
0.002451518131694779
0.002356483398287706
0.002264944939515025
0.00217678269971326
0.002091880361150416
0.002010125243829958
0.00193140820864229
0.00185562356354876
0.001782668970817521
0.00171244535381243
0.001644856805353687
0.00157981049922647
0.001517216604681809
0.001456988202624539
0.001399041202952708
0.001343294263602052
0.001289668711496175
0.001238088465385782
0.001188479960451163
0.001140772074634818
0.001094896056659666
0.001050785455805392
0.001008376053320371
0.0009676057955456568
0.0009284147286639107
0.0008907449350552402
0.0008545404712738436
0.0008197473075647112
0.0007863132689146865
0.0007541879776663497
0.0007233227976055452
0.0006936707795127537
0.0006651866081625227
0.0006378265507197293
0.0006115484065435657
0.0005863114583548719
0.0005620764247271783
0.0005388054138937431
0.0005164618788485593
0.0004950105736752523
0.0004744175111405796
0.0004546499214780868
0.000435676212347615
0.0004174659299594686
0.0003999897213077868
0.0003832192975204361
0.0003671273982758191
0.0003516877572881226
0.0003368750687862201
0.0003226649550262888
0.0003090339347793605
0.0002959593927506301
0.0002834195499505626
0.0002713934349733259
0.0002598608561586127
0.0002488023745932611
0.0002381992779969408
0.000228033555375152
0.0002182878725199649
0.0002089455482338557
0.0001999905313589645
0.0001914073784998786
0.0001831812324980941
0.000175297801555581
0.0001677433390812185
0.000160504624176008
0.0001535689427351424
0.0001469240692105426
0.0001405582489530819
0.0001344601811193131
0.000128619002192044
0.0001230242700317886
0.0001176659484505122
0.0001125343923246947
0.0001076203332083063
0.0001029148654230863
9.840943264477145e-05
9.409581491660276e-05
8.996611615422568e-05
8.601275204205403e-05
8.222843836614648e-05
7.860617976677682e-05
7.513925884867746e-05
7.182122570937278e-05
6.864588780923011e-05
6.5607300217264e-05
6.269975619550097e-05
5.991777811041116e-05
5.725610867484883e-05
5.470970252402754e-05
5.227371805902535e-05
4.994350959825765e-05
4.771461981551741e-05
4.558277246589177e-05
4.354386534246138e-05
4.159396351549089e-05
3.972929281755027e-05
3.794623355779934e-05
3.624131447431727e-05
3.461120691645837e-05
3.305271922025262e-05
3.156279132127291e-05
3.013848954541562e-05
2.877700161942106e-05
2.747563183134544e-05
2.623179641334215e-05
2.504301907171925e-05
2.390692669028121e-05
2.282124520737058e-05
2.178379563919689e-05
2.079249025844338e-05
1.984532892173623e-05
1.89403955282192e-05
1.807585462811428e-05
1.724994815149389e-05
1.646099225622957e-05
1.570737433550763e-05
1.498755008438672e-05
1.430004072657725e-05
1.364343032308588e-05
1.301636320749122e-05
1.24175414969121e-05
1.184572272965544e-05
1.129971756005797e-05
1.077838758466117e-05
1.028064322269325e-05
9.805441692968999e-06
9.351785072770323e-06
8.91871842929114e-06
8.505328032918729e-06
8.110739631983542e-06
7.734116796441636e-06
7.37465934891192e-06
7.031601824719911e-06
6.704212027782583e-06
6.391789615583964e-06
6.093664762112641e-06
5.809196878670928e-06
5.537773355801704e-06
5.278808391399792e-06
5.031741856773073e-06
4.79603818617354e-06
4.57118534664993e-06
4.356693834097098e-06
4.152095690206331e-06
3.956943612704514e-06
3.770810037911863e-06
3.593286320810416e-06
3.42398189473167e-06
3.262523516143222e-06
3.108554520190121e-06
2.961734085133696e-06
2.821736531024884e-06
2.688250662812372e-06
2.560979209804577e-06
2.439638314436248e-06
2.323956878237421e-06
2.21367583516442e-06
2.108547530466549e-06
2.00833534861244e-06
1.912813366841851e-06
1.821765928707221e-06
1.734987134187723e-06
1.652280337554745e-06
1.573457760365724e-06
1.49834010386428e-06
1.4267561827471e-06
1.358542574095478e-06
1.293543253405158e-06
1.231609284279391e-06
1.172598492415187e-06
1.11637517093364e-06
1.06280979565935e-06
1.011778748267643e-06
9.631640416448119e-07
9.168530981107845e-07
8.727384681119428e-07
8.307176369843457e-07
7.906927702011176e-07
7.525705373077303e-07
7.162618844369075e-07
6.816818529496876e-07
6.487493947622058e-07
6.173871965817438e-07
5.875215044353071e-07
5.590819760313295e-07
5.320015112901768e-07
5.062161237091591e-07
4.816647778838451e-07
4.582892673993515e-07
4.360340924931547e-07
4.148463238240265e-07
3.946754917553918e-07
3.754734694567236e-07
3.571943756989595e-07
3.397944682945084e-07
3.232320436346653e-07
3.074673383465586e-07
2.924624587067225e-07
2.781812704893437e-07
2.645893404721522e-07
2.516538423376266e-07
2.393434946853072e-07
2.276284769946521e-07
2.1648038321954e-07
2.058721270520597e-07
1.957779066751877e-07
1.861731324691244e-07
1.770343770412575e-07
1.683393145841425e-07
1.600666719186184e-07
1.521961831374857e-07
1.447085398432123e-07
1.375853412509095e-07
1.308090695409337e-07
1.243630293242201e-07
1.182313218700306e-07
1.123988013837685e-07
1.068510410244687e-07
1.015743051476197e-07
9.6555505817954e-08
9.178218292926435e-08
8.724246583771384e-08
8.29250542840848e-08
7.881918534296657e-08
7.491461014834504e-08
7.120157129085009e-08
6.767077846894053e-08
6.431338434725548e-08
6.112096855600914e-08
5.808551085127019e-08
5.519938113181901e-08
5.2455308998567e-08
4.984637876359979e-08
4.736600476181197e-08
4.500792117418339e-08
4.276615784880228e-08
4.063504058650241e-08
3.860916554206437e-08
3.668339195839413e-08
3.48528176336418e-08
3.31127856572865e-08
3.145885898027523e-08
2.98868210408979e-08
2.839265526419519e-08
2.697255105733845e-08
2.562286602053607e-08
2.434014288173691e-08
2.312108998679262e-08
2.196258724824462e-08
2.086164796714708e-08
1.981544109906761e-08
1.882126903328498e-08
1.78765710126473e-08
1.697890072460995e-08
1.612594562174616e-08
1.531549733425211e-08
1.454545670469898e-08
1.381382688955982e-08
1.31187109774933e-08
1.245830192326992e-08
1.183088037376496e-08
1.12348149692587e-08
1.066854915351305e-08
1.013060915162851e-08
9.619587523557313e-09
9.134149402168167e-09
8.673027062503127e-09
8.235015697557785e-09
7.818959009203766e-09
7.423768303814989e-09
7.048413310357109e-09
6.691899043855001e-09
6.353288818887658e-09
6.031692564414027e-09
5.72625632318618e-09
5.436179478465458e-09
5.160693239923153e-09
4.89906917004445e-09
4.65061951077208e-09
4.414683651090677e-09
4.190634816806967e-09
3.97787926209779e-09
3.775855058876914e-09
3.584022017853284e-09
3.401871281687761e-09
3.22891559978999e-09
3.064695476375699e-09
2.908779174916277e-09
2.760746412767485e-09
2.620198577414236e-09
2.486761416531629e-09
2.36007865748566e-09
2.239805977141196e-09
2.12562642142939e-09
2.017227007741683e-09
1.914323503728626e-09
1.816634349886269e-09
1.723895490327518e-09
1.635862180942513e-09
1.552298614748803e-09
1.47297966040508e-09
1.397693022906705e-09
1.326230413941059e-09
1.258401285604814e-09
1.19402084150914e-09
1.132920199074341e-09
1.07492966670004e-09
1.019892096402822e-09
9.676563323019331e-10
9.18080278903393e-10
8.710284149083979e-10
8.263736989426172e-10
7.83994074313643e-10
7.4377314665114e-10
7.056061461340992e-10
6.693828009697226e-10
6.350112127676489e-10
6.023930048695797e-10
5.714437901290988e-10
5.420770080577911e-10
5.142162260548906e-10
4.877795963341778e-10
4.626958479226208e-10
4.38894999164136e-10
4.16312557803914e-10
3.948868116043255e-10
3.745586787531376e-10
3.552738846578867e-10
3.369770032050252e-10
3.196141283318873e-10
3.031393551406634e-10
2.875049779850442e-10
2.726768881395488e-10
2.58607655494558e-10
2.452637284162646e-10
2.326042865299602e-10
2.205962843546354e-10
2.092056977232779e-10
1.983996539849494e-10
1.881518873357799e-10
1.784320198708294e-10
1.692134061516066e-10
1.604708120782331e-10
1.521748044835843e-10
1.443029153891565e-10
1.368390091024119e-10
1.297568138561816e-10
1.230404517951261e-10
1.166702276202615e-10
1.106308772940811e-10
1.048984569901453e-10
9.946443621655e-11
9.431140260501849e-11
8.941956567238056e-11
8.478433628202661e-11
8.038849684639258e-11
7.621790996555823e-11
7.226121798591452e-11
6.851161867062415e-11
6.495524540804277e-11
6.158364469851755e-11
5.838826899246636e-11
5.535428541226627e-11
5.248047212145833e-11
4.97553784724308e-11
4.717155439008567e-11
4.472144846395032e-11
4.240031544652774e-11
4.019450368537267e-11
3.810470281546772e-11
3.612391647844426e-11
3.42440300171804e-11
3.24586141797364e-11
3.076692433540582e-11
2.916239322132075e-11
2.764413155576574e-11
2.620554697300185e-11
2.484110453602056e-11
2.354868714835251e-11
2.232227831046066e-11
2.115813224587019e-11
2.005300815046402e-11
1.900668979242202e-11
1.80147711221794e-11
1.707230962890689e-11
