-4.08579537372409e-12
-3.427239412575822e-12
-3.214158375355448e-12
-3.386188631478845e-12
-3.940434366243974e-12
-4.913250964654059e-12
-6.382361647135217e-12
-8.470280954965725e-12
-1.135070898056261e-11
-1.525925006400437e-11
-2.050970239620731e-11
-2.751198581897874e-11
-3.679952608773772e-11
-4.906016227546667e-11
-6.51765005709434e-11
-8.62787962203992e-11
-1.138040282013522e-10
-1.495770131099694e-10
-1.959044666073181e-10
-2.55693208834934e-10
-3.325931435265764e-10
-4.31174906037743e-10
-5.571433561959772e-10
-7.175938362923791e-10
-9.213357747439733e-10
-1.179262679224308e-09
-1.504819436249628e-09
-1.914542718607554e-09
-2.428730589967301e-09
-3.072225143936598e-09
-3.875358262473408e-09
-4.875066625937076e-09
-6.116231830036679e-09
-7.653251425159229e-09
-9.551915605594282e-09
-1.18916044671442e-08
-1.476789193716881e-08
-1.829559978461589e-08
-2.261238283579477e-08
-2.78829264291746e-08
-3.43038540256984e-08
-4.210944269758877e-08
-5.15782824858498e-08
-6.304100456772908e-08
-7.688923467285444e-08
-9.358594185981544e-08
-1.136773741780222e-07
-1.378067884629045e-07
-1.667302035755406e-07
-2.013344303872984e-07
-2.426576422639126e-07
-2.919127866739848e-07
-3.505141958102301e-07
-4.201079190282143e-07
-5.026061678116919e-07
-6.002263189777737e-07
-7.15534974976884e-07
-8.514976801225168e-07
-1.011534875790254e-06
-1.199584802418038e-06
-1.420174054485818e-06
-1.678496604106514e-06
-1.98050213487223e-06
-2.33299463524095e-06
-2.743742234624894e-06
-3.221599375080255e-06
-3.776642475132472e-06
-4.420320321924188e-06
-5.165620526442096e-06
-6.027253471649696e-06
-7.021855247402693e-06
-8.168211213121261e-06
-9.487501867785722e-06
-1.100357287584092e-05
-1.274323114281469e-05
-1.473656898202368e-05
-1.701731849695886e-05
-1.962323840722381e-05
-2.259653555915171e-05
-2.598432361164892e-05
-2.983912140632794e-05
-3.421939367316653e-05
-3.919013675949405e-05
-4.482351218225393e-05
-5.119953084422016e-05
-5.840679083653299e-05
-6.654327176301962e-05
-7.571718856546689e-05
-8.604790781694175e-05
-9.766692942963515e-05
-0.0001107189366588502
-0.000125362917195867
-0.0001417733580271237
-0.0001601415165253504
-0.0001806767700322486
-0.000203608045900955
-0.000229185333566663
-0.0002576812798382725
-0.0002893928680092373
-0.0003246431808143157
-0.0003637832465292339
-0.0004071939671861496
-0.0004552881340009693
-0.0005085125499671134
-0.0005673502503858437
-0.0006323228156055826
-0.0007039927748583392
-0.0007829660999921402
-0.0008698947873723273
-0.000965479525695
-0.0010704724468429
-0.001185679956282113
-0.001311965638831296
-0.001450253234904283
-0.001601529681579649
-0.001766848212058385
-0.001947331506202116
-0.002144174883991307
-0.00235864953277241
-0.002592105758221097
-0.002845976247887827
-0.003121779335144237
-0.003421122250207995
-0.00374570434374961
-0.004097320267366214
-0.004477863093964537
-0.004889327360263439
-0.005333812019308004
-0.00581352330410242
-0.006330777471839078
-0.006888003402094005
-0.007487745026634765
-0.008132663567721209
-0.008825539560607911
-0.009569274634742641
-0.0103668930269464
-0.0112215427986019
-0.0121364967276929
-0.01311515284614712
-0.01416103460395594
-0.01527779074513026
-0.01646919490774772
-0.01773914480652554
-0.01909166086815373
-0.02053088434886841
-0.02206107497839096
-0.02368660812027394
-0.02541197139256728
-0.02724176072745424
-0.02918067584362402
-0.03123351512674626
-0.03340516990302755
-0.03570061807714017
-0.03812491713511989
-0.04068319648433743
-0.04338064913047112
-0.04622252268437318
-0.04921410967936666
-0.05236073721437653
-0.05566775590161054
-0.05914052813187372
-0.06278441566258641
-0.06660476651925464
-0.0706069012432962
-0.074796098474504
-0.07917757989786559
-0.08375649457468295
-0.08853790266076807
-0.09352675856433816
-0.09872789354314435
-0.1041459977891623
-0.1097856020370112
-0.1156510587122749
-0.1217465226943345
-0.1280759317037882
-0.1346429863802376
-0.1414511301023186
-0.1485035285798452
-0.1558030493144614
-0.1633522409475744
-0.1711533125776002
-0.1792081131120913
-0.1875181106944207
-0.1960843723183344
-0.2049075436558774
-0.2139878291960018
-0.223324972769409
-0.2329182385025998
-0.2427663923255739
-0.2528676840607033
-0.2632198301993279
-0.2738199974456674
-0.2846647870694756
-0.2957502201983495
-0.307071724071162
-0.3186241193592209
-0.3304016086311384
-0.3423977659962432
-0.3546055280576308
-0.3670171861819089
-0.379624380182787
-0.3924180934829796
-0.4053886497766009
-0.418525711316161
-0.4318182788090237
-0.4452546930044005
-0.4588226380165902
-0.472509146383852
-0.4863006059677963
-0.5001827686532385
-0.5141407609099725
-0.5281590962374065
-0.5422216894620975
-0.5563118729688913
-0.5704124147947713
-0.5845055386213516
-0.5985729456574058
-0.6125958383469434
-0.6265549459506976
-0.6404305519011079
-0.6542025229425734
-0.6678503400174013
-0.681353130796413
-0.6946897038698903
-0.7078385844682625
-0.7207780516949145
-0.7334861772011955
-0.7459408651731352
-0.7581198936182639
-0.7700009567918813
-0.7815617087138235
-0.7927798076790992
-0.8036329616126144
-0.814098974236493
-0.8241557918638912
-0.8337815507459068
-0.8429546248550609
-0.8516536739395687
-0.8598576917977765
-0.8675460545752771
-0.8746985689964303
-0.881295520403258
-0.8873177204353363
-0.89274655430067
-0.8975640274263781
-0.9017528113699232
-0.905296288864726
-0.9081785978869217
-0.9103846747586376
-0.9119002959969652
-0.9127121185490785
-0.9128077183222607
-0.912175627500432
-0.9108053715500267
-0.9086875045333669
-0.9058136400937198
-0.9021764781195347
-0.8977698304340195
-0.8925886486807951
-0.8866290509458289
-0.879888343668628
-0.872365038784474
-0.8640588685527998
-0.8549707991961379
-0.8451030423005541
-0.8344590633537684
-0.8230435873727261
-0.8108626018204429
-0.7979233569197164
-0.7842343632421448
-0.7698053865472453
-0.7546474398729351
-0.7387727728840316
-0.7221948585402352
-0.7049283770643255
-0.6869891972577367
-0.6683943552017956
-0.6491620303731329
-0.6293115192569354
-0.6088632064870364
-0.5878385335956018
-0.5662599654441606
-0.544150954398457
-0.5215359023543024
-0.4984401206827063
-0.4748897882056473
-0.4509119073015158
-0.4265342582298842
-0.401785351800421
-0.376694380485207
-0.3512911681045325
-0.3256061182050356
-0.2996701612419158
-0.2735147007017661
-0.2471715582843094
-0.2206729182809472
-0.1940512712801754
-0.1673393573262613
-0.140570108670989
-0.1137765922445909
-0.08699195198226535
-0.06024935113836979
-0.03358191471830935
-0.007022672161087738
0.01939549960191103
0.04563993258389319
0.07167822355077794
0.09747828907788214
0.1230084197384483
0.1482373333072762
0.1731342268672879
0.197668827710349
0.221811442925899
0.2455330075818483
0.2688051313977018
0.2916001438223128
0.3138911374311359
0.3356520095568024
0.3568575020829396
0.3774832393243904
0.3975057639330205
0.4169025707701352
0.4356521386871496
0.4537339601761504
0.4711285688387519
0.4878175646407405
0.5037836369221995
0.5190105851332091
0.533483337287289
0.5471879661081216
0.5601117028650673
0.5722429488954978
0.5835712848144561
0.5940874774348777
0.6037834843989912
0.6126524565430289
0.6206887380196127
0.6278878642033282
0.6342465574256089
0.6397627205664901
0.6444354285542288
0.6482649178202636
0.6512525737513105
0.6534009162009993
0.6547135831127674
0.6551953123263594
0.6548519216334934
0.6536902871409558
0.6517183200198405
0.6489449417062976
0.6453800576370879
0.6410345295973875
0.6359201467528518
0.6300495954548514
0.623436427892786
0.6160950296825318
0.6080405864748389
0.5992890496623582
0.5898571012774662
0.5797621181587522
0.5690221354770362
0.5576558097054202
0.5456823811112816
0.5331216358598487
0.5199938678055661
0.5063198400564646
0.4921207463917653
0.4774181726087952
0.4622340578830106
0.4465906562104986
0.4305104980114293
0.4140163519656193
0.3971311871439143
0.3798781355048129
0.3622804548206003
0.3443614921018907
0.3261446475801109
0.3076533392997959
0.2889109683779569
0.2699408849803661
0.2507663550660172
0.2314105279464075
0.2118964047030447
0.1922468075074968
0.1724843498771025
0.1526314079004795
0.1327100924655147
0.1127422225203655
0.09274929939572636
0.07275248220842902
0.05277256436651791
0.03282995119362056
0.01294463868754674
-0.00686380657446707
-0.02657626637515594
-0.04617408863448504
-0.06563910402068415
-0.084953641393374
-0.1041005420804743
-0.1230631729919182
-0.1418254385757825
-0.1603717916247752
-0.1786872429423445
-0.1967573698812291
-0.2145683237676055
-0.2321068362283888
-0.2493602244398312
-0.2663163953148022
-0.282963848650191
-0.2992916792557684
-0.3152895780894783
-0.3309478324245104
-0.3462573250733641
-0.3612095326990343
-0.3757965232393906
-0.3900109524763319
-0.4038460597799604
-0.4172956630551282
-0.4303541529205175
-0.4430164861534746
-0.4552781784405214
-0.4671352964673246
-0.4785844493731062
-0.4896227795989672
-0.5002479531666841
-0.5104581494309172
-0.5202520503392905
-0.5296288292242727
-0.5385881391560945
-0.547130100893312
-0.5552552904742147
-0.5629647264823165
-0.570259857007182
-0.5771425463273272
-0.5836150613504748
-0.5896800578521432
-0.5953405665429327
-0.6005999789841012
-0.6054620333769708
-0.6099308002562734
-0.6140106681209747
-0.6177063290291948
-0.6210227641784166
-0.6239652294983862
-0.6265392412770435
-0.6287505618413834
-0.6306051853152965
-0.6321093234778685
-0.6332693917488565
-0.6340919953139951
-0.634583915405455
-0.6347520957547705
-0.6346036292377392
-0.6341457447334825
-0.6333857942053236
-0.6323312400123512
-0.630989642464423
-0.6293686476382276
-0.6274759754736154
-0.6253194081519919
-0.6229067787607028
-0.6202459602518442
-0.6173448547059865
-0.6142113829113769
-0.6108534742611522
-0.6072790569757307
-0.6034960486544806
-0.5995123471568879
-0.5953358218164139
-0.5909743049885765
-0.5864355839351673
-0.5817273930458456
-0.5768574063983378
-0.5718332306624684
-0.5666623983406531
-0.5613523613391317
-0.5559104848678349
-0.5503440416706346
-0.5446602065883915
-0.5388660514455261
-0.5329685402530119
-0.5269745247235055
-0.5208907400965739
-0.5147238012728134
-0.5084801992474381
-0.5021662978361244
-0.4957883306870646
-0.4893523985741102
-0.4828644669670781
-0.4763303638697425
-0.4697557779180475
-0.4631462567313935
-0.4565072055102034
-0.4498438858740903
-0.443161414931409
-0.4364647645722783
-0.4297587609775076
-0.4230480843362547
-0.4163372687667711
-0.4096307024302174
-0.4029326278295293
-0.3962471422854751
-0.3895781985822803
-0.3829296057761846
-0.376305030158177
-0.3697079963628063
-0.3631418886157622
-0.3566099521135691
-0.3501152945299747
-0.3436608876398234
-0.3372495690528992
-0.3308840440507794
-0.3245668875198259
-0.3183005459745439
-0.3120873396636537
-0.3059294647522123
-0.2998289955734978
-0.2937878869451154
-0.2878079765447973
-0.2818909873384665
-0.276038530053812
-0.2702521056941402
-0.2645331080882972
-0.2588828264732683
-0.2533024481026785
-0.2477930608758153
-0.2423556559825946
-0.2369911305602048
-0.231700290357737
-0.2264838524041928
-0.2213424476759587
-0.2162766237601294
-0.2112868475102853
-0.2063735076922838
-0.2015369176158807
-0.1967773177488794
-0.1920948783109895
-0.1874897018446603
-0.1829618257606128
-0.1785112248554394
-0.1741378137991141
-0.1698414495904166
-0.1656219339779741
-0.1614790158452108
-0.1574123935575923
-0.1534217172713303
-0.1495065912020456
-0.1456665758511429
-0.1419011901882586
-0.1382099137893606
-0.1345921889305433
-0.1310474226366393
-0.1275749886829463
-0.1241742295491755
-0.1208444583254804
-0.1175849605707446
-0.1143949961227807
-0.1112738008599156
-0.1082205884142076
-0.1052345518357863
-0.1023148652079607
-0.09946068521333258
-0.09667115265140169
-0.09394539390829078
-0.09128252237848866
-0.08868163983858898
-0.08614183777353131
-0.08366219865605259
-0.08124179718016455
-0.07887970144876658
-0.07657497411571795
-0.07432667348291298
-0.07213385455350076
-0.06999557004234591
-0.06791087134397041
-0.06587880945834211
-0.0638984358753697
-0.06196880341912698
-0.06008896705281927
-0.05825798464507791
-0.05647491769844232
-0.05473883204082142
-0.0530487984809047
-0.05140389342839962
-0.04980319948000952
-0.04824580597216129
-0.04673080950131657
-0.04525731441259213
-0.04382443325739645
-0.04243128722117753
-0.04107700652233552
-0.03976073078316883
-0.03848160937367851
-0.0372388017293138
-0.03603147764327874
-0.03485881753422868
-0.03372001269017284
-0.03261426548960474
-0.03154078960075946
-0.03049881015972793
-0.02948756392810606
-0.02850629943098973
-0.02755427707630411
-0.0266307692563292
-0.02573506043205512
-0.02486644720090054
-0.02402423834858537
-0.02320775488594053
-0.02241633007141149
-0.02164930941988817
-0.02090605069861473
-0.02018592391080593
-0.01948831126752982
-0.01881260714840415
-0.01815821805177324
-0.01752456253501026
-0.0169110711454841
-0.01631718634273145
-0.01574236241237723
-0.01518606537224053
-0.01464777287118519
-0.01412697408106937
-0.01362316958248893
-0.01313587124478962
-0.01266460210072276
-0.01220889621594155
-0.01176829855381354
-0.01134236483604299
-0.01093066139965067
-0.01053276505048938
-0.01014826291356356
-0.0097767522804469
-0.009417840454301423
-0.009071144592740922
-0.008736291548897946
-0.008412917710791131
-0.008100668839338901
-0.00779919990530412
-0.007508174925430299
-0.007227266798008072
-0.006956157138008213
-0.006694536112047687
-0.00644210227335017
-0.006198562396851261
-0.005963631314655097
-0.005737031752092869
-0.005518494164511396
-0.005307756574879653
-0.005104564412357696
-0.00490867035194384
-0.004719834155331114
-0.004537822513107709
-0.004362408888405687
-0.00419337336211143
-0.004030502479761808
-0.003873589100072509
-0.003722432245279279
-0.003576836953289192
-0.003436614131816713
-0.003301580414440477
-0.003171558018778478
-0.003046374606669309
-0.002925863146521149
-0.002809861777789374
-0.002698213677652107
-0.002590766929917726
-0.002487374396155916
-0.002387893589109054
-0.002292186548376482
-0.002200119718354398
-0.002111563828500269
-0.002026393775883659
-0.001944488510046675
-0.00186573092020018
-0.001790007724708169
-0.001717209362848577
-0.001647229888840588
-0.001579966868145443
-0.00151532127605992
-0.001453197398536138
-0.001393502735252579
-0.001336147904861361
-0.001281046552446897
-0.00122811525913245
-0.001177273453839862
-0.001128443327168058
-0.001081549747373603
-0.001036520178427783
-0.0009932846000346056
-0.0009517754297420758
-0.0009119274470458733
-0.0008736777194992252
-0.0008369655306530383
-0.00080173230957189
-0.0007679215622178969
-0.0007354788052356472
-0.0007043515019700021
-0.0006744889998840404
-0.0006458424688673338
-0.0006183648410920158
-0.0005920107530492584
-0.0005667364896282809
-0.0005424999297178991
-0.0005192604931315675
-0.0004969790890258532
-0.0004756180658248245
-0.0004551411626729519
-0.000435513462316831
-0.0004167013453638169
-0.0003986724458935556
-0.0003813956084329607
-0.0003648408462193994
-0.0003489793007287083
-0.0003337832024615334
-0.0003192258329366147
-0.0003052814878600869
-0.0002919254414348991
-0.0002791339118093884
-0.0002668840276142213
-0.0002551537955611337
-0.0002439220690721921
-0.0002331685179271832
-0.0002228735988912345
-0.000213018527287299
-0.0002035852495105516
-0.0001945564164307448
-0.0001859153576875259
-0.0001776460568361856
-0.0001697331273120917
-0.0001621617891895676
-0.0001549178467616163
-0.0001479876668508002
-0.000141358157865498
-0.0001350167495452488
-0.0001289513734635278
-0.0001231504441277254
-0.0001176028407705912
-0.0001122978897897041
-0.0001072253477572855
-0.0001023753850696336
-9.773857012355315e-05
-9.330585410554451e-05
-8.906855627488449e-05
-8.501834980398846e-05
-8.114724809576653e-05
-7.744759163114144e-05
-7.391203522993015e-05
-7.053353584250703e-05
-6.7305340735847e-05
-6.4220976124902e-05
-6.127423622678508e-05
-5.845917268858894e-05
-5.577008445092737e-05
-5.320150795089432e-05
-5.074820768897112e-05
-4.840516717566344e-05
-4.616758017656188e-05
-4.403084231350162e-05
-4.199054298183717e-05
-4.004245754305339e-05
-3.818253985251883e-05
-3.640691503999006e-05
-3.471187258277676e-05
-3.309385963765607e-05
-3.154947462611179e-05
-3.007546107127732e-05
-2.866870165973811e-05
-2.732621255762712e-05
-2.604513790727795e-05
-2.482274458853789e-05
-2.365641714918236e-05
-2.254365293367534e-05
-2.148205741176588e-05
-2.046933970132491e-05
-1.950330825343091e-05
-1.858186670583496e-05
-1.770300991589375e-05
-1.686482013130003e-05
-1.606546333824368e-05
-1.530318572217268e-05
-1.45763103067041e-05
-1.388323370311176e-05
-1.322242300048186e-05
-1.259241277264121e-05
-1.19918022192121e-05
-1.141925240989475e-05
-1.087348365480605e-05
-1.035327297824066e-05
-9.857451669995039e-06
-9.384902987993246e-06
-8.934559896352496e-06
-8.505402945294407e-06
-8.096458222531859e-06
-7.706795360365494e-06
-7.335525680118951e-06
-6.981800375881635e-06
-6.644808773520073e-06
-6.323776679902468e-06
-6.017964797547403e-06
-5.726667188120155e-06
-5.449209819643973e-06
-5.184949173520944e-06
-4.933270898104571e-06
-4.6935885270531e-06
-4.465342253226274e-06
-4.247997758704324e-06
-4.041045075509336e-06
-3.843997517759997e-06
-3.656390639146917e-06
-3.477781254645862e-06
-3.307746505162547e-06
-3.145882920123638e-06
-2.991805582915461e-06
-2.845147292179378e-06
-2.705557757599908e-06
-2.572702866926779e-06
-2.446263933306193e-06
-2.325937006313042e-06
-2.211432237765876e-06
-2.102473203400767e-06
-1.99879631806839e-06
-1.900150257441795e-06
-1.806295392824937e-06
-1.717003267510805e-06
-1.632056085381306e-06
-1.551246226025654e-06
-1.47437578709876e-06
-1.401256134506474e-06
-1.3317074786057e-06
-1.265558468950617e-06
-1.202645814697046e-06
-1.142813913519789e-06
-1.085914487039358e-06
-1.03180626075667e-06
-9.803546160647505e-07
-9.314313169912167e-07
-8.849141826825264e-07
-8.406868375250776e-07
-7.986384197370211e-07
-7.586633253662117e-07
-7.206609964339193e-07
-6.845356317217473e-07
-6.501959949348667e-07
-6.175552218920582e-07
-5.865306154591301e-07
-5.570434623725458e-07
-5.290187842211877e-07
-5.02385147931509e-07
-4.770745286926011e-07
-4.530221789325379e-07
-4.301664924591973e-07
-4.084488340668867e-07
-3.878133881305407e-07
-3.682070214064591e-07
-3.495791661411689e-07
-3.318817032230247e-07
-3.150688415206555e-07
-2.990969987226506e-07
-2.839247101971719e-07
-2.695125169465245e-07
-2.558228811864467e-07
-2.428200863641401e-07
-2.304701484748091e-07
-2.187407438970832e-07
-2.076011251155944e-07
-1.970220390698024e-07
-1.869756660333287e-07
-1.774355417613953e-07
-1.683764972395819e-07
-1.597745934228162e-07
-1.51607065858593e-07
-1.438522644112585e-07
-1.364896051604618e-07
-1.29499520536245e-07
-1.228633963419653e-07
-1.165635395990496e-07
-1.105831272103682e-07
-1.049061635804348e-07
-9.951744420823341e-08
-9.44025119092699e-08
-8.954763152566403e-08
-8.493974201577944e-08
-8.056642871452352e-08
-7.641590030665741e-08
-7.247693835826191e-08
-6.873889435653786e-08
-6.519163869428328e-08
-6.182555299187823e-08
-5.86314877742204e-08
-5.560075502052236e-08
-5.272510265559828e-08
-4.999668065539328e-08
-4.740803850970698e-08
-4.495209151444505e-08
-4.262211397943879e-08
-4.04117236955887e-08
-3.831484470472445e-08
-3.632571380697368e-08
-3.443885489571954e-08
-3.264906791881587e-08
-3.09514180343975e-08
-2.934120579432328e-08
-2.781397599163022e-08
-2.636550299696049e-08
-2.499176164828299e-08
-2.368894392723083e-08
-2.245342345929111e-08
-2.128175703280094e-08
-2.017068449994117e-08
-1.911709811666065e-08
-1.811805432785304e-08
-1.717075842875317e-08
-1.627255175233814e-08
-1.54209184696989e-08
-1.461347128224211e-08
-1.384793920788794e-08
-1.312216781928941e-08
-1.243411301291942e-08
-1.178182533600735e-08
-1.116347147509679e-08
-1.057730199605672e-08
-1.00216548726468e-08
-9.494959707785433e-09
-8.995718704866072e-09
-8.522514508234936e-09
-8.074000527199515e-09
-7.648903743209393e-09
-7.246007833704683e-09
-6.864165514448964e-09
-6.502282514186328e-09
-6.159325995563347e-09
-5.834320652736154e-09
-5.526332794161697e-09
-5.234483104612707e-09
-4.957930656295488e-09
-4.695877902547029e-09
-4.447571371568459e-09
-4.212294368604377e-09
-3.989372909715571e-09
-3.778162207992387e-09
-3.578053531362877e-09
-3.388466113235885e-09
-3.208852110435379e-09
-3.03868984600363e-09
-2.8774841631728e-09
-2.724769257874033e-09
-2.58010092502639e-09
-2.443059431123236e-09
-2.31324594399395e-09
-2.190281850488076e-09
-2.073809662809984e-09
-1.963488600364619e-09
-1.858999442428528e-09
-1.76003434762703e-09
-1.666302701313354e-09
-1.577529664711878e-09
-1.493457338178955e-09
-1.41383690275923e-09
-1.338428534361515e-09
-1.267019342102471e-09
-1.199392779549302e-09
-1.135353785991771e-09
-1.074708825552666e-09
-1.017285289982342e-09
-9.629108499562709e-10
-9.114217594701147e-10
-8.626726825032819e-10
-8.165155309757777e-10
-7.72813316289782e-10
-7.314360154551644e-10
-6.92258376353844e-10
-6.551688941303156e-10
-6.200515765590398e-10
-5.868005822441109e-10
-5.553268142653196e-10
-5.25529502498038e-10
-4.973271941194234e-10
-4.706261631158132e-10
-4.45352042048434e-10
-4.214267365053046e-10
-3.987816545924703e-10
-3.773483758528523e-10
-3.57059799954271e-10
-3.378539513891098e-10
-3.196721727374494e-10
-3.024690423449151e-10
-2.861858859707626e-10
-2.70777237090477e-10
-2.561911666931822e-10
-2.423843298666059e-10
-2.293172642765968e-10
-2.169512903530145e-10
-2.052469380409613e-10
-1.94171883410809e-10
-1.836910896309629e-10
-1.737701664022887e-10
-1.643853438607965e-10
-1.5549928960278e-10
-1.470953738014642e-10
-1.391405023814325e-10
-1.316198763266591e-10
-1.245055842798589e-10
-1.177763772047823e-10
-1.114091872209621e-10
-1.05385737866089e-10
-9.968664517893627e-11
-9.429036239115238e-11
-8.918479356096238e-11
-8.435483939884413e-11
-7.978433679013815e-11
-7.545482938127465e-11
-7.135477135148769e-11
-6.747623902803659e-11
-6.380785215816354e-11
-6.034129676146497e-11
-5.706403980148226e-11
-5.396576943369961e-11
-5.103668295402976e-11
-4.826862872258529e-11
-4.564734207097068e-11
-4.316919804556206e-11
-4.082656259856839e-11
-3.860789591289315e-11
-3.650769691184107e-11
-3.452467936783691e-11
-3.265084328909404e-11
-3.087767985609258e-11
-2.919809812875954e-11
-2.760638534956748e-11
-2.609665072700723e-11
-2.466941722524795e-11
-2.332435472856915e-11
-2.204780090134641e-11
-2.084057833861962e-11
-1.970607477700697e-11
-1.863158819727658e-11
-1.761852294349591e-11
-1.666003188504259e-11
-1.574876196638414e-11
-1.488835193035175e-11
-1.407812694563733e-11
-1.330556292985124e-11
-1.257864268913872e-11
-1.189194201435985e-11
-1.124260543208649e-11
-1.063201929951111e-11
-1.005093245007511e-11
-9.506234765940375e-12
-8.987056740713537e-12
-8.498871480823941e-12
-8.034318912377277e-12
-7.59460302065487e-12
-7.174436346456216e-12
-6.777022084402517e-12
-6.399365530282553e-12
-6.046471048592962e-12
-5.71130845915623e-12
-5.398950153851538e-12
-5.101886051489112e-12
-4.822955866658112e-12
-4.560551013554827e-12
-4.31419927920967e-12
-4.082523128895133e-12
-3.861769645298863e-12
-3.652951755456692e-12
-3.45341727614663e-12
-3.26384328248032e-12
-3.083691903987933e-12
-2.918149511267036e-12
-2.759336942863754e-12
-2.606248979503307e-12
-2.455796933855067e-12
-2.315151352468342e-12
-2.184472688711445e-12
-2.060937644939789e-12
