-2.671877839836321e-11
-3.4459064235392e-11
-4.521998615106199e-11
-5.981401247325244e-11
-7.933062522457805e-11
-1.05198244684002e-10
-1.392614153617998e-10
-1.838889724555572e-10
-2.421029445810973e-10
-3.177417855258812e-10
-4.156591670587481e-10
-5.419703702477444e-10
-7.043521037035665e-10
-9.124081345471565e-10
-1.178113869600643e-09
-1.516354901216368e-09
-1.945573787738549e-09
-2.488555736461834e-09
-3.173360037516656e-09
-4.034446978635981e-09
-5.114011965507294e-09
-6.46358327533226e-09
-8.145913028782463e-09
-1.023722338004695e-08
-1.282985674354211e-08
-1.603540896325029e-08
-1.998841745831872e-08
-2.485069138985836e-08
-3.081639269217029e-08
-3.811797765447932e-08
-4.703313590319342e-08
-5.789287791288546e-08
-7.109094805985032e-08
-8.709475018284587e-08
-1.064580193986818e-07
-1.298354761682915e-07
-1.579997554908724e-07
-1.918609250832804e-07
-2.324889379758881e-07
-2.811394245556988e-07
-3.392832561767426e-07
-4.086403683080523e-07
-4.912183742754219e-07
-5.893565566326962e-07
-7.057758773921101e-07
-8.436356920481437e-07
-1.006597915407636e-06
-1.198899422710058e-06
-1.4254335245974e-06
-1.69184137787174e-06
-2.004614219893022e-06
-2.371207348254338e-06
-2.800167174092612e-06
-3.301273747794392e-06
-3.88569979297268e-06
-4.566187485643975e-06
-5.357244584206125e-06
-6.27536165267161e-06
-7.339252216607857e-06
-8.570117813283127e-06
-9.9919400139477e-06
-1.163180162258045e-05
-1.352023935687637e-05
-1.569163046191442e-05
-1.818461581891723e-05
-2.104256223930834e-05
-2.431406674942059e-05
-2.805350580886168e-05
-3.232163251262876e-05
-3.718622495120756e-05
-4.272278902079133e-05
-4.901531907303065e-05
-5.615711991260823e-05
-6.425169373546907e-05
-7.341369570109384e-05
-8.376996189439055e-05
-9.546061349673417e-05
-0.0001086402408945933
-0.0001234791711643238
-0.0001401648228811214
-0.0001589031521113099
-0.0001799201932678128
-0.0002034636984047122
-0.0002298048783622598
-0.0002592402489796661
-0.0002920935853400635
-0.0003287179867079485
-0.0003694980544084223
-0.0004148521844708057
-0.0004652349762991521
-0.0005211397579790715
-0.0005831012280892288
-0.0006516982130197826
-0.0007275565377710822
-0.0008113520070751303
-0.0009038134923469713
-0.001005726118476687
-0.001117934542785476
-0.001241346316532772
-0.001376935317242766
-0.001525745237851979
-0.001688893118109841
-0.001867572930028552
-0.002063059289383071
-0.002276711242055629
-0.002509976091081684
-0.002764393250916768
-0.003041598115938845
-0.003343325929190864
-0.003671415636275878
-0.004027813708160792
-0.00441457791550131
-0.004833881035924338
-0.005288014474519136
-0.005779391776588426
-0.006310552010506629
-0.006884162997291125
-0.007503024362294629
-0.00817007038313919
-0.008888372606803299
-0.00966114220748392
-0.01049173205560069
-0.01138363846702237
-0.01234050260032552
-0.01336611146857047
-0.0144643985309546
-0.01563944382994579
-0.01689547366071726
-0.0182368598033397
-0.01966811824831097
-0.02119390736293849
-0.02281902546350277
-0.02454840775896095
-0.02638712263166173
-0.0283403672201728
-0.03041346226903002
-0.03261184620996582
-0.03494106843909406
-0.03740678175688885
-0.04001473397241513
-0.04277075896747989
-0.04568076729783709
-0.04875073597809824
-0.05198669714962811
-0.05539472578263429
-0.05898092659703225
-0.06275142023364906
-0.06671232858437638
-0.07086975928731103
-0.07522978938127176
-0.07979844817142494
-0.08458169932975954
-0.08958542221939529
-0.09481539250700732
-0.1002772620545865
-0.1059765381517348
-0.1119185621304881
-0.1181084873733295
-0.1245512568091129
-0.1312515799002235
-0.1382139092058117
-0.145442416583541
-0.1529409690562974
-0.1607131044663388
-0.1687620069316849
-0.177090482212657
-0.1857009330692033
-0.1945953346474103
-0.2037752100412509
-0.2132416060522622
-0.2229950692737552
-0.2330356225933546
-0.2433627421598654
-0.253975334980496
-0.26487171717064
-0.2760495929916162
-0.2875060347754393
-0.2992374637847658
-0.3112396321866376
-0.3235076061530737
-0.3360357502247974
-0.3488177130335491
-0.3618464144214308
-0.3751140341342108
-0.3886120020865218
-0.4023309903311104
-0.4162609068147016
-0.4303908909356018
-0.4447093110658922
-0.4592037640124388
-0.4738610765335256
-0.4886673089705478
-0.5036077609803961
-0.5186669795103616
-0.5338287689552937
-0.5490762035847085
-0.5643916422673476
-0.5797567454456883
-0.5951524944751877
-0.6105592132256132
-0.625956591993552
-0.6413237137155041
-0.6566390823987394
-0.6718806538531685
-0.6870258685759133
-0.7020516867974724
-0.7169346256386542
-0.7316507982538358
-0.7461759550026658
-0.7604855264637637
-0.7745546682645675
-0.7883583076382242
-0.8018711915432407
-0.8150679363507171
-0.8279230788777366
-0.8404111287087486
-0.8525066216826832
-0.8641841743464796
-0.8754185393420566
-0.8861846614853441
-0.8964577344605228
-0.9062132579832405
-0.9154270952078978
-0.9240755303205221
-0.9321353260640436
-0.9395837811034617
-0.9463987870720689
-0.9525588850683629
-0.958043321535729
-0.9628321032700051
-0.9669060514523418
-0.9702468545497134
-0.9728371198674088
-0.9746604236926121
-0.9757013597844225
-0.9759455861131253
-0.9753798697052709
-0.9739921294021135
-0.9717714764821626
-0.9687082529346145
-0.9647940673060621
-0.9600218280050088
-0.9543857739133493
-0.9478815022901448
-0.9405059937826994
-0.9322576344707805
-0.9231362348689031
-0.9131430458320845
-0.9022807714457415
-0.8905535786720356
-0.8779671034781136
-0.8645284534566147
-0.850246207505436
-0.8351304134722191
-0.8191925824877514
-0.8024456776959095
-0.7849040976664784
-0.7665836576892716
-0.7475015716902815
-0.7276764316369563
-0.7071281816226838
-0.6858780868838092
-0.6639486999979562
-0.6413638252432932
-0.6181484803396576
-0.5943288552062411
-0.5699322678474642
-0.5449871176565734
-0.5195228363412252
-0.4935698365117959
-0.4671594580476437
-0.4403239123764381
-0.4130962248058244
-0.3855101750786404
-0.3576002362734954
-0.3294015122127226
-0.3009496735330334
-0.2722808925693458
-0.2434317772279993
-0.2144393039980315
-0.1853407502727851
-0.1561736261464194
-0.1269756058457779
-0.09778445897096756
-0.06863798170333854
-0.03957392814930851
-0.01062994198106256
0.0181565114674444
0.04674821248904292
0.07510825352168053
0.1032001047445018
0.1309876786051295
0.158435393132118
0.1855082338952344
0.212171814475169
0.2383924353162415
0.2641371408392637
0.2893737746913105
0.3140710330277113
0.338198515712419
0.3617267753412078
0.3846273639953121
0.4068728776343126
0.4284369980615313
0.4492945323783339
0.4694214498661295
0.4887949162389157
0.5073933252124856
0.5251963273649326
0.5421848562377014
0.5583411516529285
0.5736487802268893
0.5880926530608822
0.6016590406191278
0.6143355847808555
0.6261113080848741
0.6369766201823611
0.6469233215086093
0.6559446042148511
0.6640350503820708
0.6711906275666101
0.6774086817250509
0.6826879275626789
0.6870284363802145
0.6904316214655993
0.6929002211058561
0.6944382792919142
0.6950511241862604
0.6947453444501526
0.6935287634995217
0.6914104117823671
0.6884004971692106
0.684510373547413
0.6797525077332145
0.6741404447834606
0.6676887718111777
0.6604130804075485
0.6523299277698983
0.6434567966534614
0.6338120542402853
0.6234149100394041
0.6122853729239631
0.6004442074018872
0.5879128892328284
0.5747135604897929
0.5608689841789348
0.5464024985200139
0.5313379709799682
0.5156997521662978
0.4995126296713906
0.4828017819700516
0.4655927324635081
0.4479113037552396
0.4297835722534231
0.4112358231796454
0.3922945060711146
0.3729861908558951
0.3533375245737888
0.3333751888211698
0.3131258579849872
0.2926161583361594
0.2718726280448307
0.2509216781733399
0.2297895547059086
0.2085023016637577
0.1870857253558807
0.1655653598098381
0.1439664334222948
0.1223138368686742
0.1006320923027204
0.07894532387700161
0.05727722960946095
0.0356510546169272
0.01408956573505486
-0.007384972459857887
-0.0287508202149321
-0.04998678374340468
-0.07107223494131143
-0.09198712967636982
-0.1127120246500036
-0.1332280928369428
-0.1535171375098051
-0.1735616048587126
-0.1933445952215629
-0.2128498729387835
-0.2320618748491603
-0.2509657174466162
-0.2695472027214789
-0.2877928227156132
-0.3056897628149761
-0.3232259038075083
-0.3403898227365912
-0.3571707925816304
-0.3735587808026776
-0.389544446780947
-0.4051191381921105
-0.4202748863497385
-0.4350044005563559
-0.4493010615057708
-0.4631589137724878
-0.4765726574295934
-0.4895376388361045
-0.5020498406334906
-0.5141058709960313
-0.5257029521744491
-0.5368389083795065
-0.5475121530481397
-0.5577216755289549
-0.5674670272305329
-0.5767483072720536
-0.5855661476801878
-0.593921698173254
-0.6018166105710027
-0.6092530228743688
-0.6162335430499341
-0.622761232560899
-0.6288395896821525
-0.6344725326300485
-0.6396643825412452
-0.6444198463373418
-0.6487439995204864
-0.6526422689331957
-0.6561204155016448
-0.6591845169883871
-0.6618409507887468
-0.6640963768122833
-0.665957720476841
-0.6674321558286067
-0.6685270888082756
-0.6692501406919317
-0.6696091317425859
-0.6696120650937788
-0.6692671108719868
-0.6685825905716193
-0.6675669617056947
-0.666228802761066
-0.6645767984737012
-0.6626197254270323
-0.6603664379833125
-0.6578258545627407
-0.6550069442884964
-0.6519187140075401
-0.6485701956911615
-0.6449704342258268
-0.6411284755974506
-0.6370533554735813
-0.6327540881884925
-0.6282396561373654
-0.6235189995888304
-0.6186010069111313
-0.6134945052099416
-0.6082082513782402
-0.6027509235608901
-0.5971311130388244
-0.5913573165242506
-0.5854379288596642
-0.5793812361176264
-0.5731954091027884
-0.5668884972594369
-0.5604684229713625
-0.5539429762440854
-0.5473198097634701
-0.5406064343271044
-0.5338102146450483
-0.5269383654995936
-0.5199979482583087
-0.5129958677321145
-0.5059388693672862
-0.4988335367632475
-0.4916862895068353
-0.4845033813146656
-0.4772908984746111
-0.4700547585782615
-0.4628007095391717
-0.4555343288824437
-0.4482610232922851
-0.4409860284082454
-0.433714408863824
-0.4264510585620073
-0.4192007011734478
-0.4119678908450073
-0.404757013109166
-0.3975722859867496
-0.3904177612764982
-0.3832973260186957
-0.3762147041225535
-0.3691734581479886
-0.3621769912335714
-0.3552285491636
-0.3483312225633413
-0.3414879492134129
-0.3347015164747325
-0.3279745638160301
-0.3213095854370434
-0.3147089329781518
-0.3081748183084588
-0.3017093163848666
-0.295314368175135
-0.2889917836393496
-0.2827432447612691
-0.2765703086226098
-0.2704744105139179
-0.2644568670757333
-0.258518879464906
-0.2526615365394044
-0.2468858180558465
-0.2411925978745568
-0.2355826471675522
-0.2300566376259304
-0.2246151446606216
-0.2192586505919034
-0.2139875478234444
-0.2088021419969674
-0.2037026551243679
-0.1986892286930624
-0.1937619267410777
-0.1889207388987827
-0.1841655833946958
-0.1794963100235452
-0.1749127030729863
-0.1704144842059538
-0.1660013152965719
-0.1616728012184169
-0.1574284925841983
-0.1532678884342246
-0.1491904388716999
-0.1451955476434618
-0.1412825746652211
-0.1374508384904401
-0.133699618721708
-0.130028158363802
-0.1264356661178431
-0.1229213186161496
-0.119484262597921
-0.1161236170248689
-0.1128384751365028
-0.1096279064450349
-0.1064909586698775
-0.1034266596120636
-0.1004340189686501
-0.09751203008750176
-0.09465967166277543
-0.09187590937146878
-0.08915969745158467
-0.08650998022248456
-0.0839256935484998
-0.08140576624648077
-0.07894912143741525
-0.07655467784276894
-0.07422135102663154
-0.07194805458519195
-0.06973370128430388
-0.0675772041457144
-0.06547747748263121
-0.06343343788598459
-0.06144400516266459
-0.05950810322677241
-0.05762466094486787
-0.05579261293645101
-0.05401090033057731
-0.05227847147956629
-0.05059428263098472
-0.0489572985591912
-0.04736649315786488
-0.04582084999436794
-0.04431936282695666
-0.04286103608604313
-0.04144488532072433
-0.04006993761188328
-0.03873523195281604
-0.0374398195982649
-0.03618276438302402
-0.03496314301141216
-0.0337800453188651
-0.03263257450645272
-0.03151984734929102
-0.03044099437977
-0.029395160046883
-0.02838150285260749
-0.02739919546628488
-0.02644742481796983
-0.02552539217158484
-0.02463231317892207
-0.02376741791537552
-0.02292995089823003
-0.02211917108853073
-0.02133435187727124
-0.02057478105660683
-0.01983976077690565
-0.01912860749035718
-0.01844065188215556
-0.01777523878975145
-0.01713172711104002
-0.01650948970213158
-0.01590791326534803
-0.01532639822801397
-0.01476435861265351
-0.01422122189931249
-0.01369642888052804
-0.01318943350958453
-0.0126997027424166
-0.01222671637374416
-0.01176996686801809
-0.01132895918571753
-0.01090321060532445
-0.01049225054142061
-0.01009562035930344
-0.009712873186558486
-0.009343573722005579
-0.008987298042416571
-0.008643633407282547
-0.008312178062072987
-0.007992541040197091
-0.007684341963999264
-0.007387210845059202
-0.007100787884120432
-0.006824723270900529
-0.006558676984010039
-0.006302318591214706
-0.006055327050261536
-0.005817390510434109
-0.005588206115070133
-0.005367479805216895
-0.005154926124658891
-0.00495026802646134
-0.004753236681042397
-0.004563571285996605
-0.004381018877784233
-0.004205334145507607
-0.004036279246800594
-0.003873623625915031
-0.003717143834028848
-0.003566623352020526
-0.003421852415682549
-0.003282627843500704
-0.003148752866990194
-0.003020036963674848
-0.002896295692753034
-0.002777350533528514
-0.002663028726604726
-0.002553163117878598
-0.002447592005367142
-0.002346158988872802
-0.002248712822468281
-0.002155107269878207
-0.002065200962734492
-0.001978857261729865
-0.00189594412063624
-0.001816333953187048
-0.001739903502821055
-0.001666533715244419
-0.001596109613861188
-0.001528520177978395
-0.001463658223854676
-0.001401420288503312
-0.001341706516245034
-0.001284420547969621
-0.001229469413071197
-0.001176763424053249
-0.001126216073789489
-0.001077743935343599
-0.001031266564348437
-0.0009867064039364487
-0.000943988692127663
-0.0009030413716663552
-0.0008637950022568934
-0.0008261826752067026
-0.0007901399303382465
-0.0007556046752267179
-0.0007225171066634608
-0.000690819634321461
-0.0006604568065914339
-0.0006313752385060977
-0.000603523541785966
-0.0005768522568832668
-0.0005513137870302445
-0.0005268623342071338
-0.0005034538370487234
-0.0004810459105759212
-0.0004595977877829505
-0.0004390702629966573
-0.0004194256369413506
-0.0004006276635481016
-0.0003826414983676763
-0.0003654336486190349
-0.0003489719248222611
-0.0003332253939435678
-0.0003181643340719919
-0.0003037601904952195
-0.0002899855332349287
-0.0002768140159699347
-0.0002642203363078746
-0.0002521801973599977
-0.0002406702704515019
-0.0002296681591245293
-0.000219152364484737
-0.0002091022518398341
-0.0001994980184059767
-0.000190320661812683
-0.0001815519496858133
-0.0001731743903865621
-0.0001651712049092516
-0.000157526299718534
-0.0001502242404750738
-0.0001432502266584004
-0.0001365900671192554
-0.000130230156476126
-0.0001241574523757709
-0.0001183594535324129
-0.0001128241785973323
-0.0001075401457507297
-0.0001024963530498994
-9.768225949910755e-05
-9.30877667868789e-05
-8.870320171729905e-05
-8.45192992771301e-05
-8.052718633040196e-05
-7.671836591026934e-05
-7.308470210933507e-05
-6.961840552435541e-05
-6.631201924830472e-05
-6.315840541091038e-05
-6.015073220200308e-05
-5.728246137531881e-05
-5.454733627595878e-05
-5.193937030270666e-05
-4.945283579843092e-05
-4.708225338305363e-05
-4.482238169741319e-05
-4.266820753215123e-05
-4.061493638157162e-05
-3.865798330464321e-05
-3.679296419610159e-05
-3.501568738085866e-05
-3.33221455335252e-05
-3.170850792276804e-05
-3.017111298482141e-05
-2.870646114573107e-05
-2.731120798677319e-05
-2.598215762853071e-05
-2.471625642921011e-05
-2.351058690054248e-05
-2.236236189861708e-05
-2.126891901820535e-05
-2.022771524748187e-05
-1.923632181749634e-05
-1.829241928444214e-05
-1.739379278143337e-05
-1.653832750168083e-05
-1.572400433451136e-05
-1.494889571754915e-05
-1.421116163356945e-05
-1.350904576839538e-05
-1.284087187645394e-05
-1.220504022399194e-05
-1.160002424695968e-05
-1.10243673193909e-05
-1.047667966030254e-05
-9.955635375061685e-06
-9.459969625372798e-06
-8.988475909546873e-06
-8.540003462536682e-06
-8.113454766346253e-06
-7.707783182598399e-06
-7.321990657416973e-06
-6.955125549241653e-06
-6.606280537875829e-06
-6.274590622077401e-06
-5.959231225002157e-06
-5.659416347610951e-06
-5.374396829114295e-06
-5.103458670536624e-06
-4.845921449405957e-06
-4.601136765121238e-06
-4.368486801425618e-06
-4.147382912155519e-06
-3.937264288242121e-06
-3.737596693036002e-06
-3.547871216859302e-06
-3.367603134947664e-06
-3.196330782913084e-06
-3.033614472755103e-06
-2.879035516019151e-06
-2.732195207804161e-06
-2.592713922341464e-06
-2.4602302276375e-06
-2.334400028689227e-06
-2.214895759779353e-06
-2.101405611847515e-06
-1.993632797158754e-06
-1.891294847852581e-06
-1.794122932370018e-06
-1.701861230606005e-06
-1.614266303298023e-06
-1.531106523443456e-06
-1.452161507265548e-06
-1.377221588897024e-06
-1.306087310389103e-06
-1.238568938005782e-06
-1.174485994335087e-06
-1.113666825209919e-06
-1.055948168372486e-06
-1.001174767397097e-06
-9.491989815206154e-07
-8.998804147089729e-07
-8.530855786017463e-07
-8.086875484629604e-07
-7.665656691111412e-07
-7.266052310044108e-07
-6.886971982678548e-07
-6.527379234897449e-07
-6.186288979254232e-07
-5.86276496803843e-07
-5.555917426992975e-07
-5.264900714383344e-07
-4.988911364827258e-07
-4.727185913680866e-07
-4.478998938912425e-07
-4.243661212849165e-07
-4.020517990194576e-07
-3.808947322952024e-07
-3.60835840164738e-07
-3.418189994384341e-07
-3.237909077599797e-07
-3.067009422045318e-07
-2.905010244063628e-07
-2.751454999923123e-07
-2.605910090061957e-07
-2.467963887256851e-07
-2.337225476621112e-07
-2.213323792525095e-07
-2.095906542713337e-07
-1.984639200141858e-07
-1.879204348945224e-07
-1.779300569858371e-07
-1.684641833586909e-07
-1.594956576299691e-07
-1.509987262944319e-07
-1.429489326090677e-07
-1.35323073888632e-07
-1.280991240772639e-07
-1.212561982022697e-07
-1.147744573751077e-07
-1.086350970053434e-07
-1.028202791147098e-07
-9.731308137633067e-08
-9.209745282791869e-08
-8.715814664269196e-08
-8.248071190331693e-08
-7.805143457846535e-08
-7.38573225481121e-08
-6.988604751977594e-08
-6.612592594976981e-08
-6.256586713051268e-08
-5.919536146178936e-08
-5.600444023939427e-08
-5.298366058961945e-08
-5.012405567467557e-08
-4.741712940513622e-08
-4.485483836410925e-08
-4.242954070628638e-08
-4.013399762919971e-08
-3.796135103525767e-08
-3.590509663598646e-08
-3.395906859365353e-08
-3.211743306887133e-08
-3.037464509342454e-08
-2.872546816682819e-08
-2.716492831455632e-08
-2.568831293634471e-08
-2.429116118659968e-08
-2.296924474638978e-08
-2.171855627738063e-08
-2.053530492481911e-08
-1.941589445565837e-08
-1.835691560011561e-08
-1.735515090451724e-08
-1.640753403363261e-08
-1.551116870571718e-08
-1.466331760932397e-08
-1.38613777223079e-08
-1.310289331600911e-08
-1.23855311985083e-08
-1.170708550327348e-08
-1.106546482065212e-08
-1.045868411877068e-08
-9.884875432825292e-09
-9.342262037324395e-09
-8.829165574229323e-09
-8.343998178325034e-09
-7.885255083499053e-09
-7.451516406995347e-09
-7.041431802137104e-09
-6.653721246032402e-09
-6.287179699102231e-09
-5.940660163314355e-09
-5.613077766145539e-09
-5.303412008072941e-09
-5.010684408329135e-09
-4.733985282071801e-09
-4.472439862120003e-09
-4.225227305836942e-09
-3.991569107233585e-09
-3.770722681854718e-09
-3.561994094637766e-09
-3.364728810928438e-09
-3.178302288395637e-09
-3.00212252167397e-09
-2.835631432426923e-09
-2.678297786234972e-09
-2.529625889332412e-09
-2.389141362495607e-09
-2.256402806778368e-09
-2.130985129739807e-09
-2.01248815210962e-09
-1.90053157257319e-09
-1.794763095596047e-09
-1.694834431668625e-09
-1.600425871894666e-09
-1.511240032975875e-09
-1.426986671377289e-09
-1.347396977470044e-09
-1.27221231559488e-09
-1.201190434242405e-09
-1.13410532605781e-09
-1.070741235187114e-09
-1.010892168863097e-09
-9.543684867200785e-10
-9.009826536249708e-10
-8.505600741874923e-10
-8.029401113852644e-10
-7.579669024311514e-10
-7.154945844330428e-10
-6.753919943747732e-10
-6.375185362820124e-10
-6.01758591259741e-10
-5.679934406692291e-10
-5.361124119224585e-10
-5.060070616512172e-10
-4.77584571161249e-10
-4.507425563449421e-10
-4.254000287483042e-10
-4.014712126690936e-10
-3.788790988102373e-10
-3.575487947587524e-10
-3.374159000308621e-10
-3.18407386762097e-10
-3.0046152496952e-10
-2.835221733321985e-10
-2.675333102357578e-10
-2.524401871046348e-10
-2.381926657612829e-10
-2.247407707716183e-10
-2.12047537921013e-10
-2.000682942675185e-10
-1.887697602295963e-10
-1.781068470519563e-10
-1.680413174290275e-10
-1.585398889084515e-10
-1.495732668498565e-10
-1.41108966637595e-10
-1.331169785770407e-10
-1.255701226523438e-10
-1.184473186306809e-10
-1.117287264119614e-10
-1.053918023750094e-10
-9.941178819111651e-11
-9.376932004513971e-11
-8.844522008349068e-11
-8.342144255525415e-11
-7.868021975506664e-11
-7.421158887671882e-11
-6.999828719550612e-11
-6.602246172720713e-11
-6.227503549342598e-11
-5.873629057795549e-11
-5.53949524331056e-11
-5.224227928441571e-11
-4.926830045936588e-11
-4.646455486999302e-11
-4.381795421009666e-11
-4.131623726889154e-11
-3.896262991197087e-11
-3.673687149715886e-11
-3.463699909381072e-11
-3.265625085282125e-11
-3.078915431097643e-11
-2.903308330374778e-11
-2.737438842171298e-11
-2.581312846573816e-11
-2.434353955515779e-11
-2.295378077496254e-11
-2.164607487133413e-11
-2.040870073005198e-11
-1.924363633805401e-11
-1.814034214794243e-11
-1.710291694812083e-11
-1.611914297885464e-11
-1.519328332534472e-11
-1.432170392782739e-11
-1.350063374100366e-11
-1.272559666692888e-11
-1.199442147644889e-11
-1.130798240763587e-11
-1.066092789060704e-11
-1.005194627192082e-11
-9.480732534543135e-12
-8.938164458877498e-12
-8.426019070209898e-12
-7.941641649474575e-12
-7.482593535546682e-12
-7.053522668230456e-12
-6.646435826679116e-12
-6.262920048328587e-12
-5.900179928182926e-12
-5.561743820545135e-12
-5.240556384321475e-12
-4.937833218024827e-12
-4.652753883432079e-12
-4.383417216983273e-12
-4.133657635454613e-12
-3.895860831912073e-12
-3.671383555258508e-12
-3.460230283143856e-12
-3.259895769484065e-12
-3.070919711810914e-12
-2.896105317395612e-12
-2.736870056455228e-12
-2.582507087188184e-12
-2.434438748129587e-12
-2.291461352858485e-12
-2.156049195509607e-12
-2.028497332063866e-12
-1.909395662798637e-12
-1.797886070203451e-12
-1.693522865613626e-12
-1.5958511248893e-12
-1.503891994906149e-12
-1.416359462626866e-12
-1.331766176763047e-12
-1.255069645838888e-12
-1.185410851796929e-12
-1.119811664030625e-12
-1.05436349453997e-12
-9.935928791955754e-13
-9.330824048598714e-13
-8.793847802805606e-13
-8.294983812288669e-13
-7.803114871825268e-13
-7.367939709094888e-13
-6.947492532569503e-13
-6.576782810376943e-13
-6.16917088183177e-13
-5.789113962036765e-13
-5.432968511003528e-13
-5.114267696409621e-13
-4.83291794089456e-13
-4.605632821020698e-13
-4.383816113679254e-13
-4.186545785036578e-13
-3.964729452293296e-13
-3.743009751914615e-13
-3.451547234331991e-13
-3.158822612760042e-13
-2.873903794781197e-13
-2.612575573660461e-13
-2.430425455146207e-13
-2.279938595038221e-13
-2.182841099704823e-13
-2.113966226034308e-13
-2.073352496404049e-13
-2.04040483904777e-13
-1.995515798610319e-13
-1.93861935388517e-13
-1.87101889392258e-13
