-2.072864296897304e-13
-2.38035175517375e-13
-3.004497187523871e-13
-4.006904100185664e-13
-5.489498531173693e-13
-7.596305863141994e-13
-1.054300737185911e-12
-1.461730059537396e-12
-2.021140191134709e-12
-2.784740178222257e-12
-3.821208799883866e-12
-5.22211000865798e-12
-7.10663362708786e-12
-9.631455717528591e-12
-1.299984699835917e-11
-1.747619517335647e-11
-2.340013849320072e-11
-3.121163539581456e-11
-4.147140167714652e-11
-5.489833260335038e-11
-7.240717497403624e-11
-9.515835960421369e-11
-1.246196613222575e-10
-1.626404136438933e-10
-2.115474169897669e-10
-2.742526027686759e-10
-3.54396117180651e-10
-4.56512347983938e-10
-5.862312983825754e-10
-7.505289126175551e-10
-9.580212635655794e-10
-1.2193281313667e-09
-1.547497667665768e-09
-1.958525147682535e-09
-2.471975183149639e-09
-3.111713195160478e-09
-3.906785998863783e-09
-4.892468538549137e-09
-6.111499327999776e-09
-7.615543724837155e-09
-9.466931053162664e-09
-1.174068328784977e-08
-1.452691844618976e-08
-1.793365592159426e-08
-2.209011260015399e-08
-2.715053829784353e-08
-3.329869368769101e-08
-4.075305170128417e-08
-4.97728235896004e-08
-6.066493190680017e-08
-7.379204883598162e-08
-8.958183198978149e-08
-1.085375471464281e-07
-1.312502684059457e-07
-1.584128749446283e-07
-1.908360467546508e-07
-2.294665206437823e-07
-2.754078720480569e-07
-3.299441427091665e-07
-3.945666496994112e-07
-4.710043400566846e-07
-5.612581127456144e-07
-6.676395480338071e-07
-7.928145300728886e-07
-9.398523098050577e-07
-1.112280579152399e-06
-1.314147189105094e-06
-1.550089212993346e-06
-1.825410073337294e-06
-2.146165565927779e-06
-2.519259627973452e-06
-2.952550794713718e-06
-3.454970355811951e-06
-4.036653276200712e-06
-4.709083060721916e-06
-5.485251778379582e-06
-6.379836589579273e-06
-7.409394152477875e-06
-8.592574390726399e-06
-9.950355192755262e-06
-1.150629972835403e-05
-1.328683812678058e-05
-1.532157536955141e-05
-1.764362733033364e-05
-2.028998698116343e-05
-2.330192287298507e-05
-2.672541207283476e-05
-3.061160980949544e-05
-3.501735816035101e-05
-4.000573614127289e-05
-4.564665362565544e-05
-5.201749153740992e-05
-5.920379076127381e-05
-6.729999222154853e-05
-7.641023051088909e-05
-8.664918342314924e-05
-9.814297958222341e-05
-0.0001110301662719679
-0.000125462739338222
-0.0001416072368048255
-0.0001596458975573608
-0.0001797778862976437
-0.000202220588671289
-0.0002272109871640065
-0.0002550071156671307
-0.0002858895920403441
-0.000320163230030111
-0.0003581587318298118
-0.0004002344623256973
-0.0004467783058140397
-0.0004982096056202075
-0.0005549811867706476
-0.0006175814614336376
-0.0006865366164740739
-0.0007624128820211991
-0.000845818879432171
-0.0009374080465601272
-0.001037881137634922
-0.001147988794481766
-0.001268534185139605
-0.001400375705258475
-0.001544429736909365
-0.001701673458635697
-0.00187314769975567
-0.00205995983100337
-0.002263286682685539
-0.002484377480765317
-0.002724556793827455
-0.002985227490350397
-0.003267873689431141
-0.003574063689533339
-0.003905452861555071
-0.004263786491639754
-0.004650902558067791
-0.005068734425425587
-0.005519313438093107
-0.00600477139384483
-0.006527342877158377
-0.007089367431016798
-0.007693291551319485
-0.008341670543857704
-0.009037170245294598
-0.009782568525299155
-0.01058075649111513
-0.01143473940173463
-0.01234763730730064
-0.01332268539963087
-0.01436323403352608
-0.01547274839706951
-0.01665480780584693
-0.01791310460771039
-0.01925144267852386
-0.02067373548101672
-0.0221840036751938
-0.023786372252022
-0.02548506717773648
-0.02728441153180689
-0.02918882111405121
-0.03120279951653398
-0.03333093263417519
-0.03557788260801464
-0.03794838119036894
-0.04044722251236207
-0.0430792552596658
-0.04584937423544799
-0.04876251131462411
-0.05182362578788815
-0.05503769408359966
-0.05840969888654304
-0.0619446176402523
-0.06564741045012337
-0.06952300739762272
-0.07357629526385867
-0.07781210369815461
-0.08223519082734256
-0.08685022833738662
-0.09166178605116741
-0.09667431601291805
-0.1018921361336636
-0.1073194134030307
-0.1129601467147362
-0.1188181493437781
-0.1248970310973964
-0.131200180211841
-0.137730745010309
-0.1444916153863809
-0.1514854041644858
-0.1587144283684125
-0.166180690485409
-0.173885859749537
-0.181831253523133
-0.1900178188387462
-0.1984461141393105
-0.2071162913176753
-0.2160280780828474
-0.2251807607408781
-0.2345731674590898
-0.2442036520549986
-0.2540700784209116
-0.264169805609399
-0.2744996736700911
-0.2850559903071284
-0.2958345183975143
-0.306830464485951
-0.3180384682726413
-0.3294525931816411
-0.3410663180733075
-0.3528725301314833
-0.3648635190354126
-0.3770309724203113
-0.3893659727069697
-0.4018589953517995
-0.4144999085312694
-0.4272779743591831
-0.4401818516212783
-0.4531996000931967
-0.4663186864748764
-0.4795259919314154
-0.4928078213176382
-0.5061499140493693
-0.5195374566710442
-0.5329550971296729
-0.5463869607159895
-0.5598166677257431
-0.573227352777418
-0.5866016858118663
-0.5999218947573746
-0.6131697897931632
-0.6263267892399629
-0.6393739469836597
-0.6522919814278042
-0.6650613059305874
-0.6776620606358992
-0.6900741457048523
-0.7022772558233338
-0.7142509159531809
-0.7259745182567323
-0.7374273600798615
-0.7485886829748238
-0.7594377126159024
-0.7699536995520363
-0.7801159607045964
-0.7899039214815367
-0.7992971584781972
-0.8082754425905799
-0.8168187824442399
-0.8249074680327134
-0.832522114468333
-0.8396437058632515
-0.8462536390773857
-0.8523337669980208
-0.8578664412544775
-0.8628345548165071
-0.8672215853311503
-0.8710116379118473
-0.8741894848453878
-0.8767406021318391
-0.8786512060114857
-0.8799082925883785
-0.880499677262456
-0.8804140305613047
-0.8796409102035536
-0.8781707917477308
-0.8759950989341643
-0.8731062326574449
-0.8694975978986144
-0.8651636285140413
-0.8600998100336568
-0.854302700531922
-0.8477699493949731
-0.8405003139023101
-0.832493673567249
-0.8237510421832906
-0.8142745775823761
-0.8040675890207306
-0.7931345421788638
-0.7814810617510453
-0.7691139315865507
-0.7560410924068087
-0.7422716370584893
-0.7278158033235309
-0.7126849642939368
-0.6968916163064443
-0.6804493644861936
-0.6633729059001603
-0.6456780103744247
-0.627381499014501
-0.608501220454659
-0.5890560249089264
-0.5690657360622096
-0.548551120883244
-0.5275338574270458
-0.5060365006837223
-0.4840824465686484
-0.4616958941222493
-0.4389018060202634
-0.4157258674858104
-0.3921944436884073
-0.3683345357433076
-0.3441737353999246
-0.3197401785320211
-0.2950624975376665
-0.2701697727545924
-0.2450914830138436
-0.219857455435063
-0.1944978145824005
-0.1690429310978209
-0.143523369927546
-0.1179698382654173
-0.09241313332317008
-0.0668840900465693
-0.04141352889399805
-0.01603220379264188
0.009229249611596341
0.03434036529964327
0.05927089770893223
0.08399087193941213
0.1084706332291215
0.1326808955966059
0.1565927895480695
0.1801779087526958
0.2034083555925837
0.2262567854948533
0.2486964499639031
0.2707012382270276
0.292245717416868
0.3133051712168916
0.3338556368973606
0.3538739406835676
0.3733377313894287
0.3922255122627667
0.4105166709915737
0.4281915078235911
0.4452312617685887
0.4616181348385968
0.4773353142971262
0.4923669928920114
0.5066983870481612
0.5203157530142444
0.5332064009443109
0.5453587069152228
0.55676212287974
0.567407184551566
0.577285517237446
0.5863898396237431
0.5947139655446196
0.6022528037549205
0.6090023557256002
0.6149597114999587
0.620123043638007
0.6244915992949245
0.6280656904760538
0.6308466825072664
0.6328369807776912
0.6340400157990241
0.6344602266423979
0.6341030428107356
0.6329748646008917
0.6310830420259725
0.6284358523551086
0.6250424763437699
0.62091297322313
0.6160582545116061
0.6104900567267962
0.6042209130629733
0.5972641241115136
0.5896337276982597
0.5813444679089799
0.5724117633853802
0.5628516749594248
0.5526808727064327
0.5419166024913834
0.530576652075046
0.5186793168560483
0.5062433653203905
0.4932880042789258
0.4798328439633797
0.4658978630432146
0.4515033736349832
0.4366699863679031
0.4214185755736073
0.4057702446641466
0.3897462917596815
0.3733681756323438
0.3566574820168316
0.3396358903417668
0.3223251409362654
0.3047470027657403
0.2869232417517098
0.2688755897160994
0.2506257139938878
0.2321951877562602
0.2136054610837896
0.1948778328291278
0.1760334233010685
0.1570931478026209
0.1380776910524482
0.1190074825162789
0.0999026726739681
0.0807831102421081
0.06166832037175256
0.0425774838379826
0.02352941723540388
0.004542554191997861
-0.0143650723894667
-0.03317584705511115
-0.05187258748444219
-0.07043855913303947
-0.08885748883280119
-0.1071135773510603
-0.1251915109123428
-0.1430764716885787
-0.1607541472649336
-0.1782107390917372
-0.1954329699328659
-0.2124080903243955
-0.229123884058222
-0.2455686727047939
-0.2617313191912729
-0.2776012304541846
-0.2931683591911644
-0.3084232047339943
-0.3233568130602706
-0.3379607759642989
-0.3522272294130034
-0.3661488511185687
-0.3797188573546365
-0.3929309990363265
-0.4057795570881233
-0.4182593371296275
-0.4303656635154403
-0.4420943727586617
-0.4534418063591127
-0.4644048030614654
-0.4749806905756977
-0.4851672767979551
-0.4949628405619413
-0.504366121942767
-0.513376312140215
-0.5219930429723015
-0.5302163760138897
-0.5380467914095607
-0.5454851763858264
-0.5525328134933103
-0.5591913686038092
-0.5654628786886847
-0.5713497394055185
-0.5768546925214622
-0.5819808132051228
-0.5867314972064692
-0.5911104479464474
-0.5951216635402647
-0.5987694237803372
-0.6020582771078233
-0.6049930275882116
-0.6075787219074905
-0.6098206364091968
-0.6117242641972577
-0.613295302331816
-0.614539639127782
-0.6154633415686391
-0.6160726428516714
-0.616373930083113
-0.6163737321420497
-0.6160787077236285
-0.6154956335769627
-0.6146313929499105
-0.6134929642490243
-0.6120874099256435
-0.6104218655976162
-0.608503529416233
-0.606339651687256
-0.6039375247548925
-0.6013044731615134
-0.5984478440829243
-0.5953749980402404
-0.5920932998931078
-0.5886101101230344
-0.5849327764161442
-0.581068625542144
-0.5770249555285136
-0.5728090281314157
-0.5684280616072819
-0.5638892237899749
-0.5591996254689384
-0.5543663140663383
-0.5493962676120331
-0.544296389015978
-0.5390735006390642
-0.5337343391569035
-0.5282855507130719
-0.5227336863585589
-0.5170851977742673
-0.5113464332746207
-0.505523634085932
-0.4996229308946886
-0.4936503406609846
-0.4876117636925095
-0.4815129809762466
-0.4753596517596903
-0.4691573113755561
-0.4629113693039111
-0.4566271074657265
-0.4503096787428411
-0.4439641057166431
-0.4375952796184431
-0.4312079594851052
-0.4248067715142397
-0.4183962086145137
-0.4119806301419647
-0.4055642618151098
-0.3991511958020058
-0.3927453909724922
-0.3863506733099673
-0.3799707364746092
-0.3736091425110414
-0.367269322693687
-0.3609545785039927
-0.3546680827345229
-0.3484128807115878
-0.3421918916285452
-0.3360079099836286
-0.3298636071175152
-0.3237615328465146
-0.3177041171831828
-0.3116936721376173
-0.3057323935936687
-0.2998223632545621
-0.2939655506530617
-0.2881638152201151
-0.2824189084066333
-0.276732475853412
-0.2711060596044
-0.2655411003596536
-0.2600389397619979
-0.254600822712649
-0.2492278997112906
-0.2439212292164615
-0.2386817800224624
-0.2335104336485359
-0.228407986736729
-0.2233751534548212
-0.2184125679004726
-0.2135207865033608
-0.2087002904221896
-0.2039514879344459
-0.1992747168159903
-0.1946702467063456
-0.1901382814565016
-0.1856789614575445
-0.1812923659491268
-0.1769785153054188
-0.1727373732953011
-0.1685688493142866
-0.1644728005870212
-0.1604490343393513
-0.1564973099384198
-0.1526173409989882
-0.1488087974551414
-0.1450713075955257
-0.1414044600606715
-0.1378078058014101
-0.1342808599981123
-0.1308231039404583
-0.1274339868664683
-0.1241129277598124
-0.1208593171049261
-0.1176725185999173
-0.1145518708273725
-0.1114966888822236
-0.1085062659560083
-0.1055798748774576
-0.1027167696099235
-0.09991618670632135
-0.09717734672087346
-0.09449945557742721
-0.09188170589452321
-0.08932327826784618
-0.08682334251058113
-0.08438105885179574
-0.0819955790931194
-0.07966604772414185
-0.07739160299707717
-0.07517137796128481
-0.07300450145813135
-0.07089009907696739
-0.0688272940727596
-0.06681520824571463
-0.06485296278328892
-0.06293967906551125
-0.06107447943452639
-0.05925648792909306
-0.05748483098465146
-0.05575863809992376
-0.0540770424705171
-0.05243918159016433
-0.05084419782036507
-0.04929123892935854
-0.04777945860144431
-0.04630801691715564
-0.04487608080492812
-0.04348282446509794
-0.04212742976723237
-0.04080908662178195
-0.03952699332661024
-0.03828035688889771
-0.0370683933232132
-0.03589032792671436
-0.03474539553222484
-0.0336328407399709
-0.03255191812879902
-0.03150189244758304
-0.03048203878741296
-0.02949164273524212
-0.02853000050973873
-0.02759641908015279
-0.02669021626883903
-0.02581072083808396
-0.0249572725619367
-0.02412922228357435
-0.02332593195882417
-0.02254677468638266
-0.02179113472562276
-0.02105840750268321
-0.0203479996052252
-0.01965932876613268
-0.01899182383678175
-0.01834492475063068
-0.01771808247787271
-0.01711075897137643
-0.01652242710428747
-0.01595257059976939
-0.0154006839534617
-0.0148662723492851
-0.01434885156882662
-0.01384794789469149
-0.0133630980082226
-0.01289384888203337
-0.01243975766786408
-0.01200039157996462
-0.01157532777445115
-0.01116415322488767
-0.01076646459443855
-0.01038186810483074
-0.01000997940252265
-0.009650423422448607
-0.009302834249590778
-0.00896685497858943
-0.008642137571589031
-0.008328342714610705
-0.008025139672661042
-0.007732206143808212
-0.007449228112494086
-0.007175899702335948
-0.006911923028527782
-0.006657008049983333
-0.00641087242137651
-0.006173241345311688
-0.005943847424781994
-0.005722430516045378
-0.005508737582072469
-0.005302522546683006
-0.005103546149489936
-0.004911575801763046
-0.004726385443301975
-0.004547755400473479
-0.004375472245477534
-0.004209328656929846
-0.004049123281812255
-0.003894660598905927
-0.003745750783748641
-0.003602209575213527
-0.003463858143728135
-0.00333052296128393
-0.003202035673183602
-0.003078232971565424
-0.002958956470756683
-0.002844052584504671
-0.0027333724051575
-0.002626771584776342
-0.002524110218236113
-0.002425252728262046
-0.002330067752466785
-0.002238428032407758
-0.002150210304663844
-0.002065295193926097
-0.001983567108149992
-0.00190491413570351
-0.001829227944517697
-0.00175640368327627
-0.001686339884733778
-0.001618938371130402
-0.001554104161406199
-0.001491745379866827
-0.001431773166848816
-0.001374101592357677
-0.001318647572506427
-0.001265330787254987
-0.001214073598437216
-0.001164800969421856
-0.001117440387594068
-0.001071921789469688
-0.001028177487501288
-0.0009861420982555066
-0.0009457524722155943
-0.0009069476254515353
-0.000869668673076164
-0.0008338587643883919
-0.0007994630196671671
-0.0007664284686014978
-0.0007347039903415627
-0.000704240255115321
-0.000674989667433279
-0.0006469063108040488
-0.0006199458939784911
-0.0005940656986201715
-0.0005692245284504333
-0.0005453826598031443
-0.0005225017935534469
-0.0005005450084322917
-0.0004794767156518266
-0.0004592626148252867
-0.0004398696511662111
-0.0004212659739324499
-0.0004034208961007778
-0.0003863048551866054
-0.0003698893752752099
-0.0003541470301483146
-0.0003390514075484826
-0.0003245770744860274
-0.0003106995436526916
-0.0002973952408293073
-0.0002846414732890095
-0.0002724163992075947
-0.000260698997976517
-0.0002494690415220262
-0.0002387070664502192
-0.0002283943471031303
-0.0002185128694960086
-0.0002090453060477564
-0.0001999749911440659
-0.0001912858974940434
-0.0001829626132332706
-0.0001749903198019663
-0.0001673547705300703
-0.0001600422699246023
-0.0001530396536529229
-0.0001463342691896218
-0.0001399139570985631
-0.0001337670329613081
-0.0001278822698972609
-0.000122248881677124
-0.0001168565064352812
-0.000111695190891088
-0.0001067553751524261
-0.0001020278780214101
-9.750388281197163e-05
-9.317492365590796e-05
-8.903287230051732e-05
-8.506992534532389e-05
-8.127859194034645e-05
-7.765168192966011e-05
-7.418229438050817e-05
-7.086380654820916e-05
-6.768986321387112e-05
-6.465436643079784e-05
-6.175146560436744e-05
-5.897554795758084e-05
-5.632122932082029e-05
-5.378334527580975e-05
-5.135694259397673e-05
-4.903727101506187e-05
-4.681977530151797e-05
-4.470008761586406e-05
-4.267402013712898e-05
-4.073755799163226e-05
-3.88868524211187e-05
-3.711821420225582e-05
-3.542810734469469e-05
-3.381314298082405e-05
-3.227007350895403e-05
-3.079578695791087e-05
-2.938730155478895e-05
-2.804176050373279e-05
-2.675642696826533e-05
-2.552867922596011e-05
-2.435600603592229e-05
-2.323600215887807e-05
-2.216636406085603e-05
-2.114488579124223e-05
-2.016945498679205e-05
-1.923804907798192e-05
-1.834873159695862e-05
-1.749964866362436e-05
-1.668902559677578e-05
-1.591516363785419e-05
-1.517643684361234e-05
-1.447128905500079e-05
-1.379823102433747e-05
-1.315583764190356e-05
-1.254274527258416e-05
-1.195764918933296e-05
-1.139930111667517e-05
-1.086650688071673e-05
-1.035812412869587e-05
-9.873060176880116e-06
-9.410269903684285e-06
-8.968753763202978e-06
-8.547555848060847e-06
-8.145762055661769e-06
-7.762498326264433e-06
-7.396928930552584e-06
-7.048254850820806e-06
-6.715712215980136e-06
-6.398570793925826e-06
-6.096132579483556e-06
-5.807730398548956e-06
-5.532726588541623e-06
-5.270511740413698e-06
-5.020503473142606e-06
-4.782145283728216e-06
-4.554905412630383e-06
-4.338275795533837e-06
-4.131771026486459e-06
-3.934927374713549e-06
-3.747301856761982e-06
-3.568471320473778e-06
-3.398031593008918e-06
-3.235596637139482e-06
-3.080797776948965e-06
-2.93328292760031e-06
-2.792715872998847e-06
-2.65877557268341e-06
-2.531155490724716e-06
-2.409562961293857e-06
-2.293718572496975e-06
-2.183355584285819e-06
-2.078219363338145e-06
-1.978066867088835e-06
-1.882666109331721e-06
-1.791795681864911e-06
-1.705244252329005e-06
-1.622810134300207e-06
-1.544300890686773e-06
-1.469532976060047e-06
-1.398331302487628e-06
-1.330528749828909e-06
-1.265965756713722e-06
-1.20449005049061e-06
-1.145956414590904e-06
-1.090226390864493e-06
-1.037167930781262e-06
-9.866550854328743e-07
-9.385677054816669e-07
-8.927912123089707e-07
-8.492163403778664e-07
-8.077388923009908e-07
-7.682595128042594e-07
-7.306834656547198e-07
-6.949204281689772e-07
-6.608842771972063e-07
-6.284929190758112e-07
-5.97668087051266e-07
-5.683351697993569e-07
-5.404230493676638e-07
-5.13863938370319e-07
-4.885932333933946e-07
-4.64549353654382e-07
-4.416736145700262e-07
-4.199100891367894e-07
-3.992054878463288e-07
-3.795090330928671e-07
-3.607723299991425e-07
-3.429492789613622e-07
-3.259959515526433e-07
-3.098705084833032e-07
-2.945330828602139e-07
-2.799456978297367e-07
-2.660721723043498e-07
-2.528780561854668e-07
-2.403305205387657e-07
-2.283983146585739e-07
-2.170516619176367e-07
-2.062622078821086e-07
-1.96002949649299e-07
-1.862481707725597e-07
-1.769733909204531e-07
-1.681552888994906e-07
-1.597716704105845e-07
-1.518013999240641e-07
-1.442243548847081e-07
-1.370213746645633e-07
-1.301742240920943e-07
-1.236655439332709e-07
-1.174788056003023e-07
-1.115982863836887e-07
-1.060090092976058e-07
-1.006967272783751e-07
-9.564787945746037e-08
-9.084955294762134e-08
-8.62894601122028e-08
-8.195591410647104e-08
-7.783779410405778e-08
-7.392451287686531e-08
-7.020599369958695e-08
-6.667265749280748e-08
-6.331539106497959e-08
-6.012551937394798e-08
-5.709478558327802e-08
-5.42153383777334e-08
-5.147970964585382e-08
-4.888079512950853e-08
-4.641183293261232e-08
-4.406640150166084e-08
-4.183838080764474e-08
-3.972195789439127e-08
-3.771159999163362e-08
-3.58020507193981e-08
-3.398830806730868e-08
-3.226561415853126e-08
-3.062945425517831e-08
-2.907551930357437e-08
-2.75997204083112e-08
-2.619816594283398e-08
-2.486716539383953e-08
-2.360319602537393e-08
-2.240291677825787e-08
-2.126314608630855e-08
-2.018086699817804e-08
-1.915320503176589e-08
-1.817742556406111e-08
-1.725094030203849e-08
-1.637127903062835e-08
-1.553609676479701e-08
-1.474317000660113e-08
-1.399038894385017e-08
-1.327573170140257e-08
-1.259728727383769e-08
-1.195324189624091e-08
-1.134186562626983e-08
-1.076151045768383e-08
-1.021061899015907e-08
-9.687711189776672e-09
-9.191372009340041e-09
-8.72026580391296e-09
-8.273119372460175e-09
-7.848726052960178e-09
-7.445935571767441e-09
-7.063658376546048e-09
-6.700861292417969e-09
-6.356558802135422e-09
-6.029816802140946e-09
-5.719750346184933e-09
-5.425511825913233e-09
-5.146301976276427e-09
-4.881358481043794e-09
-4.629958766744268e-09
-4.391421941976666e-09
-4.165085939899532e-09
-3.950332875408442e-09
-3.746577394886771e-09
-3.55325670923683e-09
-3.369842218532927e-09
-3.195829401008247e-09
-3.03073971994304e-09
-2.874118476566733e-09
-2.725534225826344e-09
-2.584582202484804e-09
-2.450874656458118e-09
-2.324037220510791e-09
-2.203721898073953e-09
-2.089603243279768e-09
-1.981354912150258e-09
-1.878676343700999e-09
-1.781289008060613e-09
-1.688915827122249e-09
-1.601302554375131e-09
-1.518208044954098e-09
-1.439394761643287e-09
-1.364649985803881e-09
-1.29375978500307e-09
-1.226525823288667e-09
-1.162768146370994e-09
-1.10230304425039e-09
-1.04496320623838e-09
-9.905936195901562e-10
-9.390341855014432e-10
-8.901492224272426e-10
-8.437922121378807e-10
-7.998384229272145e-10
-7.581555645991591e-10
-7.186343224205816e-10
-6.811621213418839e-10
-6.456313651118314e-10
-6.119400667274278e-10
-5.799963513959333e-10
-5.497121958024101e-10
-5.209999966949808e-10
-4.937815216680764e-10
-4.679787324673963e-10
-4.435209787154563e-10
-4.203336924018175e-10
-3.98354387946742e-10
-3.775147130457817e-10
-3.577600596686547e-10
-3.390334695681012e-10
-3.212819118809068e-10
-3.044559114955301e-10
-2.88508998267405e-10
-2.733871219627481e-10
-2.590537686481975e-10
-2.454695646080828e-10
-2.325920888703136e-10
-2.203844040322322e-10
-2.088142557267037e-10
-1.978495451586625e-10
-1.8746034037975e-10
-1.77617789596413e-10
-1.682895336995464e-10
-1.594525199294221e-10
-1.510800951038114e-10
-1.431419576686031e-10
-1.356155454940854e-10
-1.284816287820725e-10
-1.217232740843847e-10
-1.153176968852773e-10
-1.092447780921476e-10
-1.034924480512058e-10
-9.803807354351572e-11
-9.287083338122571e-11
-8.797479800964083e-11
-8.333643472872631e-11
-7.894178422086527e-11
-7.477998198232469e-11
-7.083548914657766e-11
-6.709908189673576e-11
-6.356168383255583e-11
-6.020881519431285e-11
-5.703537682040786e-11
-5.402610040804705e-11
-5.117291029911163e-11
-4.847050578271935e-11
-4.59074507890586e-11
-4.347601512895004e-11
-4.117597830232258e-11
-3.89986444343999e-11
-3.693532091692553e-11
-3.49797114373069e-11
-3.3130823651553e-11
-3.138022603369203e-11
-2.972304656233903e-11
-2.815010566874646e-11
-2.666273579544257e-11
-2.525388868124501e-11
-2.391603074706303e-11
-2.264612767254406e-11
-2.144467606927225e-11
-2.030459125672511e-11
-1.922777341629709e-11
-1.820410673610335e-11
-1.723255788396239e-11
-1.631296162372705e-11
-1.544696514786437e-11
-1.462620467741142e-11
-1.385402991554945e-11
-1.312689281388674e-11
-1.24349920151158e-11
-1.178039963173941e-11
-1.115941044329337e-11
-1.0570168940094e-11
-1.000861686126611e-11
-9.474194752866315e-12
-8.966724420793931e-12
-8.485738661105885e-12
-8.029258454293704e-12
