8.860467838625481e-15
7.396076389024438e-15
2.300860103144923e-15
6.077914659731867e-16
1.480151531748181e-16
-1.461025851326409e-16
-7.227467712498609e-16
-1.97900825886485e-15
-3.962323583062114e-15
-7.218798262390405e-15
-1.233862247366003e-14
-1.969777278396443e-14
-3.015232296726511e-14
-4.521826934880183e-14
-6.590587988530658e-14
-9.470356764037882e-14
-1.337515644188755e-13
-1.871763230355121e-13
-2.596812051724381e-13
-3.586251809658233e-13
-4.920482502050673e-13
-6.718564089759075e-13
-9.146059654338484e-13
-1.240673480991919e-12
-1.676462528959022e-12
-2.258663244669701e-12
-3.032085176880003e-12
-4.05677115609602e-12
-5.409136448999391e-12
-7.188249554297626e-12
-9.520385127409648e-12
-1.256694743173231e-11
-1.653417426848509e-11
-2.168258713896215e-11
-2.834448066921208e-11
-3.693803715257549e-11
-4.79890136926182e-11
-6.21595843525663e-11
-8.027910473813804e-11
-1.033815532764495e-10
-1.327594982417762e-10
-1.70013319088795e-10
-2.171345531001024e-10
-2.765799246955624e-10
-3.513868670343239e-10
-4.452889525949559e-10
-5.628742172060516e-10
-7.097639628842127e-10
-8.928268419757145e-10
-1.120444709247271e-09
-1.402810270964963e-09
-1.752301781140547e-09
-2.183907035397811e-09
-2.715743834337601e-09
-3.369656674569555e-09
-4.171932182668913e-09
-5.154137064328312e-09
-6.354093684678769e-09
-7.817033414540423e-09
-9.596934720379751e-09
-1.175808723681636e-08
-1.437690747959732e-08
-1.754405439239721e-08
-2.136687192894191e-08
-2.59722202704199e-08
-3.150974617527749e-08
-3.81556431876512e-08
-4.611698720614527e-08
-5.563671004042883e-08
-6.699929696802122e-08
-8.053731627492971e-08
-9.663886422049089e-08
-1.15756069035168e-07
-1.38414767710533e-07
-1.652254900083774e-07
-1.968959521151019e-07
-2.342451809317618e-07
-2.782195076500331e-07
-3.299106209573572e-07
-3.905759247126362e-07
-4.616614468575528e-07
-5.448276001343077e-07
-6.419780796125644e-07
-7.552922492799903e-07
-8.872613732554662e-07
-1.040729092411948e-06
-1.218936565819313e-06
-1.425572756828466e-06
-1.664830343131482e-06
-1.941467800501535e-06
-2.260878236718788e-06
-2.629165587152815e-06
-3.053228835871369e-06
-3.540854959435026e-06
-4.100821347217571e-06
-4.743008468045196e-06
-5.478523633996452e-06
-6.319836717255916e-06
-7.280928738564472e-06
-8.377454265738137e-06
-9.626918617192431e-06
-1.104887087663126e-05
-1.266511397390092e-05
-1.449993355057226e-05
-1.658034666826587e-05
-1.893637152142014e-05
-2.160131952455144e-05
-2.461211118278543e-05
-2.800961720572072e-05
-3.183902638669968e-05
-3.615024177617474e-05
-4.099830675591109e-05
-4.644386261841702e-05
-5.255363930478562e-05
-5.940098097110074e-05
-6.70664080563881e-05
-7.56382175577971e-05
-8.521312318506111e-05
-9.589693708021761e-05
-0.0001078052947514618
-0.000121064424838262
-0.0001358119652835898
-0.0001521978274125398
-0.000170385109351588
-0.0001905510601125685
-0.0002128880955635127
-0.000237604867384583
-0.0002649273862999225
-0.0002951002014722707
-0.0003283876363447393
-0.0003650750812278124
-0.0004054703429773288
-0.0004499050518384851
-0.0004987361253332828
-0.0005523472886948703
-0.0006111506510817952
-0.0006755883364204909
-0.0007461341673136518
-0.0008232954001189778
-0.0009076145095804959
-0.0009996710277338152
-0.001100083437515239
-0.001209511111214488
-0.001328656283349827
-0.001458266057311341
-0.001599134446020607
-0.001752104443047998
-0.001918070116798114
-0.002097978722178282
-0.002292832823197092
-0.00250369242100774
-0.002731677080570834
-0.002977968047427803
-0.003243810347736246
-0.003530514861788371
-0.003839460362843654
-0.004172095511894018
-0.00452994079722197
-0.00491459040997493
-0.005327714043070858
-0.005771058603144351
-0.006246449823881539
-0.006755793767058458
-0.007301078200989405
-0.007884373841132039
-0.008507835441042895
-0.009173702720407149
-0.009884301114407079
-0.01064204233352111
-0.01144942471659459
-0.01230903336490612
-0.01322354004327454
-0.0141957028315044
-0.01522836551604813
-0.01632445670386128
-0.01748698864689172
-0.0187190557639393
-0.02002383284369302
-0.02140457292140286
-0.02286460481165647
-0.02440733028819807
-0.02603622089994575
-0.02775481440899794
-0.02956671084736556
-0.03147556817720241
-0.03348509755028069
-0.03559905816023885
-0.03782125167684162
-0.04015551626517579
-0.04260572017860192
-0.04517575492797126
-0.04786952802678271
-0.05069095530685094
-0.0536439528157894
-0.0567324282905123
-0.05996027221737645
-0.06333134848631874
-0.06684948464053689
-0.07051846174330788
-0.07434200386242543
-0.07832376719192305
-0.08246732882709708
-0.08677617520250142
-0.09125369022605306
-0.09590314311629325
-0.1007276759723337
-0.1057302911015133
-0.1109138381220788
-0.1162810008847206
-0.1218342842269159
-0.1275760005998605
-0.1335082566016265
-0.1396329394403732
-0.1459517033816847
-0.1524659561992959
-0.1591768456779681
-0.1660852462090886
-0.1731917455070863
-0.1804966315077123
-0.1879998794716836
-0.1957011393502552
-0.2035997234580622
-0.211694594482252
-0.2199843538937901
-0.2284672307849315
-0.2371410711930223
-0.2460033279569491
-0.2550510511342232
-0.2642808790466998
-0.2736890299750449
-0.2832712945600808
-0.2930230289543246
-0.3029391487483155
-0.313014123739116
-0.323241973552468
-0.3336162641707816
-0.3441301054033161
-0.3547761493142594
-0.3655465896692202
-0.3764331624004644
-0.3874271471336058
-0.3985193698011543
-0.4097002063487638
-0.4209595875889904
-0.4322870051831274
-0.4436715187684477
-0.4551017642415778
-0.4665659632118702
-0.4780519337011406
-0.4895471020106414
-0.5010385156239103
-0.5125128571395964
-0.5239564595508975
-0.5353553234619206
-0.5466951355651307
-0.5579612868520096
-0.5691388904379997
-0.5802128009704838
-0.5911676377564653
-0.6019878096703265
-0.612657539616723
-0.6231608883400864
-0.6334817791324019
-0.6436040242593036
-0.6535113524221611
-0.6631874367912154
-0.6726159235243152
-0.6817804608741879
-0.6906647289286066
-0.6992524698398072
-0.7075275184619411
-0.7154738333277935
-0.7230755278918304
-0.730316902010711
-0.7371824735498044
-0.7436570100572238
-0.7497255604313088
-0.7553734864879438
-0.7605864943853141
-0.7653506657970833
-0.76965248877606
-0.7734788882324227
-0.7768172559300689
-0.7796554799548394
-0.7819819735513586
-0.7837857032764964
-0.785056216397265
-0.78578366743793
-0.7859588438311881
-0.7855731905815602
-0.7846188338980065
-0.7830886037326225
-0.7809760551405768
-0.7782754884254875
-0.7749819679917634
-0.7710913398703281
-0.7666002478680913
-0.7615061482768331
-0.7558073231226986
-0.7495028918921164
-0.7425928217105239
-0.7350779359418939
-0.7269599211692955
-0.718241332556645
-0.7089255975462886
-0.6990170178834603
-0.6885207699555944
-0.6774429034325321
-0.6657903382280846
-0.6535708597583698
-0.6407931125068033
-0.6274665919042832
-0.613601634530835
-0.5992094066730994
-0.5843018912416653
-0.5688918730835755
-0.5529929227181457
-0.5366193785176016
-0.5197863273805609
-0.5025095839266872
-0.4848056682637274
-0.4666917823735343
-0.4481857851609927
-0.4293061662305004
-0.4100720184340746
-0.3905030092547104
-0.3706193510861466
-0.3504417704686303
-0.3299914763554639
-0.3092901274693375
-0.2883597988211789
-0.2672229474633492
-0.2459023775489359
-0.224421204778357
-0.2028028203012232
-0.1810708541513414
-0.1592491382920347
-0.1373616693483899
-0.1154325711076877
-0.09348605686252891
-0.07154639167621531
-0.04963785464724053
-0.02778470124833372
-0.006011125817633895
0.01565877572307624
0.03720104284809171
0.05859188703329862
0.07980772791578196
0.1008252289377014
0.1216213324054495
0.1421732938983833
0.1624587159632094
0.1824555810305829
0.2021422834956319
0.2214976609030648
0.2405010241834243
0.259132186888536
0.2773714933744856
0.2951998458882882
0.3125987305114601
0.3295502419224369
0.3460371069404468
0.3620427068129183
0.3775510982183153
0.3925470329521867
0.4070159762732639
0.420944123887721
0.434318417550532
0.4471265592735753
0.4593570241233095
0.4709990716030671
0.4820427556142021
0.4924789329871471
0.5022992705839072
0.5114962509735519
0.520063176694668
0.5279941731145017
0.5352841898894328
0.5419290010447864
0.5479252036874135
0.553270215373686
0.5579622701557799
0.5620004133304606
0.5653844949269112
0.5681151619538169
0.5701938494340989
0.5716227702610209
0.5724049039145207
0.5725439840853049
0.5720444852359018
0.5709116081379294
0.5691512644274184
0.5667700602208658
0.5637752788422985
0.5601748627009996
0.5559773943677483
0.5511920768967292
0.5458287134398042
0.5398976862075334
0.5334099348196493
0.5263769340952715
0.5188106713320412
0.5107236231216871
0.5021287317545843
0.4930393812598305
0.4834693731344511
0.4734329018101117
0.4629445299005701
0.4520191632791378
0.4406720260316598
0.4289186353338035
0.4167747762983048
0.4042564768352832
0.3913799825727445
0.3781617318765766
0.3646183310139242
0.3507665294999674
0.3366231956635385
0.3222052924691405
0.3075298536334838
0.2926139600774714
0.2774747167464753
0.2621292298247502
0.2465945843733346
0.2308878224235559
0.215025921558836
0.1990257740100277
0.1829041662838565
0.1666777593466186
0.1503630693868108
0.1339764491798935
0.117534070072275
0.1010519045976313
0.08454570974018924
0.06803101086016455
0.05152308629492138
0.0350369526452218
0.01858735075363067
0.002188732382584874
-0.01414475240133653
-0.03039926713242933
-0.04656130013774475
-0.06261767501449146
-0.07855556039307059
-0.09436247898672065
-0.1100263159299759
-0.1255353264093746
-0.1408781425915114
-0.15604377985601
-0.1710216423397538
-0.1858015277997654
-0.200373631803639
-0.2147285512584836
-0.2288572872915987
-0.2427512474932849
-0.2564022475327185
-0.2698025121599491
-0.2829446756102953
-0.2958217814300018
-0.3084272817357561
-0.3207550359219161
-0.3327993088316768
-0.34455476841058
-0.3560164828620537
-0.3671799173213964
-0.3780409300677199
-0.3885957682925303
-0.3988410634419058
-0.4087738261513572
-0.4183914407919943
-0.4276916596475578
-0.436672596741829
-0.4453327213366745
-0.4536708511243037
-0.4616861451290674
-0.4693780963343187
-0.4767465240533477
-0.4837915660665745
-0.49051367054865
-0.4969135877996779
-0.5029923617959037
-0.5087513215779094
-0.5141920724963523
-0.5193164873367221
-0.5241266973364518
-0.5286250831099064
-0.5328142654974305
-0.5366970963554376
-0.5402766493061327
-0.5435562104592008
-0.5465392691194443
-0.5492295084946521
-0.5516307964178031
-0.5537471760990476
-0.5555828569182961
-0.5571422052702679
-0.5584297354739728
-0.5594501007585009
-0.5602080843388644
-0.5607085905892955
-0.5609566363235456
-0.5609573421914288
-0.5607159242003111
-0.5602376853715774
-0.5595280075382029
-0.5585923432900111
-0.5574362080736673
-0.5560651724547795
-0.5544848545510936
-0.5527009126391388
-0.5507190379387122
-0.5485449475797152
-0.5461843777551754
-0.5436430770658285
-0.5409268000575324
-0.5380413009538655
-0.5349923275861905
-0.5317856155241049
-0.528426882410448
-0.5249218224991882
-0.5212761013950744
-0.5174953509955722
-0.5135851646374348
-0.5095510924508827
-0.5053986369176547
-0.5011332486308344
-0.4967603222554133
-0.4922851926884102
-0.4877131314179775
-0.4830493430786072
-0.4782989622002244
-0.4734670501488881
-0.4685585922570156
-0.4635784951423806
-0.4585315842108297
-0.4534226013391809
-0.4482562027349942
-0.4430369569697339
-0.4377693431825135
-0.4324577494500306
-0.4271064713193847
-0.4217197104997521
-0.4163015737084234
-0.4108560716672175
-0.4053871182452247
-0.3998985297455279
-0.3943940243315327
-0.3888772215860526
-0.3833516421975444
-0.3778207077706007
-0.3722877407589797
-0.3667559645166212
-0.3612285034596648
-0.3557083833341315
-0.3501985315858584
-0.3447017778299669
-0.3392208544153884
-0.3337583970795889
-0.3283169456900658
-0.3228989450672118
-0.3175067458834457
-0.3121426056345514
-0.3068086896803547
-0.3015070723521101
-0.2962397381211949
-0.2910085828245259
-0.2858154149428959
-0.2806619569294039
-0.2755498465855927
-0.2704806384803003
-0.2654558054066239
-0.2604767398737148
-0.2555447556314815
-0.2506610892264931
-0.2458269015843715
-0.2410432796143696
-0.2363112378333772
-0.2316317200073332
-0.2270056008079816
-0.2224336874816788
-0.2179167215273808
-0.2134553803814351
-0.2090502791068546
-0.2047019720851377
-0.2004109547082092
-0.1961776650690189
-0.1920024856487208
-0.1878857449975409
-0.1838277194069481
-0.179828634572039
-0.1758886672431435
-0.1720079468649955
-0.1681865572019497
-0.1644245379483024
-0.1607218863217818
-0.1570785586384272
-0.1534944718678282
-0.1499695051680742
-0.146503501399988
-0.1430962686191099
-0.1397475815440144
-0.1364571830002546
-0.1332247853399486
-0.1300500718370851
-0.1269326980570364
-0.1238722931990479
-0.1208684614112949
-0.1179207830785044
-0.1150288160819735
-0.1121920970315678
-0.1094101424698069
-0.1066824500477553
-0.1040084996721018
-0.1013877546231172
-0.09881966264363433
-0.09630365699928908
-0.09383915751004546
-0.0914255715528822
-0.08906229503582269
-0.0867487133432102
-0.08448420225207223
-0.08226812881976311
-0.08009985224380119
-0.07797872469476803
-0.07590409212170703
-0.07387529502938012
-0.07189166922782052
-0.0699525465554259
-0.06805725557660404
-0.06620512225357467
-0.064395470591987
-0.06262762326086253
-0.06090090218782566
-0.0592146291304578
-0.05756812622376765
-0.05596071650386936
-0.05439172440834619
-0.05286047625407742
-0.0513663006932846
-0.04990852914798364
-0.04848649622329004
-0.0470995401000888
-0.04574700290736494
-0.04442823107452521
-0.04314257566447986
-0.0418893926883858
-0.04066804340251977
-0.0394778945873597
-0.03831831880926853
-0.03718869466538802
-0.03608840701217875
-0.03501684717812289
-0.0339734131612984
-0.03295750981253937
-0.03196854900432645
-0.03100594978568702
-0.03006913852349811
-0.02915754903090729
-0.02827062268337363
-0.02740780852269334
-0.02656856334955683
-0.02575235180498309
-0.02495864644101987
-0.02418692778109627
-0.02343668437046837
-0.02270741281728142
-0.02199861782458475
-0.02130981221363857
-0.02064051693883235
-0.01999026109461491
-0.01935858191486038
-0.01874502476498123
-0.01814914312724631
-0.01757049857968526
-0.01700866076881618
-0.01646320737627116
-0.01593372407969873
-0.01541980450843107
-0.01492105019433028
-0.0144370705179387
-0.01396748265018417
-0.01351191148989031
-0.01306998959734365
-0.01264135712424216
-0.01222566174018323
-0.01182255855610976
-0.01143171004479641
-0.0110527859585895
-0.01068546324441032
-0.01032942595650161
-0.009984365167770848
-0.00964997887972552
-0.009325971929506365
-0.009012055892058769
-0.008707948980958037
-0.008413375954266205
-0.008128068024386398
-0.007851762763502289
-0.007584203998159857
-0.007325141701572221
-0.007074331891169713
-0.006831536530688837
-0.006596523431339066
-0.006369066149939645
-0.006148943886310896
-0.00593594138128506
-0.005729848815305904
-0.005530461707289683
-0.005337580813618968
-0.005151012027557972
-0.004970566279099899
-0.004796059435430579
-0.004627312202031236
-0.004464150024492527
-0.004306402991091847
-0.00415390573614614
-0.004006497344186978
-0.003864021255073826
-0.003726325170142684
-0.003593260959311728
-0.003464684569245104
-0.003340455932561566
-0.003220438878136273
-0.003104501042574309
-0.002992513782856211
-0.002884352090155917
-0.002779894504865882
-0.002679023032873268
-0.002581623063073502
-0.002487583286163606
-0.002396795614700971
-0.002309155104479093
-0.00222455987718479
-0.002142911044350665
-0.002064112632620723
-0.001988071510323043
-0.001914697315380412
-0.001843902384522991
-0.001775601683807171
-0.001709712740454637
-0.001646155576014883
-0.001584852640811755
-0.00152572874973813
-0.001468711019279728
-0.001413728805880855
-0.001360713645523115
-0.001309599194639057
-0.001260321172210098
-0.00121281730318306
-0.00116702726304973
-0.001122892623705348
-0.001080356800490682
-0.00103936500040963
-0.0009998641715483678
-0.0009618029536520806
-0.0009251316298563218
-0.0008898020795336735
-0.0008557677322874212
-0.0008229835230163818
-0.0007914058480976063
-0.0007609925226039683
-0.0007317027385907688
-0.0007034970244189739
-0.000676337205083132
-0.0006501863635474276
-0.0006250088030830505
-0.0006007700105290342
-0.000577436620539757
-0.0005549763807274429
-0.0005333581177578585
-0.0005125517043030068
-0.0004925280268921982
-0.00047325895462055
-0.000454717308690094
-0.0004368768327887269
-0.0004197121642716516
-0.0004031988061268095
-0.0003873130997376513
-0.0003720321983745748
-0.0003573340414446058
-0.0003431973294731151
-0.0003296014997634437
-0.0003165267027854911
-0.0003039537792077906
-0.000291864237604173
-0.0002802402328118204
-0.0002690645448990973
-0.0002583205587889869
-0.0002479922444251329
-0.0002380641375648211
-0.0002285213211220263
-0.000219349407079768
-0.0002105345189289194
-0.000202063274654227
-0.0001939227702253691
-0.0001861005635803565
-0.000178584659107185
-0.0001713634926153263
-0.0001644259167450623
-0.0001577611868219325
-0.0001513589472073792
-0.0001452092180011782
-0.0001393023822071943
-0.0001336291732845025
-0.0001281806631038557
-0.000122948250267236
-0.0001179236488240335
-0.0001130988773146407
-0.0001084662482066429
-0.0001040183576384939
-9.974807551011233e-05
-9.564853587715296e-05
-9.171312768403138e-05
-8.793548577990794e-05
-8.430948223428704e-05
-8.082921794299705e-05
-7.748901451118536e-05
-7.428340639235119e-05
-7.120713330014367e-05
-6.825513287088018e-05
-6.542253356626643e-05
-6.270464783727535e-05
-6.009696547594148e-05
-5.759514722956936e-05
-5.519501861477516e-05
-5.289256394337233e-05
-5.06839205555781e-05
-4.856537323867222e-05
-4.653334885545392e-05
-4.458441113755215e-05
-4.27152556768883e-05
-4.092270507824464e-05
-3.92037042794211e-05
-3.75553160431593e-05
-3.597471661657273e-05
-3.445919149976167e-05
-3.300613138267064e-05
-3.161302823180686e-05
-3.027747156952725e-05
-2.899714489711963e-05
-2.776982206069764e-05
-2.659336361088283e-05
-2.546571354483644e-05
-2.438489693193458e-05
-2.334901762522529e-05
-2.235625467662307e-05
-2.140485783377879e-05
-2.04931439162743e-05
-1.961949541000946e-05
-1.878235945148121e-05
-1.798024571060872e-05
-1.721172329923018e-05
-1.64754179819488e-05
-1.577001001171093e-05
-1.509423221655203e-05
-1.444686801657402e-05
-1.382674944962241e-05
-1.323275525338813e-05
-1.266380907622199e-05
-1.211887773588352e-05
-1.159696955771293e-05
-1.1097132732055e-05
-1.06184537999874e-05
-1.016005613072805e-05
-9.721098482926606e-06
-9.300773636538281e-06
-8.898307054334572e-06
-8.512955588511263e-06
-8.144006261408279e-06
-7.790775066869157e-06
-7.452605826743539e-06
-7.12886910599455e-06
-6.818961142149392e-06
-6.522302831411793e-06
-6.238338755877132e-06
-5.966536237126419e-06
-5.706384425644987e-06
-5.457393447388615e-06
-5.219093547324711e-06
-4.991034311986541e-06
-4.772783863103058e-06
-4.563928139608213e-06
-4.364070168331348e-06
-4.172829386842956e-06
-3.989840979226968e-06
-3.814755239592408e-06
-3.647236967546259e-06
-3.486964876530997e-06
-3.333631040712484e-06
-3.186940334012114e-06
-3.046609934488507e-06
-2.912368815596126e-06
-2.783957254004293e-06
-2.66112638306271e-06
-2.543637753407791e-06
-2.431262894963478e-06
-2.323782916058184e-06
-2.220988112600572e-06
-2.12267758447235e-06
-2.028658888622574e-06
-1.938747670885955e-06
-1.852767358146228e-06
-1.770548812320134e-06
-1.691930046756582e-06
-1.616755911928703e-06
-1.544877830194104e-06
-1.476153507674097e-06
-1.410446690197788e-06
-1.34762689422293e-06
-1.287569188017933e-06
-1.230153939061747e-06
-1.175266610736237e-06
-1.122797543970184e-06
-1.072641749871396e-06
-1.024698730006221e-06
-9.788722673708956e-07
-9.350702625277435e-07
-8.932045545882386e-07
-8.531907533091208e-07
-8.149480912299494e-07
-7.783992636354047e-07
-7.434702787526175e-07
-7.100903354879311e-07
-6.781916732917372e-07
-6.477094445285731e-07
-6.185816006103103e-07
-5.907487634930011e-07
-5.641541200739646e-07
-5.387433128786497e-07
-5.144643262557069e-07
-4.912674073317511e-07
-4.691049470806055e-07
-4.479314056160454e-07
-4.277032117296896e-07
-4.083786932082385e-07
-3.899179842053636e-07
-3.722829484761794e-07
-3.554371093639761e-07
-3.393455842245583e-07
-3.239750053740567e-07
-3.092934650785207e-07
-2.952704470442303e-07
-2.818767577099323e-07
-2.690844916654158e-07
-2.568669556164567e-07
-2.451986271419048e-07
-2.340551052010103e-07
-2.234130562747197e-07
-2.132501664589418e-07
-2.035451114901075e-07
-1.942774984110795e-07
-1.854278266150946e-07
-1.769774564618871e-07
-1.689085720700195e-07
-1.612041376705145e-07
-1.538478680986802e-07
-1.468241979028202e-07
-1.401182525180949e-07
-1.337158075019974e-07
-1.276032722585654e-07
-1.21767659399341e-07
-1.161965519365604e-07
-1.108780852762617e-07
-1.058009234179465e-07
-1.009542276016835e-07
-9.632764115946259e-08
-9.191127009739048e-08
-8.769565256217184e-08
-8.367175278720535e-08
-7.983094141109846e-08
-7.616496572970996e-08
-7.266594111271255e-08
-6.932633912342566e-08
-6.613896313444477e-08
-6.309694480050843e-08
-6.019371347046529e-08
-5.742299915569313e-08
-5.477881220912683e-08
-5.225542604554888e-08
-4.984737158748156e-08
-4.754942684424555e-08
-4.53566002192833e-08
-4.326412428202746e-08
-4.12674495193541e-08
-3.936222313098533e-08
-3.75442986479897e-08
-3.58097057670987e-08
-3.415466460505391e-08
-3.257555565378194e-08
-3.106892280671344e-08
-2.963146734002181e-08
-2.826004379827998e-08
-2.69516405767254e-08
-2.570338794771124e-08
-2.451254030897004e-08
-2.337647954753229e-08
-2.229270385939244e-08
-2.125882858677794e-08
-2.027257073765498e-08
-1.933175842736898e-08
-1.843431340535768e-08
-1.7578252836359e-08
-1.676168121421866e-08
-1.598279441788473e-08
-1.523986191026501e-08
-1.453124051754353e-08
-1.385535714780861e-08
-1.321070800347463e-08
-1.259586652933377e-08
-1.200945550380195e-08
-1.145017777595793e-08
-1.091678235641009e-08
-1.040808110432322e-08
-9.922940942166352e-09
-9.460278993796423e-09
-9.019057891280975e-09
-8.598291909895261e-09
-8.197033973869861e-09
-7.81438911885961e-09
-7.449505266235331e-09
-7.101555385880648e-09
-6.769762950379064e-09
-6.453379757025642e-09
-6.151700466231859e-09
-5.864044420416642e-09
-5.589764392401995e-09
-5.328239641728084e-09
-5.078888693273074e-09
-4.841144304822659e-09
-4.614472781984156e-09
-4.398353011083931e-09
-4.1923002486087e-09
-3.99584850372682e-09
-3.808552957524367e-09
-3.629987194508441e-09
-3.459751215271214e-09
-3.29745980587565e-09
-3.142742234467035e-09
-2.995247122741792e-09
-2.854635848666538e-09
-2.720592413377718e-09
-2.592813751661861e-09
-2.471001788448849e-09
-2.354885911223689e-09
-2.244198006151859e-09
-2.138691758131373e-09
-2.038119935078638e-09
-1.942252974656505e-09
-1.850877535810856e-09
-1.763781728900649e-09
-1.680763907916778e-09
-1.601636910609729e-09
-1.526216877765989e-09
-1.454331814753448e-09
-1.385821183897273e-09
-1.320520787538406e-09
-1.25828132412025e-09
-1.19896547628247e-09
-1.142430741418684e-09
-1.088551381863748e-09
-1.037201982568664e-09
-9.88262656708793e-10
-9.416216286790634e-10
-8.971720645191255e-10
-8.54813910992795e-10
-8.144431620106742e-10
-7.759768466584136e-10
-7.39316631795983e-10
-7.043835807586477e-10
-6.710966156570487e-10
-6.393735258775569e-10
-6.091456018482388e-10
-5.803375591103692e-10
-5.528867807117006e-10
-5.267294497538508e-10
