-2.646921646149509e-12
-5.720319772030284e-13
1.366415486362514e-12
3.377528907394296e-12
5.676221801971816e-12
8.489695175298265e-12
1.207452058816241e-11
1.674048715959103e-11
2.287352968803728e-11
3.096302829281713e-11
4.163306204456258e-11
5.568184818608483e-11
7.412994661136296e-11
9.827841143527777e-11
1.297825641226691e-10
1.707428008400257e-10
2.238146170949676e-10
2.923442378368604e-10
3.805358564471907e-10
4.936558781458405e-10
6.382775862773278e-10
8.225826125870939e-10
1.056725147287649e-09
1.353268105025993e-09
1.72770960011039e-09
2.199120986756022e-09
2.790902355774858e-09
3.53169048018588e-09
4.456444628401746e-09
5.607731516342458e-09
7.037254383491909e-09
8.807667254951403e-09
1.099471303746708e-08
1.368975437173846e-08
1.700274535454421e-08
2.106572876648179e-08
2.603693443557262e-08
3.210557813840802e-08
3.949746084149303e-08
4.848150413643218e-08
5.937734285537536e-08
7.256414894458393e-08
8.849084368786136e-08
1.076879106807529e-07
1.307810198857479e-07
1.585066986873584e-07
1.917303315499865e-07
2.31466775448377e-07
2.789038994606548e-07
3.354294066907698e-07
4.02661298906924e-07
4.824823884124539e-07
5.770793383224731e-07
6.889870071865877e-07
8.211385935118343e-07
9.769221618783964e-07
1.160244262212586e-06
1.375601368715419e-06
1.628159988958888e-06
1.923846310447006e-06
2.269446357979424e-06
2.672717694610574e-06
3.142513775370741e-06
3.688922167315962e-06
4.323417907495285e-06
5.059033382448867e-06
5.910546200758526e-06
6.894686616865212e-06
8.030366188527869e-06
9.338929425145151e-06
1.084443032066348e-05
1.257393573888626e-05
1.45578577674182e-05
1.683031723152004e-05
1.942954070860339e-05
2.239829346098414e-05
2.578435085153011e-05
2.964101083837926e-05
3.402765020992263e-05
3.901032741308033e-05
4.466243494245224e-05
5.106540427638482e-05
5.830946644324523e-05
6.649447134923704e-05
7.573076901987845e-05
8.614015596480762e-05
9.785688983607552e-05
0.0001110287755529169
0.0001258183259781352
0.0001424040001693094
0.0001609815220447202
0.0001817652821818204
0.00020498982515495
0.0002309114245824253
0.0002598097476452045
0.0002919896103885598
0.0003277828246168005
0.0003675501364857406
0.0004116832562271231
0.0004606069774960065
0.0005147813839214157
0.0005747041399818534
0.0006409128720440295
0.0007139876662097554
0.0007945536682926316
0.0008832837762869427
0.0009809014223910388
0.001088183441499375
0.001205963022497113
0.001335132737951434
0.00147664764707518
0.001631528466066875
0.001800864799099443
0.001985818422370424
0.002187626612748263
0.002407605511589718
0.002647153513316297
0.002907754667362246
0.003190982080963621
0.003498501309233069
0.003832073717743285
0.004193559801688405
0.004584922444450993
0.005008230097061901
0.005465659858804377
0.005959500437782977
0.006492154969597432
0.0070661436801221
0.007684106396148794
0.008348804865864231
0.009063124856808272
0.009830078005117012
0.01065280338922018
0.01153456880010271
0.01247877167906758
0.01348893969280045
0.0145687309144026
0.01572193357798223
0.01695246537438086
0.01826437227036164
0.01966182696744875
0.02114912702154276
0.02273069244654713
0.02441106264271607
0.02619489269621228
0.02808694911450803
0.03009210499273264
0.03221533454744782
0.0344617069993071
0.03683637978011573
0.03934459106747226
0.04199165163706833
0.04478293600569292
0.04772387287511103
0.0508199348512651
0.05407662744828764
0.05749947737801987
0.06109402011033658
0.06486578673306559
0.06882029009450892
0.07296301025426849
0.07729937925789097
0.08183476523300495
0.08657445585648367
0.09152364118675832
0.0966873959062594
0.1020706610063984
0.1076782249261635
0.1135147042158933
0.119584523732424
0.1258918964307855
0.1324408028021175
0.1392349699826878
0.1462778506288474
0.1535726015741344
0.1611220623510855
0.1689287336428182
0.1769947557021123
0.1853218868546274
0.1939114821089582
0.2027644719710401
0.2118813415396308
0.2212621099278762
0.2309063101423783
0.2408129694459133
0.2509805903140354
0.2614071320688122
0.2720899932336332
0.2830259947476423
0.2942113640634702
0.305641720243538
0.3173120601373467
0.3292167456768273
0.3413494924297055
0.3537033594227175
0.366270740344236
0.3790433561992247
0.392012249441202
0.405167779715578
0.4184996212053227
0.4319967616724293
0.4456475032503161
0.4594394649933105
0.4733595873046115
0.487394138205097
0.5015287215140156
0.5157482869718637
0.5300371422829272
0.5443789671735978
0.5587568293986538
0.5731532027419879
0.587549987011992
0.6019285299752273
0.616269651295113
0.6305536683734141
0.644760424111436
0.6588693165581943
0.6728593303515032
0.6867090699820906
0.7003967947484538
0.7139004553934679
0.7271977323576853
0.7402660755177878
0.7530827454069025
0.7656248557545248
0.7778694173079217
0.7897933828404843
0.8013736931882145
0.8125873242849714
0.8234113350074886
0.8338229157625675
0.8437994376987731
0.8533185023694145
0.862357991801298
0.870896118760161
0.8789114771252275
0.8863830922409172
0.8932904710630998
0.8996136520406007
0.9053332545192142
0.9104305275723599
0.9148873981229307
0.9186865181820101
0.9218113111525088
0.9242460169799915
0.9259757360304874
0.9269864715695382
0.9272651707317467
0.926799764002609
0.9255792029222902
0.9235934956553354
0.9208337403480433
0.9172921567843967
0.9129621172558623
0.9078381752520521
0.9019160893511631
0.8951928423719775
0.887666659165351
0.8793370261828493
0.8702047093587817
0.8602717669218288
0.8495415571414558
0.8380187434668802
0.8257092981720803
0.8126205034929107
0.798760949674493
0.7841405299136263
0.7687704324192475
0.7526631297216602
0.7358323651425385
0.7182931364315669
0.7000616766017956
0.6811554320014862
0.6615930377115629
0.6413942902828063
0.6205801178894756
0.5991725479677942
0.5771946723994762
0.5546706103504417
0.5316254688257362
0.5080853010500318
0.4840770627730797
0.4596285665915232
0.4347684344172119
0.4095260481883656
0.3839314989565593
0.3580155344712957
0.3318095053762907
0.305345310159944
0.2786553389812901
0.2517724165166181
0.2247297439619596
0.1975608403211242
0.1702994831264714
0.142979648725797
0.1156354522811967
0.08830108761888376
0.06101076706619508
0.03379866141815435
0.006698840167345621
-0.0202547878654798
-0.04702853336683133
-0.0735889847006551
-0.09990306528584288
-0.1259380900552523
-0.1516618208742583
-0.1770425208005849
-0.2020490070697333
-0.2266507027021329
-0.2508176866220726
-0.2745207421887324
-0.2977314040437659
-0.320422003181949
-0.3425657101675881
-0.3641365764102003
-0.385109573431028
-0.4054606300532991
-0.425166667447499
-0.4442056319834263
-0.4625565258308105
-0.4801994352704098
-0.4971155566783606
-0.5132872201468254
-0.5286979107273483
-0.543332287266444
-0.5571761988252588
-0.5702166986764834
-0.5824420558718381
-0.5938417643975389
-0.6044065499156888
-0.6141283741112055
-0.6230004366661502
-0.6310171748849914
-0.6381742610185208
-0.6444685973086463
-0.6498983087984911
-0.654462733954703
-0.6581624131483265
-0.6609990750621865
-0.6629756210720662
-0.6640961076725231
-0.664365727013919
-0.6637907856102132
-0.6623786812977488
-0.6601378785133312
-0.657077881979965
-0.6532092088807112
-0.6485433595928264
-0.6430927870743174
-0.6368708649804095
-0.6298918546046162
-0.6221708707321622
-0.6137238464872888
-0.6045674972716921
-0.5947192838756565
-0.5841973748573138
-0.573020608279503
-0.5612084528874971
-0.5487809688234744
-0.5357587679583492
-0.5221629739335544
-0.5080151819980293
-0.4933374187187738
-0.478152101653377
-0.4624819990595839
-0.4463501897243275
-0.4297800229891601
-0.4127950790445402
-0.3954191295711475
-0.3776760987929565
-0.3595900250136364
-0.3411850227007732
-0.3224852451750869
-0.303514847965984
-0.2842979528894173
-0.2648586129069867
-0.2452207778161347
-0.2254082608146795
-0.2054447059861891
-0.1853535567461291
-0.1651580252887475
-0.1448810630701097
-0.1245453323594866
-0.1041731788903
-0.08378660563352364
-0.06340724771619943
-0.04305634850580593
-0.0227547368784253
-0.002522805685298567
0.01761950857279579
0.03765274485498913
0.05755793546778264
0.07731662272746542
0.09691087439766191
0.1163232979042427
0.1355370533323112
0.1545358652126332
0.1733040331066905
0.1918264410037984
0.2100885655429633
0.2280764830756277
0.2457768755871317
0.2631770354956563
0.280264869351339
0.2970289004572985
0.3134582704396516
0.3295427397928753
0.3452726874252069
0.360639109233232
0.3756336157340379
0.3902484287871926
0.4044763774382106
0.4183108929147422
0.4317460028116232
0.4447763244957236
0.4573970577673384
0.4696039768128928
0.4813934214796046
0.4927622879059445
0.5037080185446421
0.5142285916221575
0.5243225100709407
0.5339887899602761
0.5432269484567486
0.5520369913528006
0.5604194002085781
0.5683751191420774
0.5759055412910886
0.5830124949758387
0.5896982295993826
0.5959654013293404
0.6018170585932822
0.6072566274071746
0.612287896562157
0.6169150027036789
0.6211424153430499
0.6249749218295798
0.6284176123002136
0.6314758646295909
0.6341553294084131
0.6364619149811882
0.6384017725669722
0.6399812814811746
0.6412070344825914
0.6420858232628495
0.6426246240964556
0.6428305836703048
0.6427110051123728
0.6422733342429364
0.6415251460570149
0.6404741314495063
0.639128084196551
0.6374948882089372
0.6355825050756729
0.6333989619016768
0.6309523394442751
0.6282507605576908
0.6253023789590176
0.6221153683313023
0.6186979117613183
0.6150581915125127
0.6112043791376914
0.607144625938258
0.6028870537769395
0.598439746242884
0.5938107401728426
0.5890080175290103
0.5840394976304858
0.5789130297382867
0.573636385992183
0.5682172546983275
0.5626632339657011
0.5569818256898179
0.5511804298857662
0.545266339360808
0.5392467347181564
0.5331286796875031
0.5269191167814711
0.5206248632776473
0.514252607515239
0.5078089054970119
0.5013001777904063
0.4947327067237053
0.4881126338741003
0.4814459578367601
0.4747385322660399
0.4679960641815368
0.4612241125322225
0.4544280870134559
0.447613247126281
0.4407847014705162
0.4339474072635612
0.4271061700770798
0.42026564378514
0.41343033071381
0.4066045819838022
0.3997925980380527
0.3929984293464709
0.3862259772817649
0.3794789951561343
0.3727610894105799
0.3660757209488336
0.3594262066081461
0.3528157207602431
0.3462472970337054
0.3397238301498768
0.3332480778651027
0.32682266301278
0.3204500756398511
0.3141326752290426
0.3078726929996274
0.3016722342802077
0.2955332809469958
0.2894576939222775
0.2834472157259239
0.2775034730737994
0.2716279795174885
0.2658221381201152
0.2600872441644192
0.2544244878862236
0.2488349572274692
0.2433196406040945
0.2378794296852302
0.2325151221807913
0.2272274246315653
0.222016955197235
0.2168842464384107
0.211829748089244
0.2068538298174381
0.2019567839680018
0.1971388282874933
0.1924001086258866
0.1877407016133686
0.1831606173102961
0.1786598018268872
0.1742381399102085
0.1698954574962702
0.1656315242252104
0.1614460559180002
0.1573387170127091
0.1533091229589204
0.1493568425688626
0.1454814003237235
0.1416822786340657
0.1379589200533029
0.1343107294440196
0.1307370760961679
0.1272372957956265
0.1238106928421679
0.120456542016806
0.1171740904990769
0.1139625597338208
0.1108211472464891
0.1077490284065525
0.104745358139331
0.1018092725868068
0.09893989071748971
0.09613631588534091
0.09339763733829906
0.0907229316763689
0.08811126425938015
0.08556169056495166
0.08307325749748064
0.08064500464904459
0.07827596551247064
0.07596516864694045
0.0737116387968569
0.07151439796491847
0.06937246644047174
0.06728486378352921
0.06525060976496733
0.06326872526378184
0.06133823312263021
0.05945815896283278
0.05762753195937236
0.0558453855764629
0.05411075826465338
0.05242269412062597
0.05078024351074942
0.04918246365920504
0.0476284192015172
0.04611718270453604
0.04464783515374939
0.04321946640902964
0.04183117562964607
0.04048207166968848
0.03917127344473858
0.03789791027058302
0.03666112217477716
0.03546006018208753
0.03429388657490113
0.03316177512945479
0.03206291132871386
0.0309964925529995
0.02996172824895517
0.02895784007768625
0.02798406204290054
0.0270396406000077
0.02612383474700497
0.02523591609791088
0.02437516893935578
0.02354089027115461
0.02273238983173246
0.0219489901092186
0.0211900263387641
0.02045484648670963
0.01974281122218786
0.01905329387700663
0.01838568039437671
0.01773936926716056
0.01711377146629701
0.01650831035986891
0.01592242162348859
0.01535555314235294
0.01480716490563706
0.01427672889373637
0.01376372895886325
0.01326766069948831
0.01278803132901115
0.01232435953921249
0.01187617535874641
0.01144302000715806
0.01102444574490452
0.01062001571989978
0.01022930381071726
0.009851894466775007
0.009487382545866155
0.009135373149390932
0.008795481455791019
0.008467332552303489
0.008150561265253924
0.007844811989166211
0.007549738515011157
0.007265003857918773
0.006990280084461311
0.006725248139748998
0.006469597674504989
0.006223026872393502
0.005985242277786959
0.005755958624112915
0.005534898662953877
0.005321792994062462
0.005116379896387717
0.004918405160265288
0.004727621920890752
0.004543790493281191
0.004366678208825659
0.004196059253404483
0.004031714507280077
0.003873431386784377
0.003721003687890168
0.003574231431719452
0.003432920712172335
0.003296883545639391
0.003165937722876865
0.003039906663094751
0.00291861927025169
0.00280190979164187
0.002689617678792616
0.002581587450743187
0.002477668559661053
0.002377715258881186
0.002281586473329688
0.002189145672369221
0.002100260745054386
0.00201480387784745
0.00193265143473979
0.00185368383981654
0.001777785462241107
0.001704844503631597
0.001634752887872906
0.001567406153293549
0.001502703347260248
0.001440546923107974
0.001380842639450804
0.001323499461768047
0.001268429466310012
0.001215547746267796
0.00116477232020999
0.001116024042754615
0.001069226517419701
0.0010243060116583
0.0009811913740172306
0.0009398139534117865
0.0009001075204733463
0.0008620081909452587
0.0008254543510949729
0.0007903865851053488
0.0007567476043807294
0.0007244821787927081
0.0006935370698178201
0.0006638609655789321
0.0006354044175997308
0.000608119779101564
0.0005819611450539132
0.0005568842943488321
0.0005328466339754237
0.000509807144552103
0.0004877263268273459
0.0004665661496243659
0.0004462899997033854
0.0004268626334217384
0.0004082501298116253
0.0003904198449016239
0.0003733403673664633
0.0003569814755815963
0.0003413140960352831
0.0003263102630090611
0.0003119430795328432
0.0002981866795401071
0.000285016191234576
0.0002724077016319957
0.0002603382221936012
0.0002487856556133472
0.0002377287636506846
0.0002271471360342244
0.0002170211603332577
0.0002073319928676087
0.0001980615305545969
0.0001891923837031649
0.0001807078497156773
0.0001725918876488273
0.0001648290936684446
0.0001574046773054985
0.000150304438537451
0.0001435147456467729
0.0001370225138314728
0.0001308151845714872
0.0001248807057058247
0.0001192075121820732
0.0001137845075180908
0.000108601045891195
0.0001036469148391486
9.891231862515641e-05
9.438786214388431e-05
9.006453544421782e-05
8.593369875869781e-05
8.198706812781368e-05
7.821670150251347e-05
7.461498535992286e-05
7.117462182790775e-05
6.788861624388465e-05
6.475026520708637e-05
6.175314504000654e-05
5.889110070874031e-05
5.615823511025371e-05
5.35488988075524e-05
5.105768011559777e-05
4.867939556184963e-05
4.640908072145699e-05
4.424198138477139e-05
4.217354506053199e-05
4.019941281722137e-05
3.831541140887759e-05
3.651754572468525e-05
3.480199151429798e-05
3.316508839953017e-05
3.160333316427747e-05
3.01133732901594e-05
2.869200073755941e-05
2.733614599622048e-05
2.604287233912576e-05
2.480937032076825e-05
2.363295247816068e-05
2.251104825374464e-05
2.144119911398605e-05
2.04210538622688e-05
1.944836412792001e-05
1.852098004974769e-05
1.763684612205897e-05
1.679399721830772e-05
1.599055475525541e-05
1.522472303993193e-05
1.449478573064894e-05
1.379910247384052e-05
1.313610565135457e-05
1.25042972746548e-05
1.190224600585414e-05
1.132858429338391e-05
1.078200563069794e-05
1.026126192638997e-05
9.765160975997533e-06
9.292564050961593e-06
8.842383581338141e-06
8.413580933702145e-06
8.005164281861603e-06
7.616186569078663e-06
7.245743545790692e-06
6.892971909433486e-06
6.557047499498551e-06
6.237183581565139e-06
5.932629197071516e-06
5.64266760142633e-06
5.366614743669797e-06
5.103817815959712e-06
4.853653880946042e-06
4.615528538292971e-06
4.38887466572584e-06
4.173151184165193e-06
3.967841920338568e-06
3.772454487160291e-06
3.586519208894127e-06
3.409588113926843e-06
3.241233957222434e-06
3.081049286499071e-06
2.928645554442983e-06
2.783652264356886e-06
2.645716159552464e-06
2.514500432584859e-06
2.389683983225195e-06
2.270960711937064e-06
2.158038832358336e-06
2.050640229830677e-06
1.948499820253018e-06
1.851364967013856e-06
1.758994911539727e-06
1.671160213961949e-06
1.587642260749996e-06
1.508232745664349e-06
1.432733203966513e-06
1.360954553875927e-06
1.292716671747861e-06
1.227847973766579e-06
1.166185024481146e-06
1.107572145969191e-06
1.051861079201982e-06
9.98910624656594e-07
9.485863165018489e-07
9.00760111540643e-07
8.553100828605468e-07
8.121201391982209e-07
7.710797534719111e-07
7.320837074989401e-07
6.950318257624945e-07
6.598287563649177e-07
6.263837296335325e-07
5.946103559523867e-07
5.644264072742425e-07
5.357536261727846e-07
5.085175470914472e-07
4.826472973601239e-07
4.580754418672e-07
4.347378072428744e-07
4.12573342170454e-07
3.915239850989909e-07
3.715345168076416e-07
3.525523808770872e-07
3.345275567376828e-07
3.174124490433852e-07
3.011618009643561e-07
2.857325785034338e-07
2.710838663678405e-07
2.571767490702757e-07
2.439742200072479e-07
2.314410859544634e-07
2.195438848225285e-07
2.082507996513336e-07
1.975315837054249e-07
1.873574694019092e-07
1.777011215136529e-07
1.685365422263562e-07
1.598390328208453e-07
1.515850994025599e-07
1.437524292030364e-07
1.363198011764193e-07
1.292670475021632e-07
1.225750087358181e-07
1.162254732933993e-07
1.102011427891139e-07
1.044855722358663e-07
9.906313409809847e-08
9.391898804238751e-08
8.903903771341102e-08
8.440987303726692e-08
8.001877349238876e-08
7.585364411334617e-08
7.190299706744655e-08
6.815592170338981e-08
6.460205542616619e-08
6.123155414071336e-08
5.803506623359177e-08
5.500371804184976e-08
5.212907690547714e-08
4.940312787889565e-08
4.681827231700616e-08
4.436729496558346e-08
4.204333941257909e-08
3.983989897051273e-08
3.775079716858173e-08
3.577015628727643e-08
3.38924181549667e-08
3.211229480918206e-08
3.042476505994928e-08
2.882506396445122e-08
2.730867333339362e-08
2.587130186472821e-08
2.45088690206493e-08
2.321752145877587e-08
2.199357951979059e-08
2.083357053984241e-08
1.973417680067134e-08
1.869227308407964e-08
1.770487767390273e-08
1.676917177201818e-08
1.588247804589657e-08
1.504225202543704e-08
1.42460835399621e-08
1.349168321260791e-08
1.277688387425261e-08
1.20996279322107e-08
1.145795800583805e-08
1.085002790626135e-08
1.027407596414378e-08
9.72843830479396e-09
9.211534032023029e-09
8.721868516501906e-09
8.258017875332549e-09
7.818635356648458e-09
7.402444814899155e-09
7.008230343288172e-09
6.634842795393544e-09
6.28119190044171e-09
5.946239856603347e-09
5.629011862201977e-09
5.328570314999006e-09
5.044040215035188e-09
4.77457864638003e-09
4.519399264639346e-09
4.277749910563383e-09
4.048922282546088e-09
3.832237719836703e-09
3.62706309363235e-09
3.432791507040691e-09
3.248853099915364e-09
3.074700787370982e-09
2.909818446971644e-09
2.753713962093253e-09
2.605927713159914e-09
2.466015760941348e-09
2.333562247322852e-09
2.208172935190631e-09
2.089472224688743e-09
1.977108200501454e-09
1.870738618035184e-09
1.77005405137888e-09
1.674749018940698e-09
1.584538257641636e-09
1.499155003257147e-09
1.418341697773788e-09
1.341858929534439e-09
1.269477261746712e-09
1.200969437938556e-09
1.136129343295927e-09
1.07476936753765e-09
1.016701746948747e-09
9.617504284334851e-10
9.097483957837937e-10
8.605426453736601e-10
8.139817976681608e-10
7.699254300342372e-10
7.282390141310891e-10
6.887993848625147e-10
6.514829350003403e-10
6.161815691958355e-10
5.827812117128938e-10
5.51180156509767e-10
5.212778487743118e-10
4.92983386162127e-10
4.662150661568799e-10
4.408859996238817e-10
4.169233002351779e-10
3.942601541111101e-10
3.728226848620466e-10
3.525417813161864e-10
3.333619658649645e-10
3.152201866303026e-10
2.980598727769598e-10
2.818290113932975e-10
2.664783409212645e-10
2.519616998679077e-10
2.382330890829638e-10
2.252486192736344e-10
2.1296950456284e-10
2.013522949028876e-10
1.903623897390285e-10
1.799692713774034e-10
1.701402195350428e-10
1.608403407611559e-10
1.520454835029527e-10
1.437344647045784e-10
1.358748205060728e-10
1.284449626802126e-10
1.214217840199726e-10
1.147769652490079e-10
1.08497484822157e-10
1.025563253644483e-10
9.693815562032017e-11
9.162602362900286e-11
8.660645353730732e-11
8.186095819455391e-11
7.737140526144866e-11
7.31251090191564e-11
6.911467819556636e-11
6.53186934109124e-11
6.173260507815937e-11
5.834085421314856e-11
5.513670799904762e-11
5.210707266904449e-11
4.924486942148646e-11
4.654385539609119e-11
4.398863683558918e-11
4.157447667322844e-11
3.928949109804862e-11
3.712838945888188e-11
3.508639051842839e-11
3.315340756800097e-11
3.132165414689897e-11
2.959110285189968e-11
2.795665929848314e-11
2.64107633300895e-11
2.495631353035948e-11
2.358249831340924e-11
2.228204766533608e-11
2.105237325124097e-11
1.989329269183282e-11
1.8794603737431e-11
1.775941026885129e-11
1.678298643480522e-11
1.585751314603914e-11
1.498310952612442e-11
1.415514364341611e-11
1.337513443861959e-11
1.263742568484682e-11
1.193799262056384e-11
1.127874976059838e-11
1.065305772133451e-11
1.005943933279622e-11
9.496950846256788e-12
8.968601735313364e-12
8.471386275560816e-12
8.003734058491121e-12
7.565563886419445e-12
7.147302217230478e-12
6.755074545968734e-12
6.382161693112438e-12
6.025469413371113e-12
5.689884498132347e-12
5.371985213769174e-12
5.071925576799931e-12
4.787350000481323e-12
4.521012166932835e-12
4.269727389314805e-12
4.036566140960531e-12
3.816764251709681e-12
3.610597350425197e-12
3.414153950345952e-12
3.225271850553224e-12
3.044805634740833e-12
2.875062163584304e-12
2.709607425324792e-12
2.554767977180025e-12
2.409072292228931e-12
2.274728385113621e-12
2.145894486102711e-12
2.026603709321404e-12
1.912707193388586e-12
1.805983522480083e-12
1.709999285731435e-12
1.620258391532382e-12
1.536150283260974e-12
1.452280921087206e-12
1.370012917075848e-12
1.287902228754303e-12
1.211678016224868e-12
1.139529516734306e-12
