4.798521870805573e-12
6.157850645954932e-12
8.168487158416018e-12
1.101327666977906e-11
1.494517953556926e-11
2.030696222067928e-11
2.755505167225807e-11
3.729032434109441e-11
5.029769550532772e-11
6.75976163953669e-11
9.050801104511978e-11
1.207265079738195e-10
1.604291613214757e-10
2.12394674175999e-10
2.801602213334314e-10
3.682095696396087e-10
4.822075794004208e-10
6.2929018849902e-10
8.18410317358686e-10
1.060770145640612e-09
1.370339506028852e-09
1.764484079739938e-09
2.264729439557043e-09
2.897678053069364e-09
3.696109836882889e-09
4.700309435924127e-09
5.959645308950772e-09
7.53446215824432e-09
9.498328282740192e-09
1.194070805448206e-08
1.497012838640672e-08
1.871792458799527e-08
2.334266091102914e-08
2.903533643565416e-08
3.602550059393417e-08
4.45884354590653e-08
5.505355315569257e-08
6.78142082841855e-08
8.333914070853587e-08
1.021857826050334e-07
1.250157139840097e-07
1.526125659807277e-07
1.859027236920303e-07
2.259792014272845e-07
2.741291352861511e-07
3.318653449940581e-07
4.009624957887913e-07
4.83498418825526e-07
5.819012027213911e-07
6.990027131076854e-07
8.380992314921346e-07
1.003019973505603e-06
1.198204415205383e-06
1.428789910752619e-06
1.700710526959017e-06
2.020808181143905e-06
2.396957375991326e-06
2.838204907963543e-06
3.354926097214507e-06
3.958999123340257e-06
4.663999261955968e-06
5.485414862267764e-06
6.440887102172488e-06
7.55047565716253e-06
8.836952560479327e-06
1.032612671449294e-05
1.204720160744144e-05
1.403316899023512e-05
1.632124138791246e-05
1.895332649795636e-05
2.197654668059147e-05
2.544380689137676e-05
2.94144145805902e-05
3.395475522774413e-05
3.913902733621314e-05
4.505004085344385e-05
5.178008312489925e-05
5.943185654324337e-05
6.811949197882755e-05
7.796964248062851e-05
8.912266174698202e-05
0.000101733871884212
0.0001159749249746957
0.0001320352629745487
0.0001501236804032755
0.0001704699942020897
0.0001933268249880055
0.0002189714937544791
0.0002477080377745653
0.0002798693491528656
0.0003158194390584757
0.0003559558301319542
0.0004007120789764011
0.0004505604298770667
0.0005060146000650123
0.0005676326957913548
0.0006360202573369811
0.0007118334296967174
0.0007957822541508875
0.000888634074157896
0.0009912170470922355
0.001104423752465126
0.00122921490399163
0.001366623212573418
0.001517757367399896
0.00168380611229287
0.001866042407243539
0.002065827664877691
0.002284616050403162
0.002523958832263429
0.002785508769383632
0.003071024519484069
0.003382375051505787
0.003721544043681304
0.004090634247286687
0.004491871794535256
0.004927610427471612
0.005400335623123143
0.005912668588447047
0.006467370097011083
0.00706734413752523
0.007715641342690059
0.008415462165014974
0.009170159764479656
0.009983242571142718
0.01085837648403969
0.01179938666713718
0.01281025891827755
0.01389514061983414
0.01505834120444973
0.01630433208074446
0.01763774597619947
0.01906337565443399
0.02058617196329027
0.02221124116933743
0.02394384153365885
0.02578937908316969
0.02775340253125207
0.02984159730301554
0.03205977864798212
0.03441388405918697
0.03690996504844597
0.03955417798201345
0.04235277371712225
0.04531208614264808
0.04843851975808054
0.05173853630383339
0.05521864035606346
0.0588853638789688
0.06274524971892589
0.06680483407353165
0.07107062794719299
0.07554909757727543
0.08024664387922106
0.08516958089954739
0.09032411332614214
0.0957163130911553
0.1013520950770675
0.1072371920100173
0.1133771285487554
0.119777194649329
0.1264424182688771
0.1333775374430419
0.1405869718568614
0.1480747939381399
0.1558446995854226
0.1638999786216374
0.172243485029597
0.1808776071225902
0.1898042376970372
0.1990247443080417
0.2085399397822573
0.2183500530418115
0.2284547004222794
0.2388528575413375
0.2495428318775725
0.2605222361886107
0.2717879628530929
0.2833361593404861
0.2951622048644216
0.3072606883877598
0.3196253881118803
0.33224925253115
0.3451243832608356
0.358242019683319
0.3715925255805444
0.3851653778751694
0.398949157540417
0.4129315428742633
0.4270993051588012
0.4414383068561692
0.4559335024384291
0.4705689418783153
0.4853277769716128
0.5001922704714508
0.515143808150599
0.5301629138493154
0.5452292674931396
0.5603217262143217
0.5754183485035014
0.5904964214571001
0.6055324911266456
0.6205023959041118
0.6353813030302384
0.6501437480903556
0.6647636775062293
0.6792144939718983
0.6934691047073871
0.7074999725573318
0.721279169740587
0.7347784342045006
0.7479692284728011
0.7608228008004315
0.7733102486042035
0.7854025839191008
0.7970708007806002
0.8082859443678629
0.8190191816657189
0.8292418735566021
0.8389256480523138
0.8480424745275245
0.8565647387475974
0.864465318405462
0.8717176590367522
0.8782958499953692
0.8841747003208955
0.889329814264419
0.8937376661699017
0.8973756745597095
0.9002222750957077
0.9022569922297089
0.9034605093044753
0.9038147368125938
0.9033028786648557
0.9019094961495125
0.8996205694017149
0.8964235561613352
0.8923074475536388
0.8872628207619602
0.881281888312982
0.8743585438233993
0.8664884040249969
0.8576688468572744
0.847899045544437
0.8371799984237984
0.8255145543985978
0.8129074338927212
0.7993652452084415
0.7848964963127353
0.7695116018111163
0.7532228848395468
0.7360445738646959
0.7179927948637277
0.6990855596259361
0.6793427490582098
0.6587860895896097
0.6374391230064206
0.6153271724264893
0.5924773066060833
0.5689182999533725
0.544680586044208
0.5197962049894973
0.4942987465355112
0.4682232896969122
0.4416063383660694
0.4144857527073589
0.3869006765267181
0.3588914609379882
0.3304995845814887
0.3017675705418126
0.2727389001734122
0.2434579240627298
0.2139697703641253
0.1843202507697476
0.1545557643494436
0.1247231995249168
0.09486983444194165
0.06504323600679952
0.0352911578660737
0.005661437600829539
-0.02379810658356523
-0.05303977939306443
-0.08201611192572374
-0.1106799648183794
-0.1389846307799735
-0.1668839362373611
-0.1943323418228367
-0.2212850414308354
-0.2476980595850247
-0.2735283468524436
-0.298733873059656
-0.3232737180690046
-0.3471081598715505
-0.3701987597780464
-0.3925084444815396
-0.4140015847923815
-0.4346440708502764
-0.4544033836192675
-0.47324866250498
-0.4911507689195481
-0.5080823456520617
-0.5240178719091099
-0.5389337138951605
-0.5528081708406887
-0.5656215163658176
-0.5773560351027222
-0.5879960545095279
-0.5975279718172876
-0.605940276091428
-0.6132235653625921
-0.6193705588200091
-0.6243761040700301
-0.6282371794700712
-0.6309528915849385
-0.632524467792824
-0.6329552441079169
-0.6322506482888811
-0.6304181783024573
-0.6274673762487213
-0.6234097978394861
-0.6182589775547963
-0.6120303896039188
-0.6047414048198964
-0.5964112436484564
-0.5870609253712343
-0.5767132137327294
-0.5653925591419342
-0.5531250376207519
-0.5399382866967181
-0.5258614384173356
-0.5109250496855317
-0.495161030116817
-0.4786025676196676
-0.4612840519190577
-0.4432409962203036
-0.4245099572276147
-0.4051284537308433
-0.3851348839717957
-0.3645684420123858
-0.3434690333102545
-0.3218771897190242
-0.2998339841231232
-0.2773809449101853
-0.2545599704904998
-0.2314132440623988
-0.2079831488261635
-0.1843121838393605
-0.1604428806985486
-0.1364177212336581
-0.1122790563904329
-0.08806902647479073
-0.06382948292365044
-0.03960191175926451
-0.0154273588795449
0.008653642672807297
0.03260114332554973
0.0563758453485198
0.07993916886138931
0.1032533153657026
0.1262813286970626
0.1489871533030082
0.1713356897603259
0.1932928474526601
0.2148255943403157
0.2359020037597454
0.2564912982013031
0.2765638900217879
0.2960914190551633
0.3150467870979535
0.3334041892478393
0.3511391420879852
0.3682285087150795
0.3846505206120843
0.4003847963794056
0.4154123573433041
0.4297156400751026
0.4432785058563345
0.4560862471251225
0.4681255909536621
0.4793846996069381
0.4898531682439912
0.4995220198267977
0.508383697306004
0.5164320531667593
0.5236623364057933
0.5300711770204866
0.5356565680972764
0.5404178455935764
0.5443556659172707
0.5474719813921646
0.5497700137081172
0.5512542254579764
0.5519302898649853
0.5518050588120205
0.5508865292744942
0.5491838082662681
0.5467070764076464
0.5434675502234927
0.5394774432868978
0.5347499263116036
0.5292990863031576
0.5231398848768194
0.5162881158474314
0.5087603622005038
0.5005739525463886
0.4917469171651319
0.4822979437429002
0.472246332894024
0.4616119535671243
0.4504151984281976
0.4386769393151265
0.4264184828528768
0.413661526314299
0.4004281138133338
0.3867405929075716
0.3726215716896765
0.3580938764411536
0.3431805099151082
0.3279046103147678
0.3122894110330174
0.2963582012187814
0.2801342872258868
0.2636409549907078
0.2469014333864652
0.2299388586028082
0.2127762395977983
0.1954364246597544
0.1779420691089433
0.1603156041697348
0.1425792070434715
0.1247547722098885
0.1068638839769658
0.08892779029369337
0.07096737783994886
0.05300314840666487
0.0350551965760472
0.0171431887058746
-0.0007136567811046607
-0.01849658780301049
-0.0361873357224437
-0.05376813115380035
-0.07122171848328945
-0.0885313691126797
-0.1056808934402689
-0.1226546515943333
-0.1394375629362435
-0.1560151143525264
-0.1723733673577358
-0.1884989640330746
-0.2043791318245408
-0.2200016872260812
-0.2353550383751598
-0.250428186590729
-0.2652107268865554
-0.2796928474892076
-0.2938653283910109
-0.3077195389706575
-0.3212474347178209
-0.334441553100828
-0.3472950086091784
-0.3598014870039509
-0.3719552388117371
-0.3837510720998346
-0.3951843445715844
-0.4062509550167044
-0.4169473341545518
-0.4272704349071547
-0.4372177221359957
-0.4467871618792189
-0.4559772101242627
-0.4647868011519708
-0.4732153354873326
-0.4812626674925237
-0.4889290926409577
-0.4962153345012432
-0.5031225314601266
-0.5096522232163964
-0.5158063370806201
-0.5215871741167022
-0.5269973951501563
-0.5320400066692536
-0.5367183466468461
-0.5410360703127616
-0.5449971359072037
-0.5486057904366317
-0.5518665554551105
-0.5547842128945498
-0.5573637909673105
-0.5596105501658416
-0.5615299693768998
-0.5631277321291425
-0.56440971299269
-0.5653819641484239
-0.566050702145985
-0.5664222948636457
-0.5665032486844068
-0.5663001959019824
-0.565819882369846
-0.5650691554080077
-0.56405495197541
-0.5627842871173652
-0.5612642426970462
-0.5595019564190609
-0.5575046111539758
-0.5552794245685069
-0.5528336390664238
-0.5501745120449635
-0.5473093064720097
-0.5442452817903478
-0.5409896851484868
-0.537549742959622
-0.5339326527896349
-0.5301455755749744
-0.5261956281717229
-0.5220898762336471
-0.5178353274175697
-0.5134389249142471
-0.5089075413036457
-0.5042479727341945
-0.499466933420196
-0.4945710504519554
-0.4895668589146037
-0.4844607973134355
-0.4792592033038886
-0.4739683097180737
-0.4685942408812486
-0.4631430092125099
-0.4576205121040838
-0.4520325290739657
-0.4463847191845468
-0.4406826187206174
-0.4349316391199788
-0.4291370651502772
-0.4233040533266694
-0.4174376305614423
-0.4115426930376672
-0.4056240052997392
-0.3996861995532481
-0.3937337751674647
-0.387771098372289
-0.3818024021426986
-0.375831786263094
-0.3698632175635763
-0.3639005303209282
-0.35794742681692
-0.3520074780483106
-0.3460841245811566
-0.3401806775400028
-0.3343003197237144
-0.3284461068423285
-0.322620968870335
-0.316827711509419
-0.3110690177517722
-0.3053474495365709
-0.2996654494941573
-0.2940253427729531
-0.2884293389429661
-0.282879533969305
-0.2773779122506815
-0.2719263487161594
-0.2665266109738435
-0.2611803615062695
-0.2558891599082639
-0.2506544651634196
-0.2454776379530727
-0.2403599429924535
-0.2353025513895643
-0.2303065430230988
-0.2253729089362341
-0.2205025537411156
-0.2156962980292142
-0.2109548807839955
-0.2062789617934579
-0.2016691240604467
-0.1971258762060999
-0.1926496548625379
-0.1882408270518905
-0.1838996925496701
-0.1796264862304515
-0.1754213803928628
-0.1712844870614092
-0.1672158602629628
-0.1632154982760591
-0.1592833458513053
-0.1554192964010135
-0.1516231941569202
-0.147894836294464
-0.1442339750214326
-0.1406403196293776
-0.1371135385071523
-0.133653261115982
-0.1302590799251976
-0.1269305523077146
-0.1236672023948739
-0.120468522889584
-0.1173339768368626
-0.1142629993513506
-0.1112549993018792
-0.1083093609531945
-0.1054254455641874
-0.1026025929421566
-0.0998401229530923
-0.09713733698854241
-0.09449351938970751
-0.09190793882823431
-0.08937984964336999
-0.08690849313585323
-0.08449309881909654
-0.08213288562819764
-0.07982706308709743
-0.0775748324345758
-0.07537538770955768
-0.07322791679583744
-0.0711316024267309
-0.06908562315034367
-0.06708915425628248
-0.06514136866446604
-0.06324143777653089
-0.06138853229065241
-0.05958182298027555
-0.05782048143731117
-0.05610368078053238
-0.05443059633039
-0.05280040625143699
-0.05121229216261201
-0.04966543971547271
-0.04815903914125545
-0.04669228576822455
-0.04526438051050505
-0.04387453032864908
-0.04252194866233144
-0.04120585583594509
-0.03992547943833225
-0.03868005467763172
-0.03746882471182113
-0.03629104095539113
-0.03514596336302851
-0.03403286069125553
-0.03295101073889346
-0.03189970056701477
-0.03087822669902086
-0.02988589530159366
-0.02892202234716372
-0.02798593375843789
-0.02707696553590124
-0.02619446386920704
-0.02533778523308388
-0.02450629646822145
-0.02369937484763398
-0.02291640812923822
-0.02215679459526162
-0.02141994307905017
-0.02070527298001869
-0.02001221426748349
-0.01934020747370478
-0.01868870367656566
-0.0180571644723862
-0.01744506193956989
-0.0168518785935654
-0.01627710733360564
-0.0157202513817618
-0.01518082421470881
-0.0146583494886428
-0.01415236095773523
-0.01366240238659139
-0.01318802745712704
-0.0127287996703065
-0.01228429224299782
-0.01185408800033165
-0.01143777926391401
-0.01103496773624181
-0.01064526438167782
-0.01026828930427886
-0.009903671622874352
-0.009551049343571854
-0.009210069229889532
-0.008880386670740594
-0.008561665546692767
-0.008253578094753923
-0.007955804771890182
-0.007668034117414618
-0.007389962614473374
-0.007121294550852787
-0.00686174187926638
-0.006611024077321122
-0.006368868007415916
-0.006135007776633538
-0.005909184596775746
-0.005691146644623606
-0.005480648922641978
-0.005277453120660367
-0.005081327478501884
-0.004892046648828744
-0.004709391559137337
-0.004533149274853785
-0.004363112866818783
-0.004199081282572257
-0.004040859217058931
-0.003888256979478276
-0.003741090360734277
-0.003599180505403201
-0.003462353787755383
-0.003330441689000394
-0.003203280674725581
-0.00308071207368288
-0.002962581958581299
-0.002848741028872842
-0.002739044495329476
-0.002633351966384383
-0.002531527336267607
-0.002433438675029734
-0.002338958120452019
-0.002247961771863226
-0.002160329585881576
-0.002075945274040474
-0.001994696202362394
-0.001916473292807069
-0.001841170926660146
-0.00176868684987093
-0.001698922080289178
-0.001631780816818306
-0.001567170350455062
-0.001505000977202879
-0.001445185912881907
-0.001387641209807698
-0.001332285675315259
-0.001279040792096565
-0.001227830640385196
-0.001178581821912474
-0.001131223385660105
-0.00108568675535353
-0.001041905658705445
-0.0009998160583826598
-0.0009593560846356809
-0.0009204659696000682
-0.0008830879832487477
-0.0008471663709671018
-0.0008126472927024762
-0.000779478763684809
-0.0007476105966999655
-0.0007169943458558818
-0.0006875832518518087
-0.0006593321887192191
-0.0006321976119826629
-0.0006061375082089674
-0.0005811113459846426
-0.000557080028177045
-0.0005340058455908151
-0.0005118524318746404
-0.0004905847197094181
-0.0004701688982674415
-0.0004505723718617263
-0.0004317637197783759
-0.0004137126573080098
-0.0003963899978746289
-0.0003797676163178685
-0.0003638184132290051
-0.000348516280359658
-0.0003338360670719765
-0.0003197535477944011
-0.0003062453904668502
-0.0002932891259364276
-0.0002808631183033471
-0.000268946536177477
-0.0002575193248218851
-0.0002465621791785928
-0.0002360565177124473
-0.0002259844571103702
-0.0002163287877540731
-0.0002070729499935303
-0.0001982010111643265
-0.0001896976433637378
-0.0001815481019133002
-0.0001737382045504499
-0.0001662543112788494
-0.0001590833048933026
-0.0001522125721271927
-0.0001456299854483756
-0.0001393238854363819
-0.0001332830637384546
-0.0001274967466463644
-0.0001219545791692873
-0.0001166466096655993
-0.0001115632750060802
-0.0001066953862285243
-0.0001020341146804096
-9.757097865692296e-05
-9.329783046796768e-05
-8.920684399153657e-05
-8.529050262209004e-05
-8.154158763940149e-05
-7.795316703957562e-05
-7.451858467476796e-05
-7.12314498423323e-05
-6.808562720559373e-05
-6.507522708620257e-05
-6.21945961004757e-05
-5.94383081144512e-05
-5.680115556720686e-05
-5.427814103910559e-05
-5.186446918344711e-05
-4.955553892635801e-05
-4.734693593822556e-05
-4.523442539962604e-05
-4.321394502658752e-05
-4.128159833875686e-05
-3.943364818894406e-05
-3.766651052715873e-05
-3.597674839226902e-05
-3.436106613378084e-05
-3.281630382661649e-05
-3.13394319352015e-05
-2.99275461288335e-05
-2.857786233047794e-05
-2.728771193431442e-05
-2.605453719816709e-05
-2.487588683227353e-05
-2.374941172915593e-05
-2.267286086830382e-05
-2.164407737989512e-05
-2.066099475542787e-05
-1.972163319661692e-05
-1.882409612658097e-05
-1.79665667948992e-05
-1.714730507007194e-05
-1.636464429832104e-05
-1.561698832555033e-05
-1.490280861551989e-05
-1.422064148268842e-05
-1.356908545067548e-05
-1.294679868411321e-05
-1.235249654034984e-05
-1.178494920383272e-05
-1.12429794512406e-05
-1.072546045661816e-05
-1.023131370339105e-05
-9.759506980464062e-06
-9.30905246618962e-06
-8.879004878619978e-06
-8.468459740369837e-06
-8.076551621592556e-06
-7.702452442411703e-06
-7.345369906908326e-06
-7.00454622641399e-06
-6.679256880073805e-06
-6.368809035396544e-06
-6.072539747139315e-06
-5.789814428577318e-06
-5.520025969987403e-06
-5.262594002700163e-06
-5.016963849786449e-06
-4.782605240605346e-06
-4.559011131615744e-06
-4.345696709139922e-06
-4.142198493828968e-06
-3.948073442656272e-06
-3.762898062514068e-06
-3.586267559416219e-06
-3.417795043232236e-06
-3.257110751089103e-06
-3.103861312247991e-06
-2.957709030591787e-06
-2.818331233928932e-06
-2.685419594293245e-06
-2.558679526341568e-06
-2.437829582568013e-06
-2.322600876040651e-06
-2.212736540660147e-06
-2.107991207931236e-06
-2.008130503361391e-06
-1.912930565070147e-06
-1.822177582556381e-06
-1.735667352399699e-06
-1.65320487509001e-06
-1.574603923827621e-06
-1.499686674473352e-06
-1.428283339939338e-06
-1.360231804695017e-06
-1.295377284160339e-06
-1.233572014873758e-06
-1.174674925258528e-06
-1.118551353703413e-06
-1.065072752703777e-06
-1.014116438103091e-06
-9.655653038059423e-07
-9.193075773772995e-07
-8.752365915530911e-07
-8.332505508771706e-07
-7.932523078396975e-07
-7.551491790334488e-07
-7.188527087293693e-07
-6.842785075017694e-07
-6.513460607747562e-07
-6.199785427967176e-07
-5.90102672216159e-07
-5.616485409618235e-07
-5.345494563347855e-07
-5.087418034781008e-07
-4.841649107352149e-07
-4.607609069082294e-07
-4.384745978582272e-07
-4.172533485776329e-07
-3.97046951538826e-07
-3.778075415445086e-07
-3.594894675270508e-07
-3.420492016108047e-07
-3.254452425802251e-07
-3.096380191737842e-07
-2.94589810957413e-07
-2.802646413845036e-07
-2.666282266788055e-07
-2.536478755967934e-07
-2.412924295176272e-07
-2.295321896216855e-07
-2.183388448860287e-07
-2.076854093552493e-07
-1.975461637240683e-07
-1.87896599079059e-07
-1.787133530569736e-07
-1.699741694107817e-07
-1.616578323508186e-07
-1.537441306696523e-07
-1.462138057744848e-07
-1.390485015633672e-07
-1.322307355670646e-07
-1.25743849420983e-07
-1.195719699223477e-07
-1.136999815218326e-07
-1.081134761213346e-07
-1.027987385196676e-07
-9.774269362532879e-08
-9.293289152010407e-08
-8.835747630667549e-08
-8.400514878692483e-08
-7.986515239198699e-08
-7.592724017846191e-08
-7.218165894300659e-08
-6.861910823235548e-08
-6.523074417857057e-08
-6.200814615078774e-08
-5.894328515123433e-08
-5.602852318923207e-08
-5.325658685890485e-08
-5.062055096972283e-08
-4.811381590369811e-08
-4.573010950604304e-08
-4.346345205350959e-08
-4.130815269733579e-08
-3.925879787742817e-08
-3.731022797972322e-08
-3.545753836932756e-08
-3.369606124236493e-08
-3.202135103978471e-08
-3.042916921225931e-08
-2.891548801157416e-08
-2.747647860934692e-08
-2.610848979506789e-08
-2.480804895993219e-08
-2.357185109044064e-08
-2.239675540631798e-08
-2.127976777676774e-08
-2.021803784259491e-08
-1.920885940967762e-08
-1.824965231528226e-08
-1.733796218075213e-08
-1.647146544149995e-08
-1.564793532321624e-08
-1.486526567078586e-08
-1.412144073276276e-08
-1.341455830295502e-08
-1.274279606625491e-08
-1.210441723601328e-08
-1.149777925033682e-08
-1.092132185756419e-08
-1.037355105318934e-08
-9.853053816143806e-09
-9.358483978474683e-09
-8.888558844426064e-09
-8.442061099731429e-09
-8.017832578414271e-09
-7.614771030997256e-09
-7.231827536827183e-09
-6.868007435190414e-09
-6.522363686655266e-09
-6.193994622414949e-09
-5.882044891355851e-09
-5.585700937220547e-09
-5.304188399920792e-09
-5.036767902820798e-09
-4.782739067622991e-09
-4.541436200984134e-09
-4.312231538286308e-09
-4.094516935880864e-09
-3.887722978628983e-09
-3.691307624091958e-09
-3.504750973773619e-09
-3.32756123808375e-09
-3.159271429290554e-09
-2.999436700734125e-09
-2.847636998175362e-09
-2.703479056675582e-09
-2.566572726829889e-09
-2.436555659075302e-09
-2.31308650871783e-09
-2.195837378350433e-09
-2.084496703509203e-09
-1.978767704269256e-09
-1.87837079837782e-09
-1.783037686627658e-09
-1.692510236653867e-09
-1.606553071441798e-09
-1.524932763614011e-09
-1.447433770141265e-09
-1.373851004751803e-09
-1.303992760429346e-09
-1.237668799886282e-09
-1.174699614500834e-09
-1.11492097462651e-09
-1.058162474605613e-09
-1.004281692554185e-09
-9.531287117479338e-10
-9.045593329323247e-10
-8.584575349319812e-10
-8.146931784529314e-10
-7.731455256538352e-10
-7.337065109729038e-10
-6.962674111839692e-10
-6.60728315703996e-10
-6.26990740749965e-10
-5.949673817230185e-10
-5.645762767245915e-10
-5.357269916536935e-10
-5.083458647511982e-10
-4.823554232800507e-10
-4.576882194820686e-10
-4.342800880113201e-10
-4.120613171442777e-10
-3.909762559940575e-10
-3.709651373068662e-10
-3.519755157250406e-10
-3.339553438119905e-10
-3.168478109884305e-10
-3.006124866898505e-10
-2.85203090599433e-10
-2.70579906346144e-10
-2.567030850125382e-10
-2.435308232353066e-10
-2.310303315839225e-10
-2.191627729123871e-10
-2.079070970305446e-10
-1.9722912405463e-10
-1.87100645604185e-10
-1.774914006346907e-10
-1.683760952732123e-10
-1.597312956586332e-10
-1.515265884463209e-10
-1.437423484332399e-10
-1.363547938979083e-10
-1.2934341939157e-10
-1.226938936687918e-10
-1.163796213908225e-10
-1.103887083543414e-10
-1.04699476264443e-10
-9.930193113645407e-11
-9.418065799828446e-11
-8.932223968155595e-11
-8.471130704920945e-11
-8.033749970667362e-11
-7.619084961498581e-11
-7.226152641636827e-11
-6.85384148369533e-11
-6.500853703437185e-11
-6.166527196006711e-11
-5.849059271227524e-11
-5.547688153321953e-11
