1.017685704244596e-11
8.357863171726886e-12
7.627563726676041e-12
7.815353596370538e-12
8.886473013593911e-12
1.090264384130629e-11
1.401976343885309e-11
1.849337843269997e-11
2.469194247182704e-11
3.311942170911661e-11
4.444699542975437e-11
5.955430097974399e-11
7.958395630864277e-11
1.06010018599178e-10
1.407229024091663e-10
1.861389268694261e-10
2.453305909566535e-10
3.221941283052574e-10
4.216485380830725e-10
5.498890962997871e-10
7.146834099129394e-10
9.25750700200816e-10
1.195204065960091e-09
1.538098819753024e-09
1.973098961745026e-09
2.523259496323899e-09
3.216995951049144e-09
4.089226623463925e-09
5.182748890478078e-09
6.549881364555886e-09
8.254419217155609e-09
1.037396086283303e-08
1.300266068425604e-08
1.625449812651628e-08
2.02671335229118e-08
2.520644697027886e-08
3.127188652168591e-08
3.870273815054061e-08
4.778547574926274e-08
5.886234217092958e-08
7.234137212100408e-08
8.870804319619632e-08
1.085388205791363e-07
1.325168431088872e-07
1.61450069685009e-07
1.962922043585124e-07
2.381667838801243e-07
2.883948262865502e-07
3.485264864813011e-07
4.203771980700673e-07
5.060688285174722e-07
6.08076390454992e-07
7.2928101967242e-07
8.730302245204931e-07
1.043206149164314e-06
1.24430267125747e-06
1.481512302483029e-06
1.760823962131409e-06
2.08913277034516e-06
2.474363123882736e-06
2.925606388718961e-06
3.453274690915782e-06
4.069272359891308e-06
4.78718672456405e-06
5.622500070760888e-06
6.592824696320678e-06
7.718163142134824e-06
9.021195800506609e-06
1.052759824749314e-05
1.226639079618972e-05
1.42703228997245e-05
1.657629520703067e-05
1.922582218400087e-05
2.226553842044669e-05
2.574775184171644e-05
2.973104722782163e-05
3.42809435822647e-05
3.947060898398025e-05
4.538163655565145e-05
5.210488554393809e-05
5.974139151645773e-05
6.840334981950713e-05
7.821517645107989e-05
8.931465060443035e-05
0.0001018541431222434
0.0001160019351531473
0.0001319436311980713
0.0001498836707145663
0.000170046942292333
0.0001926805042335784
0.0002180554151264821
0.0002464686777037571
0.0002782452988601178
0.0003137404682267709
0.0003533418571095365
0.0003974720388951386
0.0004465910311851054
0.0005011989589475205
0.000561838836835815
0.0006290994675122424
0.0007036184513550661
0.000786085302231539
0.0008772446757499808
0.0009778997448385246
0.001088915700877737
0.001211223365337475
0.001345822905837763
0.001493787650258849
0.001656267991500551
0.001834495374404609
0.002029786355202502
0.002243546722603368
0.002477275668425094
0.002732569994310616
0.003011128339722247
0.00331475541501791
0.003645366221904672
0.004004990242090741
0.004395775573386812
0.004819992990909914
0.005280039909388493
0.005778444220895556
0.006317867980587717
0.006901110911276833
0.007531113695831516
0.008210961024662915
0.008943884364562546
0.009733264426185698
0.01058263333204225
0.01149567642946854
0.01247623370107798
0.01352830073392937
0.01465602920809234
0.01586372686415945
0.01715585690800539
0.01853703681003326
0.02001203645500678
0.02158577559766617
0.02326332057992032
0.02504988028624377
0.0269508014982126
0.02897156367876068
0.03111777294612571
0.0333951550227515
0.03580954722755871
0.03836688960537787
0.04107321519269817
0.04393463933975226
0.04695734807144838
0.05014758546262518
0.05351164004180499
0.05705583022075573
0.06078648872503518
0.06470994605231041
0.06883251293771697
0.07316046185425498
0.07770000756531052
0.08245728672660574
0.08743833659484707
0.09264907283942561
0.09809526651224952
0.1037825202179609
0.109716243503736
0.1159016275585026
0.1223436192378033
0.1290468944995216
0.1360158313195389
0.1432544821284847
0.1507665458920362
0.1585553398704966
0.1666237711722955
0.1749743081955522
0.1836089520191242
0.1925292078972833
0.2017360569077709
0.2112299278907156
0.2210106697919636
0.2310775244882053
0.2414291002739292
0.2520633460662211
0.2629775264804473
0.2741681979012299
0.2856311856307609
0.2973615623069222
0.3093536276456334
0.3216008896687106
0.3340960475415167
0.3468309760920475
0.3597967122020653
0.3729834431110856
0.3863804967886957
0.3999763344853665
0.4137585455117848
0.4277138444236705
0.441828070623797
0.4560861905129554
0.470472302271548
0.4849696432898619
0.4995606003979692
0.5142267228638124
0.5289487382517565
0.5437065711819351
0.5584793649669259
0.5732455062392899
0.5879826524847415
0.6026677625248171
0.6172771299386344
0.6317864193462637
0.6461707056145292
0.6604045158455462
0.674461874141557
0.6883163490803875
0.7019411037655385
0.7153089484567706
0.7283923955848409
0.7411637170910989
0.7535950039711604
0.7656582278289167
0.7773253043876746
0.788568158716458
0.7993587920689755
0.8096693501664733
0.8194721926801736
0.8287399638117671
0.8374456636922483
0.8455627204572204
0.8530650627936149
0.8599271926834124
0.866124258211765
0.8716321261346466
0.8764274540343838
0.8804877618385468
0.8837915024216219
0.8863181311464292
0.8880481740329439
0.8889632943737052
0.8890463575713637
0.8882814939277222
0.8866541592428684
0.8841511929330521
0.8807608734993307
0.8764729711444609
0.8712787973040204
0.8651712509828474
0.8581448616339509
0.8501958284198525
0.8413220556979976
0.8315231845930453
0.8208006206451265
0.8091575572453304
0.7965989945316987
0.7831317536835742
0.7687644870612278
0.753507684943691
0.7373736776433576
0.7203766308777019
0.7025325346312802
0.6838591883587086
0.6643761849314629
0.6441048904598553
0.623068417462237
0.6012915916228821
0.5788009141439038
0.555624520547413
0.531792135237245
0.5073350215151765
0.4822859271764561
0.4566790259691343
0.4305498551307963
0.4039352490833681
0.3768732694386513
0.3494031314912123
0.3215651273855587
0.2934005461764675
0.2649515909677816
0.236261293353574
0.2073734253858483
0.1783324092952902
0.1491832252153671
0.1199713171450507
0.09074249740669811
0.06154284985366029
0.03241863208406674
0.003416176926788228
-0.02541820653930458
-0.05403833216596994
-0.08239823585222222
-0.1104522743314139
-0.1381552233662634
-0.165462375088339
-0.1923296342265728
-0.2187136129724048
-0.2445717242274776
-0.2698622729948029
-0.2945445456696956
-0.318578897004879
-0.3419268345279868
-0.364551100189807
-0.3864157490474814
-0.4074862247757836
-0.4277294318254044
-0.4471138040527159
-0.4656093696499202
-0.483187812236508
-0.499822527956334
-0.5154886784549171
-0.5301632396200521
-0.5438250459771365
-0.5564548306663661
-0.5680352609060555
-0.578550968880834
-0.5879885780028656
-0.5963367245017727
-0.6035860743339571
-0.6097293353844041
-0.6147612649721759
-0.6186786726741103
-0.6214804184820973
-0.6231674063460717
-0.6237425731417295
-0.6232108731354032
-0.6215792580218751
-0.6188566526142818
-0.6150539262989306
-0.6101838603480557
-0.6042611112149978
-0.5973021699394347
-0.5893253177931698
-0.5803505783252199
-0.5703996659455981
-0.559495931212352
-0.547664302989504
-0.5349312276466327
-0.5213246054931964
-0.5068737246178143
-0.4916091923240114
-0.4755628643550056
-0.4587677721004022
-0.4412580479926239
-0.4230688492844584
-0.4042362804152236
-0.3847973141675596
-0.3647897118111985
-0.3442519424410281
-0.3232231017068906
-0.3017428301408933
-0.2798512312794798
-0.2575887897704117
-0.2349962896607679
-0.2121147330512097
-0.1889852593044843
-0.1656490649878613
-0.1421473247223929
-0.1185211131115917
-0.09481132791165199
-0.07105861460328342
-0.04730329251682999
-0.02358528265539828
5.596264450293417e-05
0.02358152808395351
0.04695310167976362
0.07013303883362626
0.09308442408316857
0.1157711304341633
0.1381578761800344
0.1602102791236283
0.1818949081243595
0.2031793319008188
0.2240321650300338
0.2444231110889011
0.2643230028951042
0.2837038398113425
0.3025388220810494
0.3208023821750824
0.3384702131348167
0.3555192939109657
0.3719279117006668
0.3876756812873717
0.4027435614015408
0.4171138681222185
0.4307702853506432
0.4436978723918445
0.4558830686857514
0.4673136957429371
0.4779789563314238
0.4878694309704693
0.4969770717948329
0.5052951938607183
0.5128184639753436
0.5195428871190887
0.5254657905401166
0.5305858056057339
0.534902847497747
0.5384180928478076
0.5411339554008487
0.5430540598035232
0.5441832136152214
0.5445273776399118
0.5440936346853766
0.5428901568458638
0.5409261714117841
0.5382119255096913
0.5347586495738375
0.530578519756204
0.5256846193753585
0.5200908995116494
0.5138121388507003
0.5068639028708356
0.4992625024759871
0.4910249521707685
0.4821689278771671
0.4727127244880248
0.4626752132487216
0.4520757990617225
0.4409343777989805
0.4292712937109557
0.4171072970154682
0.4044635017429055
0.3913613439152624
0.3778225401358366
0.3638690466686582
0.3495230190756907
0.3348067724698371
0.3197427424442374
0.3043534467404297
0.2886614477177111
0.2726893156752853
0.2564595930699937
0.2399947596740022
0.2233171987176518
0.2064491640613725
0.1894127484312285
0.1722298527454084
0.1549221565597197
0.1375110896602292
0.1200178048285899
0.102463151798345
0.0848676524155999
0.06725147701715176
0.04963442203730064
0.03203588885157233
0.01447486386130751
-0.003030100179854103
-0.0204609015984593
-0.0377999059964869
-0.05502996121505232
-0.07213441107470808
-0.08909710790298869
-0.105902423862932
-0.1225352610973049
-0.1389810607048201
-0.1552258105666901
-0.1712560520443967
-0.1870588855726048
-0.2026219751696937
-0.217933551889447
-0.2329824162397923
-0.247757939597756
-0.262250064652783
-0.2764493049058665
-0.2903467432530063
-0.3039340296839928
-0.3172033781298954
-0.3301475624937784
-0.3427599118967667
-0.3550343051742816
-0.3669651646567185
-0.3785474492671418
-0.3897766469706133
-0.4006487666091912
-0.4111603291575054
-0.4213083584335915
-0.4310903713001621
-0.4405043673947789
-0.4495488184188812
-0.4582226570157227
-0.4665252652702082
-0.4744564628665432
-0.4820164949406666
-0.4892060196548524
-0.4960260955227048
-0.5024781685148567
-0.5085640589773235
-0.5142859483954734
-0.519646366028332
-0.524648175439194
-0.529294560949171
-0.5335890140404923
-0.537535319737436
-0.5411375429862429
-0.544400015056503
-0.5473273199863024
-0.5499242810928168
-0.5521959475710573
-0.5541475811979889
-0.5557846431605235
-0.5571127810248733
-0.558137815864616
-0.5588657295661263
-0.5593026523233996
-0.5594548503358737
-0.5593287137220486
-0.558930744661278
-0.5582675457763678
-0.5573458087657959
-0.5561723032943731
-0.5547538661511806
-0.553097390683669
-0.5512098165181278
-0.5490981195696305
-0.546769302346556
-0.5442303845543337
-0.5414883940023189
-0.5385503578188769
-0.535423293975417
-0.5321142031209567
-0.5286300607285314
-0.5249778095551619
-0.5211643524181255
-0.517196545284233
-0.513081190669296
-0.5088250313464326
-0.5044347443633558
-0.499916935369389
-0.4952781332462092
-0.4905247850377627
-0.4856632511756611
-0.4806998009964044
-0.4756406085469295
-0.4704917486729293
-0.4652591933848018
-0.4599488084960019
-0.454566350528863
-0.4491174638838902
-0.4436076782646718
-0.4380424063517405
-0.4324269417190595
-0.4267664569866071
-0.4210660022031611
-0.4153305034519068
-0.4095647616724852
-0.4037734516925367
-0.3979611214612143
-0.392132191477861
-0.3862909544087809
-0.3804415748870033
-0.3745880894876911
-0.3687344068698256
-0.3628843080759609
-0.3570414469844019
-0.3512093509094782
-0.3453914213427686
-0.3395909348261322
-0.3338110439487657
-0.3280547784627314
-0.3223250465117298
-0.3166246359667193
-0.3109562158613711
-0.3053223379219116
-0.2997254381841953
-0.2941678386910708
-0.2886517492643014
-0.2831792693463972
-0.277752389908069
-0.2723729954144707
-0.2670428658442827
-0.2617636787564726
-0.2565370114005909
-0.2513643428668929
-0.2462470562702434
-0.2411864409623001
-0.2361836947676947
-0.2312399262412137
-0.2263561569433417
-0.2215333237287152
-0.2167722810427413
-0.2120738032228243
-0.2074385868015583
-0.2028672528092421
-0.1983603490719796
-0.19391835250214
-0.1895416713784025
-0.1852306476127448
-0.1809855590021814
-0.1768066214625763
-0.1726939912428889
-0.1686477671176222
-0.1646679925545844
-0.1607546578556865
-0.1569077022695383
-0.1531270160748323
-0.1494124426329534
-0.1457637804083873
-0.1421807849560245
-0.1386631708737092
-0.1352106137184702
-0.1318227518856456
-0.1284991884504132
-0.1252394929714545
-0.1220432032555943
-0.1189098270823807
-0.1158388438882232
-0.1128297064102723
-0.1098818422903522
-0.1069946556379859
-0.1041675285517044
-0.1013998225985897
-0.0986908802523998
-0.09604002629044277
-0.0934465691492356
-0.09090980223935678
-0.08842900521967362
-0.08600344523074531
-0.08363237808758663
-0.08131504943229508
-0.0790506958471834
-0.07683854592879009
-0.07467782132313669
-0.07256773772274469
-0.07050750582585391
-0.06849633225802493
-0.066533420456835
-0.06461797152075087
-0.06274918502335636
-0.06092625979291079
-0.05914839465713449
-0.05741478915401457
-0.05572464421006276
-0.05407716278726929
-0.05247155049881774
-0.05090701619375104
-0.04938277251139712
-0.0478980364066926
-0.04645202964753677
-0.04504397928449676
-0.04367311809337181
-0.04233868499136982
-0.04103992542791667
-0.03977609175097925
-0.03854644354949126
-0.03735024797255886
-0.03618678002620264
-0.03505532284822773
-0.03395516796174788
-0.03288561550839961
-0.03184597446215099
-0.03083556282443165
-0.029853707800957
-0.02889974596082076
-0.02797302337860331
-0.02707289576014727
-0.02619872855264031
-0.02534989703979671
-0.02452578642297239
-0.02372579188852934
-0.02294931866190676
-0.02219578204896564
-0.02146460746532118
-0.0207552304542848
-0.02006709669391227
-0.01939966199366695
-0.01875239228130295
-0.0181247635803394
-0.01751626197860501
-0.01692638358838454
-0.01635463449865917
-0.0158005307199305
-0.01526359812194836
-0.01474337236475821
-0.01423939882350571
-0.01375123250740103
-0.01327843797326805
-0.01282058923403834
-0.01237726966264414
-0.01194807189154745
-0.01153259770812438
-0.01113045794619707
-0.01074127237421517
-0.01036466958041556
-0.01000028685519524
-0.009647770070884885
-0.009306773559220854
-0.008976959986748701
-0.008658000228429856
-0.008349573239674106
-0.00805136592705445
-0.00776307301793431
-0.007484396929084208
-0.007215047634438645
-0.006954742532283644
-0.006703206312556611
-0.006460170824253013
-0.00622537494197172
-0.005998564430319524
-0.005779491808593741
-0.005567916220016126
-0.005363603304743488
-0.005166325071125505
-0.004975859761010178
-0.004791991714806388
-0.004614511241292576
-0.004443214491634945
-0.00427790333403797
-0.004118385227679987
-0.003964473097448531
-0.003815985210303231
-0.003672745053337093
-0.003534581213242886
-0.003401327257161089
-0.003272821614997781
-0.00314890746335313
-0.003029432611051273
-0.002914249386301707
-0.002803214525600779
-0.002696189064279072
-0.002593038228806281
-0.002493631330787766
-0.002397841662760446
-0.002305546395798131
-0.002216626478902894
-0.002130966540186306
-0.002048454789867538
-0.001968982925052118
-0.001892446036351129
-0.001818742516327938
-0.00174777396972121
-0.001679445125491183
-0.001613663750674693
-0.001550340566022392
-0.001489389163410289
-0.001430725925041101
-0.001374269944406643
-0.00131994294896802
-0.001267669224598876
-0.001217375541702569
-0.001168991083039421
-0.001122447373247191
-0.001077678209976291
-0.001034619596718709
-0.0009932096771876537
-0.000953388671341191
-0.0009150988129658353
-0.0008782842887918211
-0.000842891179161522
-0.0008088674001782354
-0.0007761626473309001
-0.0007447283406034257
-0.0007145175709594322
-0.0006854850482686351
-0.0006575870506120524
-0.0006307813749189974
-0.0006050272889606221
-0.0005802854846209035
-0.0005565180324612171
-0.0005336883375220545
-0.0005117610963601565
-0.0004907022552890384
-0.000470478969786493
-0.0004510595650669157
-0.0004324134977793613
-0.0004145113187822394
-0.0003973246370264985
-0.0003808260844694034
-0.0003649892820142268
-0.0003497888064785639
-0.0003352001585249971
-0.0003211997315422844
-0.0003077647814876552
-0.0002948733976073273
-0.000282504474065398
-0.0002706376824304449
-0.0002592534450286492
-0.0002483329090828908
-0.000237857921690564
-0.0002278110055562388
-0.0002181753354930451
-0.0002089347156697404
-0.0002000735575784738
-0.0001915768586848731
-0.0001834301818058131
-0.0001756196350985805
-0.0001681318527287236
-0.0001609539761487975
-0.0001540736359903196
-0.0001474789345478905
-0.0001411584288550627
-0.0001351011142869368
-0.0001292964087342988
-0.0001237341373074594
-0.0001184045175094866
-0.0001132981449583322
-0.0001084059795528191
-0.0001037193321315564
-9.922985158398038e-05
-9.492951236411573e-05
-9.081060248260277e-05
-8.686571187482953e-05
-8.30877211929071e-05
-7.946979095698689e-05
-7.600535112902589e-05
-7.268809100722941e-05
-6.951194948654986e-05
-6.647110566701966e-05
-6.355996978567426e-05
-6.077317449044203e-05
-5.810556638351141e-05
-5.555219789406936e-05
-5.310831944377645e-05
-5.076937187156171e-05
-4.853097915197683e-05
-4.638894135576578e-05
-4.433922789060826e-05
-4.237797096050758e-05
-4.050145926766671e-05
-3.870613197203809e-05
-3.698857283046121e-05
-3.534550457498684e-05
-3.377378351204393e-05
-3.227039426333265e-05
-3.083244477894962e-05
-2.945716148009342e-05
-2.814188459802782e-05
-2.688406369699642e-05
-2.568125334326108e-05
-2.453110896023425e-05
-2.343138283212148e-05
-2.237992023601647e-05
-2.137465575494457e-05
-2.041360971606213e-05
-1.949488475223518e-05
-1.861666251517182e-05
-1.777720049335025e-05
-1.697482897527409e-05
-1.620794810477476e-05
-1.547502507377514e-05
-1.47745913993933e-05
-1.410524032059254e-05
-1.346562426720923e-05
-1.285445250322472e-05
-1.227048884536293e-05
-1.171254935686187e-05
-1.117950012760861e-05
-1.067025521665098e-05
-1.01837750039736e-05
-9.719064621370664e-06
-9.275171833711721e-06
-8.851184610501003e-06
-8.446229064019373e-06
-8.059468351459356e-06
-7.690101751547811e-06
-7.337363312853643e-06
-7.000520102675398e-06
-6.678870638373024e-06
-6.371743573149089e-06
-6.078496500577025e-06
-5.79851477003586e-06
-5.531210308634464e-06
-5.276020494020251e-06
-5.032407083639095e-06
-4.799855187989108e-06
-4.577872293452288e-06
-4.365987307875181e-06
-4.163749664898063e-06
-3.97072844477828e-06
-3.78651155168889e-06
-3.610704897257698e-06
-3.442931648692243e-06
-3.282831488898242e-06
-3.130059911080902e-06
-2.984287544872735e-06
-2.845199501792106e-06
-2.712494765874141e-06
-2.585885589969727e-06
-2.465096923352274e-06
-2.34986587373194e-06
-2.239941175288354e-06
-2.135082694770362e-06
-2.035060939247346e-06
-1.939656604834925e-06
-1.848660137657997e-06
-1.761871300373836e-06
-1.679098772608581e-06
-1.600159769572673e-06
-1.524879655074743e-06
-1.45309160811503e-06
-1.384636255330804e-06
-1.31936136938925e-06
-1.257121539696044e-06
-1.197777880601806e-06
-1.141197749258006e-06
-1.087254461558342e-06
-1.035827035056639e-06
-9.867999430386566e-07
-9.400628603340934e-07
-8.955104513888877e-07
-8.53042130189903e-07
-8.125618648231863e-07
-7.739779746806101e-07
-7.372029316129612e-07
-7.021531806067164e-07
-6.687489549049912e-07
-6.369141199864262e-07
-6.065760005012448e-07
-5.776652311066623e-07
-5.501156113010229e-07
-5.238639515128331e-07
-4.988499528688286e-07
-4.75016069375404e-07
-4.523073950668423e-07
-4.306715348799655e-07
-4.100584901942184e-07
-3.904205602205371e-07
-3.717122389803889e-07
-3.538900999575825e-07
-3.369127180960105e-07
-3.20740576947868e-07
-3.053359829291731e-07
-2.906629746564259e-07
-2.766872602492857e-07
-2.633761212451347e-07
-2.50698361460962e-07
-2.386242190636094e-07
-2.271253099685107e-07
-2.161745681111225e-07
-2.057461875897029e-07
-1.958155548493499e-07
-1.863592022306128e-07
-1.773547512031846e-07
-1.687808608988701e-07
-1.606171866331894e-07
-1.528443417624342e-07
-1.454438282240767e-07
-1.383980172553831e-07
-1.316901017421201e-07
-1.253040667462001e-07
-1.192246411136406e-07
-1.134372741618351e-07
-1.079280916908293e-07
-1.026838731595457e-07
-9.769201229006756e-08
-9.294050530859687e-08
-8.841790314822106e-08
-8.411329839297832e-08
-8.001629769674659e-08
-7.611699872066098e-08
-7.240595613633163e-08
-6.887418024465631e-08
-6.551310903720854e-08
-6.231456947754932e-08
-5.927078472920347e-08
-5.637434288447167e-08
-5.361818952087447e-08
-5.099558820499738e-08
-4.850014394040345e-08
-4.612574415041183e-08
-4.386658114110772e-08
-4.171711590014692e-08
-3.967207527959114e-08
-3.772643759641707e-08
-3.587541139905628e-08
-3.411444841485273e-08
-3.243920356640726e-08
-3.084554507092879e-08
-2.932953384334499e-08
-2.788742710959024e-08
-2.651565339536335e-08
-2.521081202828708e-08
-2.39696701617968e-08
-2.278914482488237e-08
-2.16663046810179e-08
-2.059835305410456e-08
-1.958263208248687e-08
-1.86166122392286e-08
-1.769788148870009e-08
-1.682414408780088e-08
-1.599321843580668e-08
-1.520302150856219e-08
-1.445157574028519e-08
-1.373699684208295e-08
-1.305748928175785e-08
-1.241134715061932e-08
-1.179694658732602e-08
-1.121273995872624e-08
-1.065725538857542e-08
-1.012909427687295e-08
-9.62691809200586e-09
-9.149464614721068e-09
-8.695520996206533e-09
-8.263946260401218e-09
-7.853645846656581e-09
-7.46357552184747e-09
-7.092748173098326e-09
-6.740225700231225e-09
-6.405106669764516e-09
-6.086542024950637e-09
-5.783715870925216e-09
-5.495852016482596e-09
-5.222222779946346e-09
-4.962127501917887e-09
-4.714904475203769e-09
-4.479918599698338e-09
-4.256568572839696e-09
-4.044283061753801e-09
-3.842517151534622e-09
-3.6507516256564e-09
-3.468498638326502e-09
-3.295288841485305e-09
-3.130679436328981e-09
-2.974239372656845e-09
-2.825569714366662e-09
-2.684288410105942e-09
-2.550029845199019e-09
-2.422448028788533e-09
-2.301211160647826e-09
-2.186004905848438e-09
-2.076530055078619e-09
-1.97250397539657e-09
-1.873657022134586e-09
-1.779741618406788e-09
-1.690508775424923e-09
-1.605729059243821e-09
-1.525177351174956e-09
-1.448646935678957e-09
-1.375936805700526e-09
-1.306853355845041e-09
-1.241211606521419e-09
-1.178850853745037e-09
-1.119601957257061e-09
-1.063313910585997e-09
-1.009841401699358e-09
-9.590457916926342e-10
-9.107890426260159e-10
-8.649492708605206e-10
-8.214084560447057e-10
-7.800475733798303e-10
-7.407641687558788e-10
-7.03447743938924e-10
-6.68006543460781e-10
-6.343409786155666e-10
-6.023636916269874e-10
-5.719855399145533e-10
-5.431316168318078e-10
-5.157243383120164e-10
-4.89695085152873e-10
-4.649722997294185e-10
-4.414917737724128e-10
-4.19192177891276e-10
-3.980107783957195e-10
-3.778946992988905e-10
-3.587888666925627e-10
-3.406465952267171e-10
-3.234193746561088e-10
-3.070608665711312e-10
-2.91526258518246e-10
-2.767754379001639e-10
-2.627649878246692e-10
-2.494612025138364e-10
-2.368266640916986e-10
-2.248302180857674e-10
-2.134380447957685e-10
-2.026239011448477e-10
-1.923557207645706e-10
-1.826073698693598e-10
-1.733512869747793e-10
-1.645593644399059e-10
-1.56208267105166e-10
-1.482784607562066e-10
-1.407483505559837e-10
-1.335978916302404e-10
-1.26808670453819e-10
-1.203660580187282e-10
-1.142495587739213e-10
-1.084455216974566e-10
-1.029366619242994e-10
-9.770530366179527e-11
