-1.252363120418763e-12
-8.026049206637028e-13
-5.152206260346997e-13
-3.324839197224459e-13
-2.159442713804465e-13
-1.403019815638895e-13
-9.004019822875751e-14
-5.520994600742335e-14
-2.957628224336403e-14
-8.426852421186436e-15
1.16832320272937e-14
3.361966885409224e-14
6.008378561635884e-14
9.428640749756987e-14
1.397150777141025e-13
2.015387234155157e-13
2.854609204517695e-13
3.995198474521909e-13
5.552538085877638e-13
7.67044577064628e-13
1.053853919472978e-12
1.441385096485202e-12
1.963496458446875e-12
2.664558229628942e-12
3.602398141647143e-12
4.852604132742623e-12
6.512926958720061e-12
8.709592386803104e-12
1.160729501221902e-11
1.541397429723892e-11
2.039982085559456e-11
2.690661721239517e-11
3.537115898055561e-11
4.634741041033439e-11
6.053644225218067e-11
7.882273247911629e-11
1.023189810256014e-10
1.324205899602168e-10
1.708776235423951e-10
2.19869851929901e-10
2.821115597370098e-10
3.609766146875354e-10
4.606385990205174e-10
5.862609980899087e-10
7.442001075873566e-10
9.422824904596261e-10
1.190099189948546e-09
1.499395993804757e-09
1.884509567047802e-09
2.362909018685109e-09
2.955822373234487e-09
3.688992489718385e-09
4.593560506361309e-09
5.707119416475014e-09
7.07494622838e-09
8.751461476765201e-09
1.080192974366835e-08
1.33044635266053e-08
1.635235568025947e-08
2.005679972559911e-08
2.455006341573686e-08
2.998916176551463e-08
3.656012995939371e-08
4.44829496778546e-08
5.401725372693347e-08
6.546888931781197e-08
7.919747122431371e-08
9.562505775568674e-08
1.152460887678001e-07
1.386387633461573e-07
1.664780266795223e-07
1.995503764938066e-07
2.387707255226583e-07
2.852015466168561e-07
3.400745919647392e-07
4.048154962658425e-07
4.810715783651836e-07
5.70743229884371e-07
6.760192766095629e-07
7.994167626949072e-07
9.43825630706952e-07
1.112558835097942e-06
1.309408439874757e-06
1.53870833810682e-06
1.805404247109112e-06
2.115131722702729e-06
2.474302944466103e-06
2.890203150034725e-06
3.371097581623082e-06
3.926349940798355e-06
4.566553356231063e-06
5.303674988404903e-06
6.151215408266421e-06
7.124384003104992e-06
8.240291692857811e-06
9.518162329414284e-06
1.097956419885958e-05
1.264866311359846e-05
1.455249863249888e-05
1.672128498152673e-05
1.918873830900982e-05
2.199243193865568e-05
2.517418169621534e-05
2.878046431901599e-05
3.286287055100619e-05
3.747859475045788e-05
4.269096314034776e-05
4.857000292542286e-05
5.519305452133179e-05
6.264542919980508e-05
7.10211144667122e-05
8.042352951331981e-05
9.096633309063583e-05
0.0001027742861466293
0.0001159841715462633
0.000130745773157441
0.0001472229165469682
0.0001655945734270139
0.0001860560319318902
0.0002088201346781468
0.0002341185864100756
0.0002622033328806729
0.0002933480124112798
0.0003278494813607917
0.0003660294144428245
0.0004082359805818274
0.0004548455946600075
0.0005062647458377379
0.0005629319041510089
0.0006253195039931234
0.0006939360030143493
0.0007693280150164205
0.0008520825148810906
0.0009428291130790235
0.001042242396617609
0.001151044332699942
0.001270006730602653
0.001399953756536746
0.00154176449555636
0.001696375555135736
0.001864783716889152
0.002048048634721631
0.002247295558526273
0.002463718061682964
0.002698580768876973
0.002953222082523127
0.003229056898932774
0.003527579298432019
0.003850365197092491
0.004199074946099873
0.004575455866885077
0.004981344707870245
0.005418670005770487
0.005889454337640434
0.006395816444776102
0.006939973212748921
0.007524241489930997
0.008151039724000773
0.008822889400530009
0.009542416261040935
0.01031235128262507
0.01113553139919973
0.01201489994121631
0.01295350677722283
0.01395450813226255
0.01502116606477722
0.01615684758157653
0.01736502336666134
0.01864926610877115
0.02001324840214674
0.02146074020416748
0.02299560583124715
0.02462180047022949
0.0263433661946494
0.0281644274622109
0.03008918608172854
0.03212191563555102
0.0342669553391777
0.03652870333535452
0.038911609403554
0.04142016708097551
0.04405890518887846
0.04683237875307924
0.04974515932674596
0.05280182470403654
0.05600694803240147
0.05936508632824828
0.06288076839417442
0.06655848215947688
0.07040266144267326
0.0744176721581733
0.0786077979849847
0.08297722550740512
0.0875300288656912
0.09227015392688651
0.09720140201335326
0.1023274132213335
0.1076516493526995
0.1131773765157361
0.1189076474165743
0.1248452833940048
0.1309928562443131
0.1373526698724958
0.1439267418434413
0.1507167848646605
0.1577241882675523
0.1649499995464386
0.1723949060018679
0.180059216575619
0.1879428439171202
0.1960452867605457
0.2043656126811178
0.2129024412829491
0.2216539279160714
0.2306177479654749
0.2397910817988139
0.2491706004452088
0.258752452057212
0.26853224925598
0.2785050574012976
0.2886653838759134
0.2990071684545013
0.309523774801629
0.3202079831951594
0.3310519845077636
0.3420473755298243
0.353185155694307
0.3644557252351472
0.3758488848660301
0.3873538369949678
0.3989591885419214
0.4106529554028879
0.4224225685745909
0.4342548820117565
0.4461361822073657
0.4580521995408767
0.4699881214143639
0.4819286071653404
0.4938578048041732
0.5057593695385745
0.5176164841032133
0.5294118808862064
0.5411278658154615
0.5527463440309436
0.5642488472674286
0.5756165629193978
0.5868303647490789
0.5978708452003498
0.6087183493591477
0.6193530103977168
0.6297547862759262
0.6399034976351229
0.6497788672215018
0.6593605614987372
0.668628233518214
0.6775615651036079
0.686140308193912
0.6943443277137576
0.7021536484399227
0.7095485033731668
0.7165093808837132
0.7230170703755171
0.7290527082710561
0.7345978251921894
0.7396343934484393
0.744144874225018
0.7481122643135517
0.75152014244219
0.7543527151900239
0.7565948622611278
0.7582321809680851
0.7592510297917697
0.7596385708827132
0.7593828114189201
0.7584726436498145
0.7568978835164262
0.7546493077246423
0.7517186891327323
0.7480988303704601
0.7437835955436584
0.7387679399343899
0.7330479375928519
0.7266208067025807
0.7194849326537373
0.711639888709476
0.7030864542046429
0.6938266302012117
0.6838636525101083
0.6732020020399692
0.6618474123968741
0.6498068747081023
0.6370886396298606
0.6237022164871124
0.6096583695405164
0.5949691113459032
0.579647693213947
0.56370859276979
0.5471674986071043
0.5300412920713309
0.5123480261782482
0.4941069017097999
0.4753382405278024
0.4560634561465302
0.4363050216367992
0.4160864349089284
0.3954321814512184
0.3743676946029806
0.3529193134447892
0.3311142384119825
0.3089804847162183
0.2865468336835486
0.2638427821204498
0.2408984898218785
0.2177447253513671
0.1944128102124241
0.1709345615470425
0.1473422334959597
0.1236684573561549
0.0999461806818894
0.07620860547144415
0.05248912558962902
0.02882126357548895
0.005238606985759136
-0.01822525557243147
-0.04153679856790538
-0.06466262367700927
-0.08756952376761129
-0.1102245465824437
-0.1325950579720481
-0.1546488045261825
-0.1763539754559083
-0.197679263580845
-0.2185939252776915
-0.2390678392551928
-0.2590715640156064
-0.2785763938710907
-0.2975544133869568
-0.3159785501264947
-0.3338226255843152
-0.3510614041899963
-0.3676706402780899
-0.3836271229229011
-0.3989087185368353
-0.4134944111462398
-0.42736434025709
-0.4404998362398263
-0.4528834531639215
-0.4644989990126339
-0.4753315632268853
-0.485367541523696
-0.4945946579525
-0.5030019841549752
-0.5105799557954045
-0.5173203861475344
-0.5232164768185392
-0.52826282560899
-0.5324554315102468
-0.5357916968425886
-0.5382704265558858
-0.5398918247084544
-0.5406574881585071
-0.5405703975035268
-0.5396349053036021
-0.537856721642447
-0.5352428970740097
-0.5318018030176374
-0.5275431096671857
-0.522477761481581
-0.5166179503391983
-0.5099770864299847
-0.5025697669752313
-0.4944117428638145
-0.4855198832910657
-0.4759121384989989
-0.4656075007165284
-0.4546259634104634
-0.4429884789526979
-0.4307169148047171
-0.4178340083327373
-0.4043633203622529
-0.3903291875879172
-0.3757566739536523
-0.3606715211180285
-0.3451000981269496
-0.3290693504029316
-0.3126067481654815
-0.2957402343990188
-0.2784981724858895
-0.2609092936238749
-0.24300264413534
-0.2248075327791338
-0.2063534781753222
-0.1876701564507236
-0.1687873492132426
-0.1497348919559993
-0.130542622992596
-0.1112403330214389
-0.09185771541367758
-0.07242431731769759
-0.05296949166672979
-0.03352235017465906
-0.01411171740105389
0.005233914037303266
0.02448642703473549
0.04361812227554637
0.06260175915830823
0.08141059530505591
0.1000184245982967
0.1183996136932792
0.1365291369568087
0.1543826097890705
0.1719363202891273
0.1891672592285452
0.2060531483037235
0.2225724666395771
0.238704475523636
0.2544292413531559
0.2697276567794397
0.2845814600391056
0.2989732524673361
0.3128865141969426
0.3263056180467786
0.3392158416006474
0.3516033774840552
0.3634553418545316
0.3747597811296989
0.3855056769747153
0.3956829495664542
0.405282459158454
0.4142960059792266
0.4227163285049811
0.4305371001432305
0.4377529243575758
0.4443593282706989
0.4503527547916782
0.4557305533209407
0.4604909690804011
0.4646331311102214
0.4681570389805142
0.4710635482716781
0.4733543548818862
0.4750319782164763
0.4760997433116468
0.4765617619509234
0.4764229128290439
0.4756888208203109
0.4743658354096328
0.4724610083466892
0.4699820705867294
0.4669374085717855
0.4633360399084672
0.4591875885008471
0.4545022591987368
0.4492908120235689
0.4435645360237629
0.4373352228123581
0.430615139842603
0.423417003480096
0.4157539519307411
0.4076395180708452
0.3990876022273345
0.3901124449582426
0.3807285998844092
0.3709509066221415
0.3607944638606075
0.3502746026295415
0.3394068597998586
0.3282069518563694
0.316690748982518
0.3048742494946297
0.2927735546623695
0.2804048439499885
0.2677843507117385
0.2549283383747459
0.2418530771352548
0.2285748211935239
0.2151097865533513
0.201474129411919
0.1876839251638502
0.1737551480370123
0.1597036513773019
0.145545148599267
0.1312951948184531
0.1169691691795566
0.1025822578903939
0.08814943797113924
0.07368546172707635
0.05920484195168626
0.04472183786546248
0.03025044179320295
0.01580436658178778
0.001397033759051663
-0.01295843756704105
-0.02724924107106755
-0.04146289283829928
-0.05558724026303105
-0.06961047022295073
-0.08352111653658366
-0.09730806671248966
-0.1109605679992051
-0.1244682327461472
-0.1378210430864721
-0.1510093549539653
-0.1640239014470991
-0.1768557955536394
-0.1894965322498179
-0.2019379899890498
-0.2141724315961637
-0.2261925045844828
-0.2379912409117513
-0.249562056191766
-0.2608987483793753
-0.2719954959467968
-0.2828468555702238
-0.2934477593446937
-0.3037935115455592
-0.3138797849556272
-0.3237026167774756
-0.3332584041518312
-0.3425438992998281
-0.3515562043071691
-0.3602927655694039
-0.3687513679188024
-0.3769301284544302
-0.3848274900923705
-0.3924422148541079
-0.3997733769116534
-0.4068203554080714
-0.4135828270723948
-0.4200607586461594
-0.4262543991390518
-0.4321642719311627
-0.4377911667391473
-0.4431361314649113
-0.4482004639413538
-0.4529857035906032
-0.4574936230102381
-0.4617262195024611
-0.4656857065616152
-0.4693745053335266
-0.4727952360609634
-0.4759507095283775
-0.4788439185181696
-0.4814780292909959
-0.4838563731019107
-0.4859824377661012
-0.4878598592851114
-0.4894924135408764
-0.4908840080660772
-0.4920386739016337
-0.4929605575538126
-0.4936539130594883
-0.4941230941641097
-0.4943725466185918
-0.4944068006034136
-0.494230463288506
-0.4938482115352504
-0.4932647847452049
-0.4924849778622713
-0.4915136345313579
-0.4903556404163136
-0.4890159166813285
-0.4874994136408106
-0.4858111045831851
-0.4839559797692217
-0.4819390406058146
-0.4797652939974668
-0.4774397468781981
-0.474967400927531
-0.4723532474690709
-0.4696022625503891
-0.4667194022045482
-0.4637095978956849
-0.4605777521511246
-0.4573287343766779
-0.4539673768521398
-0.4504984709060246
-0.4469267632697674
-0.4432569526111207
-0.4394936862439814
-0.4356415570119677
-0.4317051003437294
-0.4276887914779603
-0.4235970428560743
-0.4194342016796103
-0.4152045476308822
-0.4109122907537363
-0.4065615694894568
-0.4021564488633628
-0.3977009188201552
-0.3931988927058666
-0.3886542058931284
-0.3840706145458497
-0.3794517945209311
-0.3748013404018958
-0.3701227646596251
-0.3654194969364517
-0.3606948834510947
-0.3559521865217243
-0.3511945842021292
-0.3464251700257732
-0.3416469528540417
-0.3368628568265024
-0.3320757214114129
-0.3272883015503732
-0.322503267891574
-0.3177232071079045
-0.3129506222972571
-0.3081879334617924
-0.3034374780622607
-0.2987015116447076
-0.2939822085358729
-0.2892816626024369
-0.2846018880701633
-0.279944820400045
-0.2753123172189114
-0.2707061593012182
-0.2661280515982443
-0.261579624311919
-0.257062434009582
-0.2525779647756325
-0.2481276293972448
-0.243712770583159
-0.2393346622149363
-0.2349945106253557
-0.23069345589858
-0.226432573189788
-0.2222128740644931
-0.2180353078574749
-0.2139007630464252
-0.2098100686359906
-0.2057639955501166
-0.2017632580324709
-0.1978085150542571
-0.1939003717260442
-0.190039380710601
-0.1862260436349774
-0.1824608125012422
-0.1787440910950153
-0.1750762363894415
-0.1714575599430456
-0.1678883292899516
-0.1643687693206306
-0.1608990636512095
-0.1574793559810698
-0.154109751439155
-0.1507903179177222
-0.1475210873912396
-0.1443020572189832
-0.1411331914308087
-0.1380144219951947
-0.1349456500688266
-0.131926747227866
-0.1289575566812228
-0.1260378944640709
-0.1231675506100135
-0.1203462903015518
-0.1175738549990802
-0.1148499635483003
-0.1121743132655138
-0.1095465810006487
-0.1069664241777116
-0.1044334818121601
-0.1019473755048455
-0.09950771041259443
-0.09711407619571134
-0.09476604794227761
-0.09246318706881947
-0.09020504219714218
-0.08799115000757467
-0.08582103606876385
-0.08369421564412562
-0.08161019447532922
-0.07956846954338764
-0.07756852980690446
-0.07560985691675384
-0.07369192590753244
-0.07181420586683428
-0.06997616058318362
-0.06817724917226263
-0.06641692668136431
-0.06469464467237156
-0.06300985178367137
-0.06136199427124595
-0.05975051652939949
-0.05817486159170397
-0.05663447161247261
-0.05512878832849328
-0.0536572535007278
-0.05221930933752505
-0.05081439890305384
-0.04944196651054653
-0.04810145809220016
-0.04679232153462817
-0.04551400699761261
-0.0442659672485464
-0.04304765800803825
-0.04185853826246111
-0.04069807050811267
-0.0395657209711751
-0.0384609598431857
-0.03738326152929828
-0.03633210487947983
-0.03530697339124053
-0.034307355395684
-0.03333274423385425
-0.03238263842369272
-0.03145654181517655
-0.03055396373325023
-0.02967441910948517
-0.02881742860320625
-0.02798251871238956
-0.0271692218747255
-0.02637707655929668
-0.0256056273490186
-0.02485442501398486
-0.02412302657607491
-0.02341099536543081
-0.02271790106928933
-0.02204331977331237
-0.02138683399545272
-0.02074803271267552
-0.02012651138101248
-0.01952187194929138
-0.01893372286670131
-0.01836167908453558
-0.01780536205229628
-0.0172643997084599
-0.01673842646621113
-0.01622708319436721
-0.01573001719371743
-0.01524688216912201
-0.01477733819741613
-0.01432105169137717
-0.01387769536001138
-0.01344694816540061
-0.01302849527630547
-0.01262202801868949
-0.01222724382331347
-0.01184384617062442
-0.01147154453320075
-0.01111005431590982
-0.01075909679387034
-0.01041839904841487
-0.01008769390115465
-0.009766719846349449
-0.009455220981650062
-0.009152946937502288
-0.008859652805237065
-0.008575099064053933
-0.008299051506938304
-0.008031281165646912
-0.007771564234920327
-0.00751968199597187
-0.007275420739404979
-0.007038571687633392
-0.006808930916936185
-0.006586299279186082
-0.006370482323408561
-0.006161290217201273
-0.005958537668052245
-0.005762043844721941
-0.005571632298677522
-0.005387130885745886
-0.005208371687996897
-0.005035190935878125
-0.00486742893073723
-0.004704929967703602
-0.004547542259043267
-0.004395117857990909
-0.004247512583145172
-0.004104585943469194
-0.003966201063886516
-0.003832224611562865
-0.003702526722838215
-0.003576980930944515
-0.003455464094471079
-0.003337856326611903
-0.003224040925235149
-0.003113904303810598
-0.003007335923144519
-0.002904228224020007
-0.002804476560713027
-0.002707979135417583
-0.00261463693357159
-0.002524353660161185
-0.002437035676996187
-0.002352591940914004
-0.002270933942913402
-0.002191975648249615
-0.002115633437544156
-0.002041826048853895
-0.001970474520757366
-0.001901502136401931
-0.001834834368473506
-0.001770398825214624
-0.001708125197410535
-0.001647945206337393
-0.001589792552710432
-0.001533602866603782
-0.001479313658293981
-0.001426864270107147
-0.001376195829171972
-0.00132725120118146
-0.001279974945050612
-0.001234313268531333
-0.001190213984723856
-0.001147626469546999
-0.001106501620064869
-0.001066791813750953
-0.001028450868621987
-0.0009914340042233884
-0.0009556978034953238
-0.0009212001755117807
-0.0008879003190524674
-0.0008557586870165554
-0.0008247369516080158
-0.00079479797036885
-0.0007659057530015527
-0.0007380254289804978
-0.0007111232159229611
-0.0006851663887247572
-0.0006601232494457377
-0.000635963097902867
-0.0006126562030185343
-0.0005901737748627803
-0.0005684879373751742
-0.0005475717018174515
-0.000527398940854558
-0.0005079443633098266
-0.0004891834895570925
-0.0004710926275095033
-0.0004536488492856693
-0.0004368299685467742
-0.000420614518385668
-0.0004049817296589276
-0.0003899115097339643
-0.0003753844220536338
-0.0003613816670809913
-0.0003478850636410744
-0.000334877028638769
-0.0003223405556583708
-0.0003102591973544202
-0.0002986170575290044
-0.0002873987833723395
-0.0002765895415543894
-0.0002661749814601352
-0.0002561412082643987
-0.000246474782872817
-0.0002371627262491201
-0.0002281925091250671
-0.000219552029377154
-0.000211229591666891
-0.0002032138948316328
-0.0001954940213448508
-0.0001880594258539269
-0.0001808999228064244
-0.0001740056744955337
-0.0001673671798730532
-0.0001609752638004816
-0.0001548210665433156
-0.0001488960335077413
-0.0001431919052716346
-0.0001377007079733952
-0.0001324147439638879
-0.0001273265827515958
-0.0001224290522179374
-0.0001177152300937504
-0.0001131784357050196
-0.0001088122219732251
-0.0001046103676632212
-0.000100566869854109
-9.667593666604223e-05
-9.293198018416456e-05
-8.93296096491913e-05
-8.586362481361372e-05
-8.252900954025949e-05
-7.932092557947895e-05
-7.623470654793897e-05
-7.326585211590458e-05
-7.041002236162522e-05
-6.766303231435699e-05
-6.502084665503662e-05
-6.247957461057263e-05
-6.003546499611413e-05
-5.76849014275104e-05
-5.542439768134931e-05
-5.325059321449659e-05
-5.116024880820764e-05
-4.915024238523326e-05
-4.72175649362433e-05
-4.535931659677715e-05
-4.357270284922645e-05
-4.185503084420129e-05
-4.020370584807571e-05
-3.861622780386912e-05
-3.709018801543e-05
-3.56232659374642e-05
-3.421322606994756e-05
-3.285791495483426e-05
-3.155525829076879e-05
-3.030325810297136e-05
-2.909999007813767e-05
-2.794360090511581e-05
-2.683230577589063e-05
-2.576438592525967e-05
-2.473818629179501e-05
-2.375211322770928e-05
-2.280463229564651e-05
-2.189426615758758e-05
-2.10195925069252e-05
-2.017924210311063e-05
-1.937189683659881e-05
-1.859628790244221e-05
-1.785119399931786e-05
-1.713543962497001e-05
-1.644789340225567e-05
-1.578746647886157e-05
-1.515311098328847e-05
-1.454381852513897e-05
-1.395861875580479e-05
-1.339657797760193e-05
-1.285679779582531e-05
-1.233841383275145e-05
-1.184059447024183e-05
-1.136253965115083e-05
-1.090347971033279e-05
-1.046267426390702e-05
-1.003941111087196e-05
-9.633005215181698e-06
-9.24279767058218e-06
-8.868154751523147e-06
-8.508466968100332e-06
-8.163148175933303e-06
-7.831634695514885e-06
-7.513384476696397e-06
-7.207876295828359e-06
-6.914608967755349e-06
-6.633100597939039e-06
-6.362887873328368e-06
-6.103525349397389e-06
-5.854584782335733e-06
-5.615654482669117e-06
-5.386338691587997e-06
-5.166256974665862e-06
-4.955043659182406e-06
-4.75234725197733e-06
-4.55782991906087e-06
-4.371166971655624e-06
-4.192046343474975e-06
-4.020168135610765e-06
-3.855244147247859e-06
-3.696997433860971e-06
-3.545161856339865e-06
-3.399481698444412e-06
-3.259711252891938e-06
-3.125614433104556e-06
-2.996964416063981e-06
-2.873543278930105e-06
-2.755141662341728e-06
-2.641558440219641e-06
-2.532600398334658e-06
-2.428081939896342e-06
-2.327824778981153e-06
-2.231657672206005e-06
-2.139416138835913e-06
-2.05094219768603e-06
-1.966084121789141e-06
-1.884696191129131e-06
-1.806638453012947e-06
-1.73177651615533e-06
-1.659981317564852e-06
-1.591128924832162e-06
-1.5251003305322e-06
-1.461781267961937e-06
-1.401062015793717e-06
-1.342837225098685e-06
-1.287005749662584e-06
-1.23347048327789e-06
-1.182138197008621e-06
-1.132919391157438e-06
-1.085728144911432e-06
-1.040481976105636e-06
-9.97101717090974e-07
-9.555113679212155e-07
-9.15637976395235e-07
-8.774115275213288e-07
-8.407648138181058e-07
-8.056333340935706e-07
-7.719551817798704e-07
-7.396709453890919e-07
-7.08723607565188e-07
-6.790584489764672e-07
-6.506229620503628e-07
-6.233667569919372e-07
-5.972414814460769e-07
-5.722007407477251e-07
-5.482000146672966e-07
-5.251965898475238e-07
-5.031494818465533e-07
-4.820193704012665e-07
-4.617685276382335e-07
-4.423607647318689e-07
-4.237613514546674e-07
-4.059369771597135e-07
-3.888556893294654e-07
-3.724868309472517e-07
-3.56800999137641e-07
-3.417699834601176e-07
-3.273667303855297e-07
-3.135652881383157e-07
-3.003407662648143e-07
-2.876692883594847e-07
-2.755279554315555e-07
-2.638948081626296e-07
-2.527487813994613e-07
-2.420696777314348e-07
-2.318381273336887e-07
-2.220355488212733e-07
-2.126441282747439e-07
-2.036467857860544e-07
-1.950271358715517e-07
-1.867694746543693e-07
-1.788587370971386e-07
-1.712804823202063e-07
-1.640208667639681e-07
-1.570666073259873e-07
-1.504049804990905e-07
-1.440237780267809e-07
-1.379112989491253e-07
-1.320563275212608e-07
-1.264481089540586e-07
-1.210763352253487e-07
-1.159311194454642e-07
-1.110029930066764e-07
-1.062828710659244e-07
-1.017620452481783e-07
-9.74321676859023e-08
-9.32852425225962e-08
-8.931360799643253e-08
-8.55099147109812e-08
-8.186711139072192e-08
-7.83784505885343e-08
-7.503746322275734e-08
-7.183794718526034e-08
-6.877395499268533e-08
-6.583979032943457e-08
-6.302999881009579e-08
-6.033934029196938e-08
-5.776280675855116e-08
-5.529559816878464e-08
-5.293310662629045e-08
-5.06709244123282e-08
-4.850482523934438e-08
-4.643075271576688e-08
-4.44448288542817e-08
-4.254333094164009e-08
-4.072269624192548e-08
-3.897951025514374e-08
-3.731050118063086e-08
-3.571253619582706e-08
-3.418261088785013e-08
-3.271784664481683e-08
-3.131548913865766e-08
-2.997289373883227e-08
-2.86875331071802e-08
-2.745698350736916e-08
-2.627892411508784e-08
-2.515113058916631e-08
-2.407147339610355e-08
-2.303791272151864e-08
-2.20484864551215e-08
-2.110132895272742e-08
-2.019464794197418e-08
-1.932671849510569e-08
