2.82145007475329e-12
2.134872599649099e-12
1.762723776755078e-12
1.637166374738207e-12
1.725876870207089e-12
2.024627702336956e-12
2.555304210697034e-12
3.364527831572967e-12
4.525849065123878e-12
6.144371343282081e-12
8.363891030882395e-12
1.137714410343981e-11
1.543919029650151e-11
2.088424567395402e-11
2.814825568256292e-11
3.779668004650193e-11
5.055872245184076e-11
6.737368251240117e-11
8.944298908340491e-11
1.18302282270504e-10
1.559041463668721e-10
2.047232093522024e-10
2.678869583365891e-10
3.493317952232097e-10
4.540042521082129e-10
5.880896940821172e-10
7.5931046918359e-10
9.772746425538563e-10
1.253901269356452e-09
1.603940211461809e-09
2.045589397356623e-09
2.601249125971733e-09
3.298411559952612e-09
4.170741704743673e-09
5.259359534153394e-09
6.614368569937623e-09
8.296673558366349e-09
1.038014484276561e-08
1.295416702057124e-08
1.612666212414032e-08
2.002764791322063e-08
2.481342229357546e-08
3.067147805629681e-08
3.782625657329818e-08
4.654586633951613e-08
5.714992281242494e-08
7.001865295378608e-08
8.560346699263088e-08
1.044391853457993e-07
1.271581422302327e-07
1.54506428664899e-07
1.87362513600608e-07
2.267585953343247e-07
2.73905111581348e-07
3.302187648594784e-07
3.973545072976677e-07
4.772419447202695e-07
5.721266980219215e-07
6.846173243575708e-07
8.177384122779363e-07
9.749905833127729e-07
1.160418156522242e-06
1.378685315221469e-06
1.635161699182481e-06
1.936018410278607e-06
2.288335513224388e-06
2.70022219037093e-06
3.180950825510215e-06
3.741106359365264e-06
4.39275239220935e-06
5.149615589821085e-06
6.027290087884175e-06
7.043463684706924e-06
8.218167745658426e-06
9.574052867933267e-06
1.11366924659724e-05
1.293491660390425e-05
1.500117847053628e-05
1.737195601972125e-05
2.008819147727237e-05
2.319577154941719e-05
2.674605127408146e-05
3.07964245857624e-05
3.541094477774074e-05
4.066099816310899e-05
4.662603430156384e-05
5.339435629718851e-05
6.106397468260459e-05
6.974352849595231e-05
7.955327714773054e-05
9.062616669361483e-05
0.000103108974064368
0.0001171635327468235
0.0001329680432616883
0.0001507184716115038
0.0001706300386435394
0.0001929388029183016
0.0002179033393379345
0.0002458065152564813
0.0002769573652251091
0.0003116930648833983
0.0003503810040690451
0.0003934209644507985
0.0004412474197915366
0.0004943319520413903
0.0005531857791502049
0.0006183623943777136
0.0006904603166197251
0.0007701259506814452
0.000858056555826018
0.0009550033202039052
0.001061774538016427
0.001179238885490432
0.001308328790872482
0.001450043892732545
0.001605454579914307
0.001775705605426684
0.001962019765500943
0.002165701633873847
0.002388141340167516
0.00263081837994456
0.002895305442716197
0.003183272242733997
0.003496489336002287
0.003836831905340394
0.004206283493857399
0.004606939665930387
0.005041011579809399
0.005510829468083195
0.006018845992271094
0.006567639440888069
0.007159916743930687
0.007798516275593454
0.008486410415494324
0.009226707837157915
0.01002265549092698
0.01087764024691209
0.01179519016205424
0.01277897533468137
0.01383280832034977
0.01496064418382922
0.01616658019223294
0.01745485500362752
0.01882984721538738
0.02029607329195071
0.02185818490687799
0.0235209656814698
0.02528932725664214
0.02716830466899316
0.02916305099733407
0.03127883126765469
0.03352101559459157
0.03589507152409847
0.03840655557176297
0.04106110392314081
0.04386442229092317
0.04682227491736073
0.04994047269854392
0.05322486044303711
0.05668130324115597
0.06031567195670359
0.06413382784590214
0.06814160629454746
0.07234479970843118
0.07674913954758505
0.08136027753833268
0.08618376608835938
0.09122503791350568
0.09648938493743378
0.1019819364719981
0.1077076367375921
0.1136712217715608
0.1198771957533977
0.1263298068371121
0.1330330225157569
0.1399905046019647
0.1472055838953177
0.1546812345856809
0.162420048511999
0.170424209316527
0.1786954666013578
0.1872351101781007
0.1960439444754418
0.205122263247223
0.2144698246327117
0.22408582669656
0.2339688835538798
0.2441170021522445
0.2545275598682509
0.2651972829749838
0.2761222261198061
0.2872977529236527
0.2987185177729391
0.3103784489688183
0.3222707332833752
0.3343878020611191
0.3467213189713552
0.3592621694730739
0.3720004521539126
0.3849254719735811
0.398025735535267
0.411288948472902
0.424702014996128
0.438251039739924
0.45192133191805
0.4656974118780812
0.4795630201167016
0.4935011287630152
0.5074939556455675
0.5215229809045038
0.5355689662139154
0.5496119766339698
0.5636314050566623
0.5776059993212599
0.5915138919145213
0.6053326322789084
0.6190392217023543
0.6326101507021312
0.6460214389284097
0.6592486774569704
0.6722670734527506
0.6850514971294575
0.6975765308642167
0.7098165204430398
0.7217456282596064
0.7333378884028436
0.744567263512006
0.7554077032137277
0.7658332040737924
0.7758178708424512
0.7853359788832182
0.7943620376243745
0.802870854817092
0.8108376015012969
0.8182378774235688
0.8250477767631416
0.8312439539777272
0.8368036895313805
0.8417049553801733
0.8459264799458608
0.8494478124158711
0.8522493861697338
0.8543125810945617
0.8556197846663228
0.856154451518001
0.8559011613075872
0.8548456746935059
0.8529749872397816
0.8502773811962119
0.8467424748111656
0.8423612687792177
0.8371261896844306
0.8310311308385335
0.8240714912718989
0.8162442115335108
0.8075478038775682
0.7979823768754709
0.7875496574569738
0.7762530130996403
0.7640974709730898
0.7510897309963118
0.7372381728241258
0.7225528589219227
0.707045534662748
0.6907296245233259
0.6736202238583985
0.6557340862373086
0.6370896065341014
0.6177067998838748
0.5976072764393239
0.57681421194861
0.5553523142042899
0.5332477854243612
0.510528280673618
0.4872228623796271
0.4633619510544078
0.4389772723323173
0.4141018004350853
0.3887696982185643
0.3630162539251079
0.3368778148071625
0.3103917177855729
0.2835962173066635
0.2565304105934421
0.2292341604689113
0.2017480159577379
0.1741131308691722
0.1463711805646286
0.1185642771328691
0.09073488318793488
0.06292572451945046
0.03517970182167934
0.007539801728944259
-0.01995099260764749
-0.04724979116983944
-0.07431388671339384
-0.1011008441683881
-0.1275685895652892
-0.1536754982584204
-0.1793804822163257
-0.2046430761553272
-0.2294235222959647
-0.2536828535228556
-0.2773829747439824
-0.300486742237464
-0.3229580407887284
-0.3447618584261822
-0.3658643585683029
-0.3862329494177966
-0.4058363504246382
-0.4246446556614988
-0.4426293939623773
-0.4597635856805301
-0.4760217959481587
-0.4913801843081335
-0.5058165506173931
-0.519310377125574
-0.5318428666337025
-0.5433969766686595
-0.5539574495995638
-0.5635108386516346
-0.572045529777873
-0.5795517593532274
-0.5860216276881355
-0.5914491083422106
-0.5958300532497295
-0.5991621936740354
-0.6014451370127444
-0.6026803595062132
-0.6028711948850723
-0.6020228190205652
-0.6001422306475995
-0.5972382282369807
-0.5933213831205824
-0.5884040089524848
-0.5825001276152277
-0.5756254316858078
-0.567797243579992
-0.5590344715158374
-0.5493575624220765
-0.5387884519412016
-0.5273505116753692
-0.51506849382072
-0.501968473355087
-0.4880777879363746
-0.4734249756865934
-0.4580397110310522
-0.44195273875786
-0.4251958064783835
-0.40780159565963
-0.3898036514114842
-0.3712363112068462
-0.3521346327083235
-0.3325343208846402
-0.3124716545890116
-0.2919834127789138
-0.2711068005510037
-0.2498793751600552
-0.2283389721947469
-0.206523632072975
-0.1844715270219727
-0.1622208887014759
-0.1398099366221978
-0.1172768075117062
-0.09465948577085603
-0.07199573516192861
-0.04932303186292502
-0.02667849901633486
-0.00409884289611731
0.01837970919145136
0.04072146916246397
0.06289134646245784
0.08485490432850376
0.1065784139154435
0.1280289062020036
0.1491742216015955
0.1699830572091657
0.1904250116201352
0.2104706272665938
0.2300914302209154
0.2492599674259779
0.2679498413175194
0.286135741810792
0.303793475635338
0.3208999929999516
0.3374334115786215
0.3533730378158024
0.3686993855581102
0.3833941920304489
0.3974404311688129
0.4108223243322832
0.4235253484229665
0.4355362414477585
0.4468430055657172
0.4574349076616653
0.4673024774962021
0.4764375034860133
0.4848330261714534
0.4924833294386163
0.4993839295566966
0.5055315621007843
0.5109241668323801
0.5155608706111875
0.5194419684192555
0.5225689025752228
0.5249442402261424
0.5265716492014514
0.527455872310187
0.5276027001706212
0.5270189426591741
0.5257123990709346
0.5236918270822541
0.520966910604329
0.5175482266228277
0.5134472111104805
0.5086761241061569
0.5032480140503519
0.4971766814614349
0.4904766420402124
0.4831630892921814
0.475251856762365
0.4667593799670646
0.4577026580960268
0.4480992155634889
0.4379670634915149
0.4273246612121675
0.4161908778632927
0.4045849541423402
0.3925264642863278
0.3800352783500785
0.3671315248563922
0.3538355538805496
0.3401679006217282
0.3261492495166319
0.3118003989539039
0.2971422266475807
0.2821956557180756
0.2669816215212527
0.2515210392681406
0.2358347724773756
0.219943602300941
0.2038681977574222
0.1876290869025684
0.1712466289668703
0.1547409874848657
0.1381321044391925
0.1214396754399896
0.1046831259579591
0.08788158862693189
0.07105388162640552
0.05421848815317199
0.03739353698951584
0.02059678417308634
0.003845595770870386
-0.01284306824382154
-0.02945266901360025
-0.04596710272242472
-0.0623707134306376
-0.07864830482913845
-0.0947851509233975
-0.1107670056590357
-0.1265801115025385
-0.1422112069929601
-0.157647533282652
-0.1728768396853543
-0.1878873882523051
-0.2026679573980142
-0.2172078445973145
-0.2314968681774961
-0.2455253682296793
-0.2592842066651964
-0.27276476644338
-0.2859589499984887
-0.2988591768964143
-0.3114583807472672
-0.323750005400318
-0.3357280004503274
-0.3473868160869389
-0.3587213973206189
-0.3697271776123443
-0.3804000719351982
-0.3907364692978878
-0.4007332247621173
-0.4103876509871403
-0.419697509328768
-0.4286610005217812
-0.4372767549749519
-0.4455438227090114
-0.4534616629687489
-0.4610301335357983
-0.4682494797693736
-0.475120323402777
-0.4816436511228833
-0.4878208029610805
-0.4936534605197777
-0.4991436350595643
-0.5042936554715378
-0.5091061561594408
-0.513584064857359
-0.5177305904031554
-0.5215492104889273
-0.525043659409722
-0.5282179158304902
-0.5310761905924878
-0.5336229145762468
-0.5358627266383312
-0.5378004616391832
-0.5394411385793563
-0.5407899488626753
-0.5418522446981654
-0.5426335276541626
-0.5431394373776889
-0.543375740491353
-0.5433483196809408
-0.5430631629827211
-0.5425263532799985
-0.5417440580181359
-0.5407225191475699
-0.5394680433051442
-0.5379869922380965
-0.5362857734750109
-0.534370831249482
-0.5322486376836985
-0.5299256842397257
-0.527408473438752
-0.5247035108502685
-0.5218172973536636
-0.5187563216742945
-0.5155270531967752
-0.5121359350549763
-0.5085893774992946
-0.5048937515408152
-0.5010553828725028
-0.4970805460682637
-0.4929754590563469
-0.4887462778645041
-0.4843990916347527
-0.4799399179048656
-0.4753746981544346
-0.4707092936114005
-0.4659494813159052
-0.4611009504374183
-0.4561692988403578
-0.4511600298939011
-0.4460785495213119
-0.4409301634860739
-0.4357200749095075
-0.4304533820119053
-0.4251350760703272
-0.4197700395891105
-0.4143630446803468
-0.4089187516484357
-0.4034417077698914
-0.3979363462614018
-0.3924069854312051
-0.3868578280094562
-0.3812929606514362
-0.3757163536067136
-0.3701318605491196
-0.3645432185600705
-0.3589540482580139
-0.3533678540679054
-0.3477880246260269
-0.3422178333156244
-0.3366604389257381
-0.3311188864263761
-0.3255961078542497
-0.3200949233042182
-0.3146180420221493
-0.3091680635919481
-0.3037474792099242
-0.2983586730411302
-0.293003923653973
-0.2876854055295379
-0.2824051906387043
-0.2771652500805883
-0.2719674557776832
-0.2668135822238065
-0.2617053082810782
-0.2566442190206399
-0.2516318076024759
-0.2466694771900746
-0.2417585428960133
-0.236900233754795
-0.2320956947188765
-0.2273459886749092
-0.2226520984765342
-0.2180149289891383
-0.2134353091426789
-0.2089139939901357
-0.2044516667692576
-0.2000489409647141
-0.1957063623677274
-0.1914244111311056
-0.1872035038164531
-0.1830439954305537
-0.1789461814487213
-0.1749102998236061
-0.1709365329779776
-0.1670250097789436
-0.1631758074911783
-0.1593889537075619
-0.1556644282564617
-0.1520021650851623
-0.1484020541169533
-0.14486394307982
-0.1413876393056283
-0.1379729114992961
-0.1346194914771257
-0.1313270758733652
-0.1280953278145917
-0.1249238785611654
-0.1218123291145442
-0.1187602517897227
-0.1157671917525625
-0.1128326685219617
-0.1099561774365282
-0.1071371910852681
-0.1043751607022534
-0.1016695175249017
-0.09901967411533949
-0.09642502564496247
-0.0938849511429227
-0.09139881470948043
-0.08896596669329143
-0.08658574483181496
-0.08425747535510643
-0.0819804740543921
-0.07975404731648299
-0.07757749312345723
-0.07545010201713442
-0.07337115802884144
-0.07133993957561732
-0.06935572032363763
-0.06741777001898669
-0.06552535528571211
-0.06367774039180764
-0.06187418798399431
-0.0601139597921307
-0.05839631730355827
-0.05672052240789273
-0.05508583801288822
-0.05349152863174024
-0.05193686094227599
-0.05042110431894734
-0.0489435313387763
-0.04750341826179635
-0.04610004548617537
-0.04473269797855953
-0.04340066568038779
-0.04210324389077069
-0.04083973362661223
-0.03960944196088569
-0.03841168233995158
-0.03724577488022765
-0.03611104664455167
-0.03500683189883696
-0.03393247234991553
-0.03288731736525076
-0.031870724175055
-0.03088205805748612
-0.02992069250748072
-0.02898600938975055
-0.02807739907645877
-0.02719426057022633
-0.02633600161310411
-0.02550203878210341
-0.02469179757164197
-0.02390471246344883
-0.02314022698449309
-0.02239779375345435
-0.02167687451625837
-0.02097694017122868
-0.02029747078445864
-0.01963795559567431
-0.01899789301485267
-0.01837679061006797
-0.0177741650872005
-0.01718954226209037
-0.0166224570253822
-0.01607245330036063
-0.01553908399422028
-0.01502191094307534
-0.01452050485118442
-0.01403444522467008
-0.01356332030018583
-0.01310672696882927
-0.01266427069551091
-0.01223556543389279
-0.01182023353751696
-0.01141790566811767
-0.01102822070125558
-0.01065082562755656
-0.01028537544733183
-0.009931533062802549
-0.00958896917513709
-0.00925736218516995
-0.008936398088298141
-0.008625770356210288
-0.008325179815377335
-0.008034334530826763
-0.007752949694502627
-0.007480747511909379
-0.007217457084827325
-0.006962814292693408
-0.006716561674135952
-0.006478448308838681
-0.006248229699238823
-0.006025667652046986
-0.005810530159861274
-0.005602591283014149
-0.005401631031818805
-0.00520743524927431
-0.005019795494370397
-0.004838508926028348
-0.004663378187760732
-0.004494211293103015
-0.004330821511972
-0.004173027258030385
-0.004020651977114717
-0.003873524036709472
-0.003731476616568075
-0.0035943476005267
-0.003461979469596205
-0.003334219196337866
-0.003210918140593886
-0.003091931946577151
-0.002977120441357632
-0.002866347534819578
-0.00275948112105399
-0.002656392981263518
-0.002556958688177938
-0.002461057511982988
-0.002368572327808773
-0.002279389524741888
-0.002193398916404904
-0.002110493653128894
-0.002030570135710458
-0.001953527930698398
-0.001879269687304071
-0.001807701055880127
-0.001738730607988228
-0.001672269758061295
-0.001608232686601871
-0.001546536264960291
-0.001487099981674639
-0.001429845870330289
-0.001374698438967265
-0.001321584601024473
-0.001270433607779256
-0.001221176982292214
-0.001173748454835124
-0.001128083899769393
-0.001084121273889841
-0.001041800556197504
-0.001001063689081699
-0.0009618545209026681
-0.0009241187499448137
-0.0008878038697540809
-0.0008528591157798585
-0.0008192354133586654
-0.0007868853269771941
-0.000755763010827375
-0.00072582416060859
-0.0006970259665633844
-0.0006693270677543559
-0.0006426875074891855
-0.0006170686899374503
-0.0005924333379165545
-0.0005687454517626338
-0.0005459702693395495
-0.0005240742271085558
-0.0005030249222836157
-0.0004827910759953606
-0.0004633424975140475
-0.0004446500494226732
-0.0004266856138148056
-0.00040942205940949
-0.0003928332096127159
-0.0003768938115108461
-0.0003615795057097533
-0.0003468667971086412
-0.0003327330264577294
-0.0003191563428051854
-0.0003061156767091378
-0.000293590714280516
-0.0002815618719857264
-0.000270010272192432
-0.0002589177194715852
-0.0002482666776001467
-0.0002380402472669346
-0.0002282221444582908
-0.0002187966795227174
-0.0002097487368580143
-0.0002010637552429542
-0.000192727708786612
-0.000184727088456293
-0.0001770488842165232
-0.0001696805676833101
-0.0001626100753862326
-0.0001558257925205734
-0.0001493165372420777
-0.0001430715454611601
-0.0001370804561232278
-0.0001313332969776148
-0.0001258204707988848
-0.0001205327420605281
-0.0001154612240533313
-0.0001105973664214243
-0.0001059329431086334
-0.0001014600407144311
-9.717104722425853e-05
-9.305864113396279e-05
-8.911578092287667e-05
-8.533569489719714e-05
-8.171187135708519e-05
-7.823804911356962e-05
-7.490820832870243e-05
-7.171656165867432e-05
-6.865754570945614e-05
-6.57258127767967e-05
-6.291622289628276e-05
-6.022383611874531e-05
-5.76439051024117e-05
-5.517186794920265e-05
-5.280334127571096e-05
-5.053411355322913e-05
-4.836013864646664e-05
-4.627752962974158e-05
-4.428255278559055e-05
-4.237162180774844e-05
-4.054129224903891e-05
-3.878825612997732e-05
-3.710933677800114e-05
-3.550148381925451e-05
-3.396176836258215e-05
-3.248737833265919e-05
-3.107561399897553e-05
-2.972388371719968e-05
-2.842969985680416e-05
-2.719067465051862e-05
-2.600451610812838e-05
-2.48690243104542e-05
-2.378208858551344e-05
-2.274168478344623e-05
-2.174587133303295e-05
-2.07927844060509e-05
-1.98806339446839e-05
-1.90077019224608e-05
-1.817234093887074e-05
-1.737297177128262e-05
-1.660808003823304e-05
-1.587621312059296e-05
-1.517597775941456e-05
-1.450603784605775e-05
-1.386511221187473e-05
-1.325197242309964e-05
-1.266544064969364e-05
-1.210438764855323e-05
-1.156773084230327e-05
-1.105443244621952e-05
-1.056349766521624e-05
-1.009397298658306e-05
-9.644944512941598e-06
-9.215536368108273e-06
-8.804909163197163e-06
-8.412258517943992e-06
-8.036813655091125e-06
-7.677836037099856e-06
-7.334618052526702e-06
-7.006481759420363e-06
-6.692777681884411e-06
-6.392883645984431e-06
-6.106203667919286e-06
-5.83216688603891e-06
-5.570226521984428e-06
-5.319858906713748e-06
-5.080562511535053e-06
-4.851857056624666e-06
-4.633282626851373e-06
-4.424398831215287e-06
-4.224783995603465e-06
-4.034034407404327e-06
-3.851763537700714e-06
-3.677601350969613e-06
-3.511193621743627e-06
-3.352201256390704e-06
-3.200299683417583e-06
-3.055178241071167e-06
-2.916539589780411e-06
-2.784099166118017e-06
-2.657584636727453e-06
-2.536735392264625e-06
-2.421302055431867e-06
-2.311045998889399e-06
-2.205738912853692e-06
-2.105162348727802e-06
-2.009107314699534e-06
-1.917373863185652e-06
-1.82977073318488e-06
-1.746114961267949e-06
-1.66623152745583e-06
-1.589953030608513e-06
-1.517119364779631e-06
-1.44757739505101e-06
-1.38118067168516e-06
-1.317789141296029e-06
-1.257268868046053e-06
-1.199491795473066e-06
-1.144335454514522e-06
-1.091682759471289e-06
-1.041421764545445e-06
-9.934454364081883e-07
-9.476514555759152e-07
-9.039420023691665e-07
-8.622235649442242e-07
-8.224067535727524e-07
-7.84406125814164e-07
-7.481400180225667e-07
-7.135303684690743e-07
-6.80502576225489e-07
-6.489853491875639e-07
-6.189105506507351e-07
-5.902130714766789e-07
-5.628306926394668e-07
-5.367039607739593e-07
-5.117760719761307e-07
-4.879927514240544e-07
-4.653021321746952e-07
-4.436546785506006e-07
-4.230030585022057e-07
-4.033020484370538e-07
-3.845084612983697e-07
-3.665810308830632e-07
-3.494803471367656e-07
-3.331687548276017e-07
-3.176103006898318e-07
-3.027706414249653e-07
-2.886169788619956e-07
-2.75117987222474e-07
-2.622437534468102e-07
-2.499657132441348e-07
-2.382565909801582e-07
-2.27090338193652e-07
-2.164420803380882e-07
-2.062880733771838e-07
-1.966056428080049e-07
-1.873731382897724e-07
-1.785698915084969e-07
-1.701761748760942e-07
-1.621731498037608e-07
-1.545428375122969e-07
-1.472680683272561e-07
-1.403324658956518e-07
-1.337203935849148e-07
-1.27416917784688e-07
-1.214077972751974e-07
-1.156794315385948e-07
-1.102188483840973e-07
-1.050136657872228e-07
-1.000520561742652e-07
-9.532274498416911e-08
-9.081497098003491e-08
-8.651845982758909e-08
-8.242341170341294e-08
-7.85204804270419e-08
-7.48007404095641e-08
-7.125568280447318e-08
-6.787718432464573e-08
-6.465749746896847e-08
-6.158922933247655e-08
-5.866532551333528e-08
-5.587906850287514e-08
-5.322403564556159e-08
-5.069411236970503e-08
-4.828345558875397e-08
-4.598649860895787e-08
-4.379792064818164e-08
-4.171266008282522e-08
-3.972588188425923e-08
-3.783298138665263e-08
-3.602956259320372e-08
-3.431143082854571e-08
-3.267459118270345e-08
-3.111523206747838e-08
-2.962971732150602e-08
-2.821458416460833e-08
-2.686652454310416e-08
-2.558238854641916e-08
-2.435917176401843e-08
-2.319401116416906e-08
-2.208417241099677e-08
-2.102705226422072e-08
-2.002016565804198e-08
-1.90611422459401e-08
-1.814772614607734e-08
-1.727776382782445e-08
-1.644921067789683e-08
-1.56601093613797e-08
-1.490860349724121e-08
-1.419290882847024e-08
-1.351133416874538e-08
-1.28622624323366e-08
-1.224416179547416e-08
-1.165556030124583e-08
-1.109506770722954e-08
-1.056134788003676e-08
-1.005313325663382e-08
-9.569212526974162e-09
-9.108434751690094e-09
-8.669701595456497e-09
-8.251964000410264e-09
-7.854225976440834e-09
-7.475536752210379e-09
-7.114993762658873e-09
-6.771729949670066e-09
-6.444921460168203e-09
-6.133785651650685e-09
-5.8375758273643e-09
-5.55558365038718e-09
-5.287130325574682e-09
-5.031569628923774e-09
-4.788287223784576e-09
-4.556697973777906e-09
-4.336242977266922e-09
-4.126393120658996e-09
-3.9266447025969e-09
-3.736507762344901e-09
-3.555528217280897e-09
-3.383263017168978e-09
-3.219297370207008e-09
-3.063233388025744e-09
-2.914694059945086e-09
-2.77331906149611e-09
-2.638758032727414e-09
-2.510692275958661e-09
-2.38880340722799e-09
-2.272800465351648e-09
-2.162401735406867e-09
-2.05733361244164e-09
-1.9573458020625e-09
-1.862191129306697e-09
-1.771641215378053e-09
-1.685473156364662e-09
-1.603471905357405e-09
-1.525441480097304e-09
-1.451188477877918e-09
-1.380532599774657e-09
-1.313300698614317e-09
-1.249327544236751e-09
-1.188451824344135e-09
-1.130528851320527e-09
-1.075416197779611e-09
-1.02297760176485e-09
-9.730855417353804e-10
-9.256107934031768e-10
-8.804384704994084e-10
-8.374605895598342e-10
-7.965664768760419e-10
-7.576661921778336e-10
-7.206587843514261e-10
-6.854553375828008e-10
-6.519627842874972e-10
-6.20101897155817e-10
-5.897877070492886e-10
-5.609456868766276e-10
-5.335069321280131e-10
-5.074020407288491e-10
-4.825687972740313e-10
-4.589457880432125e-10
-4.364752381503464e-10
-4.150986725242144e-10
-3.947702202090745e-10
-3.754317011626624e-10
-3.570350792810995e-10
