-6.990157850868239e-11
-7.464825091553252e-11
-8.652731418390684e-11
-1.062249538319447e-10
-1.350735915083575e-10
-1.751014836490451e-10
-2.291329303519948e-10
-3.009310121477212e-10
-3.953981564478447e-10
-5.188329462835657e-10
-6.792597914211127e-10
-8.868348791089309e-10
-1.154351251803602e-09
-1.497852724574307e-09
-1.93738681237976e-09
-2.497913689504944e-09
-3.210409491553262e-09
-4.113189651782665e-09
-5.253506903609094e-09
-6.689455819708405e-09
-8.492258810505067e-09
-1.074897856083423e-08
-1.356575048614841e-08
-1.707161427851868e-08
-2.142304172673628e-08
-2.680928855838008e-08
-3.345869365329586e-08
-4.164609041193616e-08
-5.170148667630259e-08
-6.402022933401234e-08
-7.907487460678577e-08
-9.742902122089897e-08
-1.197534117406151e-07
-1.468446259004535e-07
-1.796467489492179e-07
-2.192764375351495e-07
-2.67051866553132e-07
-3.245260922428414e-07
-3.935254259855406e-07
-4.761935005478931e-07
-5.75041754628805e-07
-6.930071715463098e-07
-8.335181618526896e-07
-1.00056958294099e-06
-1.198807969143883e-06
-1.433628126091306e-06
-1.71128234005795e-06
-2.039003512707302e-06
-2.425143606513975e-06
-2.879328842355813e-06
-3.412633098465904e-06
-4.037771031806668e-06
-4.769313105593499e-06
-5.623926533274711e-06
-6.620643797842612e-06
-7.781160751101853e-06
-9.130166893009175e-06
-1.069571064388531e-05
-1.250960256500624e-05
-1.460785967939746e-05
-1.703119419034599e-05
-1.982555008487417e-05
-2.304269127543663e-05
-2.674084508354046e-05
-3.098540508544719e-05
-3.58496974347032e-05
-4.14158150031586e-05
-4.777552378870838e-05
-5.503124620119959e-05
-6.329712597490419e-05
-7.270017956884554e-05
-8.338153904139681e-05
-9.549779146184293e-05
-0.0001092224200192711
-0.0001247473520297403
-0.0001422846190714473
-0.0001620681344882492
-0.0001843555932075929
-0.0002094304982161456
-0.0002376043188148733
-0.0002692187854328925
-0.0003046483254015729
-0.0003443026437242102
-0.0003886294524826766
-0.0004381173520329062
-0.0004932988665698578
-0.0005547536359315578
-0.0006231117647406916
-0.0006990573290103716
-0.0007833320392952488
-0.0008767390581865825
-0.0009801469685767014
-0.001094493887458225
-0.001220791718224841
-0.001360130532349354
-0.001513683069009416
-0.001682709338595273
-0.001868561313152313
-0.002072687683523945
-0.002296638659408586
-0.002542070784764636
-0.002810751740153743
-0.003104565147520009
-0.003425515492849601
-0.003775733076619216
-0.004157478930723932
-0.004573149675152319
-0.005025282288602896
-0.005516558765764719
-0.006049810632293973
-0.006628023286904197
-0.007254340138314668
-0.00793206650320363
-0.008664673229703558
-0.009455800009424732
-0.01030925833944855
-0.01122903409426122
-0.0122192896661283
-0.01328436563102103
-0.01442878189585602
-0.01565723828148912
-0.01697461449469181
-0.0183859694411219
-0.01989653983019918
-0.02151173802173535
-0.0232371490633794
-0.02507852686959385
-0.02704178952806691
-0.02913301379027146
-0.03135842864340471
-0.03372440788992309
-0.03623746169035957
-0.03890422702790868
-0.04173145705436636
-0.04472600927806609
-0.04789483255561422
-0.05124495285061254
-0.05478345772422372
-0.05851747952800272
-0.06245417732532787
-0.06660071802830024
-0.07096425689135526
-0.07555191683324301
-0.08037076614910414
-0.08542779488124828
-0.09072989016688728
-0.09628381064277955
-0.1020961597983796
-0.108173358321531
-0.1145216154640538
-0.1211468995432506
-0.1280549076528189
-0.1352510346045492
-0.1427403412373706
-0.1505275221197009
-0.1586168727774563
-0.1670122565507424
-0.1757170711353734
-0.1847342149909968
-0.1940660536604235
-0.203714386165865
-0.2136804116131991
-0.2239646960813176
-0.2345671400140416
-0.2454869461718292
-0.2567225883358004
-0.2682717809141895
-0.280131449537934
-0.2922977028859744
-0.304765805799278
-0.31753015389009
-0.330584249802
-0.3439206812049006
-0.3575311007765231
-0.3714062082136172
-0.3855357344726484
-0.3999084283838249
-0.4145120457065898
-0.4293333408725394
-0.4443580614255999
-0.4595709453362594
-0.4749557213042955
-0.4904951120811108
-0.5061708410272556
-0.5219636418699967
-0.5378532718039297
-0.5538185280035502
-0.5698372675211149
-0.5858864307351173
-0.601942068256847
-0.6179793713871227
-0.633972706132525
-0.6498956506887531
-0.6657210364972893
-0.681420992712657
-0.6969669941049681
-0.712329912338587
-0.727480070467745
-0.7423873006915364
-0.7570210051304481
-0.7713502195747151
-0.7853436800751116
-0.7989698921541407
-0.8121972026172849
-0.8249938736557813
-0.8373281591235937
-0.8491683827952228
-0.8604830183219608
-0.8712407708016526
-0.8814106596037466
-0.8909621022826958
-0.8998649993368663
-0.9080898194848678
-0.9156076853271917
-0.9223904590024451
-0.928410827637578
-0.9336423883197646
-0.9380597322365815
-0.9416385278189691
-0.9443556024961421
-0.9461890228572971
-0.9471181729434315
-0.9471238303158365
-0.9461882397312043
-0.9442951840548413
-0.9414300522195297
-0.9375799039755069
-0.9327335311137217
-0.9268815150176705
-0.9200162802210911
-0.9121321438104796
-0.9032253604658557
-0.8932941628894383
-0.8823387975293303
-0.8703615553433095
-0.8573667974976866
-0.8433609758639663
-0.8283526481450266
-0.8123524876015786
-0.7953732872174017
-0.7774299582733015
-0.7585395232778894
-0.7387211031878265
-0.7179958989725213
-0.696387167453399
-0.6739201914513503
-0.6506222442869795
-0.6265225487047867
-0.6016522303965011
-0.5760442660891051
-0.5497334261636113
-0.5227562119887942
-0.4951507884992363
-0.4669569126832899
-0.4382158573070251
-0.4089703288248939
-0.3792643800906414
-0.3491433198973366
-0.3186536207038306
-0.2878428229183571
-0.2567594347286095
-0.2254528281145241
-0.1939731323628963
-0.1623711256295049
-0.1306981244389702
-0.0990058712762685
-0.06734642061835135
-0.03577202378547632
-0.004335012943605637
0.02691231543943704
0.05791781735975741
0.0886296179372518
0.1189962276419915
0.1489666577682497
0.1784905348338097
0.2075182135901301
0.2360008883332158
0.2638907022055575
0.2911408542005794
0.3177057035707097
0.3435408713638196
0.3686033388180462
0.3928515423458431
0.4162454648710034
0.4387467232686855
0.4603186516950042
0.4809263805969215
0.5005369111924493
0.5191191852529816
0.5366441500060419
0.5530848180210945
0.5684163219437866
0.582615963943025
0.5956632597829694
0.6075399774165972
0.6182301700445383
0.627720203586178
0.6359987785120457
0.643056946036612
0.6488881186476072
0.6534880749943323
0.656854959163632
0.6589892743780972
0.6598938711978132
0.6595739302789694
0.6580369397852457
0.6552926675562236
0.6513531281449236
0.6462325448785278
0.63994730706279
0.6325159224906935
0.6239589654223238
0.6142990202072739
0.603560620754733
0.5917701860317458
0.5789559518057449
0.5651478988445295
0.550377677782887
0.5346785308948414
0.5180852109919668
0.500633897693038
0.4823621113059097
0.4633086245596535
0.4435133724455878
0.4230173604031127
0.4018625711044573
0.3800918700872801
0.3577489104793771
0.33487803707158
0.3115241899745598
0.2877328081047401
0.2635497327383348
0.2390211113670717
0.2141933020924152
0.1891127787756387
0.1638260371643157
0.1383795022081753
0.1128194367693823
0.08719185192904567
0.06154241907776777
0.03591638397453608
0.01035848294755954
-0.01508713859840168
-0.04037700521086361
-0.06546838780744531
-0.09031937734519943
-0.1148889556147106
-0.1391370630404115
-0.1630246633801531
-0.1865138052251127
-0.2095676802138785
-0.2321506778841396
-0.2542284370928736
-0.2757678939507173
-0.2967373262209514
-0.3171063941484429
-0.3368461776920613
-0.3559292101404254
-0.3743295081071819
-0.3920225979035264
-0.4089855383023175
-0.4251969397137237
-0.4406369797966533
-0.4552874155466659
-0.469131591900261
-0.4821544469102079
-0.4943425135516046
-0.5056839182225477
-0.5161683760187692
-0.5257871828560152
-0.5345332045304607
-0.5424008628083203
-0.5493861186337182
-0.5554864525573004
-0.5607008424889895
-0.5650297388927472
-0.5684750375364648
-0.571040049904729
-0.572729471396763
-0.5735493474262057
-0.5735070375488233
-0.5726111777430096
-0.5708716409683559
-0.5682994961385686
-0.5649069656261638
-0.5607073814235451
-0.5557151400879616
-0.5499456566008898
-0.5434153172777855
-0.5361414318435748
-0.5281421847962872
-0.51943658618092
-0.5100444218932549
-0.4999862036368719
-0.4892831186435872
-0.4779569792715695
-0.4660301725911252
-0.4535256100642048
-0.4404666774264268
-0.4268771848666613
-0.4127813176018936
-0.3982035869405183
-0.3831687819217414
-0.3677019216192152
-0.3518282081881118
-0.3355729807364274
-0.3189616700932194
-0.3020197545390963
-0.2847727165649805
-0.2672460007186039
-0.2494649725967957
-0.2314548790353988
-0.213240809543711
-0.1948476590287179
-0.1763000918464056
-0.157622507216351
-0.1388390060301293
-0.1199733590786822
-0.101048976721788
-0.08208888001961769
-0.06311567334347745
-0.04415151847585434
-0.02521811020547877
-0.006336653422005873
0.01247215828757011
0.03118816254298495
0.04979174658210393
0.06826386418873064
0.08658605114750005
0.1047404392398261
0.1227097687996775
0.1404773998500929
0.1580273218410906
0.1753441620115581
0.1924131924019128
0.2092203355491378
0.2257521688956236
0.2419959279412096
0.2579395081706199
0.27357146579182
0.2888810173243486
0.3038580380758622
0.3184930595438838
0.3327772657837914
0.3467024887818869
0.3602612028740199
0.3734465182512248
0.3862521735957838
0.3986725278941683
0.4107025514660568
0.4223378162502832
0.4335744853902291
0.4444093021633281
0.4548395783018695
0.4648631817430037
0.47447852384643
0.4836845461209185
0.4924807065046826
0.5008669652467038
0.5088437704228356
0.5164120431216964
0.5235731623383694
0.5303289496157403
0.5366816534732637
0.5426339336563587
0.5481888452428821
0.5533498226404766
0.5581206635044583
0.5625055126083193
0.566508845696434
0.5701354533490375
0.5733904248878777
0.5762791323508724
0.5788072145672462
0.5809805613520732
0.5828052978394785
0.5842877689766219
0.5854345242041993
0.5862523023490664
0.5867480167423788
0.5869287405773838
0.5868016925232744
0.5863742226135066
0.5856537984271618
0.5846479915720977
0.5833644644804198
0.5818109575270028
0.5799952764823083
0.5779252803113774
0.5756088693237922
0.5730539736807607
0.5702685422652001
0.5672605319202334
0.5640378970624388
0.5606085796707866
0.5569804996533879
0.5531615455936212
0.5491595658771068
0.5449823602023346
0.5406376714714516
0.5361331780594921
0.5314764864600463
0.5266751243047558
0.5217365337549928
0.5166680652604587
0.5114769716797508
0.5061704027584584
0.5007553999605455
0.4952388916502177
0.4896276886154539
0.4839284799263209
0.4781478291214771
0.4722921707155875
0.4663678070220558
0.460380905281703
0.4543374950894163
0.4482434661108092
0.4421045660814343
0.4359263990825564
0.4297144240825495
0.4234739537337758
0.4172101534164971
0.4109280405229071
0.4046324839750449
0.3983282039652032
0.3920197719090838
0.3857116106028243
0.3794079945755423
0.3731130506293734
0.3668307585576463
0.3605649520325718
0.3543193196539504
0.3480974061509665
0.341902613730153
0.3357382035598475
0.3296072973826631
0.3235128792482158
0.317457797358165
0.3114447660166281
0.3054763676779102
0.2995550550847383
0.2936831534897735
0.2878628629530748
0.2820962607089827
0.2763853035957997
0.270731830543313
0.265137565111834
0.2596041180749998
0.2541329900398642
0.2487255740996091
0.2433831585153571
0.2381069294217517
0.2328979735496293
0.2277572809603574
0.2226857477880547
0.2176841789862245
0.2127532910746575
0.2078937148821437
0.2031059982818155
0.198390608914677
0.193747936897419
0.1891782975112985
0.1846819338698036
0.1802590195630284
0.1759096612752283
0.1716339013724704
0.1674317204581369
0.1633030398945901
0.1592477242896523
0.1552655839452004
0.1513563772654664
0.1475198131235608
0.1437555531854992
0.1400632141914145
0.1364423701916354
0.1328925547360931
0.1294132630160834
0.1260039539581209
0.1226640522695377
0.1193929504349198
0.1161900106626933
0.1130545667815469
0.1099859260864835
0.1069833711344467
0.1040461614893008
0.1011735354164996
0.09836471152744464
0.09561889037314589
0.09293525598712964
0.09031297737823192
0.08775120997389588
0.08524909701437726
0.08280577089824907
0.08042035447994875
0.0780919623195903
0.07581970188540953
0.07360267470950552
0.07143997749781704
0.06933070319528106
0.06727394200666305
0.06526878237351974
0.06331431190826413
0.0614096182863089
0.0595537900977025
0.05774591765849436
0.05598509378252588
0.05427041451452393
0.05260097982558799
0.05097589427213109
0.04939426761909248
0.0478552154285784
0.04635785961474066
0.04490132896574446
0.04348475963355778
0.04210729559269409
0.04076808906893875
0.03946630093895278
0.03820110110163771
0.03697166882224293
0.03577719304997273
0.03461687270994136
0.03348991697034541
0.03239554548603137
0.03133298861956294
0.03030148764035304
0.02930029490227019
0.02832867400068774
0.02738589991009872
0.02647125910337015
0.02558404965315418
0.0247235813159035
0.02388917559931337
0.02308016581415516
0.02229589711136033
0.02153572650490179
0.02079902288102735
0.02008516699450004
0.01939355145268896
0.01872358068816172
0.01807467092035978
0.01744625010691154
0.01683775788517988
0.01624864550455546
0.01567837574996176
0.01512642285725943
0.01459227242112764
0.01407542129600352
0.01357537749031714
0.0130916600545449
0.01262379896348092
0.01217133499324885
0.01173381959335045
0.0113108147543717
0.01090189287169846
0.01050663660555397
0.01012463873763825
0.009755502024673993
0.009398839049314751
0.009054272068668318
0.008721432860810237
0.008399962569502772
0.008089511547425094
0.007789739198187015
0.007500313817263329
0.007220912432219477
0.006951220642384132
0.006690932458224565
0.006439750140599229
0.006197384040051073
0.005963552436318187
0.005737981378284612
0.005520404524511639
0.005310562984492983
0.00510820516083887
0.004913086592472357
0.00472496979888426
0.00454362412559828
0.004368825591004638
0.004200356734673811
0.004038006467238094
0.003881569921888894
0.003730848307569224
0.003585648763938117
0.003445784218181869
0.003311073243732896
0.003181339920960948
0.003056413699894824
0.00293612926497522
0.002820326401845183
0.002708849866260455
0.002601549255387291
0.002498278881341335
0.002398897646686555
0.002303268921266287
0.002211260421297951
0.002122744092340343
0.002037595995736154
0.001955696196423783
0.00187692865042556
0.001801181094232764
0.001728344937901221
0.001658315161575134
0.00159099021407506
0.001526271913002343
0.001464065346845218
0.001404278779427215
0.001346823556637802
0.001291614015294846
0.0012385673940984
0.001187603746691418
0.001138645856771077
0.001091619155299533
0.001046451639708262
0.001003073795150957
0.000961418517692621
0.0009214210394754585
0.0008830188557642044
0.0008461516538937893
0.0008107612440976926
0.0007767914921364559
0.0007441882537570933
0.0007128993108535652
0.0006828743094203475
0.0006540646991666462
0.0006264236748218562
0.0005999061190549548
0.0005744685470058463
0.0005500690523925104
0.0005266672551414401
0.0005042242505426115
0.0004827025598617607
0.000462066082392437
0.0004422800489326266
0.0004233109766310344
0.0004051266251554743
0.0003876959542109132
0.0003709890823138295
0.0003549772468385591
0.0003396327652657557
0.0003249289976467484
0.0003108403102035711
0.0002973420400903474
0.0002844104612262843
0.0002720227512422333
0.0002601569594489682
0.0002487919758316177
0.0002379075010460585
0.0002274840173736928
0.0002175027606055516
0.0002079456928785792
0.0001987954763531061
0.0001900354478010612
0.0001816495939979381
0.0001736225279679104
0.0001659394659720505
0.0001585862053218196
0.0001515491029107942
0.0001448150544712702
0.0001383714745473322
0.0001322062771509783
0.0001263078570834135
0.0001206650718848531
0.0001152672244234048
0.0001101040460741622
0.0001051656805206831
0.0001004426680745057
9.592593058878497e-05
9.160675687849032e-05
8.747678865475808e-05
8.352800699364663e-05
7.975271924590757e-05
7.614354644451945e-05
7.269341116197536e-05
6.939552578412854e-05
6.624338124713694e-05
6.323073614351743e-05
6.035160625775603e-05
5.760025446699542e-05
5.497118102972806e-05
5.245911420891485e-05
5.00590012710444e-05
4.776599978544651e-05
4.557546929003787e-05
4.348296322714404e-05
4.148422120554691e-05
3.957516154423271e-05
3.775187411474979e-05
3.601061342583632e-05
3.434779199824063e-05
3.27599739678653e-05
3.12438689524626e-05
2.979632615214103e-05
2.841432866732249e-05
2.709498802599012e-05
2.583553895048331e-05
2.463333430603808e-05
2.348584025546905e-05
2.239063159368461e-05
2.134538727649454e-05
2.034788611261796e-05
1.939600264251275e-05
1.848770314352368e-05
1.762104184276885e-05
1.679415724234356e-05
1.600526859791111e-05
1.525267255481458e-05
1.45347398928329e-05
1.384991242186038e-05
1.319669998688387e-05
1.257367760982337e-05
1.197948272772161e-05
1.141281255939538e-05
1.08724215770701e-05
1.035711905373932e-05
9.865766754153957e-06
9.397276684433614e-06
8.950608953002805e-06
8.524769708541934e-06
8.118809170356092e-06
7.731819733263879e-06
7.362934155930896e-06
7.011323826360509e-06
6.676197080515597e-06
6.356797622926604e-06
6.05240298561822e-06
5.762323053232193e-06
5.485898679527426e-06
5.222500317551383e-06
4.971526733648806e-06
4.732403774327909e-06
4.504583189331042e-06
4.287541483131441e-06
4.08077884048312e-06
3.883818075078817e-06
3.696203641301774e-06
3.517500680042846e-06
3.347294093199542e-06
3.185187681963745e-06
3.030803312869179e-06
2.883780117243249e-06
2.743773717011227e-06
2.610455462631271e-06
2.483511738884201e-06
2.362643356131591e-06
2.247564991833293e-06
2.13800451001608e-06
2.033702203821447e-06
1.934410145365603e-06
1.839891789085898e-06
1.749921576877943e-06
1.664284481453993e-06
1.582775465341214e-06
1.505198985495935e-06
1.431368550841532e-06
1.361106342752166e-06
1.294242828707605e-06
1.230616363197055e-06
1.170072846329843e-06
1.112465363046118e-06
1.057653874812064e-06
1.005504890781288e-06
9.558911690809453e-07
9.086914383908573e-07
8.637901225683252e-07
8.210770770984087e-07
7.804473283223546e-07
7.418008592819196e-07
7.050423570948588e-07
6.700810120292289e-07
6.368303077966748e-07
6.052078121065809e-07
5.7513499950628e-07
5.465370686631116e-07
5.193427573047436e-07
4.934842057164625e-07
4.688967592523887e-07
4.455188415332332e-07
4.232918194104869e-07
4.021598487953045e-07
3.820697501667946e-07
3.629708878037466e-07
3.448150390866909e-07
3.275562971672644e-07
3.111509530652275e-07
2.955573875266854e-07
2.80735982314909e-07
2.666490204482231e-07
2.532606084393322e-07
2.405365643216052e-07
2.284443613606166e-07
2.169530390361259e-07
2.060331302617996e-07
1.95656587393791e-07
1.857967326281873e-07
1.76428163458175e-07
1.675267201621022e-07
1.590694062366864e-07
1.510343370597424e-07
1.434007003708032e-07
1.361486916355598e-07
1.292594682943372e-07
1.227151041724532e-07
1.164985480648809e-07
1.105935706163309e-07
1.049847500050793e-07
9.965741078539752e-08
9.459759307180505e-08
8.979202126465187e-08
8.522807440972224e-08
8.089373830276125e-08
7.677760319969497e-08
7.286880529682111e-08
6.915702023862769e-08
6.563243105347775e-08
6.228570146176563e-08
5.910795572460605e-08
5.609075885409441e-08
5.322608240138341e-08
5.0506305623181e-08
4.792418081539303e-08
4.547281469193122e-08
4.314565812918454e-08
4.093648483473084e-08
3.883937282719107e-08
3.684869917446808e-08
3.495912537530783e-08
3.316556301219231e-08
3.146318759490024e-08
2.984741047712311e-08
2.831387072007272e-08
2.685842245442008e-08
2.547713212637882e-08
2.416625935351784e-08
2.292224278044977e-08
2.174170793157035e-08
2.062145177977488e-08
1.955842198998223e-08
1.854973063619592e-08
1.759262027090548e-08
1.668448000897636e-08
1.5822827684814e-08
1.500530210825122e-08
1.422967360728875e-08
1.34938087837728e-08
1.279569511653435e-08
1.213340241387174e-08
1.15051144713297e-08
1.090910441877897e-08
1.034372904484742e-08
9.807426736969991e-09
9.298711441231771e-09
8.816180117678088e-09
8.358495559653507e-09
7.924389038971435e-09
7.512657315517763e-09
7.122152144812148e-09
6.751795331419278e-09
6.400551887292277e-09
6.067448239573787e-09
5.751551736483715e-09
5.451982059495426e-09
5.16790485888122e-09
4.898523450810356e-09
4.643080074213612e-09
4.400864347543675e-09
4.171191477397756e-09
3.953420428062311e-09
3.746938292430443e-09
3.551167531495664e-09
3.365553388060572e-09
3.189578370846346e-09
3.022739452247438e-09
2.864570544839691e-09
2.71462371814306e-09
2.572472739631903e-09
2.437720514876272e-09
2.309979978000526e-09
2.188886761533388e-09
2.074097823834112e-09
1.965288094369241e-09
1.862149642060465e-09
1.764391187639507e-09
1.671731052061502e-09
1.583909367723235e-09
1.500670912492652e-09
1.421776465215029e-09
1.347010097875153e-09
1.276148431426868e-09
1.208991779509476e-09
1.145346199127285e-09
1.085028537729718e-09
1.027867367461819e-09
9.737048529790334e-10
9.223837880744664e-10
8.737527812769114e-10
8.276687088561379e-10
7.840014367625296e-10
7.426225190625205e-10
7.034153267504528e-10
6.662677388004491e-10
6.310679800979379e-10
5.977192407731603e-10
5.661195626607176e-10
5.361823683045754e-10
5.078202687162963e-10
4.809488760812301e-10
4.55491391632981e-10
4.313729257602813e-10
4.08521414863318e-10
3.868800086883846e-10
3.663778029689399e-10
3.46963498359936e-10
3.285687745670338e-10
3.111449085690688e-10
2.946372778794797e-10
2.790035948681581e-10
2.641962929412693e-10
2.501674198405648e-10
2.368796321830848e-10
2.24291776833263e-10
2.123718238326609e-10
2.010801476905033e-10
1.903900443416633e-10
1.802667180355187e-10
1.706811845858914e-10
1.615962109511957e-10
1.529962989525802e-10
1.448507188426792e-10
1.371366143627605e-10
1.298300558307793e-10
1.229085005383793e-10
1.163513982891554e-10
1.101434392612263e-10
1.042696809293456e-10
9.870557611305197e-11
9.343953924287348e-11
8.84564255375679e-11
8.373769405971007e-11
7.927117720637532e-11
7.50381165676032e-11
7.103099183283153e-11
6.723682975012448e-11
6.364406816786768e-11
6.024762922404482e-11
5.702727594385924e-11
5.397693635559187e-11
5.10856605877698e-11
4.835052424949064e-11
4.576304421938792e-11
4.331143852180576e-11
4.098886915036133e-11
3.879200138440742e-11
3.671154916649315e-11
3.473803446101095e-11
3.287421605081357e-11
3.110933080420212e-11
2.943923171359041e-11
2.786061665951511e-11
2.637248224915485e-11
2.496167938517481e-11
2.362944937806907e-11
2.236623296584708e-11
2.117236381336541e-11
2.003875599758325e-11
1.896115236516267e-11
1.793897290052227e-11
1.697235504442126e-11
1.605236280887644e-11
1.518780229716409e-11
1.436889368649019e-11
1.359369445001645e-11
1.285939077983095e-11
1.216653686718119e-11
1.151233946328173e-11
1.089358852246619e-11
