-1.392316027653616e-12
-1.506792409213906e-12
-1.804709906604425e-12
-2.317279369219666e-12
-3.090770766606685e-12
-4.197070375702796e-12
-5.739848040624941e-12
-7.860591541651725e-12
-1.074938291305308e-11
-1.465814846954286e-11
-1.991786031595186e-11
-2.696249828086065e-11
-3.635583952409872e-11
-4.882926691517919e-11
-6.532530969836877e-11
-8.705702884313738e-11
-1.155772106252818e-10
-1.528673676343265e-10
-2.014462679953822e-10
-2.64507090723826e-10
-3.460801894587125e-10
-4.512400752980675e-10
-5.863517975345174e-10
-7.593789693236437e-10
-9.802490562517791e-10
-1.26130975153347e-09
-1.617863294591211e-09
-2.068829163886621e-09
-2.637534025014149e-09
-3.352656235451557e-09
-4.249368204019733e-09
-5.370688805088241e-09
-6.769110918454845e-09
-8.508528388148314e-09
-1.066652320974463e-08
-1.333708514748039e-08
-1.663381607453815e-08
-2.069372032769707e-08
-2.568166100519268e-08
-3.179559475442889e-08
-3.927271646306813e-08
-4.839663576091314e-08
-5.950576526531154e-08
-7.300308201028573e-08
-8.936747391865493e-08
-1.091668964814654e-07
-1.33073581598096e-07
-1.618815963482205e-07
-1.965270362268733e-07
-2.381112064057267e-07
-2.879271470272892e-07
-3.474899058518505e-07
-4.185710309285672e-07
-5.032379949309425e-07
-6.038990448183156e-07
-7.233541150898569e-07
-8.648524864070465e-07
-1.032157968201051e-06
-1.229622441261075e-06
-1.46226868522747e-06
-1.735883489835644e-06
-2.057122132664915e-06
-2.433625397766699e-06
-2.874150417095766e-06
-3.388716700285778e-06
-3.988768827634465e-06
-4.687357414398164e-06
-5.499340035025478e-06
-6.441603938638139e-06
-7.533312519948533e-06
-8.7961776032189e-06
-1.025475978329605e-05
-1.193679914925335e-05
-1.387357890054751e-05
-1.610032447905457e-05
-1.865664100602276e-05
-2.158699193464583e-05
-2.494122196385863e-05
-2.877512730460083e-05
-3.315107666634011e-05
-3.813868640531969e-05
-4.381555343202347e-05
-5.02680495251618e-05
-5.75921808359942e-05
-6.589451643160868e-05
-7.529318978703162e-05
-8.591897717688796e-05
-9.791645691656336e-05
-0.0001114452534106657
-0.0001266813698516166
-0.0001438186133703197
-0.000163070116233547
-0.0001846699564842557
-0.000208874881153362
-0.0002359661347893675
-0.0002662513956142615
-0.0003000668210766268
-0.000337779203912598
-0.0003797882390398653
-0.0004265289007147426
-0.0004784739283434556
-0.0005361364187932598
-0.0006000725309892068
-0.0006708843281002016
-0.0007492227441841259
-0.0008357906665296475
-0.0009313461309486794
-0.001036705626940506
-0.001152747508886582
-0.001280415508549419
-0.001420722343211707
-0.001574753412822998
-0.001743670578454032
-0.001928716013296917
-0.002131216116252584
-0.002352585476977759
-0.002594330879976628
-0.002858055333994887
-0.003145462111622081
-0.003458358782544614
-0.003798661222410519
-0.004168397577729255
-0.004569712165613338
-0.005004869285517734
-0.005476256918417397
-0.00598639028714632
-0.006537915250488159
-0.00713361151117361
-0.007776395635628568
-0.00846932384107619
-0.009215594510821663
-0.01001855040434852
-0.01088168052794839
-0.01180862163015491
-0.01280315928485524
-0.0138692285235041
-0.01501091397647305
-0.01623244948226399
-0.01753821712316072
-0.01893274566100346
-0.02042070848567901
-0.02200692109188406
-0.02369633789446948
-0.02549404820919626
-0.02740527143926937
-0.02943535152804588
-0.03158975066668044
-0.03387404218453753
-0.03629390259737409
-0.03885510278257692
-0.04156349828033087
-0.04442501870657702
-0.04744565624626773
-0.05063145323535539
-0.05398848880298786
-0.05752286458330211
-0.06124068949786603
-0.0651480635943921
-0.06925106097458233
-0.07355571179637389
-0.0780679833823657
-0.08279376045657387
-0.08773882451377089
-0.09290883238229569
-0.09830929398325099
-0.1039455493446532
-0.1098227449170006
-0.1159458092150524
-0.1223194278769048
-0.128948018162488
-0.1358357029782701
-0.1429862844996052
-0.1504032174365941
-0.1580895820660079
-0.1660480570680793
-0.1742808922797489
-0.1827898814579852
-0.1915763351183216
-0.2006410535998642
-0.2099843004072801
-0.2196057759618326
-0.2295045918717087
-0.2396792457980007
-0.2501275970865626
-0.26084684322232
-0.2718334972537023
-0.2830833663056196
-0.2945915312566605
-0.306352327758343
-0.3183593286493294
-0.3306053279161237
-0.3430823263152857
-0.3557815187223004
-0.368693283382297
-0.381807173098034
-0.3951119084947238
-0.4085953734600116
-0.4222446128036338
-0.4360458322975865
-0.4499844011008716
-0.4640448566812365
-0.4782109123024152
-0.4924654670903011
-0.5067906188125811
-0.5211676793325974
-0.5355771928122103
-0.5499989566913004
-0.56441204541233
-0.5787948369814704
-0.5931250422798796
-0.6073797371569052
-0.6215353972845418
-0.6355679356886749
-0.6494527429999706
-0.6631647302845687
-0.6766783744375339
-0.6899677660658996
-0.7030066597203694
-0.7157685264619325
-0.7282266085758404
-0.7403539763715861
-0.7521235869455332
-0.7635083447109841
-0.7744811636308979
-0.785015030921143
-0.7950830721181409
-0.8046586173440272
-0.8137152685347688
-0.8222269675274075
-0.830168064737938
-0.8375133882840611
-0.8442383133545921
-0.8503188315710184
-0.855731620214476
-0.8604541110273239
-0.8644645584202588
-0.86774210687196
-0.8702668572593163
-0.8720199319788834
-0.8729835385708032
-0.8731410316732467
-0.8724769730984764
-0.8709771897868718
-0.8686288295157448
-0.8654204140837768
-0.861341889789918
-0.8563846750237818
-0.8505417048028957
-0.8438074722178486
-0.836178066461243
-0.8276512070689817
-0.8182262742669786
-0.807904335845407
-0.7966881713185805
-0.7845822920703237
-0.7715929551864414
-0.7577281711074376
-0.7429977080542972
-0.7274130958102016
-0.7109876257930144
-0.6937363446029219
-0.6756760411729696
-0.6568252296232812
-0.6372041287206685
-0.6168346371269804
-0.5957403040180453
-0.5739462951275419
-0.551479354455478
-0.5283677618059882
-0.5046412861622205
-0.4803311349868411
-0.4554698995636925
-0.4300914965073599
-0.4042311056076711
-0.3779251041325118
-0.3512109977607947
-0.3241273483175965
-0.2967136984853157
-0.2690104936988941
-0.241059001410646
-0.2129012279420974
-0.1845798331385726
-0.1561380430438107
-0.1276195608326229
-0.09906847622869298
-0.07052917365197539
-0.04204623933699748
-0.01366436766491495
0.01457173303965078
0.0426174349990765
0.0704282855095064
0.09796010125591466
0.1251690621657605
0.152011804555772
0.1784455133249951
0.2044280129555619
0.2299178570855813
0.2548744164182346
0.2792579647470911
0.3030297628706777
0.3261521401864638
0.3485885737586529
0.3703037646573506
0.3912637113908208
0.4114357802402208
0.4307887723293166
0.4492929872689654
0.4669202832227879
0.4836441332709026
0.4994396779294951
0.514283773713247
0.5281550376362451
0.5410338875536731
0.5529025782783823
0.5637452333910936
0.5735478726979614
0.5822984352928769
0.5899867981834211
0.5966047904739178
0.6021462030878844
0.6066067940442342
0.6099842893061849
0.6122783792257923
0.6134907106409373
0.6136248746634754
0.6126863902291833
0.6106826834848799
0.6076230630919899
0.6035186915561388
0.598382552674139
0.5922294152169107
0.5850757929718186
0.5769399012729661
0.5678416101733801
0.557802394390964
0.5468452801842777
0.5349947893178267
0.5222768802785379
0.5087188869243623
0.4943494547298082
0.4791984748136892
0.4632970159309112
0.4466772546058053
0.4293724036001144
0.4114166388997019
0.3928450254173377
0.3736934416016961
0.3539985031369091
0.3337974859278703
0.3131282485558978
0.2920291543968547
0.2705389935869674
0.2486969050158538
0.2265422985307614
0.2041147775251803
0.1814540620872705
0.1585999128764123
0.135592055889968
0.1124701082815591
0.08927350538243176
0.06604142907543738
0.04281273766313252
0.01962589736474497
-0.003481084427771638
-0.02647072401255438
-0.04930612424325711
-0.07195103528847821
-0.09436991318338887
-0.1165279760801054
-0.1383912581095795
-0.1599266607767237
-0.1811020018177592
-0.2018860614538822
-0.2222486259847482
-0.242160528671889
-0.2615936878738802
-0.2805211424003062
-0.2989170840549962
-0.3167568873507388
-0.3340171363813061
-0.350675648847185
-0.3667114972369728
-0.3821050271728873
-0.3968378729418059
-0.4108929702279252
-0.4242545660724718
-0.4369082260938373
-0.448840839009835
-0.4600406185150734
-0.4704971025566991
-0.4802011500627288
-0.4891449351826214
-0.4973219391039558
-0.5047269395185828
-0.5113559978059916
-0.5172064440110142
-0.5222768596952225
-0.5265670587433295
-0.5300780662152785
-0.532812095326095
-0.5347725226442145
-0.5359638615998147
-0.5363917343943251
-0.5360628424089066
-0.5349849352047353
-0.533166778216341
-0.5306181192349181
-0.527349653773562
-0.5233729894133394
-0.518700609225425
-0.5133458343686901
-0.5073227859589027
-0.500646346302894
-0.4933321195957721
-0.4853963921701004
-0.4768560923912157
-0.4677287502879877
-0.4580324570021168
-0.4477858241410776
-0.4370079431202504
-0.4257183445836674
-0.413936957981792
-0.4016840713739072
-0.3889802915265596
-0.3758465043828841
-0.3623038359789465
-0.3483736138718195
-0.3340773291342392
-0.3194365989733065
-0.3044731300330382
-0.2892086824405493
-0.2736650346452079
-0.2578639490912462
-0.2418271387661407
-0.2255762346685437
-0.2091327542380317
-0.1925180707801614
-0.175753383913968
-0.1588596910695648
-0.1418577600624218
-0.1247681027684708
-0.1076109499187049
-0.09040622702825296
-0.0731735314737524
-0.05593211072887275
-0.03870084176592614
-0.02149821162893708
-0.004342299181166962
0.01274924197285669
0.02975919939400419
0.04667081654844122
0.06346780638742912
0.08013436377607037
0.09665517678307092
0.1130154368445141
0.1292008478158595
0.1451976339283996
0.1609925466693767
0.1765728706081685
0.1919264281888854
0.2070415835109052
0.2219072451211683
0.2365128678441714
0.2508484536776022
0.264904551780167
0.2786722575808461
0.2921432110390232
0.3053095940839726
0.3181641272642776
0.330700065637769
0.3429111939336245
0.3547918210185986
0.3663367737001262
0.3775413899023576
0.3884015112441185
0.3989134750485694
0.4090741058164459
0.4188807061982399
0.4283310475014532
0.4374233597614647
0.4461563214051528
0.4545290485384201
0.4625410838906088
0.4701923854499334
0.4774833148168348
0.4844146253033466
0.4909874498074894
0.4972032884917447
0.5030639962961674
0.508571770310444
0.5137291370306563
0.5185389395262391
0.5230043245420971
0.5271287295621326
0.5309158698551366
0.5343697255253135
0.5374945285887784
0.5402947500974139
0.5427750873325338
0.544940451084734
0.5467959530374694
0.5483468932717839
0.5495987479082052
0.5505571569030422
0.5512279120120763
0.5516169449346529
0.5517303156512346
0.5515742009676008
0.5511548832798503
0.5504787395678069
0.5495522306257312
0.5483818905392701
0.5469743164164234
0.5453361583815566
0.5434741098371114
0.5413948979983259
0.5391052747060657
0.5366120075229879
0.533921871119496
0.5310416389495747
0.5279780752169713
0.5247379271336065
0.5213279174735981
0.517754737426867
0.5140250397489889
0.5101454322057971
0.5061224713116059
0.5019626563600659
0.4976724237467605
0.4932581415802641
0.4887261045788936
0.4840825292500891
0.4793335493495003
0.4744852116180443
0.4695434717906067
0.4645141908716338
0.4594031316728375
0.4542159556080241
0.4489582197406333
0.4436353740779035
0.4382527591065173
0.4328156035639533
0.4273290224389737
0.4217980151953772
0.4162274642128673
0.4106221334407341
0.4049866672577676
0.3993255895294158
0.3936433028542901
0.3879440879950737
0.3822321034898801
0.3765113854373311
0.3707858474461337
0.3650592807414865
0.3593353544228147
0.3536176158678658
0.3479094912766268
0.3422142863479078
0.3365351870831588
0.3308752607098881
0.3252374567175396
0.3196246079996717
0.3140394320976275
0.3084845325411353
0.3029624002784239
0.2974754151893893
0.2920258476761516
0.2866158603264016
0.2812475096454262
0.275922747850059
0.2706434247183007
0.2654112894897168
0.2602279928131361
0.2550950887385298
0.2500140367467794
0.2449862038116958
0.2400128664901678
0.2350952130370873
0.2302343455418292
0.2254312820817619
0.2206869588887675
0.216002232525329
0.211377882066802
0.2068146112870019
0.202313050843706
0.1978737604617452
0.1934972311107666
0.1891838871739624
0.184934088604688
0.1807481330691108
0.1766262580733085
0.1725686430725649
0.1685754115607199
0.1646466331381664
0.1607823255560011
0.1569824567342105
0.153246946752346
0.1495756698117481
0.1459684561685454
0.1424250940355211
0.1389453314512886
0.1355288781157627
0.132175407191684
0.1288845570722091
0.1256559331128145
0.1224891093262307
0.1193836300398529
0.1163390115155747
0.1133547435318053
0.1104302909272982
0.1075650951067689
0.1047585755081559
0.1020101310308482
0.09931914142468348
0.09668496863985529
0.09410695813815673
0.09158444016558756
0.08911673098632225
0.08670313407836082
0.08434294129090265
0.08203543396341026
0.07977988400676546
0.07757555494749298
0.07542170293612625
0.07331757771935339
0.07126242357547347
0.06925548021383336
0.06729598363959199
0.06538316698509343
0.06351626130757057
0.06169449635316474
0.059917101287892
0.0581833053967921
0.05649233875220507
0.0548434328514656
0.05323582122428677
0.05166874001055729
0.05014142850952034
0.04865312970126542
0.04720309074095216
0.04579056342645857
0.04441480464010474
0.04307507676502825
0.04177064807672323
0.04050079311069563
0.03926479300730835
0.0380619358345053
0.03689151688865352
0.03575283897417482
0.03464521266265362
0.03356795653210922
0.03252039738711172
0.03150187046058868
0.03051171959819939
0.02954929742563752
0.02861396549922346
0.02770509444043684
0.02682206405522708
0.02596426343867024
0.02513109106557122
0.02432195486763081
0.02353627229770655
0.0227734703816413
0.02203298575822619
0.02131426470780061
0.02061676317016362
0.01993994675223974
0.01928329072592665
0.01864628001656328
0.01802840918253058
0.0174291823864983
0.01684811335869498
0.0162847253527563
0.01573855109460949
0.01520913272472521
0.01469602173389583
0.01419877889298876
0.01371697417722015
0.01325018668541066
0.01279800455442524
0.0123600248690978
0.01193585356797632
0.01152510534516521
0.0111274035486278
0.01074238007520419
0.01036967526270326
0.01000893777932033
0.009659824510532808
0.009322000443573888
0.008995138549990641
0.008678919667049031
0.008373032378058275
0.008077172890344944
0.00779104490921453
0.007514359511069779
0.00724683502116491
0.006988196895133144
0.006738177597053588
0.006496516468550123
0.006262959596445729
0.00603725968537723
0.005819175934801633
0.005608473915699591
0.005404925445209165
0.005208308461239971
0.005018406898112534
0.004835010563342974
0.004657915015243461
0.004486921441260958
0.004321836537278355
0.004162472387970306
0.004008646348301865
0.003860180926218693
0.003716903666649038
0.003578647036769563
0.003445248312639181
0.003316549467193163
0.003192397059707146
0.003072642126798227
0.00295714007494818
0.002845750574567762
0.002738337455614018
0.002634768604836391
0.002534915864640508
0.002438654933620609
0.002345865268730525
0.00225642998914419
0.002170235781804762
0.00208717280863428
0.002007134615467236
0.001930018042703569
0.001855723137627567
0.001784153068453076
0.001715214040041007
0.001648815211336616
0.001584868614427623
0.00152328907536302
0.0014639941365908
0.001406903981046272
0.001351941357895615
0.001299031509908663
0.001248102102459934
0.00119908315411941
0.001151906968826934
0.001106508069642116
0.001062823134015318
0.001020790930614228
0.0009803522576461417
0.00094144988266391
0.0009040284838557722
0.0008680345927761983
0.0008334165384979215
0.0008001243931763615
0.0007681099189612222
0.0007373265163235233
0.0007077291736646146
0.0006792744182585322
0.0006519202684871914
0.0006256261873423839
0.000600353037152564
0.000576063035538983
0.0005527197125596545
0.0005302878690425539
0.0005087335360290515
0.0004880239353750102
0.0004681274414417048
0.0004490135438616374
0.0004306528113561348
0.0004130168565907085
0.0003960783020289906
0.0003798107467757146
0.0003641887343726726
0.0003491877215796525
0.0003347840479906971
0.0003209549066364036
0.0003076783153998568
0.000294933089323793
0.0002826988137191296
0.0002709558181221288
0.0002596851510108076
0.0002488685553092528
0.0002384884446663378
0.0002285278804169336
0.0002189705492924749
0.0002098007418319295
0.0002010033314488738
0.0001925637541640187
0.0001844679889958947
0.0001767025389546654
0.0001692544126505622
0.0001621111064882303
0.0001552605874478196
0.0001486912764144844
0.0001423920320474088
0.0001363521351848694
0.0001305612737469197
0.0001250095281453876
0.0001196873571762682
0.0001145855843825871
0.0001096953848624122
0.0001050082725182193
0.0001005160877540189
9.621098556734074e-05
9.208542404319191e-05
8.813215326168679e-05
8.43442045486683e-05
8.071488013239928e-05
7.72377431176935e-05
7.390660784375931e-05
7.071553054262621e-05
6.765880034785533e-05
6.473093059536261e-05
6.192665043809227e-05
5.924089675858167e-05
5.666880635323289e-05
5.420570840598403e-05
5.184711722040934e-05
4.958872521195774e-05
4.742639615322884e-05
4.535615865029077e-05
4.337419986487813e-05
4.147685945617791e-05
3.966062373790719e-05
3.79221200517106e-05
3.625811134577624e-05
3.466549094418268e-05
3.314127752438763e-05
3.168261024269995e-05
3.028674407621302e-05
2.89510453203957e-05
2.767298724242623e-05
2.645014592070059e-05
2.528019621386891e-05
2.416090788921769e-05
2.309014190779265e-05
2.206584681657311e-05
2.108605530125969e-05
2.014888084416126e-05
1.925251457307139e-05
1.83952222319887e-05
1.757534112500134e-05
1.679127711292214e-05
1.604150188724194e-05
1.532455081559432e-05
1.463902086974148e-05
1.398356778979224e-05
1.335690266734294e-05
1.275778914279162e-05
1.218504199401263e-05
1.163752600720911e-05
1.111415415551935e-05
1.06138852202899e-05
1.013572160284442e-05
9.678707573307674e-06
9.241927649604789e-06
8.824504998227533e-06
8.425599834907115e-06
8.044407890006379e-06
7.680158945630117e-06
7.33211544969182e-06
6.999571165235233e-06
6.681849894172481e-06
6.378304228239922e-06
6.088314347451363e-06
5.811286895297827e-06
5.546653880044502e-06
5.293871616421153e-06
5.052419709030166e-06
4.821800088534359e-06
4.601536087893518e-06
4.391171525254398e-06
4.190269885043752e-06
3.998413457422708e-06
3.815202564688391e-06
3.640254801511361e-06
3.473204311803031e-06
3.313701086156785e-06
3.161410296337667e-06
3.016011650387655e-06
2.877198777846408e-06
2.744678647101602e-06
2.618170991874905e-06
2.49740777227847e-06
2.382132649017054e-06
2.272100493809867e-06
2.16707690528699e-06
2.066837745985988e-06
1.971168718764052e-06
1.879864930535838e-06
1.792730497660948e-06
1.709578148189513e-06
1.630228870045808e-06
1.55451153878871e-06
1.482262585112363e-06
1.413325666939853e-06
1.34755136303724e-06
1.284796865135125e-06
1.224925697132965e-06
1.167807431672076e-06
1.113317437073119e-06
1.061336620576661e-06
1.011751195117108e-06
9.644524349588848e-07
9.193364673740308e-07
8.763040544534959e-07
8.35260393989528e-07
7.961149255135175e-07
7.587811340487906e-07
7.231763865166933e-07
6.892217537007419e-07
6.5684185120014e-07
6.259646676390494e-07
5.965214538729955e-07
5.684465359253822e-07
5.416772088524063e-07
5.16153594537803e-07
4.918185139852682e-07
4.686173716581803e-07
4.46498043042264e-07
4.254107523628564e-07
4.053079885647607e-07
3.861443935102337e-07
3.678766657252143e-07
3.504634667990569e-07
3.338653382154842e-07
3.180446191474171e-07
3.029653620463088e-07
2.885932532109347e-07
2.74895545840911e-07
2.618409878593666e-07
2.493997600085286e-07
2.375433964312672e-07
2.262447441372851e-07
2.154778803011907e-07
2.052180797773102e-07
1.954417491438672e-07
1.861263774889996e-07
1.772504768749572e-07
1.687935612942899e-07
1.607360871524381e-07
1.530593971141848e-07
1.457457132406824e-07
1.387780594610326e-07
1.321402491318131e-07
1.258168436847598e-07
1.197931160286232e-07
1.140550236856262e-07
1.085891703071681e-07
1.033827762825514e-07
9.842366228230469e-08
9.370020876071702e-08
8.920134056481549e-08
8.491649203990867e-08
8.08355820246009e-08
7.694900739762938e-08
7.324761537312549e-08
6.972267497316394e-08
6.636585963314641e-08
6.316923419321137e-08
6.012522543627209e-08
5.722662076368602e-08
5.446655190361418e-08
5.183845267324883e-08
4.933607999496685e-08
4.695347636583772e-08
4.468496459277295e-08
4.25251398797434e-08
4.046883772264449e-08
3.851114477926402e-08
3.66473802114912e-08
3.487307405873213e-08
3.318398344841184e-08
3.15760449671488e-08
3.004539437970875e-08
2.858835133559045e-08
2.720140890831843e-08
2.58812301392038e-08
2.46246275543002e-08
2.342856602388091e-08
2.229015543956214e-08
2.120664111228305e-08
2.017539278518624e-08
1.919392052781906e-08
1.825983681872494e-08
1.737087305128147e-08
1.652486644600567e-08
1.571975482177849e-08
1.495358442652153e-08
1.422448379056381e-08
1.353067604218217e-08
1.287047032158612e-08
1.224224865156036e-08
1.16444806369685e-08
1.107570172300956e-08
1.053451042859231e-08
1.001958416512084e-08
9.529659205935218e-09
9.063528065682125e-09
8.620040953498647e-09
8.198106712779614e-09
7.796688030648413e-09
7.414790457157834e-09
7.051468814208665e-09
6.705839394664435e-09
6.37703817180405e-09
6.064254880168805e-09
5.766713664560616e-09
5.48367913950537e-09
5.214449084843957e-09
4.958357746092964e-09
4.714763062759618e-09
4.483063914537875e-09
4.262683181970554e-09
4.053071720044255e-09
3.853708446491496e-09
3.664095681742646e-09
3.483754466822377e-09
3.312231779201125e-09
3.14910553697944e-09
2.993962064655734e-09
2.846416814436782e-09
2.706098124080071e-09
2.572658286309117e-09
2.445758984893039e-09
2.325084427801796e-09
2.210328843321366e-09
2.101208823171761e-09
1.997446107181582e-09
1.898777991837734e-09
1.804958924710799e-09
1.715752672382203e-09
1.630930416645292e-09
1.550280831478103e-09
1.47359786372574e-09
1.400688927420283e-09
1.33137115491755e-09
1.265462155709266e-09
1.202802363239805e-09
1.143226237298488e-09
1.086585409796456e-09
1.032734206976348e-09
9.815388516406178e-10
9.328650656814038e-10
8.865935325864215e-10
8.426054276578727e-10
8.007877032941711e-10
7.610340058399255e-10
7.232466384323071e-10
6.873246913267372e-10
6.531846331066446e-10
6.207324125612309e-10
5.898903364561687e-10
5.605718867430828e-10
5.327030593054497e-10
5.062128866602034e-10
4.810319858851496e-10
4.570985637865039e-10
4.34348403992197e-10
4.127240670149875e-10
3.921729417466695e-10
3.726422246972251e-10
3.540772842761817e-10
3.364327049008687e-10
3.196638494004954e-10
3.037261231233923e-10
2.885795047850739e-10
2.741863724656305e-10
2.605068957718387e-10
2.475101501622315e-10
2.351563965638328e-10
2.234176123832256e-10
2.122605736468993e-10
2.016588317916159e-10
1.915861350423575e-10
1.820186817202174e-10
