-2.819944266104782e-11
-3.002806343294438e-11
-3.49296409890894e-11
-4.321171257889589e-11
-5.547642535290452e-11
-7.265010252211212e-11
-9.603345605529794e-11
-1.273724536733217e-10
-1.689592010162062e-10
-2.237611105553445e-10
-2.955886439257929e-10
-3.89302717752252e-10
-5.110734443669162e-10
-6.687001969140607e-10
-8.720041983861695e-10
-1.133306570488547e-09
-1.468013926257063e-09
-1.895326787396652e-09
-2.43909648302929e-09
-3.128860711540313e-09
-4.001091359149589e-09
-5.100685519328457e-09
-6.482752897603118e-09
-8.214755970856061e-09
-1.037904894477505e-08
-1.307590061084983e-08
-1.642707852518629e-08
-2.058008259262049e-08
-2.571315500578684e-08
-3.204115875145872e-08
-3.982250188187321e-08
-4.936725146864899e-08
-6.104663174391113e-08
-7.530411513466092e-08
-9.266836016913173e-08
-1.137682538135123e-07
-1.393503909871878e-07
-1.702993246606658e-07
-2.076609960377801e-07
-2.526697786827544e-07
-3.067796435101945e-07
-3.716999863183106e-07
-4.494367382752507e-07
-5.423394342550711e-07
-6.531549734862423e-07
-7.850888943074049e-07
-9.418750266090739e-07
-1.127854473052117e-06
-1.348064920803954e-06
-1.60834133267867e-06
-1.915429126464805e-06
-2.277110993705945e-06
-2.70234892006827e-06
-3.201444037841268e-06
-3.786215692459052e-06
-4.470201295733592e-06
-5.268878966396208e-06
-6.199915078266056e-06
-7.283439010059159e-06
-8.54234752089307e-06
-1.000264135587231e-05
-1.169379680946295e-05
-1.364917516877194e-05
-1.590647309896389e-05
-1.850821720790703e-05
-2.150230619441518e-05
-2.494260413765274e-05
-2.888958866644645e-05
-3.341105789554937e-05
-3.858290018046316e-05
-4.448993089817653e-05
-5.122680059562435e-05
-5.88989790119083e-05
-6.762381957378988e-05
-7.753170912406437e-05
-8.876730770416972e-05
-0.0001014908833146735
-0.0001158797464790447
-0.0001321297891502586
-0.0001504571329945387
-0.0001710998920561537
-0.0001943200545267707
-0.0002204054882540335
-0.0002496720743927382
-0.0002824659733740857
-0.0003191660269891463
-0.0003601863000317372
-0.0004059787644069948
-0.000457036128032975
-0.0005138948101414701
-0.0005771380637645826
-0.0006473992452102343
-0.0007253652291917477
-0.0008117799670157352
-0.0009074481836905538
-0.001013239208172564
-0.001130090929008524
-0.001259013865476712
-0.001401095341875709
-0.001557503749869618
-0.001729492880918669
-0.001918406309798668
-0.002125681839820234
-0.002352856088858116
-0.002601569155676617
-0.002873569324651416
-0.003170717790056284
-0.00349499338130722
-0.003848497269117256
-0.004233457630943946
-0.004652234252500574
-0.005107323040479644
-0.005601360420026446
-0.006137127588810713
-0.006717554597943922
-0.007345724228303413
-0.00802487562919171
-0.008758407684607672
-0.009549882070782363
-0.01040302596698215
-0.01132173438000389
-0.01231007204118074
-0.01337227483313875
-0.01451275070202046
-0.01573608000937118
-0.01704701527652961
-0.01845048027485498
-0.01995156844020683
-0.02155554064206197
-0.02326782222022354
-0.02509399922223893
-0.02703981379546051
-0.02911115868913009
-0.03131407082199847
-0.03365472387115519
-0.03613941983798974
-0.03877457954761969
-0.04156673203881479
-0.04452250280506275
-0.04764860088956806
-0.05095180518843666
-0.05443895005791662
-0.05811690980975774
-0.06199258174152759
-0.06607286788821554
-0.07036465572293141
-0.07487479785365096
-0.07961009061750357
-0.08457725159160687
-0.08978289602685642
-0.0952335122809307
-0.1009354362947331
-0.1068948251163959
-0.1131176295682255
-0.1196095660660693
-0.1263760876855125
-0.1334223545475952
-0.1407532035607018
-0.1483731176566451
-0.156286194551218
-0.1644961151576407
-0.1730061117556229
-0.1818189359768355
-0.1909368267826397
-0.2003614784824849
-0.2100940089526755
-0.2201349281831893
-0.2304841072303343
-0.241140747780992
-0.2521033523877557
-0.2633696955573024
-0.2749367958351122
-0.2868008889724892
-0.2989574024030036
-0.3114009310847559
-0.324125214897222
-0.3371231177373194
-0.3503866083979302
-0.3639067434636961
-0.3776736522625088
-0.391676524053705
-0.4059035975836195
-0.420342153070097
-0.4349785068365056
-0.4497980086040104
-0.464785041604347
-0.4799230256139853
-0.4951944229293485
-0.5105807474698584
-0.5260625769739693
-0.5416195684140028
-0.5572304766852053
-0.572873176535989
-0.5885246878807827
-0.6041612044015638
-0.6197581255089044
-0.6352900916598861
-0.6507310229412574
-0.6660541610050785
-0.6812321141941531
-0.6962369058614953
-0.7110400258161373
-0.7256124847430884
-0.7399248716257897
-0.7539474139379181
-0.767650040542195
-0.7810024471636104
-0.7939741642205262
-0.8065346269759914
-0.8186532477184463
-0.8302994898539208
-0.8414429437195234
-0.8520534038455435
-0.862100947572802
-0.8715560146875536
-0.8803894879102706
-0.8885727740039818
-0.8960778851875724
-0.9028775207131454
-0.9089451482488637
-0.9142550848812476
-0.9187825774788501
-0.9225038820807184
-0.9253963421453885
-0.9274384653000389
-0.9286099983953429
-0.9288920006072863
-0.9282669142601642
-0.9267186332103705
-0.9242325684506941
-0.9207957107498074
-0.9163966900924165
-0.9110258316365637
-0.9046752080585923
-0.897338687988229
-0.8890119803831706
-0.8796926746561061
-0.8693802763302292
-0.8580762381386229
-0.8457839863418639
-0.8325089421704722
-0.818258538272606
-0.8030422300266988
-0.7868715017057326
-0.7697598673425272
-0.7517228662521495
-0.7327780531763417
-0.7129449830412062
-0.69224519043466
-0.6707021636726426
-0.6483413133114286
-0.6251899352042113
-0.6012771686112928
-0.576633950071695
-0.5512929621536375
-0.5252885756403127
-0.4986567856511183
-0.4714351440601426
-0.4436626899581909
-0.4153798760650783
-0.3866284895442235
-0.3574515677448274
-0.3278933104625999
-0.2979989893881955
-0.2678148544409023
-0.2373880369986553
-0.2067664503156051
-0.1759986874942036
-0.1451339173223151
-0.114221778222621
-0.08331227060156191
-0.05245564789631215
-0.02170230662220445
0.008897324271668528
0.03929289443895581
0.06943424325709678
0.09927151072767298
0.1287552478498339
0.1578365261671728
0.1864670461855484
0.2145992443687549
0.2421863984229228
0.2691827305802138
0.2955435086123181
0.321225144296112
0.3461852890774811
0.3703829266835174
0.3937784624319961
0.4163338090178562
0.4380124685466262
0.4587796106190619
0.4786021462744353
0.4974487975988106
0.5152901628440277
0.5320987768907689
0.5478491669290617
0.5625179032335902
0.5760836449131457
0.5885271805582474
0.5998314636915415
0.6099816429675613
0.6189650870755652
0.6267714043050036
0.6333924567783568
0.6388223693306632
0.6430575330565388
0.6460966035547471
0.6479404939095079
0.6485923624902719
0.6480575956207028
0.6463437852084098
0.6434607014353897
0.639420260615395
0.6342364883609455
0.6279254781798026
0.6205053456597646
0.6119961783998435
0.6024199818443506
0.5918006212102958
0.580163759681541
0.5675367930725711
0.5539487811632174
0.5394303759053047
0.5240137467285434
0.5077325031506483
0.4906216149204806
0.4727173299208578
0.4540570900554808
0.4346794453627835
0.4146239665786524
0.3939311563853456
0.3726423595809789
0.3507996724009464
0.3284458512328617
0.3056242209449644
0.282378583057516
0.2587531239815908
0.2347923235441909
0.2105408640212983
0.1860435398847907
0.1613451684721104
0.1364905017778465
0.1115241395579441
0.08649044393563492
0.06143345568735936
0.03639681238264385
0.01142366854112118
-0.01344338203859529
-0.03816238163009984
-0.06269208147185572
-0.08699201207151071
-0.1110225508017935
-0.1347449866758957
-0.1581215822013481
-0.1811156322185561
-0.2036915196418927
-0.2258147680302752
-0.2474520909213673
-0.2685714378773808
-0.2891420371947352
-0.3091344352442333
-0.3285205324157398
-0.3472736156468473
-0.3653683875302363
-0.3827809919962911
-0.3994890365815323
-0.4154716113000939
-0.4307093041409583
-0.4451842132290433
-0.458879955685748
-0.471781673240796
-0.4838760346502012
-0.4951512349753877
-0.5055969917922702
-0.5152045384018155
-0.5239666141289782
-0.5318774517946889
-0.538932762442651
-0.5451297174177656
-0.5504669278898298
-0.5549444219267771
-0.5585636192225345
-0.5613273035869293
-0.5632395933174142
-0.5643059095563748
-0.5645329427457383
-0.5639286172956902
-0.5625020545886833
-0.560263534447771
-0.5572244551788882
-0.5533972923056759
-0.548795556116436
-0.5434337481421582
-0.5373273166899811
-0.5304926115443278
-0.522946837953803
-0.5147080100189613
-0.5057949035933669
-0.4962270088150356
-0.4860244823717486
-0.4752080996083027
-0.4637992065798598
-0.4518196721512527
-0.4392918402437664
-0.4262384823224918
-0.412682750220536
-0.3986481293886025
-0.3841583926509431
-0.3692375545509159
-0.3539098263629405
-0.3381995718474134
-0.3221312638189276
-0.3057294415934338
-0.2890186693794691
-0.2720234956696085
-0.2547684136886009
-0.2372778229484907
-0.2195759919548251
-0.2016870221068387
-0.1836348128316734
-0.1654430279913701
-0.1471350635924787
-0.1287340168215524
-0.1102626564296054
-0.09174339448739176
-0.07319825953010579
-0.05464887110295569
-0.03611641571462236
-0.01762162420465247
0.0008152494711966729
0.01917444803768471
0.03743672928367102
0.05558338303958543
0.07359624675707251
0.0914577197021828
0.1091507757778762
0.126658974993778
0.1439664736016584
0.1610580329170441
0.1779190268503988
0.1945354481750877
0.2108939135598957
0.2269816673942655
0.2427865844377678
0.2582971713248193
0.2735025669574505
0.2883925418204708
0.3029574962555008
0.3171884577336377
0.3310770771616193
0.3446156242579729
0.3577969820376264
0.3706146404456467
0.3830626891835434
0.3951358097646019
0.4068292668352981
0.4181388988025021
0.4290611078100028
0.4395928491102282
0.4497316198659657
0.4594754474182465
0.4688228770592181
0.4777729593508333
0.4863252370307465
0.4944797315408029
0.5022369292171172
0.509597767178232
0.5165636189445325
0.5231362798242339
0.5293179520993877
0.535111230045726
0.5405190848190145
0.5455448492403886
0.5501922025166229
0.5544651549193507
0.558368032447554
0.5619054615005524
0.5650823535920718
0.5679038901362418
0.5703755073243209
0.5725028811121106
0.5742919123398262
0.5757487120082002
0.5768795867350116
0.5776910244065001
0.5781896800397592
0.5783823618724867
0.5782760176967582
0.5778777214543939
0.5771946601040635
0.5762341207717809
0.5750034781960243
0.5735101824781343
0.5717617471495855
0.5697657375620778
0.5675297596077121
0.5650614487755583
0.562368459550973
0.5594584551651464
0.556339097695902
0.5530180385224809
0.5495029091364901
0.5458013123105488
0.5419208136272008
0.5378689333663121
0.5336531387500817
0.5292808365444444
0.5247593660163208
0.5200959922471408
0.5152978997969854
0.5103721867153043
0.505325858894452
0.5001658247615118
0.4948988903052755
0.48953175443146
0.4840710046403136
0.4785231130206209
0.47289443255492
0.4671911937316298
0.4614195014548361
0.4555853322429557
0.4496945317092248
0.4437528123184704
0.437765751415439
0.431738789513936
0.4256772288379322
0.4195862321066402
0.4134708215557594
0.4073358781876188
0.4011861412412678
0.3950262078740814
0.3888605330469483
0.3826934296050838
0.3765290685479354
0.3703714794782404
0.3642245512218243
0.3580920326100294
0.3519775334167714
0.3458845254429425
0.3398163437397801
0.3337761879639017
0.3277671238564093
0.3217920848380907
0.3158538737136217
0.3099551644775911
0.3040985042167793
0.2982863151017214
0.2925208964588479
0.2868044269157688
0.2811389666144496
0.2755264594880726
0.2699687355953491
0.2644675135046529
0.2590244027213956
0.2536409061541374
0.2483184226151159
0.2430582493501189
0.2378615845922623
0.2327295301355838
0.2276630939229906
0.2226631926435413
0.2177306543349802
0.212866220988301
0.2080705511515155
0.2033442225279297
0.198687734564948
0.1941015110301399
0.1895859025720207
0.185141189263528
0.1807675831243068
0.1764652306185213
0.172234215125774
0.1680745593837663
0.1639862279015693
0.1599691293403422
0.1560231188589239
0.1521480004226446
0.1483435290743561
0.1446094131666717
0.1409453165536847
0.1373508607408152
0.1338256269917424
0.1303691583915453
0.126980961865417
0.1236605101521017
0.1204072437318041
0.1172205727080109
0.1140998786422038
0.1110445163407872
0.10805381559443
0.1051270828699751
0.1022636029549389
0.09946264055440883
0.09672344184079255
0.0940452359561158
0.09142723646681057
0.08886864277130313
0.08636864146102188
0.08392640763548623
0.08154110617160613
0.07921189294734879
0.0769379160203259
0.07471831676228792
0.07255223095057808
0.07043878981662167
0.06837712105179487
0.06636634977128908
0.06440559943709699
0.06249399274084958
0.06063065244731299
0.05881470219945902
0.05704526728594447
0.05532147537152275
0.05364245719112756
0.05200734720864972
0.05041528424137934
0.04886541205094308
0.04735687990159515
0.04588884308670846
0.04446046342428626
0.04307090972218366
0.04171935821395395
0.04040499296650522
0.03912700626082213
0.03788459894611968
0.03667698076788895
0.035503370670687
0.03436299707701347
0.03325509814347942
0.03217892199459937
0.03113372693476613
0.03011878163921363
0.02913336532504611
0.02817676790330495
0.02724829011261763
0.02634724363502388
0.02547295119469983
0.0246247466404924
0.02380197501305867
0.02300399259719753
0.02223016696001911
0.02147987697563033
0.02075251283688697
0.02004747605477575
0.01936417944615597
0.01870204711066075
0.01806051439729828
0.01743902786115787
0.01683704521070401
0.01625403524624958
0.01568947779011065
0.01514286360893206
0.01461369432882478
0.01410148234381723
0.01360575071797195
0.01312603308149875
0.01266187352128611
0.01221282646635506
0.01177845656861699
0.01135833857937752
0.01095205722185095
0.01055920706013109
0.01017939236486542
0.009812226975966693
0.00945733416267458
0.009114346481317271
0.008782905631042668
0.008462662307767273
0.008153276056541585
0.007854415122651179
0.007565756301682229
0.007286984788749489
0.007017794027155906
0.006757885556731767
0.006506968861937787
0.006264761219896301
0.006030987548519119
0.005805380254946431
0.005587679084531377
0.005377630970404734
0.005174989883826456
0.004979516685358366
0.004790978977025613
0.004609150955597428
0.004433813267047857
0.004264752862359567
0.004101762854734839
0.00394464237827688
0.003793196448119027
0.003647235822233955
0.003506576865146576
0.003371041413610592
0.003240456643660378
0.003114654938354887
0.002993473757475878
0.002876755511331812
0.002764347438258569
0.002656101482853954
0.00255187417282496
0.002451526497353338
0.002354923789527162
0.002261935612497574
0.002172435647474803
0.002086301582884627
0.002003415005409278
0.001923661293293414
0.001846929511948417
0.001773112311634919
0.001702105827198985
0.001633809579906134
0.001568126381329861
0.001504962239357066
0.001444226266213675
0.001385830588577653
0.001329690259703148
0.001275723173551464
0.001223849980882732
0.001173994007348833
0.001126081173530424
0.00108003991689851
0.001035801115676758
0.000993298014564332
0.0009524661523070446
0.0009132432910930826
0.0008755693477526966
0.0008393863267061918
0.000804638254664334
0.0007712711170428223
0.0007392327960314501
0.0007084730103475369
0.000678943256584037
0.0006505967521633776
0.0006233883798608187
0.0005972746338444069
0.000572213567203445
0.0005481647409823805
0.0005250891746187442
0.0005029492978299237
0.0004817089038618823
0.0004613331040507001
0.0004417882837818785
0.0004230420596796075
0.0004050632380987581
0.0003878217748211225
0.0003712887359754191
0.0003554362601206257
0.0003402375214807054
0.0003256666943036229
0.0003116989183097711
0.0002983102652065339
0.0002854777062375483
0.0002731790807637107
0.0002613930657870457
0.0002500991464824124
0.0002392775876416166
0.0002289094060283271
0.0002189763436115182
0.0002094608416881774
0.0002003460158133634
0.0001916156315698162
0.0001832540811170667
0.0001752463605153626
0.0001675780477911453
0.0001602352817404333
0.0001532047414378609
0.0001464736264204691
0.0001400296375616357
0.0001338609585756223
0.0001279562381207686
0.0001223045725793989
0.0001168954893765795
0.0001117189308736426
0.0001067652388514551
0.0001020251394869093
9.748972888688531e-05
9.315045911132203e-05
8.899912468539158e-05
8.502784960478633e-05
8.122907477041008e-05
7.759554589506909e-05
7.41203018290167e-05
7.079666329608714e-05
6.761822205176458e-05
6.457883040794597e-05
6.167259115508269e-05
5.889384784636365e-05
5.623717542312017e-05
5.369737119682356e-05
5.126944616429673e-05
4.894861661591205e-05
4.673029607528746e-05
4.461008753544823e-05
4.258377597903652e-05
4.064732117158667e-05
3.879685073133961e-05
3.702865345899027e-05
3.533917291150705e-05
3.372500121465262e-05
3.218287312719399e-05
3.070966030811113e-05
2.930236581389096e-05
2.79581188056746e-05
2.667416945140236e-05
2.544788403757663e-05
2.427674024702867e-05
2.315832264251498e-05
2.209031830095385e-05
2.107051263975352e-05
2.009678537979614e-05
1.916710670364192e-05
1.827953351262646e-05
1.743220588090637e-05
1.662334360957032e-05
1.585124293726895e-05
1.511427338325311e-05
1.441087469639401e-05
1.373955395042549e-05
1.309888271821173e-05
1.248749440194205e-05
1.190408163893726e-05
1.134739382031631e-05
1.081623470977788e-05
1.030946016371456e-05
9.825975934247224e-06
9.364735556425478e-06
8.924738348687098e-06
8.505027454636022e-06
8.104687998285913e-06
7.722845293673917e-06
7.358663133201351e-06
7.011342147760842e-06
6.68011824028525e-06
6.364261071669852e-06
6.063072616530769e-06
5.775885770608707e-06
5.502063023749051e-06
5.240995188210191e-06
4.992100173520457e-06
4.754821828194252e-06
4.528628820341791e-06
4.313013540741183e-06
4.107491043239011e-06
3.911598062104652e-06
3.724892178239591e-06
3.546951018850812e-06
3.377371315920895e-06
3.21576779070408e-06
3.061772231450841e-06
2.91503293714652e-06
2.775214190788514e-06
2.641995612663026e-06
2.515071398572233e-06
2.394149567938684e-06
2.278951390053112e-06
2.169210792795801e-06
2.064673820707688e-06
1.965098092791302e-06
1.870252287978838e-06
1.779915640955541e-06
1.693877482641841e-06
1.611936791212651e-06
1.53390175712893e-06
1.459589375564724e-06
1.388825044309319e-06
1.32144218932963e-06
1.257281897011969e-06
1.19619259415837e-06
1.138029685538758e-06
1.08265526230924e-06
1.02993779161646e-06
9.797518256843776e-07
9.319777330533858e-07
8.865014328746102e-07
8.432141370419267e-07
8.020121198554e-07
7.627964809936911e-07
7.254729216921991e-07
6.899515417256802e-07
6.561466401826234e-07
6.239765197439224e-07
5.933632997743613e-07
5.642327482540756e-07
5.365141120913439e-07
5.101399607756068e-07
4.850460210667562e-07
4.611710504528287e-07
4.38456677904528e-07
4.168472932089299e-07
3.962898906489144e-07
3.767339824315772e-07
3.581314596427037e-07
3.404364874256064e-07
3.236053960630793e-07
3.075965846001225e-07
2.923704223592916e-07
2.778891574662812e-07
2.64116835649685e-07
2.510192080807777e-07
2.385636557952259e-07
2.267191190000388e-07
2.1545601123606e-07
2.047461616171856e-07
1.945627385999828e-07
1.848801969776025e-07
1.756742181112165e-07
1.669216339022027e-07
1.586003993288576e-07
1.506895212849845e-07
1.431690076763942e-07
1.360198202751665e-07
1.292238554218697e-07
1.227638741579235e-07
1.16623455497476e-07
1.107869902109947e-07
1.052396053087162e-07
9.996715532001608e-08
9.495617048035085e-08
9.019383286089024e-08
8.566794150167696e-08
8.136690127349907e-08
7.727965623410946e-08
7.339570272068278e-08
6.970504415383877e-08
6.619816406369743e-08
6.286601552067044e-08
5.96999866181415e-08
5.669188943088498e-08
5.383392741039263e-08
5.111869320609726e-08
4.853912791242999e-08
4.608853283119119e-08
4.376051792322014e-08
4.154902447954321e-08
3.944827612645913e-08
3.745278559601387e-08
3.555732838731719e-08
3.375694906057394e-08
3.204692395044255e-08
3.042275898093685e-08
2.888019237728481e-08
2.741515781184547e-08
2.602380165764115e-08
2.470245349849203e-08
2.344762573403799e-08
2.225599389041295e-08
2.112441187707184e-08
2.004988311245743e-08
1.90295601742815e-08
1.806073463701811e-08
1.714082974110324e-08
1.626740028551958e-08
1.543811745446789e-08
1.465077461930141e-08
1.390327006719249e-08
1.31936017217451e-08
1.251987491388276e-08
1.188028341110812e-08
1.127311311469054e-08
1.069673711604061e-08
1.014960018165939e-08
9.630234113710477e-09
9.137239540804758e-09
8.669297050151837e-09
8.225137553467755e-09
7.803562408492269e-09
7.403434529953511e-09
7.023676843010973e-09
6.663253238279827e-09
6.321190901615771e-09
5.996559622975217e-09
5.688483473991323e-09
5.39612555908145e-09
5.118690649441818e-09
4.855416373799938e-09
4.605589933372824e-09
4.368533727099743e-09
4.143594880069992e-09
3.93016382132197e-09
3.727652228081434e-09
3.53550580135522e-09
3.353198475903864e-09
3.180228888263261e-09
3.016119602675923e-09
2.860418007258689e-09
2.712702196372556e-09
2.572564243469657e-09
2.439619316722547e-09
2.313497735018225e-09
2.193855205324492e-09
2.080362285583213e-09
1.972702011434117e-09
1.870582454657062e-09
1.773714130346098e-09
1.68183058932195e-09
1.594683039208225e-09
1.512022829547949e-09
1.433625800465495e-09
1.35926917475493e-09
1.288749814305856e-09
1.221864157802824e-09
1.158434605557991e-09
1.098278829078393e-09
1.041231041059626e-09
9.87120674828963e-10
9.35802135859606e-10
8.871340643663936e-10
8.409788922846642e-10
7.972100240749708e-10
7.557109036837936e-10
7.163660495003113e-10
6.790561449764475e-10
6.436785245576731e-10
6.101320489811762e-10
5.783268006388312e-10
5.481726303279957e-10
5.195831051422351e-10
4.924760914765445e-10
4.667760102987346e-10
4.424106750891345e-10
4.193137462584408e-10
3.974190616499962e-10
3.766594490215479e-10
3.569792945012036e-10
3.383204592356617e-10
3.206281751755026e-10
3.038544805385855e-10
2.879540286582701e-10
2.72880201055293e-10
2.585947598199438e-10
2.450484008269747e-10
2.322109456618938e-10
2.200394378570932e-10
2.085091464849053e-10
1.975810168339061e-10
1.872250459053496e-10
1.774055098977711e-10
1.680997114571817e-10
1.592824827850906e-10
1.50924655685029e-10
1.43005468660692e-10
1.354957614319906e-10
1.283790877529107e-10
1.216356622629394e-10
1.152463687837666e-10
1.091898160544618e-10
1.03445878464736e-10
9.800802576975634e-11
9.285391264142266e-11
8.796533257792161e-11
8.333485350578911e-11
7.894636484686259e-11
7.478705560829471e-11
7.084553275173124e-11
6.710984795055477e-11
6.357567228472789e-11
6.022711566243693e-11
5.705429847167827e-11
5.405136065983216e-11
5.120388303643791e-11
4.850687705730139e-11
4.594700134917165e-11
4.352369425395363e-11
4.12219704135649e-11
3.9044969079738e-11
3.698302554169036e-11
3.502630141830147e-11
3.317232457593412e-11
3.141718087017157e-11
2.975871255185732e-11
2.818987952581553e-11
2.670074418249714e-11
2.529116126057692e-11
2.395474376593753e-11
2.268877290107754e-11
2.148934999956739e-11
