1.050590125978819e-11
1.294511037649919e-11
1.670608701191628e-11
2.210163405899269e-11
2.958282635196217e-11
3.976779690609158e-11
5.347907273739859e-11
7.179759453736462e-11
9.612869124737088e-11
1.282900575354193e-10
1.706175708412208e-10
2.261017908501036e-10
2.985539276149046e-10
3.928137624613888e-10
5.1500454590357e-10
6.728454226468805e-10
8.760355155090535e-10
1.136719314719368e-09
1.470056184672882e-09
1.894908587347925e-09
2.434671841810877e-09
3.118281080551604e-09
3.981411955143508e-09
5.06793291313824e-09
6.431630126128575e-09
8.138271044275823e-09
1.026806750928484e-08
1.291859155113301e-08
1.620823511165137e-08
2.028029994350338e-08
2.530781915658215e-08
3.149924880502415e-08
3.910512862631823e-08
4.84259195681824e-08
5.982115731273774e-08
7.372015172395295e-08
9.063445326606135e-08
1.111723563252875e-07
1.360557387843945e-07
1.661395664049444e-07
2.02434455300716e-07
2.46132698251384e-07
2.98638232401415e-07
3.616010816040604e-07
4.369568252548148e-07
5.26971750686073e-07
6.34294360531462e-07
7.620139936091124e-07
9.13727353042641e-07
1.093613793907863e-06
1.306520268305759e-06
1.558056879211212e-06
1.854704280015172e-06
2.203934932361435e-06
2.614349376965937e-06
3.095828864459066e-06
3.659705974775433e-06
4.31895498601607e-06
5.088403892906147e-06
5.984970108029284e-06
7.027922006502078e-06
8.239168647059893e-06
9.643580117406133e-06
1.126934112574921e-05
1.314834062549192e-05
1.531660037948467e-05
1.781474557221868e-05
2.068852071888848e-05
2.398935428707053e-05
2.777497560298976e-05
3.211008778289781e-05
3.706710058063163e-05
4.272692719467352e-05
4.917984923305509e-05
5.652645415762798e-05
6.487864968155146e-05
7.436075967692843e-05
8.511070618419015e-05
9.728128188217483e-05
0.0001110415179072353
0.0001265781518091554
0.0001440972004056711
0.0001638256421801243
0.0001860132138199069
0.0002109343253083682
0.0002388900978009334
0.0002702105282447939
0.0003052567843492789
0.0003444236331103689
0.0003881420055590259
0.0004368816998001499
0.0004911542236663047
0.0005515157774316722
0.0006185703760587756
0.0006929731092296959
0.0007754335361125467
0.0008667192102290501
0.0009676593280619861
0.001079148493013204
0.001202150584093726
0.00133770271631531
0.001486919278772013
0.001650996059131289
0.001831214516531602
0.002028946156967145
0.002245656979153018
0.002482911976500345
0.002742379680737866
0.003025836731411189
0.003335172454014516
0.003672393427989112
0.004039628024309671
0.004439130890782803
0.004873287361604944
0.005344617766093926
0.005855781609881678
0.006409581600184702
0.007008967485102438
0.007657039675210082
0.008357052614018265
0.009112417862159362
0.00992670685848625
0.0108036533195191
0.01174715523702654
0.01276127643179351
0.01385024762007356
0.0150184669491142
0.01627049997807758
0.01761107912278035
0.01904510248698901
0.02057763201861956
0.02221389094564366
0.02395926044717904
0.02581927551487591
0.02779961995940235
0.02990612051653078
0.03214474000725452
0.03452156950643288
0.03704281947705113
0.03971480986185964
0.04254395941701566
0.04553677435973034
0.04869983597470661
0.05203978687312938
0.05556331604753675
0.05927714290235642
0.0631880002894486
0.06730261645579126
0.07162769590877018
0.0761698991941348
0.08093582164087766
0.08593197110078235
0.09116474467662167
0.09664040451086385
0.1023650526342017
0.1083446049459854
0.11458476438091
0.1210909932859764
0.1278684851193886
0.1349221354913272
0.1422565126517428
0.149875827509136
0.1577839032290288
0.1659841445612287
0.1744795069358873
0.1832724654657308
0.1923649839654478
0.2017584840568818
0.2114538145414031
0.2214512210944669
0.2317503164460588
0.2423500511779116
0.2532486852195411
0.264443760250602
0.2759320730683407
0.28770965009683
0.2997717231774107
0.3121127067266927
0.3247261764843431
0.3376048499001401
0.3507405683376412
0.3641242812287272
0.3777460322527144
0.3915949477573861
0.4056592274509557
0.4199261375327294
0.4343820063766129
0.449012222809357
0.4638012371773659
0.4787325651967879
0.4937887947277458
0.5089515955509208
0.5242017321448895
0.5395190796221794
0.5548826427681952
0.5702705782778282
0.5856602202181224
0.6010281086638808
0.6163500216175698
0.6316010100953188
0.6467554364140941
0.6617870156491443
0.6766688601518099
0.691373527185282
0.705873069492344
0.7201390887672682
0.7341427919379915
0.7478550500852306
0.7612464599916751
0.7742874080760953
0.7869481366279228
0.7991988121890726
0.8110095958498316
0.8223507153939597
0.8331925389950847
0.8435056503292947
0.8532609249005036
0.8624296072956611
0.870983389251446
0.8788944882031778
0.8861357261497289
0.8926806085971143
0.8985034032648848
0.9035792184033504
0.9078840803774313
0.9113950103309455
0.9140900996804626
0.9159485841192604
0.9169509159710297
0.9170788345536718
0.9163154343630736
0.9146452308354929
0.9120542233957694
0.9085299556484369
0.9040615723990075
0.8986398733360506
0.8922573631656731
0.8849082979498967
0.8765887275380887
0.8672965338354721
0.8570314647836571
0.8457951638993579
0.833591195193187
0.8204250634185475
0.8063042294569203
0.7912381207526652
0.7752381367175196
0.758317649050425
0.740491997038554
0.7217784776530609
0.7021963302333744
0.6817667158054185
0.6605126915260759
0.63845918098087
0.6156329393335527
0.5920625116541971
0.5677781848477311
0.5428119357236723
0.517197377176379
0.490969700115746
0.4641656092782939
0.4368232533636699
0.408982151236033
0.3806831149262324
0.3519681690104757
0.3228804662813923
0.2934641999578507
0.2637645127826088
0.2338274032957129
0.2036996294866281
0.1734286100788479
0.1430623237163429
0.1126492063276795
0.08223804695733251
0.05187788233826102
0.02161789049754294
-0.008492716314563583
-0.03840479907989437
-0.06806939955702684
-0.09743784762264243
-0.1264618681168425
-0.1550936869030395
-0.1832861358519618
-0.2109927564705601
-0.2381679018920506
-0.2647668369585424
-0.2907458361313705
-0.31606227896277
-0.3406747428855821
-0.3645430930702193
-0.3876285691252608
-0.4098938684212007
-0.4313032258156864
-0.4518224895913669
-0.471419193407332
-0.4900626240994269
-0.5077238851688944
-0.5243759558003197
-0.5399937452899758
-0.5545541427486572
-0.5680360619810165
-0.5804204814506095
-0.591690479245583
-0.6018312630022434
-0.6108301947208461
-0.6186768104470245
-0.625362834801905
-0.6308821903531683
-0.6352310018612022
-0.6384075954053101
-0.6404124924352361
-0.6412483988023423
-0.6409201888317995
-0.6394348845344641
-0.6368016300354911
-0.6330316613365723
-0.6281382715296306
-0.6221367715789804
-0.6150444468249526
-0.6068805093459928
-0.5976660463476996
-0.5874239647476707
-0.5761789321257832
-0.5639573142390985
-0.5507871092786852
-0.5366978790724939
-0.5217206774380772
-0.5058879758884315
-0.4892335869161314
-0.4717925850602775
-0.4536012259795854
-0.4346968637538543
-0.4151178666350929
-0.3949035314836161
-0.3740939971022085
-0.3527301566946731
-0.3308535696720338
-0.3085063730255992
-0.2857311924928051
-0.2625710537253567
-0.2390692936763523
-0.2152694724142366
-0.1912152855637916
-0.1669504775763518
-0.142518756020696
-0.1179637070854309
-0.09332871247324299
-0.0686568678590577
-0.04399090308116609
-0.01937310422405001
0.005154762253851823
0.02955152320387237
0.0537766701467652
0.07779042818078546
0.1015538223192271
0.1250287411477881
0.1481779977009811
0.1709653874647053
0.1933557434233199
0.2153149880758435
0.2368101823580749
0.2578095714154552
0.278282627177837
0.2982000877008488
0.3175339932422193
0.3362577190543372
0.3543460048815559
0.3717749811572972
0.3885221919103665
0.4045666143895407
0.4198886754310498
0.4344702645977624
0.448294744120409
0.4613469556847691
0.4736132241125972
0.4850813579993874
0.4957406473716823
0.5055818584251532
0.5145972254197145
0.5227804398064547
0.5301266366721193
0.536632378589091
0.5422956369623252
0.5471157709775628
0.5510935042412736
0.554230899211296
0.5565313295231752
0.5579994503227608
0.5586411667244885
0.5584636004969866
0.5574750550873228
0.5556849790973095
0.553103928325809
0.5497435264973075
0.5456164247862276
0.5407362602528959
0.535117613305559
0.5287759643007505
0.5217276494002642
0.5139898157900736
0.5055803763719189
0.4965179640354126
0.486821885614791
0.4765120756371939
0.4656090499613136
0.4541338594096611
0.4421080434903102
0.4295535842966527
0.4164928606769458
0.4029486027593753
0.3889438469187713
0.3745018912655334
0.3596462517323901
0.3444006188354862
0.3287888151765646
0.3128347537544673
0.2965623971479324
0.2799957176250709
0.2631586582342679
0.2460750949290039
0.2287687997785999
0.2112634053072804
0.1935823699958721
0.175748944981241
0.1577861419880817
0.1397167025252473
0.1215630683703376
0.1033473533603642
0.08509131650603192
0.06681633644588438
0.04854338725322539
0.03029301560241882
0.01208531929729858
-0.006060072836244225
-0.02412401969382101
-0.04208788527630484
-0.05993355472199343
-0.07764344899686373
-0.09520053825451551
-0.1125883538799235
-0.1297909992348052
-0.1467931591242584
-0.1635801080053146
-0.1801377169612234
-0.1964524594657035
-0.212511415963372
-0.2283022772943313
-0.2438133469932352
-0.2590335424964392
-0.2739523952876564
-0.28856005001409
-0.3028472626071819
-0.3168053974443614
-0.3304264235910963
-0.3437029101571162
-0.3566280208013907
-0.3691955074230666
-0.3813997030792612
-0.393235514173165
-0.4046984119465711
-0.41578442331217
-0.4264901210636161
-0.4368126135035611
-0.4467495335303818
-0.4562990272195395
-0.4654597419386162
-0.474230814033286
-0.4826118561184768
-0.4906029440110513
-0.4982046033389367
-0.5054177958619964
-0.5122439055389586
-0.5186847243750098
-0.5247424380876291
-0.5304196116174876
-0.5357191745113588
-0.5406444062067977
-0.5451989212516961
-0.5493866544922423
-0.5532118462513951
-0.5566790275207888
-0.5597930051912016
-0.5625588473483305
-0.5649818686612982
-0.5670676158818871
-0.5688218534739419
-0.5702505493927587
-0.5713598610346384
-0.5721561213774637
-0.5726458253260394
-0.5728356162774918
-0.5727322729211236
-0.5723426962871182
-0.5716738970589292
-0.5707329831588683
-0.5695271476174014
-0.5680636567359123
-0.566349838552451
-0.5643930716212971
-0.562200774110575
-0.5597803932235537
-0.5571393949491309
-0.5542852541458564
-0.5512254449649699
-0.5479674316136177
-0.5445186594599548
-0.5408865464817009
-0.5370784750601146
-0.5331017841224843
-0.5289637616296888
-0.524671637407313
-0.5202325763185474
-0.5156536717766078
-0.510941939595715
-0.5061043121754272
-0.5011476330144543
-0.4960786515497316
-0.4909040183172168
-0.4856302804318049
-0.4802638773785547
-0.4748111371077206
-0.4692782724279099
-0.4636713776930725
-0.457996425779904
-0.4522592653458219
-0.4464656183596741
-0.4406210778979721
-0.434731106199736
-0.4288010329734298
-0.4228360539476346
-0.4168412296577148
-0.4108214844608807
-0.4047816057722856
-0.398726243516047
-0.392659909781512
-0.3865869786765356
-0.3805116863698292
-0.3744381313145917
-0.3683702746461291
-0.3623119407452147
-0.35626681795974
-0.3502384594770607
-0.3442302843389155
-0.338245578591629
-0.3322874965642098
-0.3263590622686877
-0.3204631709153592
-0.3146025905338519
-0.3087799636920646
-0.3029978093075407
-0.2972585245467097
-0.2915643868054186
-0.2859175557624116
-0.2803200754987676
-0.2747738766782424
-0.2692807787838429
-0.2638424924050208
-0.2584606215694469
-0.2531366661147385
-0.2478720240941744
-0.2426679942105954
-0.2375257782738944
-0.2324464836783991
-0.2274311258967125
-0.2224806309847678
-0.2175958380933024
-0.2127775019820805
-0.2080262955336527
-0.2033428122640946
-0.1987275688262896
-0.1941810075016834
-0.1897034986775895
-0.1852953433081471
-0.1809567753573653
-0.1766879642203997
-0.172489017119901
-0.168359981475128
-0.1643008472424783
-0.1603115492258752
-0.1563919693547275
-0.1525419389275891
-0.1487612408200049
-0.1450496116551481
-0.14140674393623
-0.1378322881392562
-0.1343258547656115
-0.1308870163533712
-0.1275153094458404
-0.1242102365162581
-0.1209712678484411
-0.1177978433732637
-0.1146893744605425
-0.1116452456658317
-0.1086648164322754
-0.1057474227467772
-0.1028923787501699
-0.1000989783013182
-0.0973664964955701
-0.09469419113796437
-0.09208130417100004
-0.08952706305685953
-0.08703068211439388
-0.08459136381169331
-0.08220830001510213
-0.07988067319455501
-0.07760765758520652
-0.07538842030597831
-0.07322212243582446
-0.07110792004843705
-0.06904496520592916
-0.06703240691244453
-0.06506939202821778
-0.06315506614460628
-0.06128857442062324
-0.05946906238195623
-0.05769567668330022
-0.05596756583487303
-0.05428388089372271
-0.05264377612077354
-0.05104640960425043
-0.04949094385011648
-0.0479765463404036
-0.04650239006065969
-0.04506765399771961
-0.04367152360812133
-0.04231319125752223
-0.04099185663198418
-0.03970672712251727
-0.03845701818406164
-0.03724195366931863
-0.03606076613782069
-0.03491269714110319
-0.03379699748513151
-0.03271292747096326
-0.03165975711419632
-0.03063676634380009
-0.02964324518104872
-0.02867849389955026
-0.02774182316721088
-0.02683255417072137
-0.02595001872327272
-0.02509355935617544
-0.02426252939497814
-0.02345629302071458
-0.02267422531701802
-0.02191571230401275
-0.02118015095954172
-0.02046694922818295
-0.01977552601855542
-0.01910531118955344
-0.01845574552607589
-0.01782628070484415
-0.01721637925086396
-0.01662551448529481
-0.01605317046494589
-0.01549884191388484
-0.01496203414754408
-0.01444226298991757
-0.01393905468436708
-0.01345194579837015
-0.01298048312269417
-0.01252422356536956
-0.01208273404082618
-0.01165559135454115
-0.0112423820835842
-0.01084270245343223
-0.01045615821142841
-0.01008236449709711
-0.009720945709646505
-0.009371535372962645
-0.009033775998361936
-0.008707318945439578
-0.008391824281235338
-0.008086960638014623
-0.0077924050698693
-0.007507842908268261
-0.007232967616713751
-0.006967480644906373
-0.006711091282587448
-0.006463516513216736
-0.006224480867585914
-0.005993716277594477
-0.005770961930298044
-0.005555964122393669
-0.005348476115297198
-0.005148257990962276
-0.004955076508538306
-0.004768704961973251
-0.004588923038554085
-0.004415516678632683
-0.004248277936901085
-0.004087004845213037
-0.00393150127632778
-0.003781576807716871
-0.00363704658701073
-0.003497731201666463
-0.003363456552413162
-0.00323405372692511
-0.003109358871061502
-0.002989213061316024
-0.002873462181515753
-0.002761956803422393
-0.002654552068936094
-0.002551107573093622
-0.002451487248743438
-0.00235555925340456
-0.002263195858349307
-0.002174273339628679
-0.00208867187109072
-0.002006275419394852
-0.001926971641025532
-0.001850651781372768
-0.001777210575781165
-0.001706546152673337
-0.001638559938666499
-0.001573156565649443
-0.001510243779872093
-0.001449732352985262
-0.001391535995074136
-0.001335571269638936
-0.001281757510486793
-0.00123001674053881
-0.001180273592506495
-0.001132455231456731
-0.001086491279219203
-0.001042313740609832
-0.0009998569314703728
-0.0009590574084580445
-0.0009198539006069223
-0.0008821872426066817
-0.0008460003097903889
-0.0008112379547755774
-0.0007778469457668956
-0.0007457759064697548
-0.0007149752575884542
-0.0006853971598749742
-0.0006569954587299111
-0.0006297256303012113
-0.0006035447290555284
-0.000578411336781593
-0.0005542855130281017
-0.0005311287469355524
-0.0005089039104350254
-0.0004875752127362544
-0.0004671081561647083
-0.0004474694932514892
-0.0004286271850742803
-0.0004105503608112942
-0.0003932092784902784
-0.0003765752869193168
-0.0003606207887084912
-0.000345319204457719
-0.0003306449379806692
-0.0003165733426031868
-0.0003030806885057191
-0.0002901441310414929
-0.0002777416800467572
-0.000265852170124869
-0.0002544552318385178
-0.0002435312638000925
-0.0002330614056670108
-0.0002230275119850949
-0.000213412126858538
-0.0002041984594467066
-0.0001953703602545046
-0.0001869122981736918
-0.0001788093382975724
-0.0001710471204249441
-0.00016361183832311
-0.0001564902196098668
-0.000149669506372774
-0.0001431374363785551
-0.0001368822249481317
-0.0001308925474309347
-0.0001251575222686793
-0.0001196666946117429
-0.0001144100205525324
-0.0001093778518329259
-0.0001045609211245448
-9.995032778951258e-05
-9.553752413519692e-05
-9.131430218853887e-05
-8.727278085841347e-05
-8.340539359906554e-05
-7.970487651245101e-05
-7.616425682601748e-05
-7.277684182417052e-05
-6.953620815389263e-05
-6.643619149998229e-05
-6.347087667165491e-05
-6.063458797856521e-05
-5.792188002196161e-05
-5.532752877324054e-05
-5.284652298936355e-05
-5.047405595481695e-05
-4.820551750212675e-05
-4.603648634332711e-05
-4.396272266816095e-05
-4.19801610322814e-05
-4.008490348722276e-05
-3.82732129864815e-05
-3.654150701981865e-05
-3.488635149857031e-05
-3.330445486141841e-05
-3.179266240133469e-05
-3.034795082005973e-05
-2.896742296087558e-05
-2.764830276971617e-05
-2.638793043091116e-05
-2.518375769662227e-05
-2.403334337942731e-05
-2.293434903553305e-05
-2.188453480648862e-05
-2.088175542341176e-05
-1.99239563518513e-05
-1.900917011562505e-05
-1.813551271553688e-05
-1.730118025494871e-05
-1.650444561463213e-05
-1.574365533973478e-05
-1.501722659150611e-05
-1.432364423294777e-05
-1.366145805473802e-05
-1.302928006326102e-05
-1.242578191943916e-05
-1.184969245819397e-05
-1.12997953104088e-05
-1.077492661995766e-05
-1.027397284549808e-05
-9.795868678919775e-06
-9.339594990032693e-06
-8.904176915357936e-06
-8.488681986196749e-06
-8.092218343874907e-06
-7.713933036934007e-06
-7.353010358697105e-06
-7.008670270662875e-06
-6.680166903890319e-06
-6.366787104169888e-06
-6.067849064333054e-06
-5.782700955715868e-06
-5.510719602876312e-06
-5.251309254764399e-06
-5.003900570975655e-06
-4.767949635904423e-06
-4.542936761562401e-06
-4.328365085142724e-06
-4.123759417954906e-06
-3.928665520198481e-06
-3.742649518177771e-06
-3.565297066499224e-06
-3.396212386359967e-06
-3.235017331935057e-06
-3.081350643796309e-06
-2.934867242361074e-06
-2.795237524806845e-06
-2.662146690487494e-06
-2.535294089325419e-06
-2.414392597292618e-06
-2.299168027585364e-06
-2.18935856153169e-06
-2.08471419685563e-06
-1.984996243189512e-06
-1.889976814648627e-06
-1.799438349638497e-06
-1.713173154857096e-06
-1.630982977151292e-06
-1.552678571570089e-06
-1.478079308602303e-06
-1.407012798490688e-06
-1.339314508424271e-06
-1.274827422202159e-06
-1.213401708632496e-06
-1.154894387707175e-06
-1.099169040771833e-06
-1.046095492722466e-06
-9.955495585110635e-07
-9.47412760464318e-07
-9.015720716836679e-07
-8.579196666510322e-07
-8.163526932796374e-07
-7.767730551133313e-07
-7.390871802019386e-07
-7.032058200748877e-07
-6.690438721057478e-07
-6.365201623551981e-07
-6.05557293198636e-07
-5.760814565931372e-07
-5.480222766176683e-07
-5.213126498349538e-07
-4.958886044937503e-07
-4.716891482459723e-07
-4.486561303014648e-07
-4.267341156490992e-07
-4.058702656810803e-07
-3.860142144572385e-07
-3.671179511894673e-07
-3.491357219553856e-07
-3.320239124342656e-07
-3.157409638399873e-07
-3.002472649802707e-07
-2.855050766270192e-07
-2.714784173146545e-07
-2.581330165478752e-07
-2.454362210328258e-07
-2.333569190735648e-07
-2.218654644639288e-07
-2.109336106524681e-07
-2.005344567267916e-07
-1.906423701891305e-07
-1.812329325043591e-07
-1.722828927843605e-07
-1.637700933630116e-07
-1.556734327994708e-07
-1.47972820723848e-07
-1.406491162332481e-07
-1.336840978420572e-07
-1.270604015723043e-07
-1.207615082840929e-07
-1.14771675825501e-07
-1.090759197715343e-07
-1.036599664948919e-07
-9.851022795282952e-08
-9.361377584303756e-08
-8.895829004680966e-08
-8.453204100929275e-08
-8.032387175700644e-08
-7.632315657556369e-08
-7.251978329395896e-08
-6.890411903028299e-08
-6.546700615463883e-08
-6.219972278777719e-08
-5.909396236628708e-08
-5.614183048428667e-08
-5.333580818110824e-08
-5.066874089576004e-08
-4.813382331475198e-08
-4.572457117495274e-08
-4.343481923333227e-08
-4.125869509160525e-08
-3.919062333514944e-08
-3.72252902207638e-08
-3.535764587654061e-08
-3.358288503294443e-08
-3.189643414062108e-08
-3.029394292682222e-08
-2.877127197373444e-08
-2.732448889595671e-08
-2.594984325860739e-08
-2.464377459586834e-08
-2.340289276370302e-08
-2.222397766980642e-08
-2.110396149807145e-08
-2.003992249389827e-08
-1.902909109324033e-08
-1.806883331939362e-08
-1.715664027441542e-08
-1.629012965188839e-08
-1.546703678956882e-08
-1.468520679571797e-08
-1.394258651653498e-08
-1.323723117775145e-08
-1.256728177612973e-08
-1.193097941284654e-08
-1.132664943648675e-08
-1.075269940693656e-08
-1.020761647621204e-08
-9.689961024190677e-09
-9.19836098960607e-09
-8.731519987549571e-09
-8.288196973201684e-09
-7.867220293598913e-09
-7.467467258798025e-09
-7.087880829325944e-09
-6.72745101567143e-09
-6.385220760185273e-09
-6.060281304069798e-09
-5.751760772585423e-09
-5.458834894299351e-09
-5.18072852878525e-09
-4.916690070159449e-09
-4.666013499057039e-09
-4.428029322247886e-09
-4.202102377810852e-09
-3.987627516395475e-09
-3.784026326402969e-09
-3.590751738180001e-09
-3.407285727411509e-09
-3.233131001300068e-09
-3.067825576890377e-09
-2.910920088354126e-09
-2.761987216898172e-09
-2.620625688823151e-09
-2.486453668030393e-09
-2.359107023589386e-09
-2.238239222913941e-09
-2.123526543133937e-09
-2.01465366187696e-09
-1.911329337787998e-09
-1.813271053266261e-09
-1.720216457007041e-09
-1.631909221023449e-09
-1.548109727783855e-09
-1.468588065643813e-09
-1.39312874835116e-09
-1.321521252544376e-09
-1.253572425716908e-09
-1.189094979198995e-09
-1.127919988112986e-09
-1.069873411540695e-09
-1.014795398017705e-09
-9.6253504429385e-10
-9.129515453546487e-10
-8.659078039713749e-10
-8.212761458760239e-10
-7.789329194217001e-10
-7.387627973809448e-10
-7.006538952374384e-10
-6.645006257425944e-10
-6.302043067409221e-10
-5.976697717856391e-10
-5.66806752961548e-10
-5.375247331813243e-10
-5.09745314712934e-10
-4.833943214434618e-10
-4.583954570160264e-10
-4.346842329438498e-10
-4.12194028150282e-10
-3.908638574862203e-10
-3.706326209031064e-10
-3.514427896152469e-10
-3.33241126743867e-10
-3.159797889372712e-10
-2.996070809421843e-10
-2.840797975547349e-10
-2.69353719304692e-10
-2.553853562326788e-10
-2.421391640414715e-10
-2.295733175141015e-10
-2.176589984345415e-10
-2.063611373585499e-10
-1.956457430936422e-10
-1.854834461695193e-10
-1.758504277224997e-10
-1.667182730947669e-10
-1.580546927845774e-10
-1.4983827803471e-10
-1.420447460510104e-10
-1.346561204072052e-10
-1.276478702721893e-10
-1.210031554245417e-10
-1.147031864037746e-10
-1.087301088205752e-10
-1.030653635033572e-10
-9.769499066022137e-11
-9.260581707414115e-11
-8.777877154306514e-11
-8.320640518260874e-11
-7.88699787249354e-11
-7.475928910426613e-11
-7.086004569729816e-11
-6.716933066609201e-11
-6.366614579646753e-11
-6.034635733478542e-11
-5.719421071676736e-11
-5.420908791600744e-11
-5.137701009247476e-11
-4.869136050100141e-11
-4.614842356906284e-11
-4.373513220446534e-11
-4.144772361474493e-11
-3.927965471640436e-11
-3.722355127249296e-11
-3.526821437295309e-11
-3.342021141888376e-11
