6.699316593703922e-13
4.298768507902621e-13
2.745899880395481e-13
1.708443930216659e-13
9.897640774656326e-14
4.559358076968467e-14
1.206279405255497e-15
-4.115980943041544e-14
-8.765053585188983e-14
-1.444336283764615e-13
-2.183346106367581e-13
-3.17681127808621e-13
-4.538672749984974e-13
-6.40719469619216e-13
-8.976881307118404e-13
-1.250152758017398e-12
-1.732089963029716e-12
-2.388628872654121e-12
-3.279643389216873e-12
-4.483593872271606e-12
-6.104570001287236e-12
-8.277628283755138e-12
-1.118011815550066e-11
-1.504186823964567e-11
-2.016021543019443e-11
-2.691934631501912e-11
-3.581302647954113e-11
-4.747443337691136e-11
-6.27117309720195e-11
-8.255366141145202e-11
-1.083073800492478e-10
-1.416251864082788e-10
-1.845932986104837e-10
-2.39835319180084e-10
-3.106422670313331e-10
-4.011327603129352e-10
-5.164415240061644e-10
-6.629627112967976e-10
-8.486259592842234e-10
-1.08325128770819e-09
-1.378960734580473e-09
-1.750688903986422e-09
-2.216781448470746e-09
-2.799729227887189e-09
-3.527033813843296e-09
-4.432247297245355e-09
-5.556211255412341e-09
-6.948521222167695e-09
-8.669271678267717e-09
-1.079110634956688e-08
-1.340164247779904e-08
-1.660632102375737e-08
-2.053173840130057e-08
-2.532956891182166e-08
-3.118113526004629e-08
-3.830275475988437e-08
-4.695195228604421e-08
-5.743467398419562e-08
-7.011365915797097e-08
-8.541811133641586e-08
-1.038548720046985e-07
-1.260212880420421e-07
-1.526200090030642e-07
-1.844759696219588e-07
-2.225558402476236e-07
-2.67990264988332e-07
-3.220992397774265e-07
-3.86421016109365e-07
-4.627449662488146e-07
-5.531488858337287e-07
-6.600412482749792e-07
-7.862090020480171e-07
-9.348715249721527e-07
-1.109741440481757e-06
-1.315093040925192e-06
-1.555839149499251e-06
-1.837617312668766e-06
-2.166886297916894e-06
-2.55103393458596e-06
-2.998497457121012e-06
-3.518897559906419e-06
-4.1231875067261e-06
-4.823818703190174e-06
-5.634924265729069e-06
-6.572522209747105e-06
-7.654739994455996e-06
-8.902062277468432e-06
-1.033760383321023e-05
-1.198740970667833e-05
-1.388078478512227e-05
-1.605065507876302e-05
-1.853396311015273e-05
-2.137209990370479e-05
-2.46113761654187e-05
-2.83035353253488e-05
-3.250631117607202e-05
-3.728403290064761e-05
-4.270828030916695e-05
-4.885859210972757e-05
-5.582323002233702e-05
-6.370000147842217e-05
-7.259714366194636e-05
-8.263427276622688e-05
-9.394340519890484e-05
-0.0001066700525263116
-0.0001209743925086542
-0.0001370325193990657
-0.0001550377766783441
-0.0001752021753189324
-0.000197757900562339
-0.0002229589100274669
-0.0002510826258229969
-0.0002824317230907261
-0.0003173360171995706
-0.0003561544514732863
-0.0003992771870545616
-0.0004471277960977237
-0.0005001655590782132
-0.0005588878665271249
-0.000623832724984064
-0.0006955813663533318
-0.0007747609592448113
-0.0008620474201474446
-0.0009581683215188828
-0.001063905893049807
-0.00118010011145814
-0.00130765187330042
-0.001447526246175525
-0.001600755796653695
-0.001768443984345426
-0.001951768611538373
-0.002151985318078599
-0.002370431110031011
-0.002608527909356187
-0.002867786110465528
-0.003149808128083131
-0.003456291919335381
-0.003789034461431337
-0.004149935164955884
-0.004540999205017974
-0.00496434078470902
-0.005422186323263682
-0.00591687751063015
-0.006450874169970915
-0.007026756919459529
-0.00764722962979975
-0.008315121655767409
-0.009033389803087655
-0.00980512000232424
-0.01063352865856337
-0.01152196365234075
-0.01247390496275846
-0.0134929648777735
-0.01458288776646817
-0.01574754937679549
-0.01699095563191443
-0.01831724089509011
-0.01973066566775563
-0.02123561369845937
-0.02283658846578467
-0.02453820901163378
-0.02634520509820747
-0.02826241165610074
-0.03029476250855918
-0.03244728333881317
-0.03472508388521676
-0.03713334934567935
-0.03967733096617103
-0.04236233581085989
-0.04519371568939541
-0.04817685523971865
-0.05131715916117574
-0.05462003858516906
-0.05809089659941405
-0.06173511291419985
-0.06555802768714133
-0.06956492451915336
-0.07376101262622914
-0.07815140822675785
-0.08274111514931554
-0.0875350046999058
-0.09253779482302663
-0.09775402858109271
-0.1031880520178715
-0.1088439914304016
-0.1147257301144975
-0.1208368846418583
-0.1271807807132828
-0.1337604286800316
-0.1405784987775096
-0.1476372961621145
-0.1549387358319256
-0.1624843174946222
-0.1702751005000999
-0.1783116788980101
-0.1865941567322706
-0.1951221236715509
-0.2038946310544364
-0.2129101684878301
-0.2221666410681863
-0.2316613473512602
-0.2413909581804087
-0.2513514964604691
-0.2615383180292825
-0.2719460936964153
-0.2825687925796673
-0.2933996668504542
-0.3044312379713786
-0.3156552845775399
-0.3270628320621771
-0.3386441439924304
-0.3503887154557159
-0.3622852684036112
-0.374321749132475
-0.3864853279393879
-0.3987624010611863
-0.4111385949736134
-0.4235987730873906
-0.4361270449519143
-0.4487067779738154
-0.4613206117306624
-0.4739504749216683
-0.4865776049498491
-0.4991825702075313
-0.5117452950293718
-0.5242450873516455
-0.5366606690745274
-0.5489702090740061
-0.5611513588901962
-0.5731812910040128
-0.585036739688798
-0.5966940443821641
-0.6081291954761425
-0.6193178825049253
-0.6302355445861459
-0.6408574230485125
-0.6511586161386322
-0.6611141356540905
-0.6706989654304893
-0.6798881214891301
-0.6886567137284285
-0.6969800090045678
-0.7048334954081054
-0.7121929476274842
-0.719034493155807
-0.725334679162261
-0.7310705398370489
-0.7362196640226175
-0.7407602630418609
-0.7446712383814186
-0.7479322488231344
-0.7505237768274827
-0.7524271944476696
-0.7536248293974576
-0.7541000300156823
-0.753837226806775
-0.7528219903977903
-0.7510410885412609
-0.748482544690138
-0.7451356951469821
-0.7409912417549579
-0.7360412999150024
-0.7302794438384109
-0.7237007498467682
-0.7163018367020529
-0.7080809023027381
-0.6990377565686952
-0.6891738505521606
-0.6784923017389172
-0.6669979153140014
-0.6546972012527722
-0.6415983871262936
-0.6277114265208052
-0.6130480030243572
-0.5976215296720512
-0.5814471438055913
-0.5645416973031975
-0.5469237421361939
-0.5286135112639752
-0.5096328948421183
-0.4900054117730999
-0.4697561766294958
-0.4489118619818387
-0.4275006562106492
-0.4055522168600792
-0.3830976196366772
-0.3601693031568056
-0.3368010095492764
-0.3130277210586924
-0.2888855927847451
-0.2644118817275435
-0.2396448723098567
-0.2146237985518853
-0.1893887631027054
-0.1639806533282433
-0.1384410546789793
-0.1128121615631563
-0.08713668595730722
-0.06145776400229762
-0.03581886083166762
-0.01026367389201176
0.01516396498174466
0.04042018846844627
0.06546119336823673
0.09024334064109228
0.1147232555989295
0.1388579279729732
0.1626048115766513
0.1859219232908196
0.20876794109164
0.2311023008477726
0.2528852916163882
0.2740781491689519
0.2946431474919607
0.3145436880014578
0.3337443862270711
0.3522111557253748
0.3699112889838334
0.3868135350982649
0.4028881740025516
0.4181070870516959
0.4324438237659649
0.4458736645500463
0.458373679228446
0.4699227812306742
0.4805017772871803
0.4900934125061507
0.4986824107101801
0.5062555099416105
0.5128014930379271
0.5183112132070415
0.5227776145441473
0.5261957474436847
0.5285627788906191
0.5298779976044263
0.5301428140388701
0.5293607552531893
0.5275374546814154
0.5246806368545012
0.5208000971243364
0.515907676468625
0.5100172314625081
0.5031445995082651
0.495307559441058
0.486525787629408
0.4768208097145891
0.4662159481361435
0.4547362655942436
0.4424085046231332
0.4292610234479566
0.415323728317429
0.400628002507431
0.3852066321935516
0.3690937294079643
0.3523246522915686
0.3349359228670459
0.3169651425592642
0.2984509056904675
0.2794327111886582
0.2599508727421241
0.2400464276420919
0.2197610445531578
0.1991369304492185
0.1782167369579855
0.1570434663510112
0.1356603774186714
0.1141108914657229
0.09243849865945168
0.07068666496123592
0.04889873986484649
0.02711786516262573
0.005386884953869918
-0.01625174289621703
-0.03775603364360381
-0.05908456070217313
-0.08019653864193602
-0.1010519039688837
-0.1216113935134824
-0.1418366202640378
-0.161690146488819
-0.1811355540011629
-0.200137511431088
-0.218661838376171
-0.2366755663181931
-0.2541469961958863
-0.2710457525354307
-0.2873428340516211
-0.3030106606447726
-0.3180231167329529
-0.3323555908600601
-0.3459850115341625
-0.3588898792611978
-0.3710502947493142
-0.3824479832732199
-0.3930663151910067
-0.4028903226199498
-0.4119067122865808
-0.4201038745749995
-0.4274718888117603
-0.4340025248259606
-0.4396892408368447
-0.4445271777286645
-0.448513149778944
-0.4516456319184499
-0.453924743603315
-0.4553522293933667
-0.4559314363331368
-0.4556672882337466
-0.4545662569655696
-0.4526363308738859
-0.4498869804388391
-0.4463291213033148
-0.4419750747948585
-0.4368385260766435
-0.4309344800588025
-0.4242792152103233
-0.4168902354113009
-0.408786219983543
-0.3999869720425767
-0.390513365317726
-0.3803872895932602
-0.3696315949163205
-0.3582700347099919
-0.3463272079352586
-0.3338285004503653
-0.3208000257188336
-0.3072685650081421
-0.2932615072133156
-0.2788067884426582
-0.2639328315052717
-0.2486684854400334
-0.2330429652161287
-0.2170857917272526
-0.2008267322025757
-0.184295741157893
-0.1675229020077112
-0.1505383694500583
-0.1333723127289296
-0.1160548598780271
-0.09861604304650654
-0.08108574500290779
-0.06349364690663045
-0.04586917743087633
-0.0282414633171705
-0.01063928143570363
0.006908987578733238
0.02437540405061617
0.04173251228804991
0.05895338185416504
0.07601164703725864
0.09288154447594281
0.1095379489006852
0.1259564069589091
0.1421131690969914
0.1579852194755526
0.1735503038989318
0.1887869557450972
0.203674519888844
0.218193174617421
0.2323239515376656
0.2460487534781783
0.2593503703956428
0.2722124932997925
0.284619726216444
0.2965575962089362
0.3080125614842217
0.31897201761261
0.3294243018915769
0.3393586958892367
0.3487654262051353
0.3576356634899706
0.3659615197679889
0.3737360441093347
0.3809532167045096
0.387607941388264
0.3936960366626897
0.3992142252737595
0.4041601224002384
0.4085322225164718
0.4123298849841403
0.4155533184304243
0.4182035639731458
0.4202824773564222
0.4217927100620789
0.4227376894563099
0.4231215980331419
0.4229493518175375
0.4222265779918353
0.4209595918105835
0.4191553728637772
0.4168215407500222
0.4139663302209743
0.4105985658581013
0.406727636343266
0.4023634683805929
0.3975165003273969
0.3921976555911281
0.386418315848561
0.380190294143649
0.3735258079150803
0.3664374520049799
0.3589381716989287
0.3510412358459054
0.3427602101063091
0.3341089303722201
0.3251014764033229
0.3157521457204661
0.3060754277977595
0.2960859785932254
0.285798595452651
0.2752281924210092
0.2643897759942385
0.253298421342287
0.2419692490332964
0.2304174022851648
0.2186580247696293
0.2067062389924091
0.1945771252714436
0.1822857013339432
0.1698469025489408
0.1572755628108746
0.1445863960888099
0.131793978654785
0.1189127320030566
0.1059569064683436
0.09294056555046375
0.07987757095149407
0.0667815683301554
0.05366597377664122
0.04054396100929362
0.02742844929336807
0.0143320920807304
0.001267266368078666
-0.01175393723010503
-0.02471972369899165
-0.03761860213744852
-0.05043939357576288
-0.06317123810534102
-0.07580360132961046
-0.0883262801463361
-0.1007294078724209
-0.113003458723175
-0.1251392516585493
-0.137127953609821
-0.1489610821007079
-0.1606305072783779
-0.1721284533697692
-0.1834474995782749
-0.1945805804363032
-0.2055209856307287
-0.2162623593196869
-0.2267986989582702
-0.2371243536496042
-0.2472340220383491
-0.2571227497652225
-0.2667859265016449
-0.2762192825830886
-0.2854188852591099
-0.2943811345793008
-0.3031027589327835
-0.3115808102587058
-0.3198126589458806
-0.3277959884408628
-0.3355287895839107
-0.3430093546895921
-0.3502362713887619
-0.357208416249345
-0.36392494819413
-0.3703853017341817
-0.3765891800329527
-0.3825365478159831
-0.3882276241420086
-0.3936628750530919
-0.3988430061214996
-0.4037689549060371
-0.4084418833306983
-0.4128631699995434
-0.4170344024630212
-0.420957369450119
-0.4246340530783843
-0.4280666210535993
-0.4312574188712509
-0.4342089620315005
-0.4369239282793399
-0.4394051498802665
-0.4416556059430421
-0.4436784147992571
-0.4454768264468876
-0.4470542150654071
-0.4484140716119472
-0.4495599965080027
-0.4504956924241941
-0.4512249571699272
-0.4517516766959506
-0.452079818214397
-0.4522134234407471
-0.4521566019630038
-0.4519135247444824
-0.45148841776617
-0.4508855558113525
-0.4501092563945657
-0.4491638738382663
-0.4480537935024399
-0.4467834261725899
-0.4453572026054781
-0.4437795682323348
-0.4420549780211064
-0.4401878915004739
-0.4381827679473997
-0.436044061738528
-0.433776217867361
-0.4313836676272682
-0.428870824458405
-0.4262420799574898
-0.423501800050554
-0.4206543213292053
-0.4177039475492136
-0.4146549462897167
-0.4115115457719175
-0.4082779318350248
-0.4049582450657678
-0.4015565780798651
-0.3980769729562118
-0.394523418825156
-0.3908998496045102
-0.3872101418762255
-0.3834581129013633
-0.3796475187751636
-0.3757820527233046
-0.3718653435323744
-0.3679009541078594
-0.3638923801566896
-0.3598430489944288
-0.3557563184761721
-0.3516354760456848
-0.3474837378971646
-0.3433042482465196
-0.3391000787106871
-0.3348742277931115
-0.3306296204706234
-0.3263691078781312
-0.322095467087644
-0.3178114009772071
-0.3135195381850042
-0.3092224331470668
-0.3049225662181548
-0.3006223438723332
-0.2963240989773165
-0.292030091138334
-0.2877425071090474
-0.2834634612659508
-0.279194996143278
-0.2749390830269781
-0.2706976226067243
-0.2664724456806255
-0.2622653139075328
-0.2580779206041939
-0.2539118915858078
-0.2497687860478729
-0.2456500974861522
-0.2415572546524627
-0.237491622543606
-0.2334545034202935
-0.2294471378531822
-0.2254707057941563
-0.2215263276712934
-0.2176150655051971
-0.2137379240436557
-0.209895851912017
-0.2060897427776901
-0.2023204365269874
-0.19858872045247
-0.1948953304495034
-0.191240952221481
-0.1876262224903994
-0.1840517302091352
-0.1805180177740099
-0.1770255822382307
-0.1735748765261155
-0.1701663106453618
-0.1668002528951688
-0.1634770310689886
-0.1601969336509396
-0.1569602110046741
-0.1537670765538592
-0.1506177079539572
-0.1475122482542764
-0.144450807047787
-0.1414334616061419
-0.1384602580021046
-0.1355312122275909
-0.1326463113046277
-0.1298055143660504
-0.1270087536738886
-0.1242559356205852
-0.1215469418000613
-0.1188816301369993
-0.1162598359528004
-0.113681372867361
-0.111146033654567
-0.1086535911608532
-0.1062037992801203
-0.103796393900856
-0.1014310937915578
-0.09910760145560328
-0.09682560397441572
-0.09458477383869449
-0.09238476975975624
-0.09022523745859899
-0.08810581043445682
-0.08602611071375928
-0.08398574957953847
-0.08198432828134589
-0.08002143872612531
-0.07809666414958315
-0.07620957976756053
-0.07435975340758354
-0.07254674612159563
-0.07077011278071083
-0.06902940265139489
-0.06732415995265575
-0.06565392439449118
-0.06401823169825609
-0.06241661409942994
-0.06084860083280225
-0.05931371860022156
-0.05781149202117348
-0.05634144406655749
-0.05490309647594917
-0.05349597015867481
-0.05211958557904636
-0.05077346312606964
-0.04945712346777511
-0.04817008789023151
-0.04691187862183033
-0.04568201914328315
-0.0444800344835947
-0.04330545150223123
-0.04215779915760905
-0.04103660876245625
-0.0399414142265352
-0.03887175228706943
-0.03782716272699046
-0.03680718858126849
-0.03581137633167095
-0.03483927609024275
-0.03389044177181677
-0.03296443125599386
-0.0320608065389764
-0.03117913387547883
-0.03031898391094161
-0.02947993180433114
-0.02866155734190954
-0.02786344504220855
-0.02708518425252597
-0.02632636923726732
-0.02558659925838421
-0.02486547864821265
-0.02416261687500851
-0.02347762860136584
-0.02281013373576925
-0.02215975747751916
-0.02152613035534792
-0.02090888826009465
-0.02030767247158633
-0.01972212967987463
-0.01915191200114574
-0.0185966769884768
-0.01805608763768102
-0.01752981238847618
-0.01701752512123922
-0.01651890514949125
-0.01603363720832893
-0.01556141143892541
-0.0151019233693476
-0.01465487389195665
-0.01421996923752364
-0.01379692094621271
-0.01338544583565126
-0.0129852659661729
-0.0125961086034122
-0.01221770617843809
-0.01184979624553704
-0.01149212143772887
-0.01114442942028262
-0.01080647284244255
-0.01047800928748254
-0.01015880122106038
-0.009848615937902646
-0.009547225507048833
-0.009254406715932875
-0.008969941013389555
-0.00869361445156757
-0.008425217626796795
-0.008164545619527643
-0.007911397933584259
-0.00766557843473189
-0.007426895288679894
-0.007195160898578866
-0.006970191842067917
-0.006751808807946077
-0.006539836532555674
-0.006334103735922489
-0.006134443057830932
-0.005940690993795447
-0.005752687831015321
-0.005570277584331137
-0.005393307932289312
-0.005221630153400374
-0.005055099062586938
-0.004893572947798187
-0.004736913506873994
-0.00458498578476836
-0.004437658111214339
-0.004294802038785842
-0.004156292281361102
-0.004022006652976676
-0.003891826007222113
-0.0037656341771931
-0.003643317916010725
-0.003524766837903827
-0.00340987335988268
-0.003298532644028915
-0.003190642540419579
-0.003086103530717988
-0.002984818672438991
-0.002886693543918597
-0.002791636190008493
-0.002699557068471478
-0.002610368997115882
-0.002523987101590806
-0.002440328763861969
-0.002359313571570642
-0.002280863268503263
-0.002204901705784013
-0.002131354792877388
-0.002060150448580395
-0.001991218554291538
-0.001924490912232181
-0.001859901203938114
-0.001797384937987726
-0.001736879389799114
-0.001678323559494877
-0.001621658180371431
-0.001566825727207771
-0.001513770335456203
-0.001462437647652052
-0.001412774710641137
-0.00136473001825015
-0.001318253577853844
-0.001273296895896535
-0.001229812893036973
-0.001187755830203091
-0.001147081275772077
-0.001107746083407555
-0.001069708363152942
-0.001032927446266799
-0.0009973638510407939
-0.0009629792517678185
-0.0009297364489191186
-0.000897599339597969
-0.0008665328881970668
-0.0008365030977521368
-0.0008074769820447191
-0.0007794225384016504
-0.000752308721079349
-0.0007261054152141811
-0.0007007834113986269
-0.000676314380864151
-0.0006526708512355024
-0.0006298261828607809
-0.000607754545707789
-0.0005864308967937366
-0.0005658309581863026
-0.0005459311955265024
-0.0005267087970841236
-0.0005081416533324776
-0.000490208337008064
-0.000472888083685323
-0.0004561607728237722
-0.0004400069093202171
-0.0004244076054872089
-0.0004093445635260273
-0.0003948000584307627
-0.0003807569213390956
-0.0003671985233106694
-0.0003541087595296601
-0.0003414720339358352
-0.0003292732442292257
-0.0003174977672958936
-0.0003061314450151867
-0.000295160570434629
-0.0002845718743322994
-0.0002743525121201984
-0.0002644900511264775
-0.0002549724582142335
-0.0002457880877148973
-0.0002369256697356282
-0.0002283742987570785
-0.0002201234225510037
-0.0002121628314231861
-0.0002044826477277999
-0.0001970733157089204
-0.0001899255915896634
-0.0001830305339654584
-0.0001763794944615245
-0.0001699641086775102
-0.0001637762873496126
-0.0001578082078075682
-0.0001520523056358117
-0.0001465012666205403
-0.0001411480188780673
-0.000135985725270504
-0.000131007775981169
-0.0001262077813619995
-0.0001215795649486183
-0.0001171171567076395
-0.0001128147864782787
-0.0001086668775947361
-0.0001046680407231877
-0.0001008130678485156
-9.709692647282514e-05
-9.351475396103053e-05
-9.006185208729957e-05
-8.673368171816034e-05
-8.352585767400975e-05
-8.043414373211843e-05
-7.7454447792546e-05
-7.458281719363288e-05
-7.181543415308382e-05
-6.914861138128649e-05
-6.657878778615638e-05
-6.410252435496412e-05
-6.171650013314807e-05
-5.941750832908135e-05
-5.720245257273846e-05
-5.50683432485769e-05
-5.301229396598114e-05
-5.103151812850959e-05
-4.912332563301155e-05
-4.728511964580379e-05
-4.551439349080137e-05
-4.380872765203919e-05
-4.216578684358143e-05
-4.058331718714059e-05
-3.905914348636294e-05
-3.75911665766143e-05
-3.617736075609225e-05
-3.481577131632253e-05
-3.350451214315675e-05
-3.224176338656822e-05
-3.102576921703734e-05
-2.985483565412632e-05
-2.8727328452781e-05
-2.764167107832208e-05
-2.659634272648872e-05
-2.558987643097103e-05
-2.462085721363101e-05
-2.368792030257235e-05
-2.278974940859047e-05
-2.192507505313964e-05
-2.109267296241181e-05
-2.029136250576052e-05
-1.952000518449161e-05
-1.87775031821905e-05
-1.806279795345741e-05
-1.737486885278214e-05
-1.67127318318659e-05
-1.607543815676575e-05
-1.546207317974932e-05
-1.487175515221017e-05
-1.430363407214516e-05
-1.375689057447157e-05
-1.323073487006418e-05
-1.272440568827115e-05
-1.223716929333086e-05
-1.17683184986493e-05
-1.131717174598307e-05
-1.088307220276738e-05
-1.046538687761876e-05
-1.006350578799441e-05
-9.676841142918865e-06
-9.304826554122568e-06
-8.946916275601832e-06
-8.602584480994099e-06
-8.271324542754995e-06
-7.952648357197503e-06
-7.646085683582665e-06
-7.351183503002946e-06
-7.067505402852293e-06
-6.79463098622304e-06
-6.532155295033092e-06
-6.279688263597935e-06
-6.036854171516945e-06
-5.803291138869438e-06
-5.578650622030953e-06
-5.362596945891366e-06
-5.154806819420446e-06
-4.954968907567011e-06
-4.76278339556527e-06
-4.577961562006025e-06
-4.400225386294899e-06
-4.229307155339893e-06
-4.064949098590778e-06
-3.906903016274019e-06
-3.754929939429298e-06
-3.608799787411531e-06
-3.468291051844023e-06
-3.333190478631186e-06
-3.203292762980838e-06
-3.07840026852232e-06
-2.95832274642388e-06
-2.842877053954741e-06
-2.731886905406607e-06
-2.625182608517415e-06
-2.522600848096988e-06
-2.423984416188006e-06
-2.329182009140322e-06
-2.238048010764901e-06
-2.150442273154194e-06
-2.066229932052004e-06
-1.985281183077852e-06
-1.907471126054175e-06
-1.83267955805055e-06
-1.760790821265995e-06
-1.691693619553861e-06
-1.625280856793094e-06
-1.561449490577569e-06
-1.500100373273015e-06
-1.441138114485183e-06
-1.384470940577931e-06
-1.330010552901328e-06
-1.277672001002835e-06
-1.227373558368176e-06
-1.179036603604194e-06
-1.132585504329689e-06
-1.087947511743477e-06
-1.045052635624445e-06
-1.003833557393688e-06
-9.642255191282109e-07
-9.261662405366233e-07
-8.895958078623981e-07
-8.544566054369242e-07
-8.206932111237077e-07
-7.882523238783338e-07
-7.570826831520029e-07
-7.27134989165548e-07
-6.983618251113028e-07
-6.707175991538763e-07
-6.441584621314339e-07
-6.186422523211312e-07
-5.941284173419019e-07
-5.705779749732757e-07
-5.479534347894171e-07
-5.262187466421248e-07
-5.053392491126974e-07
-4.852816162146351e-07
-4.660138076339195e-07
-4.475050122386222e-07
-4.29725614675332e-07
-4.126471354241997e-07
-3.962421986920425e-07
-3.804844816990625e-07
-3.653486842618322e-07
-3.508104809439417e-07
-3.368464899561168e-07
-3.234342318900604e-07
-3.105520999314735e-07
-2.981793208576369e-07
-2.862959368263866e-07
-2.74882751257967e-07
-2.639213186319491e-07
-2.533939095235179e-07
-2.432834813256893e-07
-2.335736590459986e-07
