-2.101951727010709e-12
-1.270661478799189e-12
-6.517044879095801e-13
-1.472373222254751e-13
3.16546671329051e-13
8.042599507650747e-13
1.376093608504886e-12
2.096834837170832e-12
3.042776909189026e-12
4.309486124773242e-12
6.01869792303858e-12
8.329722096463976e-12
1.145092955460998e-11
1.565460392374742e-11
2.129697673751711e-11
2.884202487557423e-11
3.889249361808683e-11
5.22292267654848e-11
6.985778635923825e-11
9.30715655540506e-11
1.235272528521118e-10
1.633374029467246e-10
2.151899618523543e-10
2.824915678341538e-10
3.695449685942832e-10
4.817700256056963e-10
6.259708516990831e-10
8.106643646245098e-10
1.046479132919127e-09
1.346641432275907e-09
1.727563778597598e-09
2.209558862659403e-09
2.817693076324761e-09
3.582826792197444e-09
4.542848558772231e-09
5.744162980893298e-09
7.243465885832948e-09
9.109860852541992e-09
1.142737179796585e-08
1.429793668775512e-08
1.784493662829478e-08
2.221737949836205e-08
2.759481923872316e-08
3.419315275450088e-08
4.227141319847727e-08
5.213972015960556e-08
6.416856855652443e-08
7.879964449653653e-08
9.655839215805137e-08
1.180685656095018e-07
1.440690566520176e-07
1.754332655541293e-07
2.131914005973041e-07
2.585561527425765e-07
3.129521754962625e-07
3.78049833443406e-07
4.558037541622353e-07
5.484967907413114e-07
6.587900437917316e-07
7.897796774719214e-07
9.4506131684836e-07
1.128802917742867e-06
1.345827040408311e-06
1.601703605412897e-06
1.902854238189777e-06
2.256669456876384e-06
2.671640047638673e-06
3.157504078905674e-06
3.725411124759916e-06
4.388105396593565e-06
5.160129609595519e-06
6.058051545350455e-06
7.100715402097628e-06
8.30952020041333e-06
9.708727624888612e-06
1.132580186027737e-05
1.319178414860573e-05
1.534170490405725e-05
1.781503637321414e-05
2.065618903643952e-05
2.391505511119521e-05
2.764760265774329e-05
3.191652393320852e-05
3.679194179847995e-05
4.235217810565608e-05
4.868458811654895e-05
5.588646511707917e-05
6.406601947293731e-05
7.334343643197481e-05
8.385201702447205e-05
9.573940639987199e-05
0.0001091689138972838
0.0001243209290687493
0.0001413944377192217
0.0001606086418253577
0.0001822046869058999
0.0002064475000681898
0.0002336277414740019
0.0002640638714076143
0.0002981043344591124
0.0003361298615075943
0.0003785558897319597
0.0004258351063424608
0.0004784601356226756
0.0005369663619266711
0.0006019348840601038
0.0006739956005014612
0.0007538304245395267
0.0008421766276776743
0.0009398303087740522
0.001047649985551661
0.001166560304077942
0.001297555860838074
0.001441705130860408
0.001600154494232415
0.001774132352046138
0.001964953321523846
0.002174022498656742
0.002402839775236369
0.002653004195600304
0.002926218336801065
0.003224292694214721
0.003549150052831437
0.003902829822639594
0.004287492314580885
0.004705422931635107
0.005159036248040184
0.005650879955025725
0.006183638664932773
0.006760137531880821
0.007383345650410295
0.008056379197390101
0.008782504281074969
0.009565139459365509
0.01040785788754121
0.01131438905387342
0.01228862005975313
0.0133345963992379
0.01445652219215294
0.01565875983676203
0.01694582916257996
0.01832240608537122
0.01979332059599003
0.02136355392567339
0.02303823490670235
0.02482263556510962
0.02672216592299725
0.02874236793671609
0.0308889085364421
0.03316757172791875
0.03558424974237814
0.0381449332100435
0.04085570031810003
0.04372270494853431
0.04675216376014247
0.04995034221211263
0.05332353952023681
0.05687807252420353
0.06062025848624797
0.06455639680115234
0.06869274963907264
0.07303552153559591
0.07759083792888495
0.08236472269493966
0.08736307468240455
0.09259164329891378
0.09805600319198143
0.1037615280497774
0.1097133636078387
0.1159163998881231
0.1223752427563284
0.1290941848716449
0.1360771760819931
0.1433277933887455
0.150849210531433
0.1586441673105156
0.1667149387521438
0.1750633041948206
0.1836905164581183
0.192597271163791
0.2017836763557775
0.2112492225474349
0.22099275329499
0.23101243648398
0.2413057364125343
0.2518693868405142
0.262699365148019
0.2737908677083102
0.2851382866758002
0.2967351882748573
0.3085742927674137
0.320647456244027
0.3329456543368984
0.3454589680561991
0.3581765718205216
0.3710867238493935
0.3841767590468161
0.3974330844536759
0.4108411774552419
0.4243855867816277
0.4380499364395963
0.4518169326714341
0.4656683739827979
0.4795851643939205
0.4935473299023186
0.507534038250433
0.521523622044589
0.5354936052128473
0.549420732902936
0.5632810047497264
0.5770497115505814
0.5907014753336288
0.6042102927398797
0.6175495817573737
0.6306922316681961
0.6436106561818132
0.6562768496710885
0.6686624463586438
0.6807387824182046
0.6924769607861582
0.7038479185944373
0.7148224970727624
0.7253715136959946
0.735465836472259
0.7450764601045983
0.7541745838748513
0.7627316910370388
0.7707196294398247
0.7781106932182426
0.7848777052356982
0.7909941000705957
0.796434007289528
0.801172334693281
0.8051848513406746
0.8084482699980605
0.810940328776157
0.8126398716727261
0.8135269276930526
0.8135827883346315
0.8127900830822647
0.8111328526692907
0.8085966198269041
0.8051684572118708
0.8008370523167075
0.7955927690228791
0.7894277055513695
0.7823357485658625
0.7743126232034284
0.7653559389255766
0.7554652308251082
0.7446419959887322
0.7328897247630095
0.7202139272500268
0.7066221556517661
0.6921240212375233
0.6767312038622036
0.6604574541678435
0.6433185910689856
0.6253324967182714
0.6065191061978966
0.5869003894967522
0.5665003259414405
0.5453448729203434
0.5234619296669699
0.5008812954175395
0.4776346216263577
0.4537553583347758
0.4292786949468407
0.4042414956051821
0.3786822292425746
0.3526408944597897
0.3261589394103263
0.2992791768896345
0.2720456948636711
0.2445037626474801
0.216699732987873
0.1886809403115532
0.1604955954092225
0.1321926768548743
0.1038218194522973
0.07543320002648199
0.04707742088191744
0.01880539125721683
-0.009331792880759844
-0.03728297035923009
-0.06499703728496808
-0.0924230701382114
-0.1195104491144993
-0.1462089813545301
-0.1724690236976497
-0.1982416046007204
-0.2234785448649194
-0.2481325768095362
-0.2721574615462853
-0.2955081040019349
-0.3181406653553635
-0.3400126725590383
-0.3610831246158964
-0.3813125953095596
-0.4006633320766852
-0.419099350737851
-0.4365865258117539
-0.4530926761448115
-0.4685876456234391
-0.4830433787239731
-0.4964339906892613
-0.5087358321342039
-0.519927547895682
-0.5299901299826502
-0.5389069644657574
-0.5466638721856399
-0.5532491431745525
-0.5586535646999545
-0.5628704428791422
-0.5658956178045175
-0.567727472162621
-0.568366933340638
-0.5678174690229091
-0.566085076321922
-0.563178264484105
-0.559108031249491
-0.5538878329553136
-0.5475335484845841
-0.5400634371989926
-0.5314980909854092
-0.5218603805811091
-0.5111753963531063
-0.4994703837167279
-0.4867746734103304
-0.473119606832973
-0.4585384566802838
-0.4430663431224675
-0.4267401457770526
-0.4095984117525991
-0.3916812600261824
-0.3730302824395597
-0.3536884416042047
-0.3336999660093957
-0.3131102426424294
-0.2919657074202097
-0.2703137337460212
-0.248202519502756
-0.2256809727915057
-0.2027985967327295
-0.1796053736405683
-0.15615164888571
-0.1324880147550865
-0.1086651946111723
-0.08473392765447481
-0.06074485458387401
-0.03674840444669408
-0.01279468296150531
0.01106663741108594
0.03478642538134707
0.05831619646858055
0.0816082161152306
0.1046156000384288
0.1272924115902503
0.1495937559107983
0.1714758706679451
0.1928962131922032
0.2138135438269478
0.2341880053250583
0.2539811981398937
0.2731562514677265
0.2916778899159082
0.3095124956838091
0.326628166155735
0.3429947668244344
0.3585839794705843
0.3733693455441786
0.3873263047049161
0.400432228487181
0.4126664490746073
0.4240102831801257
0.4344470510484577
0.4439620906052111
0.452542766782657
0.4601784760731521
0.4668606463670991
0.4725827321492868
0.4773402051366533
0.4811305404502696
0.4839531984330265
0.4858096022181861
0.4867031111685181
0.4866389903168853
0.485624375950312
0.4836682374928493
0.480781335832317
0.4769761782498544
0.4722669701178755
0.4666695635370234
0.460201403092608
0.4528814689053127
0.4447302171605453
0.4357695183024775
0.4260225930801205
0.4155139466402464
0.4042693008534501
0.3923155250660808
0.379680565469889
0.3663933732794114
0.3524838319101515
0.3379826833445809
0.3229214538764408
0.3073323794176655
0.291248330546394
0.2747027374759347
0.2577295151187691
0.2403629884183073
0.2226378181149702
0.2045889271076551
0.1862514275691797
0.1676605489652826
0.148851567124127
0.1298597344958596
0.1107202117344441
0.09146800072964552
0.07213787921125195
0.05276433704177462
0.03338151430405058
0.01402314128275379
-0.005277519565935015
-0.02448772956831876
-0.04357532763100138
-0.06250878181104201
-0.08125723859288654
-0.099790569812489
-0.11807941717659
-0.1360952343345812
-0.1538103264665049
-0.1711978873546945
-0.1882320339130555
-0.2048878381569229
-0.2211413566057966
-0.2369696571153009
-0.2523508431369217
-0.2672640754114023
-0.2816895911095345
-0.2956087204418452
-0.3090039007620793
-0.3218586881920367
-0.3341577668036841
-0.3458869553959737
-0.3570332119093801
-0.3675846355259887
-0.3775304665082824
-0.3868610838363541
-0.3955680006992636
-0.4036438579012306
-0.4110824152480278
-0.4178785409838488
-0.4240281993538587
-0.4295284363615457
-0.434377363792733
-0.4385741415831568
-0.4421189586120107
-0.4450130120074376
-0.4472584850392262
-0.4488585236771657
-0.449817211897271
-0.450139545821056
-0.4498314067738767
-0.4488995333430578
-0.4473514925204207
-0.4451956500116332
-0.4424411397919387
-0.4390978329898209
-0.4351763061784089
-0.4306878091544142
-0.4256442322828088
-0.4200580734848894
-0.4139424049488928
-0.407310839632133
-0.400177497623266
-0.3925569724347718
-0.384464297296819
-0.3759149115221916
-0.3669246270019091
-0.3575095948908529
-0.3476862725428378
-0.3374713907538591
-0.3268819213706545
-0.3159350453137202
-0.3046481210634372
-0.2930386536564437
-0.2811242642373772
-0.2689226602095849
-0.2564516060223219
-0.2437288946309989
-0.2307723196647604
-0.2175996483333195
-0.2042285951031217
-0.1906767961684836
-0.1769617847417749
-0.163100967184436
-0.1491115999983967
-0.135010767695512
-0.1208153615586291
-0.1065420593064768
-0.09220730567243626
-0.07782729390521001
-0.06341794819741456
-0.04899490704549839
-0.03457350754274382
-0.02016877060529167
-0.0057953871293656
0.008532294924109736
0.02280028252340725
0.03699494864552196
0.05110304245009685
0.06511169855782993
0.07900844544519914
0.09278121296835665
0.1064183390302898
0.1199085754065658
0.1332410927462431
0.1464054847662581
0.1593917716572428
0.1721904027197253
0.1847922582506031
0.1971886507014257
0.2093713251313397
0.2213324589761
0.2330646611553411
0.2445609705412428
0.2558148538122202
0.2668202027159996
0.2775713307658395
0.2880629693941719
0.2982902635882164
0.3082487670324837
0.3179344367841525
0.3273436275048758
0.3364730852733288
0.3453199410029595
0.3538817034892031
0.3621562521107798
0.3701418292086451
0.377837032166359
0.3852408052154055
0.3923524309876596
0.3991715218379832
0.4056980109588776
0.4119321433109739
0.4178744663906395
0.4235258208531165
0.4288873310098565
0.4339603952212173
0.4387466762065462
0.4432480912905141
0.4474668026007653
0.4514052072330247
0.4550659274016434
0.4584518005935986
0.4615658697417159
0.4644113734313043
0.4669917361558028
0.4693105586336696
0.4713716081981932
0.473178809272613
0.4747362339440815
0.4760480926497167
0.4771187249834151
0.4779525906319789
0.4785542604500628
0.4789284076839199
0.4790797993542317
0.4790132878034816
0.47873380241268
0.4782463414940035
0.4775559643674964
0.4766677836301668
0.475586957619264
0.4743186830719122
0.4728681879848455
0.4712407246791504
0.4694415630741205
0.4674759841715125
0.4653492737512793
0.4630667162805803
0.4606335890370257
0.4580551564477459
0.4553366646439225
0.4524833362322117
0.449500365282502
0.4463929125289903
0.4431661007821949
0.4398250105517922
0.4363746758800596
0.4328200803840576
0.429166153503856
0.4254177669559269
0.421579731387117
0.4176567932252688
0.4136536317232256
0.4095748561943612
0.4054250034374984
0.4012085353461284
0.3969298366966465
0.3925932131118705
0.3882028891976747
0.3837630068510469
0.379277623732704
0.3747507118979823
0.3701861565816293
0.3655877551333593
0.3609592161001312
0.3563041584504706
0.3516261109373293
0.3469285115948096
0.3422147073626323
0.3374879538332184
0.3327514151173137
0.3280081638246435
0.3232611811549687
0.3185133570944952
0.3137674907134395
0.3090262905596985
0.3042923751428648
0.2995682735044418
0.2948564258721487
0.2901591843967217
0.2854788139639302
0.280817493074359
0.2761773147871616
0.2715602877271481
0.2669683371541154
0.2624033060875452
0.2578669564803406
0.2533609704380756
0.248886951482484
0.2444464258573286
0.2400408438715149
0.2356715812747937
0.2313399406628056
0.2270471529098193
0.2227943786270133
0.2185827096425782
0.2144131705005651
0.2102867199757698
0.2062042526013299
0.2021666002056703
0.1981745334575266
0.1942287634186518
0.1903299431017757
0.1864786690300375
0.1826754827951307
0.1789208726127637
0.1752152748733597
0.1715590756863412
0.1679526124172687
0.16439617521758
0.1608900085438472
0.1574343126638508
0.1540292451482255
0.150674922347304
0.1473714208522584
0.1441187789392923
0.140916997995919
0.1377660439283735
0.1346658485488754
0.1316163109416564
0.1286172988073148
0.125668649785245
0.1227701727534632
0.1199216491047492
0.1171228339983293
0.1143734575868955
0.1116732262187219
0.1090218236144921
0.1064189120189078
0.1038641333274527
0.1013571101872183
0.09889744707058408
0.09648473132166348
0.09411853417664119
0.09179841175870138
0.08952390604671788
0.08729454581736214
0.08510984756067035
0.08296931636930081
0.08087244680158887
0.07881872371866447
0.07680762309618569
0.07483861281085437
0.07291115340113921
0.07102469880157562
0.06917869705251506
0.06737259099001287
0.06560581891514874
0.06387781523181524
0.06218801103803945
0.06053583469414017
0.05892071241072808
0.05734206885050645
0.05579932768494514
0.05429191205859314
0.05281924501956266
0.05138074996907313
0.04997585112646124
0.04860397396977357
0.04726454563664036
0.04595699530097644
0.04468075453487512
0.04343525765599546
0.04221994205714331
0.04103424851751312
0.03987762149679383
0.03874950941303282
0.03764936490471925
0.03657664507753321
0.03553081173631348
0.03451133160252554
0.03351767651729998
0.0325493236305616
0.03160575557702662
0.03068646063977938
0.02979093290154407
0.02891867238371184
0.02806918517364813
0.02724198354080356
0.02643658604218174
0.02565251761739351
0.0248893096736981
0.02414650016136318
0.02342363363978345
0.02272026133470883
0.02203594118695392
0.02137023789296949
0.02072272293762354
0.0200929746194386
0.01948057806854788
0.01888512525776697
0.01830621500717021
0.01774345298245816
0.01719645168733981
0.01666483045017472
0.01614821540522847
0.01564623946890257
0.01515854231118413
0.01468477032252545
0.01422457657634073
0.01377762078743048
0.01334356926649586
0.01292209487104203
0.0125128769528627
0.01211560130242743
0.01172996009028843
0.01135565180570188
0.01099238119264717
0.01063985918347721
0.0102978028303236
0.00996593523449363
0.009643985473975375
0.009331688529272327
0.009028785207682971
0.008735022066178095
0.008450151333038974
0.008173930828337606
0.007906123883430195
0.007646499259558424
0.007394831065777618
0.007150898676250748
0.006914486647035351
0.00668538463242856
0.006463387301014134
0.006248294251503271
0.006039909928434852
0.005838043537870643
0.005642508963131574
0.005453124680671431
0.005269713676119963
0.005092103360600037
0.004920125487403428
0.004753616069063928
0.004592415294905254
0.004436367449116236
0.004285320829360617
0.004139127666030734
0.003997644042137765
0.003860729813899379
0.003728248532075048
0.00360006736405076
0.003476057016799755
0.003356091660713221
0.003240048854298094
0.003127809469703988
0.003019257619181826
0.002914280582534698
0.002812768735534642
0.002714615479374353
0.002619717171014962
0.002527973054606454
0.002439285193933646
0.002353558405876937
0.002270700194970018
0.002190620688978171
0.002113232575563988
0.002038451039985734
0.001966193703868164
0.001896380565046372
0.001828933938500255
0.001763778398332546
0.001700840720854101
0.001640049828682794
0.001581336735956997
0.001524634494586903
0.001469878141556794
0.001417004647282294
0.001365952864974863
0.001316663481065518
0.00126907896664686
0.001223143529965116
0.001178803069888877
0.001136005130359027
0.001094698855817957
0.001054834947668565
0.001016365621646271
0.0009792445661768779
0.0009434269016508661
0.0009088691406385884
0.000875529149011556
0.0008433661079658208
0.0008123404769360545
0.0007824139574166999
0.0007535494575932252
0.0007257110578796726
0.0006988639772546606
0.0006729745404154949
0.0006480101457240687
0.0006239392339745116
0.0006007312580406687
0.0005783566532728156
0.0005567868084011432
0.0005359940369771926
0.0005159515499083434
0.0004966334298268458
0.0004780146059885153
0.0004600708268584348
0.0004427786312062857
0.0004261153242956917
0.0004100589673637001
0.0003945883673247343
0.0003796830442442142
0.0003653231811180283
0.0003514895872134589
0.0003381636982070357
0.0003253275823315058
0.0003129639264387691
0.0003010560050866675
0.0002895876527905241
0.0002785432468201386
0.0002679076928748315
0.0002576664094446825
0.0002478053109109503
0.0002383107912300066
0.0002291697086426882
0.0002203693709758644
0.0002118975212608581
0.0002037423236965642
0.0001958923500023639
0.0001883365662251427
0.0001810643199401101
0.0001740653278200618
0.0001673296635851746
0.0001608477462981922
0.0001546103290217136
0.0001486084878333985
0.0001428336111489564
0.0001372773893795664
0.0001319318049113652
0.0001267891223989446
0.0001218418793291028
0.0001170828769152392
0.0001125051712412191
0.0001081020647028697
0.0001038670977065608
9.979404063654805e-05
9.587688605652499e-05
9.210984117948713e-05
8.848732055773923e-05
8.500393903216778e-05
8.165450486949741e-05
7.843401314428651e-05
7.533763933287142e-05
7.23607331015936e-05
6.949881230250243e-05
6.674755716479053e-05
6.410280466752742e-05
6.156054309979143e-05
5.911690681156484e-05
5.676817111211515e-05
5.451074734638259e-05
5.234117814087566e-05
5.025613280682556e-05
4.825240287635759e-05
4.632689780730418e-05
4.447664082776648e-05
4.26987649087435e-05
4.099050887991872e-05
3.934921367751117e-05
3.777231870829697e-05
3.625735835078173e-05
3.480195856316987e-05
3.340383361503576e-05
3.206078290595261e-05
3.07706879463367e-05
2.953150937016556e-05
2.83412841179569e-05
2.71981226540841e-05
2.610020633572547e-05
2.504578484140939e-05
2.403317368150794e-05
2.306075182240113e-05
2.212695936941354e-05
2.123029534093626e-05
2.036931552311386e-05
1.954263038912287e-05
1.87489030991368e-05
1.798684756282286e-05
1.725522658711291e-05
1.655285006780566e-05
1.587857325042815e-05
1.523129507115909e-05
1.460995652850089e-05
1.40135391296066e-05
1.344106338968513e-05
1.289158737963238e-05
1.236420533388567e-05
1.185804630788032e-05
1.137227286791344e-05
1.090607984307314e-05
1.045869312384891e-05
1.002936850032247e-05
9.617390524094743e-06
9.222071451443783e-06
8.842750177003849e-06
8.478791252555546e-06
8.129583900117857e-06
7.794541093054779e-06
7.473098652454552e-06
7.164714382829818e-06
6.868867234179184e-06
6.585056507902922e-06
6.312801075364792e-06
6.051638634388373e-06
5.801124993882794e-06
5.560833374493502e-06
5.330353755334804e-06
5.109292230752759e-06
4.897270380390825e-06
4.693924683676113e-06
4.498905956522616e-06
4.311878783854104e-06
4.132520998159584e-06
3.96052316887411e-06
3.795588107090911e-06
3.637430394062212e-06
3.485775926950593e-06
3.340361477686315e-06
3.200934271943156e-06
3.067251596967996e-06
2.939080385391085e-06
2.816196855354298e-06
2.698386153586554e-06
2.585441994274511e-06
2.477166331383042e-06
2.373369034533414e-06
2.273867584924525e-06
2.178486768130436e-06
2.087058392662969e-06
1.999421017007871e-06
1.915419683455651e-06
1.834905655646919e-06
1.757736183946014e-06
1.683774265545257e-06
1.612888410851268e-06
1.544952439453507e-06
1.479845258399739e-06
1.417450665540532e-06
1.357657152899916e-06
1.300357733691957e-06
1.245449737936088e-06
1.1928346730737e-06
1.14241802815005e-06
1.094109125719657e-06
1.047820984161949e-06
1.003470141871242e-06
9.609765423178233e-07
9.202633864876383e-07
8.812569965068247e-07
8.438867103653327e-07
8.080847418181902e-07
7.737860725413745e-07
7.409283433081983e-07
7.094517416691414e-07
6.792989041336093e-07
6.504148176995224e-07
6.227467190597555e-07
5.962440123774404e-07
5.708581798727419e-07
5.465426928782725e-07
5.232529392558352e-07
5.009461321875676e-07
4.795812640610096e-07
4.591189916468665e-07
4.39521611473905e-07
4.207529627858645e-07
4.027783850399476e-07
3.855646428285486e-07
3.690798778405915e-07
3.532935456558635e-07
3.381763738622385e-07
3.237002944565505e-07
3.098384018999785e-07
2.965649091508348e-07
2.838550925611871e-07
2.716852626624078e-07
2.600327100332261e-07
2.48875664729446e-07
2.381932743077416e-07
2.279655399965177e-07
2.181733063017156e-07
2.087982091314791e-07
1.998226522781148e-07
1.912297681523988e-07
1.830033971708537e-07
1.751280579209997e-07
1.675889116446163e-07
1.603717427175987e-07
1.534629223435846e-07
1.468494052912355e-07
1.4051868318953e-07
1.344587716570744e-07
1.286581915026692e-07
1.231059447096109e-07
1.177914959514653e-07
1.127047507913604e-07
1.078360322899711e-07
1.03176079427917e-07
9.871601961183852e-08
9.444735037879632e-08
9.036192916500712e-08
8.645195633392185e-08
8.270995975369804e-08
7.91287863473341e-08
7.570157911623275e-08
7.242177109469228e-08
6.928307519342604e-08
6.627946825754268e-08
6.340518257581321e-08
6.065469705311284e-08
5.802272767383177e-08
5.550419905659702e-08
5.309426705929167e-08
5.078827741452133e-08
4.85817849575883e-08
4.647053247634507e-08
4.445043946585932e-08
4.251759726265505e-08
4.066826538353606e-08
3.889886535360363e-08
3.720596213149029e-08
3.558627505417691e-08
3.403665986881869e-08
3.25541063289883e-08
3.113573310657247e-08
2.977878729258826e-08
2.848062160070815e-08
2.72387141913467e-08
2.605063663404433e-08
2.491407587795468e-08
2.382680825744488e-08
