5.038444094472599e-11
5.488008761382575e-11
6.49306002308305e-11
8.119672752959168e-11
1.048825519465093e-10
1.377857434647628e-10
1.823943904857713e-10
2.420264495231705e-10
3.210205914385427e-10
4.24981023734631e-10
5.610908569900065e-10
7.385012647633459e-10
9.688139413462247e-10
1.26667748270763e-09
1.650515998460027e-09
2.143419981534016e-09
2.774228655749789e-09
3.578842599110646e-09
4.601810068187199e-09
5.898238451414482e-09
7.536086751561796e-09
9.598919820203325e-09
1.218919051728739e-08
1.543216275535438e-08
1.948056328397143e-08
2.452011389821632e-08
3.077607043569701e-08
3.852095109481637e-08
4.80836382507443e-08
5.986007515317057e-08
7.432581572202243e-08
9.205071936564071e-08
1.137161174307927e-07
1.401348277602837e-07
1.722744487085442e-07
2.112844122359531e-07
2.585273375547747e-07
3.156153070493317e-07
3.844517453928787e-07
4.672796728007214e-07
5.667371938399485e-07
6.859211630139059e-07
8.28460087039633e-07
9.985974148406122e-07
1.20128646900096e-06
1.44229839815518e-06
1.728344618734779e-06
2.067215323128265e-06
2.467935723287275e-06
2.940941759156805e-06
3.498277086037533e-06
4.153813184206964e-06
4.923495192263397e-06
5.825617955092164e-06
6.881134433004779e-06
8.113998975913947e-06
9.55154864596215e-06
1.122492598326004e-05
1.316954683258086e-05
1.542561706738218e-05
1.803870224740432e-05
2.106035447092406e-05
2.454880089333016e-05
2.856969860236971e-05
3.319696074137474e-05
3.851365898167519e-05
4.461300764454452e-05
5.159943495379046e-05
5.958974708570501e-05
6.871439084825393e-05
7.911882095670061e-05
9.096497801376274e-05
0.0001044328834149791
0.0001197223574570253
0.000137054867021657
0.0001566755091774027
0.0001788551370558766
0.0002038926340080005
0.0002321173413220423
0.0002638916455921643
0.0002996137314182787
0.0003397205045806963
0.0003846906903940163
0.0004350481113606965
0.0004913651476528866
0.0005542663831088364
0.0006244324385748713
0.0007026039933420743
0.000789585994222765
0.0008862520503724709
0.0009935490104087074
0.001112501716502879
0.001244217928086555
0.001389893405457109
0.00155081714094898
0.001728376722392217
0.001924063810293268
0.00213947970650314
0.002376340988087771
0.002636485175631009
0.002921876400519117
0.003234611034382051
0.003576923294066909
0.003951190950618803
0.004359941034565928
0.004805855462129898
0.005291776546445112
0.005820712358633883
0.006395841901635885
0.007020520057576516
0.007698282267312908
0.00843284889877338
0.009228129258659049
0.0100882252001192
0.01101743427716539
0.01202025239472149
0.01310137590153775
0.01426570307153937
0.01551833491766968
0.01686457528085938
0.01830993013547725
0.01986010605142092
0.02152100775196962
0.02329873470563303
0.02519957668946337
0.02723000826090485
0.02939668207788686
0.03170642104874156
0.0341662093774654
0.0367831823838053
0.03956461501244266
0.04251790898104192
0.0456505785213334
0.04897023466980064
0.05248456806702232
0.05620133022741507
0.06012831324407818
0.06427332789693634
0.06864418014034943
0.07324864601361115
0.07809444555944976
0.08318921593122761
0.08854048308563406
0.09415563156555008
0.1000418727085687
0.1062062116761008
0.1126554134198961
0.1193959674837673
0.1264340517185178
0.1337754949700366
0.1414257389056328
0.1493897990951497
0.1576722254037768
0.1662770618891452
0.175207806267161
0.1844673691361142
0.1940580331149943
0.2039814119980407
0.2142384101741482
0.2248291824004069
0.2357530941599243
0.2470086827935896
0.2585936195325258
0.2705046727199419
0.2827376723248281
0.2952874760053264
0.308147936929114
0.32131187348364
0.3347710411842815
0.3485161068775391
0.3625366255035514
0.3768210196208686
0.3913565618119095
0.4061293602757281
0.4211243476731386
0.4363252734644494
0.4517146999119684
0.4672740018295841
0.4829833703586474
0.498821820777378
0.5147672045350723
0.5307962256266849
0.5468844613246425
0.5630063874861484
0.5791354083678266
0.5952438910732274
0.6113032046698696
0.6272837639008841
0.6431550776230309
0.6588858018117554
0.6744437971719469
0.6897961912956578
0.7049094451911644
0.7197494242190546
0.7342814731719224
0.7484704954333996
0.7622810360551531
0.7756773684783339
0.7886235848379127
0.8010836894828182
0.8130216955429445
0.8244017242843721
0.8351881068934667
0.8453454885401204
0.8548389342642861
0.8636340364294044
0.8716970234047503
0.8789948690457992
0.8854954027453894
0.8911674195467133
0.8959807900070226
0.8999065694240524
0.9029171059534645
0.9049861473457288
0.9060889457741859
0.9062023604209167
0.9053049574195055
0.9033771066800211
0.900401075311843
0.8963611171464229
0.891243558050369
0.8850368766569512
0.8777317800809017
0.8693212743642575
0.8598007292241775
0.8491679368493288
0.8374231644434399
0.8245692001698609
0.8106113923202527
0.7955576813825807
0.7794186248423114
0.7622074145223935
0.7439398862449335
0.724634521747084
0.7043124426598689
0.682997396501296
0.6607157346220425
0.637496382033499
0.6133707991749108
0.5883729355866956
0.562539175576941
0.5359082759653
0.508521295993915
0.4804215195992259
0.4516543701636058
0.4222673179571163
0.392309780501549
0.3618330161203338
0.330890011012365
0.2995353600718019
0.2678251417101558
0.2358167870864106
0.2035689443170109
0.1711413382286039
0.138594625593358
0.1059902458679553
0.07339026830973149
0.04085723661998292
0.008454011560760382
-0.02375638876848348
-0.05571095060382966
-0.08734682722930401
-0.1186015020458708
-0.1494129516649186
-0.1797198085813697
-0.2094615228583032
-0.2385785222685806
-0.2670123704068255
-0.2947059223091082
-0.321603477069237
-0.3476509269620234
-0.3727959025991109
-0.3969879136548964
-0.4201784847393513
-0.4423212859713718
-0.4633722578502691
-0.4832897300355077
-0.5020345336536091
-0.5195701068051176
-0.5358625929265395
-0.550880931718601
-0.5645969423663969
-0.5769853987879998
-0.5880240967101847
-0.5976939123561882
-0.60597885259519
-0.6128660964163838
-0.6183460276005335
-0.6224122585279004
-0.6250616450533397
-0.6262942924452574
-0.6261135523968007
-0.6245260111273675
-0.6215414686579036
-0.6171729093355031
-0.6114364637439543
-0.6043513621486888
-0.5959398796363515
-0.5862272731683953
-0.5752417107537539
-0.5630141929986429
-0.549578467304275
-0.5349709349960373
-0.5192305517150604
-0.5023987213845669
-0.4845191841057135
-0.465637898348487
-0.4458029178139014
-0.4250642633777791
-0.4034737905042638
-0.3810850525490198
-0.3579531603771744
-0.3341346387249434
-0.3096872797537348
-0.2846699942294788
-0.2591426607787765
-0.2331659736678567
-0.206801289545721
-0.1801104736022945
-0.153155745578604
-0.1259995260701444
-0.09870428355474301
-0.07133238256765413
-0.04394593344274424
-0.01660664402274808
0.01062432626494417
0.03768650958395663
0.0645202697460386
0.091066938794001
0.1172689497695286
0.1430699653407363
0.1684150019811174
0.1932505494083063
0.2175246850141239
0.2411871830290152
0.264189618186715
0.2864854636741057
0.3080301831693482
0.3287813167988421
0.3486985608542336
0.3677438411396678
0.3858813798371096
0.4030777557925179
0.4193019581551679
0.4345254333149114
0.4487221251129409
0.4618685083161109
0.4739436153572985
0.4849290563754313
0.4948090325965154
0.5035703431266116
0.5112023852402019
0.517697148258663
0.5230492011420951
0.5272556739206621
0.5303162331180571
0.5322330513294197
0.5330107711243114
0.5326564634697956
0.5311795808676624
0.5285919054226833
0.5249074920636898
0.5201426071427458
0.5143156626575973
0.5074471463384717
0.4995595478561162
0.490677281410499
0.4808266049615237
0.4700355363761978
0.45833376675735
0.4457525712318589
0.4323247174725384
0.4180843722227377
0.4030670061003082
0.3873092969535944
0.3708490320478691
0.3537250093506997
0.3359769381759142
0.317645339450381
0.2987714458579263
0.2793971021139651
0.2595646656165871
0.2393169077128618
0.2186969158163783
0.1977479965953012
0.1765135804464336
0.155037127464129
0.1333620351049489
0.1115315477407562
0.08958866827719207
0.06757607200832862
0.04553602286877924
0.02351029223433385
0.001540080412351892
-0.02033405904874254
-0.04207229211091958
-0.06363557394987647
-0.08498571551161338
-0.1060854468350156
-0.1268984770628628
-0.1473895510743491
-0.1675245026826237
-0.1872703043502917
-0.2065951133874922
-0.225468314605298
-0.2438605594095499
-0.2617438013285169
-0.2790913279743146
-0.2958777894496554
-0.3120792232184016
-0.3276730754691429
-0.3426382190082091
-0.3569549677245906
-0.3706050876808537
-0.3835718048857249
-0.3958398098153901
-0.4073952587547673
-0.4182257720320507
-0.4283204292278814
-0.4376697614478643
-0.4462657407584981
-0.4541017668839954
-0.4611726512564295
-0.467474598520042
-0.4730051856004321
-0.4777633384580848
-0.4817493066397192
-0.4849646357332786
-0.4874121378397461
-0.4890958601831956
-0.490021051987948
-0.4901941297427199
-0.4896226409621827
-0.4883152265620171
-0.4862815819713586
-0.4835324171109061
-0.4800794153551203
-0.4759351915874088
-0.4711132494620621
-0.4656279379890883
-0.459494407559591
-0.4527285655218381
-0.4453470314125154
-0.4373670919505149
-0.4288066558933677
-0.41968420885551
-0.4100187681853731
-0.3998298379965995
-0.3891373644478808
-0.3779616913537242
-0.3663235162076184
-0.3542438466977569
-0.341743957793345
-0.3288453494775275
-0.3155697051913509
-0.3019388510511276
-0.2879747159006948
-0.2736992922587754
-0.2591345982182973
-0.2443026403425453
-0.229225377601621
-0.2139246863913263
-0.198422326673865
-0.1827399092760327
-0.1668988643739503
-0.1509204111918817
-0.1348255289380642
-0.1186349289964476
-0.1023690283908916
-0.08604792453487843
-0.06969137127684864
-0.05331875624791573
-0.03694907951574305
-0.02060093354552937
-0.004292484464767948
0.01195854537321538
0.0281348935339871
0.04421977236470708
0.06019688258775469
0.0760504256402659
0.09176511477611986
0.1073261849488898
0.122719401496775
0.1379310676531031
0.1529480309062502
0.1677576882344642
0.1823479902427255
0.1967074442304297
0.2108251162208687
0.2246906319825221
0.2382941770739327
0.2516264959447471
0.264678890126557
0.2774432155487337
0.2899118790131772
0.3020778338629174
0.3139345748801383
0.325476132449701
0.336697066025803
0.3475924569365376
0.358157900562112
0.3683894979227407
0.3782838467120312
0.3878380318125427
0.3970496153278515
0.4059166261656098
0.4144375492061126
0.4226113140914245
0.430437283670679
0.4379152421327716
0.4450453828581838
0.4518282960216425
0.4582649559765656
0.4643567084527105
0.4701052575951473
0.4755126528726786
0.4805812758833319
0.4853138270846651
0.4897133124773468
0.4937830302643958
0.4975265575086555
0.5009477368114882
0.5040506630370017
0.5068396701062093
0.5093193178785381
0.5114943791387493
0.513369826707631
0.5149508206940769
0.5162426959061062
0.5172509494353372
0.5179812284292417
0.5184393180649629
0.5186311297378851
0.5185626894788942
0.5182401266090524
0.5176696626411772
0.5168576004374211
0.5158103136310707
0.5145342363208554
0.5130358530436131
0.5113216890318165
0.509398300760862
0.5072722667899674
0.5049501789003437
0.5024386335337483
0.4997442235360905
0.4968735302075067
0.4938331156569803
0.4906295154601898
0.4872692316222463
0.483758725848038
0.4801044131188817
0.4763126555704595
0.4723897566685915
0.4683419556814588
0.4641754224473153
0.4598962524342952
0.4555104620875596
0.4510239844609928
0.4464426651272904
0.4417722583603768
0.4370184235851935
0.4321867220911632
0.4272826140057163
0.422311455520175
0.4172784963609103
0.4121888774997654
0.4070476290986677
0.4018596686838203
0.3966297995410107
0.3913627093237185
0.3860629688674471
0.3807350312055624
0.3753832307820786
0.3700117828521845
0.3646247830618575
0.3592262071998628
0.3538199111165037
0.3484096308034564
0.3429989826267374
0.3375914637058048
0.3321904524320229
0.3267992091200745
0.3214208767862031
0.3160584820464968
0.3107149361298214
0.305393035998958
0.3000954655722233
0.2948247970386682
0.2895834922618302
0.2843739042671878
0.2791982788076227
0.2740587560010981
0.2689573720359069
0.2638960609371797
0.2588766563886441
0.2539008936046845
0.2489704112486355
0.2440867533935061
0.239251371519513
0.234465626543165
0.229730790873701
0.2250480504939466
0.2204185070629271
0.2158431800348593
0.2113230087896957
0.2068588547717549
0.2024515036337967
0.1981016673836042
0.1938099865298703
0.1895770322250469
0.1854033084022516
0.1812892539027734
0.1772352445913564
0.1732415954572219
0.1693085626990841
0.1654363457920716
0.1616250895341966
0.1578748860707613
0.154185776894599
0.150557754819883
0.1469907659281122
0.1434847114860563
0.1400394498355355
0.136654798252431
0.1333305347721404
0.1300663999807316
0.1268620987725613
0.1237173020747665
0.1206316485365777
0.1176047461815227
0.1146361740221867
0.1117254836380495
0.1088722007168313
0.1060758265581881
0.1033358395388998
0.100651696539413
0.09802283433228984
0.09544867093288946
0.09292860691190707
0.09046202666974311
0.08804829967283921
0.08568678165185448
0.08337681576155401
0.08111773370319159
0.07890885681046478
0.0767494970993282
0.07463895828130963
0.0725765367405047
0.07056152247491473
0.06859320000254246
0.06667084923277937
0.06479374630400037
0.06296116438844519
0.06117237446429634
0.05942664605510619
0.05772324793717357
0.0560614488158799
0.05444051797172274
0.05285972587660641
0.05131834478113283
0.04981564927346999
0.04835091681042015
0.04692342822119226
0.0455324681847446
0.04417732568147782
0.04285729441998282
0.04157167323933597
0.04031976648754558
0.03910088437689615
0.03791434331693897
0.03675946622584803
0.03563558282084124
0.03454202988860288
0.03347815153606611
0.03244329942182666
0.03143683296886979
0.03045811955968193
0.0295065347145563
0.02858146225349108
0.02768229444211767
0.02680843212231147
0.02595928482807376
0.02513427088730204
0.02433281751000544
0.02355436086369294
0.02279834613639213
0.02206422758768532
0.02135146858794814
0.02065954164678472
0.01998792843256498
0.01933611978309557
0.0187036157046162
0.01808992535513345
0.0174945670194777
0.01691706808879931
0.01635696504269754
0.01581380341721134
0.01528713774568109
0.01477653148998691
0.01428155697724492
0.01380179534090302
0.01333683645511999
0.01288627885851725
0.01244972967187811
0.01202680451263997
0.01161712740636601
0.01122033069451986
0.01083605493850419
0.0104639488204951
0.01010366904145242
0.009754880216535436
0.009417254768211062
0.009090472817283809
0.008774222072058881
0.008468197715740698
0.008172102292309713
0.007885645591153971
0.007608544530727453
0.007340523041335078
0.007081311947117904
0.006830648847464548
0.006588277997965316
0.006353950191202933
0.006127422637372208
0.005908458844930338
0.005696828501381306
0.005492307354305273
0.00529467709279734
0.005103725229353903
0.004919244982392283
0.00474103515940355
0.004568900040914171
0.0044026492652402
0.004242097714161363
0.004087065399618442
0.003937377351459523
0.003792863506321533
0.003653358597658951
0.003518702047015819
0.003388737856606492
0.00326331450320974
0.003142284833449833
0.003025505960467173
0.002912839162029771
0.002804149780099759
0.002699307121897363
0.002598184362455632
0.002500658448768588
0.002406610005459405
0.002315923242023192
0.002228485861644318
0.002144188971610457
0.002062926995330717
0.001984597585913891
0.001909101541412036
0.001836342721633002
0.001766227966556161
0.001698667016361804
0.001633572433066711
0.001570859523729426
0.001510446265239368
0.001452253230682974
0.001396203517275805
0.001342222675852796
0.001290238641896003
0.001240181668077494
0.001191984258323368
0.001145581103377925
0.001100909017818564
0.001057906878569681
0.001016515564839067
0.0009766778994813733
0.0009383385917765988
0.0009014441815873697
0.0008659429848810608
0.0008317850406141184
0.0007989220589323732
0.0007673073706707217
0.0007368958781627724
0.0007076440072758338
0.0006795096607150911
0.0006524521725245301
0.0006264322638031434
0.0006014119995656078
0.0005773547467878793
0.0005542251335766386
0.000531989009441386
0.0005106134066385459
0.0004900665026101767
0.0004703175834132089
0.0004513370082296338
0.0004330961748360803
0.0004155674860556231
0.0003987243171737849
0.0003825409842625441
0.0003669927134560644
0.0003520556110907115
0.0003377066347218381
0.0003239235649840402
0.0003106849783026195
0.0002979702203952316
0.0002857593805579073
0.0002740332667391177
0.0002627733813694285
0.0002519618979087337
0.0002415816381071347
0.0002316160499864025
0.0002220491864639058
0.0002128656846755869
0.000204050745913732
0.0001955901161980088
0.0001874700674664935
0.0001796773793311866
0.0001721993214593923
0.0001650236364715666
0.0001581385233978497
0.0001515326216879816
0.0001451949957023498
0.0001391151197157821
0.0001332828634335177
0.0001276884779458086
0.0001223225821565319
0.000117176149666992
0.0001122404960762041
0.0001075072667044876
0.0001029684247472999
9.86162397883188e-05
9.444327673936305e-05
9.044238511154976e-05
8.660668868199314e-05
8.292957548127916e-05
7.940468814537791e-05
7.602591458758011e-05
7.278737902077335e-05
6.9683433212373e-05
6.670864806550393e-05
6.385780548922914e-05
6.112589072040745e-05
5.850808488965902e-05
5.599975747502426e-05
5.359645875380377e-05
5.12939130547291e-05
4.908801376530551e-05
4.697481849503434e-05
4.495054170223343e-05
4.301154541776054e-05
4.11543317573133e-05
3.937553992301942e-05
3.767194398998759e-05
3.604044841904374e-05
3.447808172065701e-05
3.298199063880327e-05
3.154943566298523e-05
3.01777869815943e-05
2.886452038359049e-05
2.760721310813173e-05
2.640353985905236e-05
2.52512690468712e-05
2.414825916288607e-05
2.309245528098547e-05
2.208188568289688e-05
2.111465861576665e-05
2.018895915512253e-05
1.930304620725943e-05
1.84552496081395e-05
1.764396732698705e-05
1.686766280071905e-05
1.612486233074174e-05
1.541415261189473e-05
1.473417833872664e-05
1.408363989259592e-05
1.346129114678192e-05
1.286593732927708e-05
1.229643296896577e-05
1.175167994319705e-05
1.123062556345378e-05
1.073226077087584e-05
1.025561837857062e-05
9.799771386185153e-06
9.363831359889307e-06
8.946946883140801e-06
8.548302055854909e-06
8.167115054282446e-06
7.802636766706525e-06
7.454149442707451e-06
7.120965433561419e-06
6.802425959880262e-06
6.497899941151767e-06
6.206782848549487e-06
5.928495638759388e-06
5.662483695971151e-06
5.408215834201151e-06
5.16518334364397e-06
4.932899045617526e-06
4.710896433490789e-06
4.498728787386523e-06
4.295968376617159e-06
4.102205674888401e-06
3.917048592612035e-06
3.740121767188443e-06
3.571065861113172e-06
3.409536897490726e-06
3.255205619286979e-06
3.107756867563857e-06
2.966889006789262e-06
2.832313348684044e-06
2.703753610167001e-06
2.580945406647416e-06
2.463635737003296e-06
2.351582506361074e-06
2.244554063667611e-06
2.142328781000914e-06
2.044694607409871e-06
1.951448682604243e-06
1.862396935458443e-06
1.777353720020648e-06
1.696141448721111e-06
1.618590261592036e-06
1.544537681104458e-06
1.473828319069068e-06
1.406313556078642e-06
1.341851261400349e-06
1.280305520547776e-06
1.221546355300059e-06
1.165449484775759e-06
1.111896068332338e-06
1.060772484352994e-06
1.011970090677491e-06
9.653850350607616e-07
9.209180175536201e-07
8.784741154410828e-07
8.379625899792695e-07
7.992967065206344e-07
7.623935562376353e-07
7.271738947306372e-07
6.935619807237139e-07
6.614854298708092e-07
6.308750609791062e-07
6.016647632872677e-07
5.737913550301985e-07
5.471944652904652e-07
5.218164080363282e-07
4.976020608434612e-07
4.744987662799426e-07
4.524561976727093e-07
4.314262801716686e-07
4.113630878548728e-07
3.92222743426181e-07
3.739633326910874e-07
3.565448163096176e-07
3.399289474304458e-07
3.24079198755271e-07
3.089606792239418e-07
2.945400614687074e-07
2.80785519666956e-07
2.676666587272813e-07
2.551544455683027e-07
2.432211603701434e-07
2.318403298393744e-07
2.209866817317399e-07
2.106360723517154e-07
2.007654579984171e-07
1.913528381044635e-07
1.823771955992595e-07
1.738184790908275e-07
1.656575317369658e-07
1.578760763162612e-07
1.504566603904678e-07
1.433826227592907e-07
1.36638056322625e-07
1.3020778655431e-07
1.240773204903486e-07
1.182328313212745e-07
1.126611215161498e-07
1.073495888823566e-07
1.022862191085941e-07
9.745953004563501e-08
9.285857871348955e-08
8.847291110682602e-08
8.429255752216044e-08
8.030800836659371e-08
7.651017550639771e-08
7.289040515709569e-08
6.944042207144677e-08
6.615234463857259e-08
6.301864108386773e-08
6.003213937194582e-08
5.718599398538337e-08
5.447366672821012e-08
5.188893085406635e-08
4.942583908102601e-08
4.707871959774594e-08
4.484216348537401e-08
4.271101051461735e-08
4.068033902329485e-08
3.87454494515743e-08
3.690187154531322e-08
3.514533190512404e-08
3.347175825601006e-08
3.187725863705835e-08
3.035813900760648e-08
2.891086184781729e-08
2.753206723131932e-08
2.621853875497543e-08
2.496721361287015e-08
2.377517139607436e-08
2.263962278100319e-08
2.15579128729759e-08
2.052751290095564e-08
1.954600881606141e-08
1.861109627729825e-08
1.772059387827875e-08
1.687239609895953e-08
1.606451164071966e-08
1.529504371288812e-08
1.456217909934843e-08
1.386418928325765e-08
1.319943038120143e-08
1.25663251620819e-08
1.196338494663497e-08
1.138917985901067e-08
1.084235013393818e-08
1.032160117054055e-08
9.825701571932356e-09
9.353476335895515e-09
8.903797289042866e-09
8.475597648251621e-09
8.067858935654169e-09
7.679614081126517e-09
7.309936597822906e-09
6.957944179110778e-09
6.622791748624182e-09
6.30368416476976e-09
5.999856114606836e-09
5.710586017850354e-09
5.435178782668148e-09
5.172975724727764e-09
4.923346816598538e-09
4.685690724231608e-09
4.459439886074921e-09
4.24405055869675e-09
4.039004336412502e-09
3.843808366824121e-09
3.657990385891162e-09
3.481104289142634e-09
3.312720147661405e-09
3.152439221252359e-09
2.999870108428299e-09
2.854640706089455e-09
2.716402281482918e-09
2.584821630283063e-09
2.459577236927413e-09
2.340372229532208e-09
2.226911558331293e-09
2.118926678908265e-09
2.0161550381253e-09
1.918342897687525e-09
1.825250867585263e-09
1.736651672902571e-09
1.652330510217168e-09
1.572080290726789e-09
1.495708288911968e-09
1.423025759765039e-09
1.353854931559674e-09
1.288031879502685e-09
1.225394121051115e-09
1.165788051664449e-09
1.109067710413945e-09
1.055089358064045e-09
1.003726781834701e-09
9.548497064978989e-10
9.083445659427886e-10
8.640938644866685e-10
8.219897822638269e-10
