1.226179460503282e-13
4.910795868597313e-13
9.111474210662383e-13
1.434929921795894e-12
2.121153426759658e-12
3.042644266798325e-12
4.2942981499363e-12
5.999382584452762e-12
8.320856540881255e-12
1.147363721150302e-11
1.574005867388033e-11
2.149175860897546e-11
2.921481092710596e-11
3.95420523142243e-11
5.329697272633154e-11
7.15446420067509e-11
9.565734292608617e-11
1.27399285648334e-10
1.690250684052833e-10
2.234135354332026e-10
2.942200897851014e-10
3.860742768625248e-10
5.048213792096056e-10
6.578121140708175e-10
8.542710497262562e-10
1.105724787656513e-09
1.426547103601768e-09
1.834604439268514e-09
2.352037093391567e-09
3.006212564409e-09
3.830862781967658e-09
4.86745863306458e-09
6.166848999069178e-09
7.791222585505028e-09
9.816456432695407e-09
1.233489915498079e-08
1.545867690279041e-08
1.932362047334582e-08
2.409389772842393e-08
2.996748147315146e-08
3.718258287901348e-08
4.60252117515154e-08
5.683802896352818e-08
7.003070030632811e-08
8.609197187127241e-08
1.056037177135351e-07
1.292572523819219e-07
1.578722143692619e-07
1.92418376566233e-07
2.340407616761381e-07
2.840884948878609e-07
3.441478387590457e-07
4.160799756499996e-07
5.020643004823209e-07
6.046478394869009e-07
7.268015149229165e-07
8.719840587600028e-07
1.044214482252342e-06
1.248154083799379e-06
1.489199073265047e-06
1.773584983377469e-06
2.10850415214854e-06
2.502237666644676e-06
2.964303266429246e-06
3.505620848292356e-06
4.138697319844608e-06
4.877832701545905e-06
5.739349518651962e-06
6.741847655311636e-06
7.906487024685568e-06
9.257300537274823e-06
1.082154003830182e-05
1.263005804182361e-05
1.471772825906571e-05
1.712390810583786e-05
1.989294653302442e-05
2.307474072611432e-05
2.67253453311237e-05
3.090763798971536e-05
3.569204523380155e-05
4.115733293827454e-05
4.739146566115977e-05
5.449253933024664e-05
6.256979184223079e-05
7.174469626663339e-05
8.215214137754289e-05
9.394170432484458e-05
0.0001072790202326726
0.0001223472534971451
0.0001393486754861868
0.0001585063531806045
0.0001800659531344463
0.0002042976648426744
0.0002314982472530506
0.0002619932017181121
0.0002961390741337395
0.0003343258883155694
0.0003769797118855193
0.0004245653549582975
0.0004775892007963512
0.000536602166348491
0.0006022027898157239
0.0006750404512006759
0.0007558187536496379
0.0008452990502692571
0.000944304105752039
0.001053721888707981
0.00117450949010055
0.001307697162101142
0.001454392470552366
0.001615784552958348
0.001793148472635679
0.001987849658262218
0.002201348416644027
0.002435204504961961
0.002691081747226971
0.002970752677965394
0.003276103194488365
0.003609137197278764
0.003971981196199709
0.004366888858307993
0.004796245471104238
0.005262572292989096
0.005768530760653884
0.006316926520958174
0.006910713252751399
0.007552996242618857
0.008247035687206628
0.008996249715147002
0.009804217072836728
0.01067467942424642
0.01161154322163808
0.01261888110299363
0.01370093277041541
0.01486210530214502
0.0161069728493767
0.01744027566757577
0.01886691843071711
0.02039196777697641
0.02202064905228773
0.02375834238017423
0.02561057807410768
0.02758303117027476
0.02968151487811331
0.03191197299488301
0.03428047135469527
0.03679318829980467
0.03945640409170878
0.04227648923529834
0.045259891683494
0.04841312292513655
0.05174274294466672
0.0552553440228996
0.05895753339570729
0.062855914745393
0.06695706854481988
0.07126753126567612
0.07579377344548609
0.0805421766640375
0.0855190094257027
0.09073040199935546
0.09618232025756587
0.1018805385370364
0.1078306116092448
0.1140378457839378
0.120507269233856
0.1272436016159998
0.134251223040599
0.1415341425167089
0.1490959659242681
0.1569398636381466
0.1650685379125553
0.1734841901052404
0.1821884879099894
0.1911825326695624
0.2004668269254769
0.2100412423403965
0.2199049880960913
0.2300565799688198
0.2404938101677955
0.2512137181157171
0.2622125623244624
0.2734857934795457
0.285028028953327
0.2968330288357356
0.3088936736740816
0.3212019440784405
0.3337489022988078
0.3465246759944076
0.3595184442714581
0.372718426175344
0.3861118717792011
0.3996850559518216
0.4134232750092635
0.4273108462937519
0.441331110837759
0.4554664392210722
0.4696982406651498
0.4840069755353382
0.4983721712426873
0.5127724416541042
0.5271855100665491
0.5415882357359922
0.5559566440815362
0.5702659604888721
0.5844906477588964
0.5986044471910169
0.6125804232215698
0.62639101166816
0.6400080714320248
0.6534029396355489
0.6665464901105774
0.6794091950804689
0.6919611900122138
0.7041723414145781
0.7160123174867239
0.7274506614580245
0.7384568673849065
0.7490004583025057
0.7590510664423528
0.768578515358306
0.7775529037351457
0.785944690577957
0.79372478161483
0.8008646165706327
0.8073362570995281
0.8131124751004767
0.818166841071339
0.8224738122910518
0.8260088204530808
0.8287483584993304
0.8306700663521329
0.8317528151886886
0.8319767900321222
0.8313235702737894
0.8297762078663677
0.8273193028871232
0.8239390761293425
0.8196234385026897
0.8143620568859211
0.8081464161932393
0.800969877386827
0.79282773114294
0.7837172469982731
0.7736377176666158
0.762590498315935
0.7505790406028084
0.737608921286355
0.7236878653618879
0.7088257634125671
0.6930346828559911
0.6763288730080133
0.6587247643333846
0.6402409625038591
0.6208982361784806
0.6007194967163801
0.5797297701017605
0.5579561635333097
0.5354278286360326
0.5121759188629794
0.4882335390788178
0.4636356876623704
0.4384191928452684
0.4126226440134627
0.3862863174880772
0.3594520966477551
0.3321633866069779
0.3044650237870929
0.2764031806637101
0.2480252658877026
0.2193798200395348
0.1905164073018562
0.1614855033502623
0.132338379787507
0.1031269854343144
0.07390382481926677
0.04472183421619254
0.01563425558573559
-0.01330549120822667
-0.04204393753630586
-0.07052769611402331
-0.09870359170131879
-0.1265187920021697
-0.1539209383771214
-0.1808582759759893
-0.2072797829049394
-0.2331352980430254
-0.2583756471199847
-0.2829527666834213
-0.3068198255770108
-0.3299313435730065
-0.3522433068057903
-0.3737132796527499
-0.3943005127379393
-0.4139660467274658
-0.4326728116175979
-0.4503857212234808
-0.4670717625814249
-0.4827000800169859
-0.4972420536209157
-0.5106713719137348
-0.5229640984919763
-0.5340987324601306
-0.5440562624970786
-0.5528202143919955
-0.5603766919273586
-0.5667144110028727
-0.5718247269107123
-0.5757016547184237
-0.5783418826982869
-0.5797447787868126
-0.5799123900755854
-0.5788494353500209
-0.5765632907356361
-0.5730639685012188
-0.5683640891137679
-0.5624788466501677
-0.5554259676793705
-0.5472256637705029
-0.5379005777771648
-0.5274757240856722
-0.5159784230240017
-0.5034382296378455
-0.4898868570748097
-0.4753580948065727
-0.4598877219506604
-0.44351341596058
-0.4262746569600016
-0.4082126280224118
-0.3893701116862709
-0.3697913830180635
-0.3495220995400367
-0.3286091883437929
-0.3071007307267665
-0.2850458446744273
-0.2624945655254629
-0.239497725157419
-0.2161068300295884
-0.1923739384262423
-0.1683515372321699
-0.1440924185778052
-0.1196495566845275
-0.09507598523449062
-0.07042467558888367
-0.04574841616909014
-0.02109969331097384
0.003469426107965374
0.02790740997763678
0.05216337391765233
0.0761871916206479
0.0999296023154502
0.1233423151008445
0.1463781099115848
0.1689909348927781
0.1911359999694759
0.2127698664143439
0.2338505322295969
0.2543375131713599
0.2741919192636632
0.2933765266588751
0.3118558447214916
0.3295961782253647
0.3465656845659858
0.3627344259111295
0.3780744162213431
0.3925596630924592
0.4061662043854812
0.4188721396218199
0.4306576561435611
0.4415050500432317
0.4513987418903631
0.4603252872919359
0.4682733823312452
0.4752338639497926
0.4811997053465039
0.4861660064897299
0.4901299798420296
0.4930909314015274
0.4950502371840638
0.4960113152737747
0.4959795935852265
0.494962473486875
0.4929692894429805
0.4900112648474718
0.4861014642135622
0.4812547418951243
0.4754876875243939
0.4688185683585231
0.4612672687373682
0.4528552268415982
0.4436053689510831
0.4335420414067928
0.4226909404812391
0.4110790403683946
0.3987345194958613
0.3856866853676809
0.3719658981446168
0.3576034931668513
0.3426317026272629
0.3270835765929577
0.3109929035751911
0.2943941308438352
0.2773222846779648
0.2598128907431903
0.2419018947783242
0.2236255837732393
0.2050205078115362
0.1861234027440139
0.1669711138566142
0.1476005206888573
0.1280484631540724
0.1083516691048843
0.08854668348001281
0.06866979916282633
0.04875698967280093
0.02884384380518117
0.008965502325794263
-0.01084340317972644
-0.03054880920963983
-0.05011727691769804
-0.0695160462764276
-0.08871308776441106
-0.1076771515158854
-0.1263778138776726
-0.1447855213272098
-0.1628716317154552
-0.1806084528047893
-0.1979692780758725
-0.2149284197848248
-0.2314612392615994
-0.2475441744508737
-0.2631547647004442
-0.2782716728031652
-0.2928747043064006
-0.3069448241127608
-0.320464170405776
-0.3334160659353131
-0.3457850266972362
-0.3575567680495892
-0.3687182083154405
-0.3792574699297476
-0.3891638781886139
-0.3984279576605864
-0.4070414263272507
-0.4149971875203793
-0.4222893197270868
-0.4289130643383224
-0.434864811420078
-0.440142083592202
-0.4447435180928737
-0.4486688471108343
-0.4519188764710352
-0.4544954627629832
-0.4564014890046554
-0.4576408389262545
-0.4582183699597361
-0.4581398850240642
-0.4574121032002598
-0.4560426293923281
-0.4540399230574939
-0.4514132660910719
-0.4481727299542401
-0.4443291421343373
-0.4398940520267923
-0.4348796963212769
-0.4292989639771934
-0.4231653608702258
-0.4164929741877799
-0.409296436652128
-0.4015908906469963
-0.3933919523224915
-0.3847156757505921
-0.3755785172018001
-0.3659972996139198
-0.3559891773135218
-0.3455716010496404
-0.3347622833997632
-0.323579164607973
-0.3120403789128499
-0.3001642214130585
-0.2879691155176521
-0.2754735810274312
-0.2626962028922286
-0.2496556006865823
-0.2363703988391735
-0.2228591976501621
-0.2091405451286691
-0.195232909680325
-0.1811546536726306
-0.1669240079007552
-0.1525590469747968
-0.1380776656474023
-0.1234975560979505
-0.1088361861875624
-0.09411077869540915
-0.07933829154517491
-0.06453539902815468
-0.04971847402747667
-0.03490357124569105
-0.02010641143518117
-0.005342366629230994
0.009373553630119746
0.02402671507343941
0.03860287050205406
0.05308817061254151
0.067469173858414
0.08173285536150875
0.09586661488716813
0.1098582838991439
0.1236961317108411
0.137368870750686
0.1508656609606994
0.1641761133483116
0.1772902927129501
0.1901987195689696
0.2028923712874934
0.2153626824804962
0.2276015446516312
0.2396013051396126
0.2513547653784409
0.2628551784991682
0.2740962462990644
0.2850721156053537
0.2957773740618464
0.3062070453637952
0.3163565839669301
0.3262218692974206
0.3357991994896715
0.3450852846792321
0.3540772398768158
0.3627725774496352
0.3711691992363602
0.3792653883217598
0.3870598004984444
0.3945514554392674
0.4017397276049717
0.4086243369114253
0.4152053391803229
0.4214831163973692
0.4274583668004086
0.4331320948202119
0.4385056008957918
0.443580471184867
0.4483585671902571
0.4528420153222121
0.4570331964182149
0.4609347352389348
0.4645494899557229
0.4678805416453477
0.4709311838102408
0.473704911943478
0.4762054131537702
0.4784365558622011
0.4804023795830103
0.4821070848030124
0.4835550229741642
0.4847506866312267
0.4856986996449128
0.4864038076222597
0.4868708684626041
0.4871048430766757
0.4871107862775647
0.4868938378530493
0.4864592138287276
0.4858121979265734
0.4849581332236265
0.4839024140163412
0.4826504778967932
0.4812077980473413
0.4795798757551017
0.4777722331476289
0.4757904061525089
0.4736399376855078
0.4713263710719351
0.4688552436996902
0.4662320809025422
0.4634623900743001
0.4605516550153543
0.45750533051259
0.454328837150829
0.4510275563539887
0.4476068256546927
0.4440719341906664
0.440428118426593
0.4366805580985864
0.4328343723800184
0.4288946162657507
0.4248662771695068
0.420754271729808
0.4165634428221983
0.4122985567754288
0.4079643007876732
0.4035652805385264
0.3991060179936414
0.3945909493962862
0.3900244234400098
0.385410699617999
0.3807539467455998
0.3760582416526029
0.3713275680389924
0.3665658154879772
0.3617767786314271
0.3569641564645877
0.3521315518071957
0.3472824709036106
0.342420323155123
0.3375484209794506
0.3326699797935108
0.3277881181151427
0.3229058577784373
0.3180261242588627
0.3131517471031769
0.3082854604579392
0.3034299036913082
0.2985876221040085
0.2937610677256878
0.2889526001920938
0.2841644876980586
0.279398908022221
0.2746579496185543
0.2699436127693482
0.2652578107956248
0.260602371322934
0.2559790376009308
0.251389469870048
0.2468352467686376
0.2423178667770964
0.2378387496984407
0.2333992381742414
0.2290005992298979
0.2246440258437865
0.2203306385371533
0.2160614869837922
0.2118375516379672
0.2076597453761994
0.203528915148973
0.1994458436398051
0.1954112509302985
0.1914257961696536
0.1874900792454509
0.1836046424534227
0.1797699721640132
0.1759865004831914
0.1722546069048215
0.1685746199538454
0.1649468188201775
0.1613714349815068
0.1578486538120751
0.1543786161754256
0.150961420000208
0.1475971218376107
0.1442857383993305
0.1410272480758167
0.1378215924348494
0.134668677698208
0.1315683761944859
0.1285205277873603
0.1255249412793016
0.1225813957903653
0.1196896421112964
0.11684940403052
0.1140603796345567
0.1113222425810929
0.1086346433442021
0.1059972104316363
0.1034095515743271
0.1008712548878575
0.09838189000534579
0.09594100918143017
0.09354814836749073
0.0912028282582346
0.0889045553096601
0.086652822728732
0.08444711143538274
0.0822868909962871
0.08017162052961417
0.07810074958111166
0.076073718972669
0.0740899616241539
0.07214890334820494
0.07024996361792538
0.06839255630778013
0.06657609040816648
0.06479997071396941
0.0630635984875787
0.06136637209707609
0.05970768762990173
0.05808693948185251
0.05650352092106532
0.05495682462874479
0.05344624322057247
0.05197116974842109
0.05053099817384331
0.04912512380183898
0.0477529436935289
0.0464138570919072
0.04510726585587022
0.04383257485613556
0.04258919229624902
0.04137653000511474
0.04019400374275256
0.03904103351639309
0.03791704387572246
0.03682146417548664
0.0357537288178628
0.03471327748199099
0.03369955534104681
0.03271201326442803
0.03175010800469007
0.03081330237036
0.02990106538539849
0.02901287243578634
0.02814820540365599
0.02730655278955602
0.02648740982309743
0.02569027856215859
0.02491466798113677
0.02416009404890698
0.02342607979717119
0.0227121553792561
0.02201785811959914
0.02134273255430644
0.02068633046329573
0.02004821089445996
0.01942794018017111
0.01882509194638078
0.01823924711471501
0.01766999389787182
0.01711692778869354
0.01657965154320935
0.01605777515798606
0.01555091584209433
0.0150586979838947
0.01458075311289316
0.01411671985700027
0.01366624389550703
0.01322897790801394
0.01280458151953228
0.01239272124194308
0.01199307041210254
0.01160530912687436
0.01122912417535363
0.0108642089683349
0.01051026346530773
0.01016699409914808
0.009834113698636352
0.009511341409097198
0.00919840261123343
0.008895028838446735
0.008600957692740585
0.008315932759338196
0.008039703520148121
0.007772025266279823
0.007512659009687679
0.007261371394095024
0.007017934605348505
0.00678212628128096
0.006553729421223651
0.006332532295291756
0.006118328353497704
0.005910916134789999
0.005710099176119865
0.005515685921638027
0.005327489632114833
0.005145328294650751
0.004969024532761439
0.004798405516851599
0.0046333028752008
0.00447355260549093
0.00431899498694527
0.004169474493164276
0.004024839705673797
0.003884943228213561
0.003749641601860954
0.003618795220957615
0.003492268250002201
0.003369928541398731
0.003251647554213803
0.003137300273911204
0.003026765133076514
0.002919923933216273
0.002816661767546951
0.002716866944929787
0.002620430914837669
0.002527248193449599
0.002437216290907759
0.002350235639716594
0.002266209524270214
0.00218504401151431
0.002106647882740649
0.002030932566590687
0.001957812073224726
0.001887202929694093
0.001819024116425992
0.001753197004876974
0.001689645296363861
0.001628294962080309
0.00156907418426062
0.001511913298503335
0.001456744737243689
0.001403502974364902
0.001352124470926808
0.001302547622034995
0.001254712704823018
0.001208561827554604
0.001164038879802623
0.001121089483729484
0.001079660946426691
0.001039702213319032
0.001001163822640638
0.0009639978609187307
0.0009281579194746167
0.0008935990519254695
0.0008602777327222536
0.0008281518166480872
0.0007971804992796748
0.0007673242784023095
0.0007385449163322875
0.0007108054031995213
0.0006840699211163631
0.0006583038092561982
0.0006334735297798988
0.0006095466346508433
0.0005864917332563924
0.0005642784608947541
0.0005428774480558422
0.0005222602904983242
0.0005023995201360917
0.0004832685766567166
0.0004648417799120195
0.0004470943030435219
0.0004300021462936877
0.0004135421115617966
0.0003976917777022628
0.0003824294765164383
0.0003677342692034931
0.0003535859233436676
0.0003399648907868928
0.0003268522868546346
0.0003142298700598603
0.0003020800204561877
0.0002903857171126566
0.000279130519101841
0.0002682985553512344
0.0002578745146664139
0.0002478436213606497
0.0002381915994645698
0.0002289046459874431
0.0002199694282831753
0.000211373085380712
0.0002031032163237064
0.0001951478575115865
0.0001874954623017175
0.0001801348874853734
0.0001730553817988034
0.0001662465735980981
0.0001596984578463236
0.0001534013835409343
0.0001473460419040566
0.0001415234550006269
0.0001359249646757241
0.0001305422217594935
0.0001253671756034428
0.0001203920639679181
0.0001156094032398433
0.0001110119789510703
0.0001065928365871186
0.0001023452727054822
9.826282629618034e-05
9.433927048007372e-05
9.056860442259564e-05
8.694504553042467e-05
8.346302189144742e-05
8.011716496035694e-05
7.690230249052994e-05
7.381345168645299e-05
7.084581258151701e-05
6.799476163841293e-05
6.525584555314558e-05
6.262477526555389e-05
6.00974201755285e-05
5.766980253753546e-05
5.533809204711286e-05
5.309860061336099e-05
5.094777730011711e-05
4.888220343995532e-05
4.689858791659502e-05
4.499376259192429e-05
4.316467790351487e-05
4.140839860082858e-05
3.972209964364558e-05
3.810306220666366e-05
3.654866986087624e-05
3.505640485672524e-05
3.362384454914681e-05
3.224865794025256e-05
3.09286023346327e-05
2.966152013352036e-05
2.84453357226819e-05
2.727805245766991e-05
2.615774977782153e-05
2.508258041147033e-05
2.405076768623566e-05
2.306060290030894e-05
2.211044283206479e-05
2.119870732499053e-05
2.03238769330632e-05
1.948449066990892e-05
1.867914384301717e-05
1.790648595279734e-05
1.716521866800338e-05
1.645409387836065e-05
1.577191181233998e-05
1.511751923748918e-05
1.448980769306153e-05
1.38877118222436e-05
1.331020774238209e-05
1.275631147776086e-05
1.222507746027438e-05
1.17155970676254e-05
1.122699722121768e-05
1.075843904430246e-05
1.030911656143445e-05
9.878255439046454e-06
9.465111785398422e-06
9.068970991553636e-06
8.689146601099882e-06
8.32497923692738e-06
7.975835568048689e-06
7.641107300177443e-06
7.320210218605478e-06
7.012583269772435e-06
6.717687646245764e-06
6.435005954790614e-06
6.164041365229089e-06
5.904316825521155e-06
5.655374296794099e-06
5.416774001500799e-06
5.18809373355545e-06
4.968928160182969e-06
4.758888170595839e-06
4.557600242792475e-06
4.364705831047411e-06
4.179860780213776e-06
4.002734773960786e-06
3.833010770082994e-06
3.67038450052183e-06
3.514563955451722e-06
3.365268915189319e-06
3.222230466672709e-06
3.085190574260958e-06
2.953901635403061e-06
2.828126081645566e-06
2.707635979450091e-06
2.592212630827047e-06
2.481646236151019e-06
2.375735517510144e-06
2.274287386151744e-06
2.177116623803965e-06
2.084045554043638e-06
1.994903763176824e-06
1.909527790094272e-06
1.82776085345982e-06
1.749452593549648e-06
1.674458803505634e-06
1.60264118596694e-06
1.533867123048665e-06
1.468009434239804e-06
1.404946171991402e-06
1.344560394209373e-06
1.286739984724722e-06
1.231377439739882e-06
1.17836968193847e-06
1.127617898919355e-06
1.079027352055702e-06
1.0325072228205e-06
9.879704467700182e-07
9.453335669791297e-07
9.045165844782873e-07
8.654428124977442e-07
8.280387514147583e-07
7.922339512246914e-07
7.579608943227412e-07
7.25154865569421e-07
6.937538490699962e-07
6.636984085589602e-07
6.349315869747851e-07
6.073988000682074e-07
5.810477472924669e-07
5.558283156987128e-07
5.316924804404033e-07
5.08594235932615e-07
4.864894899598695e-07
4.653360099621045e-07
4.450933309133692e-07
4.257226798697694e-07
4.071869214935566e-07
3.894504734349279e-07
3.724792517086779e-07
3.562406069672785e-07
3.407032677055711e-07
3.258372779709969e-07
3.116139455577592e-07
2.980057869193788e-07
2.849864722165433e-07
2.725308035193838e-07
2.606146325360235e-07
2.492148373250024e-07
2.383092709114658e-07
2.278767291754307e-07
2.178969026655625e-07
2.083503540611106e-07
1.992184549224729e-07
1.904833799986824e-07
1.821280565680297e-07
1.741361369888953e-07
1.664919694203784e-07
1.591805706958628e-07
1.5218759381471e-07
1.454993075036108e-07
1.391025603558375e-07
1.329847687451765e-07
1.27133881338128e-07
1.215383600862795e-07
1.161871636249195e-07
1.11069716540137e-07
1.061759033573943e-07
1.014960417511354e-07
9.702086702229458e-08
9.274150240020793e-08
8.864946087364909e-08
8.473661156907812e-08
8.099517664728725e-08
7.741771159779442e-08
7.399709335945859e-08
7.072650412021767e-08
6.75994202245305e-08
6.460959601341883e-08
6.175106338143865e-08
5.901809778910576e-08
5.640522994144299e-08
5.390722070332967e-08
5.151906963781605e-08
4.923598194875004e-08
4.705337680379043e-08
4.496686641074766e-08
4.29722497830311e-08
4.106551322412982e-08
3.924281365655647e-08
3.75004741440408e-08
3.583498645525195e-08
3.424298306423777e-08
3.272124567474677e-08
3.126669463875576e-08
2.987638735847949e-08
2.85475074991235e-08
2.727736283492212e-08
2.606337834884316e-08
2.49030893117073e-08
2.379413459721743e-08
2.27342596914394e-08
2.172130435599057e-08
2.075320422994232e-08
1.982799425537219e-08
1.894378405891136e-08
1.809877096966736e-08
1.729122873252701e-08
1.651950747618495e-08
1.578202657766909e-08
1.507727988834811e-08
1.440381912943992e-08
1.376027353010525e-08
1.314531351454973e-08
1.255768152624052e-08
1.199617643180527e-08
