-1.519494768292452e-10
-1.725919461713423e-10
-2.088980082858342e-10
-2.632288454125062e-10
-3.393505175592633e-10
-4.425856903923629e-10
-5.800820292967677e-10
-7.611854411960106e-10
-9.979287175900155e-10
-1.305652769438063e-09
-1.703781804183274e-09
-2.21677824692805e-09
-2.875316027824023e-09
-3.717705167804558e-09
-4.791623730380143e-09
-6.156205813883385e-09
-7.884556780036171e-09
-1.006677083276805e-08
-1.281354108596849e-08
-1.626046364272488e-08
-2.057316406286857e-08
-2.595337357712943e-08
-3.264612896668564e-08
-4.094827319267303e-08
-5.121847016411827e-08
-6.388898389369987e-08
-7.947950229999811e-08
-9.861331662038475e-08
-1.220362215051999e-07
-1.506385428288896e-07
-1.854807629975495e-07
-2.278232782004236e-07
-2.791608886857702e-07
-3.412626872457245e-07
-4.162181183818511e-07
-5.064900557964292e-07
-6.14975848352615e-07
-7.450774052053157e-07
-9.007814994109649e-07
-1.086751600162815e-06
-1.308432674675496e-06
-1.572170555416713e-06
-1.885347592952421e-06
-2.256536475646705e-06
-2.695674251760537e-06
-3.214258709069873e-06
-3.825569418467711e-06
-4.544915843469001e-06
-5.389915010284719e-06
-6.380801265153878e-06
-7.540770651367679e-06
-8.896362456026594e-06
-1.04778819154916e-05
-1.231987194905383e-05
-1.44616364693622e-05
-1.694781848335043e-05
-1.982903740883626e-05
-2.316259032867703e-05
-2.701322213194609e-05
-3.145396971341862e-05
-3.656708561416945e-05
-4.244504670015062e-05
-4.919165365454418e-05
-5.692322726784676e-05
-6.576990765001977e-05
-7.587706266002065e-05
-8.740681197253401e-05
-0.0001005396732990618
-0.000115476337382902
-0.0001324395784111664
-0.0001516763065342393
-0.0001734597691403128
-0.0001980919074959191
-0.0002259058752352437
-0.0002572687250581173
-0.000292584269761236
-0.0003322961234348221
-0.0003768909278400094
-0.0004269017674348943
-0.0004829117778322569
-0.0005455579515555475
-0.0006155351438606523
-0.0006936002804130555
-0.0007805767675796715
-0.0008773591048469572
-0.0009849176975376991
-0.001104303866381918
-0.001236655048766055
-0.001383200184457517
-0.001545265276379928
-0.001724279114510017
-0.001921779148128109
-0.002139417488611659
-0.002378967021409458
-0.002642327602087158
-0.002931532307037086
-0.003248753704813809
-0.003596310108905992
-0.003976671767140143
-0.004392466936783842
-0.004846487788194418
-0.005341696079230357
-0.005881228627304713
-0.006468402794821989
-0.007106721811524759
-0.007799879814582048
-0.008551766554611413
-0.009366471718700021
-0.01024828881990341
-0.01120171860084442
-0.01223147189735618
-0.01334247190647235
-0.0145398558016792
-0.01582897563699686
-0.0172153984803824
-0.01870490571595377
-0.02030349145377788
-0.02201735998537324
-0.02385292222266371
-0.02581679105794559
-0.02791577558240015
-0.03015687410090976
-0.0325472658813427
-0.03509430157709618
-0.03780549226256118
-0.04068849702255061
-0.04375110904254652
-0.04700124021081822
-0.05044690436813429
-0.0540961990634049
-0.05795728572844289
-0.06203836823964473
-0.06634766984211979
-0.07089340841638435
-0.07568377007237652
-0.08072688106028382
-0.08603077799274764
-0.09160337637863689
-0.09745243748047498
-0.1035855336031255
-0.1100100126854894
-0.1167329624776691
-0.1237611734789836
-0.1311010999819134
-0.1387588197396582
-0.1467399928465689
-0.1550498200230828
-0.1636930001909279
-0.1726736874740256
-0.1819954477330558
-0.1916612148822446
-0.2016732471655574
-0.2120330834848827
-0.2227415000529873
-0.2337984674661642
-0.2452031084558602
-0.256953656527984
-0.2690474156219096
-0.2814807211113553
-0.2942489022520619
-0.3073462463626895
-0.32076596496549
-0.3345001620257182
-0.3485398046344075
-0.3628746962304109
-0.3774934526539424
-0.3923834812517086
-0.4075309631526353
-0.4229208390516664
-0.4385367985635655
-0.4543612734162182
-0.4703754346685613
-0.4865591940266704
-0.5028912095625989
-0.519348895832301
-0.5359084386034579
-0.552544814313661
-0.5692318142644471
-0.5859420737945119
-0.6026471063373717
-0.6193173424911347
-0.6359221741313249
-0.6524300034763894
-0.6688082972551982
-0.6850236457792268
-0.7010418269532797
-0.7168278751500184
-0.7323461547415566
-0.7475604383246617
-0.7624339893334267
-0.7769296489668399
-0.791009927244702
-0.8046370978724047
-0.8177732968410198
-0.8303806243470433
-0.8424212498486242
-0.8538575199665193
-0.864652068815958
-0.8747679305990639
-0.8841686539487235
-0.8928184177431754
-0.9006821480156743
-0.9077256354793035
-0.9139156534244364
-0.9192200754173394
-0.9236079924553218
-0.9270498291521322
-0.9295174584365442
-0.9309843144739455
-0.9314255032286308
-0.9308179103053437
-0.9291403056358716
-0.9263734444996924
-0.9225001645861651
-0.9175054785494297
-0.9113766617200364
-0.9041033345772572
-0.8956775395233488
-0.886093811703623
-0.875349243412585
-0.8634435418259954
-0.8503790797465322
-0.8361609390008691
-0.8207969463151904
-0.8042977013354207
-0.7866765966387842
-0.7679498295465857
-0.7481364055177903
-0.7272581330710519
-0.7053396100559288
-0.6824082012501785
-0.6584940072425964
-0.6336298245513271
-0.607851097068394
-0.5811958588216856
-0.5537046681785341
-0.5254205336107958
-0.4963888311435909
-0.4666572137214044
-0.4362755126599729
-0.4052956314558434
-0.3737714322287654
-0.3417586150838448
-0.309314590762244
-0.2764983469012134
-0.2433703082964683
-0.2099921915793974
-0.1764268547459951
-0.1427381420173496
-0.1089907244512753
-0.07524993676965641
-0.04158161095483235
-0.008051907201983835
0.02527285729670857
0.05832638140526794
0.09104255424706301
0.1233556295898064
0.1552003999148233
0.186512370362684
0.2172279320656167
0.2472845336738081
0.2766208501171769
0.3051769484369328
0.3328944505898802
0.3597166925501727
0.3855888790151455
0.4104582331730365
0.4342741411220919
0.4569882905439143
0.4785548031473005
0.4989303604514556
0.5180743225082186
0.5359488391859124
0.5525189536966237
0.5677526980185883
0.5816211799311657
0.5940986613985226
0.6051626280533068
0.6147938496022217
0.6229764309548015
0.6296978539483394
0.6349490095596598
0.6387242205094352
0.6410212542373988
0.6418413262115711
0.6411890936080986
0.6390726394120696
0.6355034470011047
0.6304963653439788
0.6240695649369004
0.6162444846679758
0.6070457698098728
0.5965012013500298
0.5846416169306862
0.5715008236612334
0.5571155031221146
0.5415251088872471
0.5247717569006678
0.5069001090941589
0.4879572506159962
0.4679925610848512
0.447057580289562
0.4252058687623758
0.4024928636882066
0.3789757305920656
0.3547132112765812
0.3297654684842768
0.3041939277619106
0.2780611170227926
0.2514305042804305
0.2243663340432169
0.196933462856278
0.1691971944716305
0.1412231151318242
0.1130769294342759
0.08482429724533183
0.05653067212016289
0.02826114167329474
8.027033735719479e-05
-0.02794805506855865
-0.05576077655109569
-0.08329581254215029
-0.110492201507839
-0.137290241208134
-0.1636316232638394
-0.1894595627082915
-0.214718922220494
-0.239356330754654
-0.2633202963082433
-0.2865613125836908
-0.3090319593257017
-0.3306869961374725
-0.3514834495998806
-0.3713806935501898
-0.3903405223842703
-0.4083272172775658
-0.4253076052413636
-0.4412511109507569
-0.4561298013138274
-0.4699184227583532
-0.4825944312466474
-0.4941380150456051
-0.5045321102921873
-0.5137624094272831
-0.521817362579674
-0.5286881720143599
-0.5343687797701586
-0.5388558486208497
-0.5421487365249932
-0.5442494647325181
-0.5451626797442317
-0.5448956093282927
-0.5434580128045299
-0.540862125833062
-0.5371225999408689
-0.5322564370425694
-0.5262829192158128
-0.5192235339948663
-0.5111018954651326
-0.5019436614345962
-0.4917764469754357
-0.4806297346277494
-0.4685347815555511
-0.4555245239583945
-0.4416334790325573
-0.4268976447848892
-0.4113543979989263
-0.3950423906492333
-0.3780014450655589
-0.3602724481348913
-0.341897244834625
-0.3229185313813418
-0.3033797482699325
-0.2833249734786774
-0.2627988161068414
-0.2418463107095868
-0.2205128125814925
-0.1988438942281967
-0.1768852432628292
-0.1546825619513796
-0.1322814686242607
-0.1097274011599903
-0.08706552273618048
-0.06434063003404235
-0.04159706406726651
-0.0188786237976472
0.003771517310655138
0.02631089165787886
0.04869781466881873
0.07089145863097582
0.09285192310589861
0.1145403018203515
0.1359187459554459
0.1569505237647741
0.17760007646216
0.1978330703316884
0.2176164450237408
0.2369184580110104
0.2557087251919363
0.2739582576350988
0.2916394944703407
0.3087263319418798
0.3251941486468705
0.3410198269948077
0.3561817709287083
0.3706599199619178
0.3844357595898091
0.3974923281394137
0.4098142201315366
0.4213875862341979
0.4322001298960262
0.4422411007523823
0.4515012849009651
0.4599729921535039
0.4676500403682747
0.4745277369779798
0.4806028578289313
0.4858736234458934
0.4903396728435188
0.4940020350102692
0.496863098200175
0.4989265771609677
0.5001974784185442
0.5006820637446966
0.5003878119426677
0.4993233790917013
0.4974985573817141
0.4949242326588524
0.4916123408081532
0.487575823105779
0.4828285806777232
0.4773854281903055
0.4712620468859942
0.4644749370820949
0.4570413702552308
0.4489793408363049
0.4403075178287883
0.4310451963523528
0.4212122492168054
0.4108290786317287
0.3999165681563404
0.3884960349854543
0.3765891826606373
0.3642180542965626
0.3514049864046119
0.3381725633933744
0.3245435728223861
0.3105409614823406
0.2961877923725435
0.281507202635089
0.2665223625034155
0.2512564353202995
0.2357325386774038
0.2199737067251402
0.204002853691815
0.187842738648403
0.1715159315535233
0.1550447806105909
0.1384513809651026
0.1217575447610513
0.104984772573633
0.08815422623330976
0.07128670305317475
0.05440261146770658
0.03752194808636011
0.0206642761629888
0.003848705478548055
-0.01290612636851879
-0.02958207127222095
-0.04616148654013771
-0.06262724943915275
-0.07896277038182978
-0.09515200477207497
-0.1111794635318176
-0.1270302223313045
-0.1426899295469297
-0.1581448129728
-0.1733816853150472
-0.1883879485007206
-0.2031515968316017
-0.2176612190146248
-0.2319059991024826
-0.2458757163802902
-0.2595607442361662
-0.2729520480510799
-0.2860411821448927
-0.2988202858164229
-0.3112820785166945
-0.3234198541959865
-0.3352274748625326
-0.3466993633920062
-0.3578304956270673
-0.3686163918067943
-0.3790531073667922
-0.3891372231478599
-0.3988658350520325
-0.4082365431845001
-0.4172474405200449
-0.4258971011338762
-0.4341845680320411
-0.4421093406177232
-0.4496713618293102
-0.4568710049852719
-0.4637090603716856
-0.4701867216046446
-0.4763055717997471
-0.4820675695806581
-0.4874750349585909
-0.4925306351153463
-0.4972373701166121
-0.5015985585831114
-0.5056178233464307
-0.5092990771156666
-0.5126465081812576
-0.5156645661783238
-0.5183579479319322
-0.5207315834059828
-0.5227906217773437
-0.5245404176575186
-0.525986517477617
-0.5271346460523408
-0.5279906933393854
-0.5285607014118183
-0.5288508516612538
-0.5288674522418462
-0.5286169257664118
-0.5281057972658136
-0.527340682422444
-0.5263282760883756
-0.5250753410955769
-0.5235886973659272
-0.521875211327622
-0.5199417856447321
-0.5177953492669028
-0.5154428478014382
-0.5128912342107244
-0.5101474598376856
-0.5072184657612442
-0.5041111744840225
-0.5008324819520807
-0.4973892499072938
-0.4937882985717465
-0.4900363996622703
-0.4861402697335947
-0.4821065638478925
-0.477941869570315
-0.4736527012870909
-0.4692454948395464
-0.4647266024685164
-0.4601022880662369
-0.4553787227342694
-0.4505619806420204
-0.4456580351773817
-0.4406727553823578
-0.4356119026689558
-0.4304811278110076
-0.4252859682052798
-0.4200318453945506
-0.414724062846783
-0.4093678039819929
-0.4039681304384682
-0.3985299805710802
-0.393058168175974
-0.3875573814358692
-0.3820321820767472
-0.3764870047273793
-0.370926156474267
-0.3653538166055156
-0.3597740365377754
-0.3541907399169125
-0.3486077228834317
-0.3430286544953857
-0.3374570773031753
-0.331896408070985
-0.3263499386354589
-0.3208208368929809
-0.3153121479086283
-0.3098267951410205
-0.3043675817772237
-0.2989371921700918
-0.2935381933712711
-0.2881730367533681
-0.2828440597152749
-0.2775534874648551
-0.2723034348728486
-0.2670959083929225
-0.2619328080422051
-0.2568159294354039
-0.2517469658665163
-0.24672751043374
-0.2417590582035088
-0.2368430084087607
-0.231980666676621
-0.2271732472817077
-0.2224218754198291
-0.2177275894972215
-0.2130913434314327
-0.2085140089606771
-0.2039963779587822
-0.1995391647513597
-0.1951430084291701
-0.1908084751555994
-0.1865360604661747
-0.1823261915583949
-0.1781792295678289
-0.1740954718269832
-0.1700751541046095
-0.1661184528237054
-0.1622254872564349
-0.1583963216937739
-0.154630967588578
-0.1509293856702203
-0.1472914880285514
-0.1437171401654507
-0.1402061630129094
-0.1367583349168112
-0.1333733935852914
-0.1300510380003825
-0.1267909302922264
-0.1235926975747481
-0.1204559337415648
-0.1173802012216557
-0.1143650326951181
-0.1114099327695827
-0.1085143796157364
-0.1056778265603251
-0.1028997036366568
-0.1001794190937119
-0.09751636086483971
-0.09490989799488365
-0.09235938202483075
-0.08986414833420087
-0.08742351744221434
-0.08503679626849339
-0.08270327935299097
-0.08042225003494166
-0.07819298159126489
-0.07601473833529621
-0.07388677667662391
-0.0718083461421966
-0.06977869035913153
-0.06779704799976627
-0.06586265368937756
-0.06397473887678265
-0.06213253266895901
-0.06033526263084273
-0.05858215555099399
-0.05687243817314715
-0.05520533789427015
-0.05358008342993925
-0.05199590544772732
-0.05045203716935452
-0.04894771494265522
-0.04748217878448856
-0.04605467289483196
-0.04466444614249392
-0.04331075252321092
-0.04199285159113508
-0.04071000886458159
-0.0394614962067661
-0.03824659218220679
-0.03706458238965119
-0.03591475977206523
-0.03479642490446232
-0.03370888626027328
-0.0326514604571595
-0.0316234724829777
-0.03062425590241465
-0.0296531530449967
-0.02870951517512817
-0.02779270264499483
-0.02690208503087144
-0.02603704125365862
-0.0251969596844086
-0.02438123823523595
-0.02358928443597536
-0.02282051549724492
-0.02207435836074101
-0.02135024973755045
-0.02064763613484998
-0.01996597387138444
-0.01930472908236227
-0.01866337771421286
-0.0180414055098066
-0.01743830798458492
-0.01685359039420736
-0.01628676769415318
-0.01573736449155061
-0.0152049149894833
-0.01468896292458231
-0.01418906149921972
-0.01370477330844366
-0.01323567025969409
-0.01278133348250022
-0.01234135323355424
-0.01191532880600734
-0.01150286844183762
-0.0111035892353867
-0.01071711701903821
-0.01034308624346172
-0.009981139862952895
-0.009630929225177252
-0.009292113957442146
-0.008964361846864367
-0.008647348717634647
-0.008340758307326586
-0.008044282142451689
-0.007757619412771199
-0.007480476844311295
-0.007212568571482897
-0.006953616008580032
-0.006703347720780125
-0.006461499294864358
-0.006227813209816492
-0.006002038707411764
-0.005783931662874101
-0.005573254455789309
-0.00536977584139873
-0.00517327082250456
-0.00498352052198228
-0.004800312056023629
-0.004623438408141342
-0.004452698304119671
-0.004287896087979013
-0.004128841599045699
-0.003975350050157185
-0.003827241907112844
-0.003684342769399851
-0.003546483252310301
-0.003413498870437322
-0.003285229922653426
-0.003161521378580555
-0.003042222766636851
-0.002927188063612776
-0.002816275585881212
-0.002709347882233555
-0.002606271628426003
-0.002506917523373896
-0.002411160187060711
-0.00231887806018948
-0.002229953305532825
-0.002144271711097906
-0.002061722595007945
-0.001982198712163321
-0.001905596162621382
-0.001831814301800917
-0.001760755652384484
-0.001692325818021661
-0.001626433398764216
-0.001562989908269221
-0.001501909692728014
-0.001443109851503543
-0.001386510159516367
-0.001332032991307211
-0.001279603246778843
-0.0012291482786274
-0.001180597821432009
-0.001133883922365125
-0.001088940873534361
-0.001045705145923239
-0.001004115324897135
-0.0009641120472765701
-0.0009256379399525623
-0.0008886375600010485
-0.00085305733630819
-0.0008188455126557537
-0.0007859520922555257
-0.0007543287837036026
-0.0007239289483451131
-0.0006947075489848015
-0.0006666210999819942
-0.0006396276186478758
-0.0006136865779527374
-0.0005887588605121934
-0.0005648067138244644
-0.0005417937067128355
-0.0005196846870166301
-0.0004984457404078475
-0.0004780441504196907
-0.0004584483595496567
-0.0004396279314972993
-0.0004215535144700947
-0.0004041968055636972
-0.0003875305161405446
-0.000371528338246813
-0.0003561649119994292
-0.000341415793957082
-0.0003272574264109353
-0.0003136671076100461
-0.000300622962849643
-0.0002881039164691356
-0.0002760896646836799
-0.0002645606492515081
-0.0002534980319318772
-0.0002428836697797713
-0.000232700091133948
-0.0002229304724226029
-0.0002135586156667711
-0.0002045689266820859
-0.000195946394000535
-0.0001876765684321233
-0.000179745543300461
-0.0001721399353016881
-0.0001648468659955413
-0.0001578539438811791
-0.0001511492470557308
-0.0001447213064517196
-0.0001385590896245168
-0.0001326519850610308
-0.0001269897870211979
-0.0001215626808737713
-0.0001163612289307219
-0.0001113763567479158
-0.0001065993398793037
-0.0001020217911074366
-9.763564808834159e-05
-9.343316139853582e-05
-8.940688303317051e-05
-8.554965525661494e-05
-8.185459986247257e-05
-7.831510780443983e-05
-7.492482915620546e-05
-7.167766346382576e-05
-6.856775040067992e-05
-6.55894607700422e-05
-6.273738781897372e-05
-6.00063388515484e-05
-5.739132713930134e-05
-5.488756413201431e-05
-5.249045193252782e-05
-5.019557603798017e-05
-4.799869834556879e-05
-4.589575041605418e-05
-4.388282697867089e-05
-4.195617967808419e-05
-4.011221100830549e-05
-3.834746848561685e-05
-3.665863903777205e-05
-3.50425436899325e-05
-3.349613240478767e-05
-3.201647896324262e-05
-3.060077581838683e-05
-2.924632946885976e-05
-2.795055689482561e-05
-2.671098207492181e-05
-2.552523110776594e-05
-2.439102627225832e-05
-2.330618118692201e-05
-2.226859847722283e-05
-2.127626796563014e-05
-2.032726359129717e-05
-1.941973927435023e-05
-1.855192512906987e-05
-1.772212445281024e-05
-1.692871097447381e-05
-1.617012610238725e-05
-1.544487616613027e-05
-1.475152976980898e-05
-1.408871528836108e-05
-1.345511847544948e-05
-1.284948012017666e-05
-1.227059383638308e-05
-1.171730391895619e-05
-1.118850327488756e-05
-1.068313144337838e-05
-1.020017270097158e-05
-9.738654226080091e-06
-9.297644352403578e-06
-8.876250874068416e-06
-8.473619430321299e-06
-8.088931939968599e-06
-7.721405120097458e-06
-7.370289048512907e-06
-7.034865776399365e-06
-6.714448010194901e-06
-6.408377838114449e-06
-6.116025512395186e-06
-5.836788285709613e-06
-5.570089266434013e-06
-5.31537636408421e-06
-5.07212123440336e-06
-4.839818287149297e-06
-4.617983750561955e-06
-4.406154728948045e-06
-4.203888358252228e-06
-4.010760935096314e-06
-3.82636712045352e-06
-3.650319165142816e-06
-3.482246156469208e-06
-3.321793321920422e-06
-3.168621338620773e-06
-3.022405671557627e-06
-2.882835956774436e-06
-2.749615378556089e-06
-2.622460115281132e-06
-2.50109877092145e-06
-2.385271850939471e-06
-2.274731247100367e-06
-2.169239755112992e-06
-2.068570604841232e-06
-1.972507002954993e-06
-1.880841724703585e-06
-1.793376675862759e-06
-1.709922520966218e-06
-1.630298295563596e-06
-1.554331043561131e-06
-1.481855477822163e-06
-1.412713643010703e-06
-1.346754589550045e-06
-1.283834086245487e-06
-1.223814315381593e-06
-1.166563595348496e-06
-1.111956120890468e-06
-1.059871694359285e-06
-1.010195490366993e-06
-9.628178201433639e-07
-9.176339035337257e-07
-8.745436548676112e-07
-8.334514792328576e-07
-7.942660673713889e-07
-7.56900213472106e-07
-7.212706245638582e-07
-6.872977756650979e-07
-6.54905707577722e-07
-6.240218957714496e-07
-5.945770907451146e-07
-5.66505164195458e-07
-5.397429797159191e-07
-5.142302549493425e-07
-4.899094401913082e-07
-4.667256062587916e-07
-4.446263117198434e-07
-4.23561484488268e-07
-4.03483336605109e-07
-3.84346250457855e-07
-3.661066944141111e-07
-3.487231140530446e-07
-3.32155853240257e-07
-3.163670616798744e-07
-3.013206208409082e-07
-2.869820614862544e-07
-2.733184939218982e-07
-2.602985332286984e-07
-2.478922369255589e-07
-2.360710335572718e-07
-2.24807664966502e-07
-2.140761151796043e-07
-2.038515734797777e-07
-1.941103710489479e-07
-1.848299305500492e-07
-1.759887085488932e-07
-1.675661614699539e-07
-1.595426922600172e-07
-1.518996071399073e-07
-1.446190768478887e-07
-1.376840935053997e-07
-1.310784403808893e-07
-1.247866547684651e-07
-1.187939879379059e-07
-1.130863718212007e-07
-1.076503962687983e-07
-1.02473272408889e-07
-9.754280596912393e-08
-9.284736810319352e-08
-8.837587696757105e-08
-8.411776424384631e-08
-8.006295458744035e-08
-7.620183806701108e-08
-7.252526310968253e-08
-6.902449815257437e-08
-6.569122018818902e-08
-6.251750030429756e-08
-5.949577774324129e-08
-5.661884584695636e-08
-5.38798322316655e-08
-5.127219466193207e-08
-4.878968899978563e-08
-4.642637291571968e-08
-4.41765750984076e-08
-4.203489161377029e-08
-3.999617688434252e-08
-3.805552344508802e-08
-3.620826370276258e-08
-3.444994369706777e-08
-3.277632223402813e-08
-3.118335528331733e-08
-2.966718972474493e-08
-2.822416411121284e-08
-2.68507771017942e-08
-2.554369997852838e-08
-2.429976317190487e-08
-2.311593705104318e-08
-2.198934734923396e-08
-2.091725125437457e-08
-1.989703200225739e-08
-1.89261988203893e-08
-1.800238537061136e-08
-1.712332970243866e-08
-1.628688669036206e-08
-1.549100043869473e-08
-1.473372850529215e-08
-1.401320749401998e-08
-1.33276697145634e-08
-1.267542970433016e-08
-1.205488202332622e-08
-1.146449720059004e-08
-1.090282288329845e-08
-1.036847954836185e-08
-9.860142358076248e-09
-9.376558157339535e-09
-8.916534401313135e-09
-8.478930978441966e-09
-8.062662151102713e-09
-7.666698108799084e-09
-7.290053891677072e-09
-6.931787042852645e-09
-6.591012033349559e-09
-6.266880830786293e-09
-5.9585874126292e-09
-5.665363219920038e-09
-5.386477015144071e-09
-5.121230733087456e-09
-4.868961906435166e-09
-4.629042187256651e-09
-4.400873215478993e-09
-4.183881713423055e-09
-3.977522186937979e-09
-3.781280895788603e-09
-3.594663675487183e-09
-3.417204250749717e-09
-3.248450598563938e-09
-3.087979935813075e-09
-2.935389337135399e-09
-2.790300792488779e-09
-2.652343427436967e-09
-2.52117178012828e-09
-2.396451628588792e-09
-2.277863808760669e-09
-2.165106775795535e-09
-2.057899577101131e-09
-1.955969418543493e-09
-1.859058743709515e-09
-1.766922147032263e-09
-1.679324670934132e-09
-1.596048094354565e-09
-1.516877469418917e-09
-1.441614477269181e-09
-1.370072805891134e-09
-1.3020600251492e-09
-1.237409859247904e-09
-1.175950027967087e-09
-1.117528758405933e-09
-1.06199338394455e-09
-1.009204257880259e-09
-9.590277460101423e-10
-9.113318749293623e-10
-8.659955656017106e-10
-8.229011718511178e-10
-7.819417992565903e-10
-7.430137932937951e-10
-7.060130259923002e-10
-6.708447033688481e-10
-6.374174327974607e-10
-6.056465609570346e-10
-5.754508472668418e-10
-5.467533806059461e-10
-5.194810137473885e-10
-4.935651443067713e-10
-4.689377526984724e-10
-4.455325922892783e-10
-4.232935198968082e-10
-4.021635120486684e-10
-3.820809234940203e-10
-3.629986943135641e-10
-3.448632310502359e-10
