-1.963501981562031e-12
-2.397960292946907e-12
-3.11725000436206e-12
-4.194788668804658e-12
-5.73545823287804e-12
-7.887392047635873e-12
-1.085359072853742e-11
-1.490648781927241e-11
-2.040836629513819e-11
-2.783763631457563e-11
-3.782118094115787e-11
-5.117805198446684e-11
-6.897185994167142e-11
-9.258040573084857e-11
-1.237785585198997e-10
-1.648464091678526e-10
-2.187005450010842e-10
-2.890600413022584e-10
-3.806469071700991e-10
-4.994413815432161e-10
-6.529843002319252e-10
-8.50761112448304e-10
-1.104659636098634e-09
-1.429532946665048e-09
-1.843884024891916e-09
-2.370692684790582e-09
-3.038416996223453e-09
-3.882199018008041e-09
-4.945317738352585e-09
-6.280924552421479e-09
-7.954129232255985e-09
-1.004448019813522e-08
-1.264892680323578e-08
-1.588533526087502e-08
-1.989665702567538e-08
-2.48558624590737e-08
-3.097176263186875e-08
-3.849587021629072e-08
-4.773046090059134e-08
-5.90380322328799e-08
-7.285237181819185e-08
-8.969148261284593e-08
-1.101726476782959e-07
-1.350299418030235e-07
-1.651345464938869e-07
-2.015182596683064e-07
-2.454006321236312e-07
-2.982202244549104e-07
-3.616704938875916e-07
-4.377409025209873e-07
-5.287638620144407e-07
-6.37468191077026e-07
-7.670399044768232e-07
-9.211915336574846e-07
-1.104240848593155e-06
-1.321200000361078e-06
-1.577876264412135e-06
-1.88098565680619e-06
-2.238280835456234e-06
-2.658694798983562e-06
-3.152502035123093e-06
-3.731498899524967e-06
-4.409205139059331e-06
-5.201088632484586e-06
-6.124815572317418e-06
-7.200528453064118e-06
-8.451154424216872e-06
-9.902746717375764e-06
-1.158486202617105e-05
-1.353097692738215e-05
-1.577894657252148e-05
-1.837150909985851e-05
-2.135683939170466e-05
-2.478915597643819e-05
-2.872938509621317e-05
-3.324588610571586e-05
-3.841524258374831e-05
-4.432312363151418e-05
-5.106521988073324e-05
-5.874825907270576e-05
-6.749110619353039e-05
-7.742595320395049e-05
-8.869960349569608e-05
-0.0001014748562602538
-0.0001159319959806244
-0.0001322703922134
-0.0001507102148272061
-0.0001714942696548947
-0.0001948899594352877
-0.0002211913745898586
-0.00025072151811145
-0.0002838346683778656
-0.0003209188832142393
-0.0003623986478545664
-0.0004087376687309282
-0.0004604418140347761
-0.0005180622009932922
-0.0005821984284828874
-0.0006535019521689543
-0.0007326795976864659
-0.0008204972055181747
-0.0009177834002084504
-0.001025433490105846
-0.001144413536956286
-0.001275764568549036
-0.001420606915198438
-0.001580144661075595
-0.00175567020085107
-0.001948568890753447
-0.002160323781644977
-0.002392520420153574
-0.002646851702287467
-0.002925122762249798
-0.003229255877438832
-0.003561295368804747
-0.003923412473881717
-0.004317910167885165
-0.004747227906325866
-0.005213946260560755
-0.005720791415673289
-0.006270639497968794
-0.006866520697265955
-0.007511623146992
-0.00820929652293393
-0.008963055319283032
-0.009776581758474344
-0.01065372829021877
-0.01159851964825579
-0.01261515446277488
-0.01370800635824883
-0.01488162447610169
-0.0161407333722128
-0.0174902322388879
-0.01893519339978919
-0.02048086002530198
-0.02213264301482786
-0.02389611699168759
-0.0257770153557084
-0.02778122433989938
-0.02991477604312093
-0.0321838406314801
-0.03459471774623322
-0.03715382683347414
-0.03986769614198174
-0.04274295047464996
-0.04578629781016472
-0.04900451479954404
-0.05240443104869002
-0.05599291217380958
-0.05977684160929279
-0.0637631011949268
-0.06795855055037084
-0.07237000521961784
-0.0770042136309206
-0.08186783286221962
-0.08696740326144338
-0.09230932195918011
-0.09789981528902332
-0.103744910203268
-0.1098504047004996
-0.1162218373524762
-0.1228644560035218
-0.1297831856894027
-0.1369825959073191
-0.1444668672823486
-0.1522397577582047
-0.1603045684217056
-0.1686641090380584
-0.177320663470571
-0.1862759550564009
-0.195531112103308
-0.2050866336482493
-0.2149423555802609
-0.2250974173386244
-0.2355502292746832
-0.2462984408677674
-0.2573389099570825
-0.2686676731082253
-0.2802799173516551
-0.2921699533845983
-0.3043311904394
-0.3167561129862692
-0.3294362593873625
-0.3423622027450289
-0.355523534024739
-0.3689088476545804
-0.38250572975732
-0.3963007491078505
-0.4102794510423151
-0.4244263543699526
-0.4387249514666959
-0.4531577116738081
-0.4677060880527076
-0.4823505276873744
-0.4970704855339992
-0.5118444419493917
-0.5266499239684372
-0.5414635303248705
-0.5562609603544452
-0.5710170467101308
-0.5857057919531566
-0.6003004090206602
-0.6147733654952029
-0.629096431748693
-0.6432407328082514
-0.6571768039300281
-0.6708746498023518
-0.6843038072218715
-0.6974334112331431
-0.7102322644993088
-0.7226689098127244
-0.7347117055861523
-0.7463289040861879
-0.7574887323195573
-0.7681594752632522
-0.7783095612736164
-0.7879076494411965
-0.7969227185795349
-0.8053241576825375
-0.8130818574853541
-0.8201663029094178
-0.8265486661019171
-0.8322008997026354
-0.8370958301189171
-0.8412072504072415
-0.8445100125029376
-0.8469801184763535
-0.8485948104270558
-0.8493326587731288
-0.8491736485238518
-0.8480992632611801
-0.846092566506868
-0.8431382801033007
-0.8392228593750004
-0.8343345646804412
-0.8284635290973238
-0.8216018219494295
-0.8137435078478756
-0.8048847010488029
-0.7950236147983827
-0.7841606054598423
-0.7722982111943324
-0.7594411849495082
-0.7455965216315416
-0.7307734792099249
-0.7149835936079656
-0.6982406872442466
-0.6805608711197937
-0.6619625404604337
-0.6424663637031456
-0.6220952646081804
-0.6008743975143203
-0.5788311161568422
-0.5559949366694531
-0.5323974938708546
-0.508072489393242
-0.4830556320843518
-0.4573845729294869
-0.4310988361699665
-0.40423974458558
-0.3768503374280323
-0.3489752815064984
-0.3206607769777004
-0.2919544585123767
-0.2629052915711974
-0.2335634638342382
-0.203980272109476
-0.174208005128601
-0.144299822591891
-0.1143096307694087
-0.08429195501250494
-0.05430180954795717
-0.02439456493788605
0.005374186399434377
0.03494876621463853
0.06427354759127871
0.09329309283889031
0.121952291699384
0.1501964994529047
0.1779716745029059
0.2052245150258542
0.2319025942720764
0.2579544941019837
0.2833299363594472
0.3079799116753023
0.3318568053165373
0.354914519700842
0.3771085931959809
0.3983963148545125
0.4187368347269703
0.4380912694324124
0.4564228026713407
0.4736967803689519
0.4898808001785032
0.5049447950680039
0.5188611107567305
0.531604576777966
0.5431525709525064
0.5534850771068909
0.5625847358589705
0.5704368883410023
0.5770296127448872
0.5823537535883375
0.5864029436513185
0.5891736185175241
0.5906650237033535
0.5908792143746647
0.5898210476696085
0.5874981676943033
0.5839209832393401
0.5791026383120681
0.5730589755970129
0.5658084929719015
0.5573722932491736
0.5477740273014873
0.5370398307738011
0.5251982545927095
0.5122801894912911
0.4983187848056184
0.4833493617927053
0.4674093217525187
0.4505380492428969
0.4327768106827675
0.4141686486675765
0.3947582723083314
0.3745919439308894
0.3537173624752113
0.3321835439372292
0.3100406992137811
0.287340109698503
0.2641340009909897
0.2404754150810914
0.2164180813696262
0.1920162868937215
0.1673247461104514
0.1423984705981126
0.1172926390295783
0.09206246776648828
0.06676308242069383
0.04144939071704955
0.0161759569879032
-0.009003121381160438
-0.03403433524414728
-0.05886488242502394
-0.08344278359612485
-0.1077169950276949
-0.1316375179448006
-0.1551555042391984
-0.17822335829952
-0.2007948347348965
-0.2228251317850442
-0.2442709802239721
-0.2650907275772997
-0.285244417493853
-0.3046938641226045
-0.3234027213674842
-0.3413365469070105
-0.3584628608788284
-0.3747511991524722
-0.3901731611222046
-0.404702451975585
-0.418314919406398
-0.4309885847520076
-0.4427036685593074
-0.4534426105898942
-0.4631900842973597
-0.4719330058218917
-0.4796605375590219
-0.4863640863816559
-0.4920372965965361
-0.4966760377392761
-0.5002783873198433
-0.5028446086354756
-0.5043771237874272
-0.5048804820452034
-0.5043613237214633
-0.5028283397221329
-0.5002922269374473
-0.4967656396579523
-0.4922631371998566
-0.4868011279371137
-0.4803978099408299
-0.4730731084311974
-0.4648486102597499
-0.4557474956273493
-0.445794467252259
-0.4350156772079026
-0.4234386516542767
-0.4110922136926197
-0.3980064045577283
-0.38421240336908
-0.369742445662155
-0.3546297409195243
-0.3389083893233102
-0.3226132979402459
-0.3057800965523383
-0.2884450533414588
-0.270644990631457
-0.2524172008904541
-0.2337993631842707
-0.2148294602706573
-0.1955456965173932
-0.1759864168204278
-0.1561900266938471
-0.1361949136941738
-0.1160393703368455
-0.09576151865334112
-0.07539923652879628
-0.05499008595433743
-0.03457124331971186
-0.01417943186440205
0.006149143603360923
0.02637885961871047
0.04647473451048004
0.06640248630555774
0.08612858801130312
0.1056203202087011
0.124845820895999
0.1437741325308809
0.1623752462276792
0.1806201430771126
0.1984808325624717
0.2159303880501945
0.2329429793408665
0.2494939022768293
0.2655596054136626
0.2811177137664336
0.2961470496429882
0.3106276505848871
0.3245407844468583
0.3378689616563896
0.350595944695807
0.3627067548476631
0.3741876762522056
0.3850262573362893
0.3952113096821756
0.4047329044032197
0.413582366090287
0.4217522644008557
0.429236403369485
0.4360298085248885
0.4421287118974215
0.447530535000286
0.4522338698747114
0.4562384582872092
0.459545169170156
0.4621559743993772
0.4640739230050802
0.465303113916642
0.4658486673326914
0.4657166948107246
0.4649142681730579
0.463449387327849
0.4613309471063033
0.4585687032066338
0.4551732373360181
0.4511559216445655
0.4465288825480408
0.4413049640366767
0.4354976905534266
0.4291212295261048
0.4221903536395247
0.4147204029339221
0.4067272468141792
0.3982272460470989
0.3892372148252673
0.3797743829719235
0.3698563583566271
0.3595010895914192
0.3487268290736111
0.3375520964394788
0.3259956424898643
0.3140764136464241
0.3018135169963113
0.2892261859736221
0.2763337467241231
0.263155585199597
0.249711115027103
0.2360197461953578
0.22210085459206
0.2079737524246122
0.1936576595553214
0.1791716757802711
0.1645347540782295
0.149765674849955
0.1348830211667171
0.1199051550447978
0.1048501947602134
0.08973599321553599
0.07458011736657585
0.05939982871506604
0.04421206487119238
0.02903342218749975
0.01388013946357211
-0.001231917281878796
-0.01628726897652891
-0.03127083660459054
-0.0461679532705729
-0.06096437522767872
-0.07564629188351756
-0.09020033479725729
-0.1046135856839306
-0.1188735834430378
-0.1329683302303987
-0.1468862965927202
-0.1606164256858406
-0.1741481365985916
-0.187471326805724
-0.2005763737749542
-0.2134541357523992
-0.2260959517518097
-0.2384936407739315
-0.2506395002827846
-0.2625263039669667
-0.2741472988131726
-0.2854962015197054
-0.2965671942784491
-0.3073549199543135
-0.3178544766925112
-0.3280614119810863
-0.3379717161964657
-0.3475818156605381
-0.3568885652393216
-0.3658892405139795
-0.3745815295505801
-0.3829635242957768
-0.391033711625957
-0.3987909640774602
-0.4062345302854312
-0.4133640251571131
-0.4201794198054232
-0.426681031268357
-0.4328695120394517
-0.4387458394355492
-0.444311304823891
-0.4495675027311135
-0.4545163198566477
-0.4591599240121384
-0.4635007530086913
-0.4675415035116161
-0.4712851198828466
-0.4747347830298488
-0.4778938992785935
-0.4807660892881763
-0.4833551770238279
-0.4856651788064826
-0.4877002924541051
-0.4894648865262838
-0.490963489684044
-0.4922007801795529
-0.493181575491187
-0.4939108221155382
-0.4943935855237875
-0.4946350402909533
-0.4946404604087689
-0.4944152097926798
-0.4939647329911133
-0.4932945461033104
-0.4924102279136992
-0.4913174112470953
-0.4900217745485624
-0.4885290336927001
-0.486844934028291
-0.4849752426638568
-0.4829257409951666
-0.480702217475779
-0.4783104606326177
-0.4757562523292641
-0.4730453612801783
-0.4701835368139738
-0.4671765028838143
-0.4640299523245213
-0.4607495413580923
-0.4573408843490651
-0.4538095488053816
-0.4501610506207635
-0.446400849556275
-0.4425343449601845
-0.4385668717245024
-0.4345036964739032
-0.4303500139830574
-0.4261109438188104
-0.4217915272035832
-0.4173967240964332
-0.4129314104872039
-0.4084003759005823
-0.4038083211053487
-0.3991598560220974
-0.3944594978233844
-0.3897116692225893
-0.3849206969476838
-0.3800908103947835
-0.3752261404560239
-0.3703307185175493
-0.3654084756209147
-0.3604632417813525
-0.3554987454576288
-0.3505186131691578
-0.3455263692561757
-0.3405254357762718
-0.3355191325305913
-0.330510677214438
-0.3255031856886473
-0.3204996723683121
-0.3155030507214445
-0.310516133870712
-0.3055416352930526
-0.3005821696133211
-0.2956402534872578
-0.2907183065687461
-0.285818652557409
-0.2809435203216828
-0.2760950450914886
-0.2712752697154772
-0.266486145978887
-0.2617295359784774
-0.2570072135502504
-0.2523208657453793
-0.2476720943506019
-0.2430624174486518
-0.2384932710139293
-0.2339660105398177
-0.2294819126959307
-0.225042177013814
-0.2206479275953075
-0.2163002148378464
-0.2120000171737157
-0.207748242822973
-0.2035457315591787
-0.1993932564829004
-0.1952915257982762
-0.1912411845902874
-0.1872428166019822
-0.1832969460106227
-0.1794040391991567
-0.1755645065198602
-0.1717787040482155
-0.1680469353261075
-0.1643694530933062
-0.1607464610047779
-0.157178115332182
-0.1536645266479488
-0.1502057614900811
-0.1468018440057141
-0.1434527575731276
-0.1401584464024212
-0.1369188171136917
-0.1337337402904754
-0.1306030520071603
-0.1275265553299075
-0.1245040217902076
-0.1215351928304819
-0.1186197812218802
-0.115757472454642
-0.1129479260994437
-0.1101907771384817
-0.1074856372660023
-0.1048320961586225
-0.102229722715494
-0.09967806626795422
-0.09717665775865621
-0.09472501089011541
-0.09232262324233588
-0.08996897735942037
-0.08766354180542592
-0.08540577218984392
-0.08319511216285135
-0.0810309943801413
-0.07891284143737855
-0.07684006677469482
-0.07481207555155461
-0.07282826549238006
-0.070888027703373
-0.06899074746139089
-0.06713580497459085
-0.06532257611456131
-0.06355043312038701
-0.06181874527586884
-0.0601268795607906
-0.05847420127618792
-0.05686007464380007
-0.05528386338018434
-0.0537449312460941
-0.05224264257155931
-0.05077636275728947
-0.04934545875314839
-0.04794929951414972
-0.04658725643401122
-0.04525870375626309
-0.04396301896438861
-0.0426995831544015
-0.04146778138965911
-0.04026700303130348
-0.03909664203526691
-0.03795609723101907
-0.03684477260928371
-0.03576207761490782
-0.03470742740810806
-0.03368024306517621
-0.03267995175577097
-0.03170598692989664
-0.03075778851224242
-0.02983480307928686
-0.02893648401006424
-0.02806229162042631
-0.02721169328683401
-0.02638416355998739
-0.02557918426646872
-0.02479624459825213
-0.0240348411909923
-0.02329447819181416
-0.02257466731702765
-0.02187492790018385
-0.02119478693098621
-0.0205337790853001
-0.01989144674650165
-0.0192673400185612
-0.0186610167314548
-0.01807204243946845
-0.01749999041250308
-0.01694444162060692
-0.01640498471205388
-0.01588121598545247
-0.01537273935620577
-0.01487916631764966
-0.01440011589703703
-0.01393521460681817
-0.0134840963913273
-0.01304640256933757
-0.01262178177264141
-0.0122098898809361
-0.01181038995336085
-0.01142295215672919
-0.01104725369078699
-0.01068297871067077
-0.010329818246892
-0.009987470122971154
-0.009655638870963532
-0.009334035644964263
-0.009022378132891487
-0.00872039046670821
-0.008427803131266089
-0.008144352871937339
-0.007869782601093445
-0.007603841303680266
-0.007346283941932646
-0.00709687135946644
-0.006855370184790583
-0.006621552734465506
-0.006395196915989532
-0.00617608613048409
-0.005964009175305739
-0.005758760146658428
-0.005560138342395604
-0.005367948164954546
-0.005181999024671603
-0.005002105243446428
-0.0048280859588767
-0.004659765028925764
-0.004496970937212156
-0.004339536698925796
-0.004187299767473354
-0.00404010194188945
-0.003897789275124234
-0.003760211983182284
-0.003627224355198449
-0.003498684664466644
-0.003374455080470366
-0.003254401581949248
-0.003138393871031188
-0.003026305288485475
-0.002918012730085401
-0.002813396564111643
-0.002712340550046795
-0.002614731758417569
-0.002520460491881499
-0.002429420207507623
-0.002341507440345566
-0.002256621728159556
-0.002174665537477055
-0.002095544190872688
-0.002019165795490017
-0.001945441172843358
-0.001874283789895612
-0.001805609691356103
-0.001739337433313299
-0.001675388018104552
-0.001613684830468948
-0.001554153574908537
-0.001496722214303535
-0.001441320909773165
-0.001387881961811274
-0.001336339752617576
-0.001286630689639915
-0.00123869315031287
-0.001192467428022705
-0.001147895679219843
-0.001104921871715551
-0.001063491734160793
-0.001023552706625474
-0.0009850538923576986
-0.0009479460105897759
-0.0009121813505049773
-0.0008777137262434981
-0.0008444984330233467
-0.0008124922042917835
-0.0007816531699090791
-0.000751940815362555
-0.0007233159419930593
-0.0006957406282075037
-0.000669178191653074
-0.0006435931523478286
-0.0006189511967480366
-0.0005952191427427296
-0.0005723649055734994
-0.0005503574646134697
-0.0005291668310293168
-0.0005087640162886759
-0.0004891210014952101
-0.0004702107075868929
-0.0004520069662958287
-0.0004344844919108907
-0.0004176188538063236
-0.0004013864497404315
-0.0003857644798514055
-0.0003707309214346222
-0.0003562645043605319
-0.0003423446872519029
-0.0003289516342762918
-0.000316066192635497
-0.0003036698706739123
-0.0002917448166073445
-0.0002802737978856689
-0.0002692401812033056
-0.0002586279130725446
-0.0002484215008755506
-0.0002386059943540002
-0.0002291669678472025
-0.0002200905035280896
-0.0002113631750748652
-0.0002029720305524722
-0.0001949045747897215
-0.0001871487542279649
-0.0001796929478097506
-0.0001725259580550536
-0.0001656369925528961
-0.0001590156379730387
-0.0001526518401864939
-0.0001465359006491294
-0.0001406584754098927
-0.0001350105655166295
-0.0001295835002062517
-0.0001243689216293431
-0.0001193587742921328
-0.0001145452958544559
-0.000109921007462052
-0.0001054787036692122
-0.0001012114427433293
-9.711253749745606e-05
-9.317554647758432e-05
-8.939426542098729e-05
-8.576271891881389e-05
-8.227515238217794e-05
-7.892602426137204e-05
-7.570999854266491e-05
-7.26219374761395e-05
-6.965689454557885e-05
-6.681010768919296e-05
-6.407699271803789e-05
-6.14531369846388e-05
-5.893429324084099e-05
-5.651637369694721e-05
-5.41954443200078e-05
-5.196771928476634e-05
-4.982955562734558e-05
-4.777744809087748e-05
-4.580802413004579e-05
-4.391803909583658e-05
-4.210437158223283e-05
-4.036401893207631e-05
-3.869409291601509e-05
-3.70918155242114e-05
-3.555451494222909e-05
-3.407962164012474e-05
-3.266466461088997e-05
-3.130726773641291e-05
-3.000514628502228e-05
-2.87561035183609e-05
-2.755802743851728e-05
-2.640888763633832e-05
-2.530673225699904e-05
-2.424968505389498e-05
-2.323594259350858e-05
-2.22637715028906e-05
-2.133150586307064e-05
-2.043754466298389e-05
-1.958034935560717e-05
-1.875844151735217e-05
-1.797040056380217e-05
-1.721486156805326e-05
-1.649051316383552e-05
-1.579609549554907e-05
-1.513039827354886e-05
-1.449225887384798e-05
-1.388056053066964e-05
-1.329423058046898e-05
-1.27322387785381e-05
-1.219359567059094e-05
-1.167735103061454e-05
-1.11825923503668e-05
-1.070844338578598e-05
-1.02540627705992e-05
-9.818642646397843e-06
-9.401407396237319e-06
-9.001612372225376e-06
-8.61854270507895e-06
-8.251512148173435e-06
-7.899861958543817e-06
-7.562959827991556e-06
-7.240198859711302e-06
-6.930996558870504e-06
-6.634793894700955e-06
-6.35105437460666e-06
-6.079263160836005e-06
-5.818926217441974e-06
-5.569569493447016e-06
-5.330738134499924e-06
-5.101995727443419e-06
-4.882923576148249e-06
-4.67311999105055e-06
-4.472199620118935e-06
-4.279792799980886e-06
-4.095544941872869e-06
-3.919115920321896e-06
-3.750179510406501e-06
-3.588422814032555e-06
-3.433545749743009e-06
-3.285260532683206e-06
-3.143291178889904e-06
-3.007373028305697e-06
-2.877252310608087e-06
-2.752685682621173e-06
-2.633439823607548e-06
-2.519291036327617e-06
-2.410024853318013e-06
-2.305435662206127e-06
-2.205326339977677e-06
-2.109507931401942e-06
-2.017799308575664e-06
-1.930026843062262e-06
-1.846024116495162e-06
-1.765631627239703e-06
-1.688696497655263e-06
-1.615072216577013e-06
-1.54461836794728e-06
-1.47720038917144e-06
-1.412689335002944e-06
-1.350961641590974e-06
-1.29189891122387e-06
-1.235387698314532e-06
-1.181319305125478e-06
-1.129589588061896e-06
-1.080098780961003e-06
-1.03275129645358e-06
-9.874555607929948e-07
-9.441238569201531e-07
-9.026721514129084e-07
-8.630199585149769e-07
-8.250901843383163e-07
-7.888089802652928e-07
-7.541056192564498e-07
-7.209123569380378e-07
-6.891643190679307e-07
-6.587993814311223e-07
-6.297580452197797e-07
-6.019833373578867e-07
-5.754206937541992e-07
-5.500178659303284e-07
-5.257248303651736e-07
-5.024936932871331e-07
-4.802785917142279e-07
-4.590356217797251e-07
-4.387227471139555e-07
-4.192997205736255e-07
-4.007280168969369e-07
-3.829707566242906e-07
-3.659926312626955e-07
-3.497598429916936e-07
-3.342400416166597e-07
-3.194022678378227e-07
-3.052168845156877e-07
-2.916555286550072e-07
-2.786910510968194e-07
-2.662974696309705e-07
-2.544499216186887e-07
-2.431246046389645e-07
-2.322987454615932e-07
-2.219505545947559e-07
-2.120591804425759e-07
-2.026046661088059e-07
-1.935679125264303e-07
-1.849306576529464e-07
-1.766754228522538e-07
-1.687854773552808e-07
-1.612448230878162e-07
-1.540381514203153e-07
-1.471508199275392e-07
-1.40568814433951e-07
-1.342787359135658e-07
-1.282677645657607e-07
-1.225236372123933e-07
-1.170346208055936e-07
-1.117894937063274e-07
-1.067775227435565e-07
-1.01988443264384e-07
-9.741243444630432e-08
-9.30401063605425e-08
-8.886247895788978e-08
-8.487095367054483e-08
-8.105732079002524e-08
-7.741371905492831e-08
-7.393264322807894e-08
-7.060690154690739e-08
-6.742962027339226e-08
-6.439424068297713e-08
-6.149446965450053e-08
-5.872430688462498e-08
-5.60780101806187e-08
-5.355008798477018e-08
-5.113529359062958e-08
-4.882860253601461e-08
-4.662522020488684e-08
-4.452054836883434e-08
-4.251021022787005e-08
-4.05900142202225e-08
-3.875594265701899e-08
-3.700417624521501e-08
-3.533104158542667e-08
-3.37330436391699e-08
-3.220682979538936e-08
-3.074919956061325e-08
-2.935709679052916e-08
-2.8027599369539e-08
-2.675791499228158e-08
-2.554536992709967e-08
-2.438741270251043e-08
-2.328160241152396e-08
-2.222560965918382e-08
-2.12172093767496e-08
-2.025426663102394e-08
-1.933475151113366e-08
-1.845671809910618e-08
-1.761831200968507e-08
-1.681775797946204e-08
-1.60533600263185e-08
-1.532349377470681e-08
-1.462660844964347e-08
-1.396122559892901e-08
-1.332593116651035e-08
-1.271937475646084e-08
-1.214026440541413e-08
-1.158736852357058e-08
-1.105951050936819e-08
-1.05555605387589e-08
-1.007444626986149e-08
-9.615134434978232e-09
-9.176644621842913e-09
-8.758041562593248e-09
-8.35842173632672e-09
-7.976936082691269e-09
-7.612762657809271e-09
-7.26512254500065e-09
-6.933274894638883e-09
-6.616503341750188e-09
-6.314124587261562e-09
