9.674070355224801e-13
6.9139618140693e-13
5.330513979535764e-13
4.582662302497233e-13
4.529077761608612e-13
5.110776578624136e-13
6.365439722858965e-13
8.411987584430368e-13
1.145858374807366e-12
1.581370502377684e-12
2.191402196764404e-12
3.035929317773256e-12
4.195351183511446e-12
5.777188488213777e-12
7.924096755730268e-12
1.082425567905762e-11
1.472441024057678e-11
1.994674244922398e-11
2.691045175196373e-11
3.615872258147035e-11
4.839337758600605e-11
6.451728696891975e-11
8.568724807633625e-11
1.133818414177187e-10
1.494826436062909e-10
1.963792615184758e-10
2.57092848128454e-10
3.354343215122543e-10
4.361946225814709e-10
5.653783003508021e-10
7.304908807189865e-10
9.408863833915394e-10
1.208188511781302e-09
1.546806774867337e-09
1.974551197348817e-09
2.513382882075767e-09
3.190309623043572e-09
4.038466109207629e-09
5.098401999303106e-09
6.419624130373121e-09
8.062435063554064e-09
1.01001141288212e-08
1.262151022547405e-08
1.57341055964997e-08
1.956763685176879e-08
2.427835529810349e-08
3.005403744988265e-08
3.711985148748618e-08
4.574522094609245e-08
5.625182465942935e-08
6.902289008439828e-08
8.451398548542473e-08
1.032654956295674e-07
1.259170833068279e-07
1.53224386016934e-07
1.860782424381892e-07
2.255267895182054e-07
2.728008091945801e-07
3.293427353215417e-07
3.968397978357234e-07
4.772618025304799e-07
5.729041357124244e-07
6.864366018624448e-07
8.209587889459977e-07
9.800627244165592e-07
1.167903637828742e-06
1.389279746939356e-06
1.649722048850517e-06
1.955595196773629e-06
2.314210624671268e-06
2.733953199369714e-06
3.224422759480337e-06
3.796592035995039e-06
4.462982548872497e-06
5.237860197984128e-06
6.137452396892051e-06
7.180188732698636e-06
8.386967246353301e-06
9.781448559727187e-06
1.139038024912678e-05
1.324395399348052e-05
1.537619818171195e-05
1.782540880499513e-05
2.063462159635214e-05
2.38521285189526e-05
2.753204187230506e-05
3.173490936683775e-05
3.652838368891772e-05
4.198795015059957e-05
4.819771613473491e-05
5.525126611607451e-05
6.325258608109605e-05
7.23170612110477e-05
8.257255066286259e-05
9.416054325828332e-05
0.0001072373977589954
0.0001219756713002563
0.0001385655393017811
0.000157216309911522
0.0001781580356747881
0.0002016432246699179
0.0002279486530684307
0.0002573772844389389
0.0002902603095465846
0.0003269593043471585
0.0003678685055219013
0.0004134172052610713
0.0004640722667906805
0.0005203407616969982
0.0005827727295111231
0.0006519640594830637
0.0007285594937883553
0.00081325575072463
0.0009068047656560613
0.001010017046664976
0.00112376514092661
0.001248987206875454
0.001386690686187791
0.001537956068469453
0.001703940740376169
0.001885882909596339
0.00208510559280927
0.002303020655296893
0.002541132888367892
0.002801044109211306
0.003084457266096559
0.003393180530502995
0.003729131360791321
0.004094340530637628
0.004490956092902523
0.004921247251165298
0.005387608113126454
0.005892561298572381
0.006438761372798757
0.007028998074549198
0.007666199305646721
0.008353433847596995
0.009093913768566719
0.009890996482868817
0.01074818643249202
0.01166913643818556
0.01265764871449518
0.01371767542533059
0.01485331866190467
0.01606882984515114
0.01736860856714217
0.0187572008449749
0.02023929672409128
0.02181972719454771
0.02350346037966802
0.02529559697373305
0.02720136489738131
0.02922611312856869
0.03137530469084603
0.03365450875818133
0.0360693918586675
0.03862570815465316
0.0413292887673577
0.04418603014397977
0.04720188143594898
0.05038283088692876
0.05373489122399407
0.05726408403479821
0.06097642315107053
0.06487789702262022
0.06897445010340755
0.07327196326511234
0.07777623324086257
0.08249295114751015
0.08742768009104598
0.09258583190487932
0.09797264306292613
0.1035931497943319
0.1094521624813488
0.1155542393674458
0.1219036596551481
0.1285043960638563
0.1353600869008799
0.1424740077620702
0.1498490429111313
0.1574876564469544
0.1653918633563868
0.1735632005287665
0.1820026978790743
0.1907108496483544
0.1996875860187255
0.2089322451628098
0.2184435458191498
0.2282195605632417
0.2382576898552265
0.2485546370208331
0.2591063842984515
0.2699081700504564
0.2809544673221936
0.2922389638294912
0.3037545435363164
0.3154932699555046
0.327446371266036
0.3396042274315482
0.3519563593856656
0.3644914204344923
0.3771971899939783
0.3900605697374115
0.4030675823238883
0.4162033727424503
0.4294522123960224
0.442797506012091
0.4562218014188924
0.469706802323609
0.4832333840851281
0.4967816125672921
0.5103307661146157
0.5238593606382026
0.5373451779010601
0.5507652969399531
0.5640961286582424
0.5773134535751028
0.5903924626562342
0.6033078012532587
0.6160336160298694
0.6285436048538443
0.6408110695777804
0.6528089715655031
0.6645099899266463
0.6758865822745003
0.6869110479241154
0.697555593390619
0.7077923999835714
0.717593693400228
0.7269318150724015
0.7357792951222097
0.7441089267306186
0.7518938416675306
0.7591075868385188
0.765724201553093
0.7717182953212197
0.7770651259402069
0.7817406775853158
0.78572173872106
0.7889859795120895
0.7915120285115606
0.7932795483677068
0.7942693102529506
0.7944632668253426
0.7938446233862848
0.7923979069840126
0.7901090332071119
0.7869653704266195
0.7829558013589295
0.7780707815570642
0.7723023943894783
0.7656444023075301
0.7580922946974514
0.7496433329352667
0.7402965913398206
0.7300529917593753
0.7189153317950292
0.7068883093432091
0.6939785458346849
0.6801946052025629
0.6655470058071373
0.6500482253278335
0.6337127005350141
0.616556822733759
0.5985989280278445
0.5798592819298929
0.5603600582999725
0.5401253127806974
0.5191809508311183
0.4975546903144841
0.4752760186785671
0.4523761447991795
0.4288879455746759
0.4048459074051146
0.3802860626529805
0.3552459212365716
0.329764397513945
0.3038817326234737
0.2776394124881291
0.2510800816743199
0.2242474533349934
0.1971862154714185
0.1699419337559676
0.1425609511860139
0.1150902848336909
0.08757751998055995
0.06007070192889172
0.0326182257880217
0.005268724549079892
-0.02192904423749738
-0.04892631285794415
-0.07567441857961703
-0.1021249192134545
-0.1282297087628807
-0.1539411328236021
-0.1792121034025933
-0.2039962128250098
-0.2282478463954402
-0.2519222934922796
-0.2749758567670303
-0.297365959134728
-0.3190512482456463
-0.3399916981314566
-0.3601487077419103
-0.3794851960780491
-0.397965693650787
-0.4155564300025755
-0.4322254170385214
-0.4479425279444585
-0.4626795714553349
-0.4764103612679796
-0.4891107804047598
-0.5007588403450881
-0.5113347347764532
-0.5208208878076763
-0.5292019965249
-0.5364650677804429
-0.5425994491119495
-0.5475968537279327
-0.5514513794918693
-0.5541595218738524
-0.5557201808496366
-0.556134661738136
-0.5554066700065911
-0.553542300063581
-0.5505500180966366
-0.5464406390230506
-0.5412272976336006
-0.5349254140436572
-0.527552653557294
-0.5191288810817697
-0.5096761102415175
-0.4992184473523023
-0.4877820304455123
-0.4753949635199952
-0.4620872462266412
-0.4478906992003167
-0.4328388852617206
-0.4169670267336608
-0.4003119191080994
-0.3829118413226213
-0.3648064629067244
-0.3460367482593235
-0.3266448583355146
-0.3066740500169817
-0.2861685734538089
-0.265173567662314
-0.2437349546614473
-0.2218993324400448
-0.1997138670407533
-0.1772261840522007
-0.1544842597961173
-0.1315363124919535
-0.1084306936832253
-0.08521578020143163
-0.06193986694235092
-0.03865106072225409
-0.01539717547503297
0.007774370953972854
0.0308166581706288
0.05368336251156794
0.07632885401055667
0.09870829083012893
0.1207777109474239
0.1424941208921642
0.1638155813465562
0.1847012894276614
0.2051116574833957
0.2250083882480365
0.2443545462111589
0.2631146250701064
0.2812546111470074
0.2987420426602755
0.3155460647567359
0.3316374802217535
0.3469887958033568
0.3615742640953088
0.375369920931304
0.3883536182616727
0.4005050524916414
0.411805788276889
0.4222392777827638
0.4317908754246698
0.4404478481263153
0.4481993811298638
0.4550365794073109
0.4609524647353271
0.4659419685088513
0.4700019203842993
0.4731310328367084
0.4753298817306835
0.4766008830145174
0.4769482656544737
0.4763780409392256
0.4748979682818465
0.4725175176592248
0.469247828833624
0.4651016675057962
0.4600933785598259
0.4542388365543813
0.4475553936248207
0.440061824963182
0.4317782720441813
0.4227261837723061
0.4129282557216875
0.4024083676480754
0.3911915194487879
0.3793037657430066
0.3667721492501293
0.3536246331406802
0.339890032536533
0.3255979453336839
0.3107786825176385
0.2954631981428606
0.2796830191398752
0.2634701751146742
0.2468571282996366
0.2298767038088536
0.2125620203494042
0.1949464215370748
0.1770634079627626
0.1589465701459227
0.1406295225029804
0.1221458384570546
0.1035289868122381
0.08481226951049953
0.06602876087940686
0.04721124847152627
0.0283921755928187
0.009603585612347847
-0.009122931861466553
-0.02775629286120666
-0.04626596892651198
-0.06462203488974072
-0.08279521452179314
-0.1007569239867347
-0.1184793130605324
-0.1359353040733486
-0.1530986285412679
-0.1699438614601568
-0.1864464532421484
-0.2025827592804034
-0.2183300671319838
-0.2336666213165295
-0.2485716457317613
-0.2630253636929966
-0.2770090156093004
-0.2905048743150858
-0.3034962580830065
-0.3159675413432959
-0.3279041631400146
-0.3392926333602635
-0.3501205367782497
-0.3603765349620371
-0.3700503660877087
-0.379132842709378
-0.3876158475393399
-0.395492327298986
-0.4027562847063164
-0.4094027686579423
-0.4154278626676083
-0.4208286716280757
-0.4256033069673024
-0.4297508702723651
-0.4332714354510215
-0.4361660295058173
-0.4384366119950103
-0.4400860532530597
-0.4411181114466984
-0.4415374085420319
-0.441349405259508
-0.4405603750931816
-0.4391773774714317
-0.4372082301391516
-0.4346614808321536
-0.4315463783150852
-0.4278728428567717
-0.4236514362191421
-0.4188933312357924
-0.4136102810463831
-0.4078145880536441
-0.4015190726707912
-0.394737041927582
-0.3874822580026024
-0.3797689067413069
-0.3716115662195504
-0.3630251754116746
-0.354025003020802
-0.3446266165281664
-0.334845851512179
-0.3246987812872779
-0.3142016869110135
-0.3033710276057168
-0.29222341163977
-0.2807755677087319
-0.2690443168552889
-0.2570465449650561
-0.2447991758730692
-0.2323191451144131
-0.2196233743474343
-0.2067287464769126
-0.1936520815025673
-0.1804101131158814
-0.1670194660667055
-0.1534966343174957
-0.1398579600015486
-0.1261196131996063
-0.1122975725474346
-0.09840760668510699
-0.08446525655523811
-0.07048581855625022
-0.05648432855501288
-0.04247554676136301
-0.02847394346540707
-0.01449368563632398
-0.0005486243800485731
0.01334771674827182
0.02718215258275897
0.04094184634357732
0.05461431880067964
0.0681874566143864
0.08164951986358236
0.09498914877411753
0.1081953696614351
0.1212576001017644
0.1341656533471733
0.1469097420007287
0.1594804809690135
0.1718688897102972
0.1840663937967778
0.1960648258102528
0.2078564255910497
0.2194338398609745
0.2307901212420235
0.2419187266915862
0.2528135153754872
0.263468746000835
0.2738790736307725
0.2840395460038333
0.2939455993800577
0.3035930539366467
0.312978108735737
0.3220973362864422
0.3309476767236739
0.3395264316261993
0.3478312574976762
0.3558601589328239
0.3636114814886575
0.3710839042808535
0.3782764323277512
0.3851883886653745
0.3918194062543007
0.3981694196961064
0.4042386567780339
0.4100276298661214
0.4155371271675055
0.4207682038803736
0.4257221732489828
0.4304005975423666
0.4348052789723248
0.4389382505659108
0.4428017670081503
0.4463982954720497
0.4497305064524866
0.4528012646166196
0.4556136196831221
0.4581707973434948
0.4604761902391376
0.4625333490083592
0.4643459734125309
0.4659179035503342
0.4672531111703538
0.4683556910939761
0.4692298527606593
0.469879911901333
0.4703102823459328
0.470525467972394
0.4705300548058655
0.4703287032757423
0.4699261406354985
0.469327153549946
0.4685365808551066
0.4675593064952281
0.4664002526416796
0.4650643729967932
0.4635566462872299
0.4618820699494691
0.4600456540073375
0.4580524151422045
0.4559073709584444
0.4536155344469512
0.4511819086472293
0.4486114815083581
0.445909220950049
0.4430800701220244
0.4401289428595833
0.4370607193346036
0.4338802419021934
0.4305923111428722
0.4272016820972108
0.4237130606892585
0.4201311003367773
0.41646039874799
0.4127054949046478
0.4088708662261594
0.4049609259094916
0.4009800204418252
0.3969324272841207
0.3928223527226917
0.388653929885158
0.3844312169182448
0.3801581953237301
0.375838768447059
0.3714767601140449
0.3670759134124489
0.3626398896154883
0.3581722672431908
0.3536765412568861
0.3491561223831358
0.3446143365622197
0.3400544245155567
0.335479541428078
0.3308927567438872
0.3262970540739471
0.3216953312082795
0.3170904002247519
0.3124849876905981
0.3078817349563764
0.3032831985414121
0.2986918506033944
0.2941100794851363
0.2895401903347259
0.2849844057978154
0.2804448667800506
0.2759236332740144
0.2714226852452284
0.2669439235738252
0.2624891710496725
0.2580601734188267
0.2536586004767009
0.2492860472045081
0.2449440349456736
0.2406340126183228
0.2363573579596499
0.232115378800737
0.2279093143709433
0.2237403366290369
0.2196095516163075
0.2155180008282524
0.2114666626029633
0.2074564535233619
0.2034882298311806
0.1995627888515094
0.1956808704272366
0.1918431583595111
0.1880502818506318
0.1843028169475597
0.1806012879851986
0.1769461690281632
0.1733378853089649
0.1697768146612778
0.1662632889466957
0.1627975954730122
0.1593799784024398
0.1560106401487614
0.1526897427627431
0.1494174093045939
0.1461937252017916
0.1430187395909029
0.1398924666428023
0.1368148868704992
0.1337859484188182
0.1308055683355525
0.1278736338241812
0.1249900034764475
0.1221545084828266
0.1193669538205128
0.1166271194198402
0.1139347613096057
0.1112896127399642
0.1086913852820394
0.1061397699039555
0.103634438023209
0.1011750425351277
0.09876121881741955
0.09639258571114293
0.09406874647794336
0.09178928973251736
0.08955379034916053
0.08736181034440541
0.08521289974138534
0.08310659741469667
0.08104243190160601
0.07901992216034692
0.07703857830448034
0.07509790236785285
0.07319738909248434
0.07133652666430686
0.06951479733580032
0.06773167800955653
0.06598664085022872
0.06427915392031178
0.0626086817886275
0.06097468609142673
0.05937662606582372
0.05781395906729361
0.05628614107150826
0.05479262715601735
0.05333287196084349
0.05190633012937072
0.05051245673050452
0.04915070766245476
0.04782054003856975
0.04652141255579573
0.04525278584586114
0.04401412280921595
0.04280488893218706
0.04162455258817384
0.04047258532378253
0.03934846212974674
0.03825166169675906
0.03718166665658271
0.03613796380915832
0.03512004433617962
0.03412740400144561
0.03315954333830081
0.0322159678245759
0.03129618804543004
0.03039971984453359
0.02952608446393467
0.02867480867305622
0.02784542488718892
0.0270374712757156
0.02625049186037547
0.02548403660398043
0.02473766149005157
0.02401092859370452
0.02330340614399075
0.02261466857801211
0.02194429658717336
0.02129187715602474
0.02065700359401955
0.02003927556033354
0.01943829908204762
0.01885368656602024
0.01828505680464436
0.01773203497584342
0.01719425263758483
0.01667134771724832
0.01616296449602418
0.01566875358858146
0.01518837191823729
0.01472148268786047
0.01426775534678681
0.01382686555388278
0.01339849513710114
0.01298233204963131
0.0125780703229088
0.01218541001667602
0.01180405716623984
0.01143372372710105
0.01107412751715028
0.01072499215659168
0.01038604700586848
0.01005702710163386
0.009737673090950919
0.009427731163861046
0.009126952984450062
0.008835095620571611
0.008551921472350982
0.008277198199626457
0.008010698648416262
0.007752200776553672
0.007501487578525847
0.007258347009693892
0.007022571909996137
0.006793959927251076
0.006572313440111771
0.006357439480779385
0.006149149657542063
0.005947260077218827
0.005751591267617717
0.005561968100008824
0.005378219711732878
0.005200179428990924
0.005027684689968175
0.004860576968322576
0.004698701697010969
0.004541908192458843
0.004390049579231336
0.004242982715226149
0.004100568117530419
0.003962669888838339
0.003829155644474953
0.003699896440105077
0.003574766700131786
0.003453644146908282
0.003336409730683801
0.003222947560356759
0.00311314483506179
0.003006891776546551
0.002904081562447825
0.002804610260416729
0.002708376763176891
0.002615282724475307
0.0025252324959553
0.002438133064968132
0.002353893993314882
0.002272427356964225
0.002193647686718684
0.002117471909832198
0.002043819292568332
0.001972611383737465
0.0019037719592472
0.00183722696761033
0.001772904476445086
0.001710734619854441
0.001650649546844677
0.001592583370706427
0.00153647211932996
0.001482253686535052
0.001429867784273347
0.001379255895847534
0.001330361230012026
0.001283128676014373
0.001237504759588435
0.001193437599846392
0.001150876867093805
0.001109773741520593
0.001070080872807334
0.00103175234056714
0.0009947436156143208
0.0009590115221641327
0.0009245142010265623
0.0008912110735972014
0.0008590628062816179
0.0008280312754334852
0.0007980795337130601
0.0007691717788763431
0.0007412733231349819
0.0007143505586698584
0.0006883709204796864
0.0006633028568509804
0.0006391158202942625
0.0006157802585826454
0.0005932675709840912
0.0005715500365106414
0.0005506007629017759
0.0005303936929191513
0.0005109036199651722
0.0004921061721780976
0.0004739777696002303
0.0004564955860811535
0.0004396375274562684
0.0004233822141502557
0.0004077089614442893
0.0003925977576509959
0.000378029242958052
0.0003639846897490768
0.0003504459836948652
0.0003373956051571368
0.0003248166109895957
0.0003126926167957741
0.0003010077797742358
0.0002897467820152073
0.0002788948142623288
0.0002684375601384321
0.000258361180782661
0.0002486522999385357
0.000239297989480307
0.0002302857553099128
0.0002216035237100103
0.0002132396280303978
0.0002051827958065754
0.0001974221362341776
0.0001899471279949809
0.0001827476074641401
0.0001758137572336771
0.00016913609499456
0.0001627054627451098
0.0001565130163091958
0.0001505502151716787
0.0001448088126219299
0.0001392808461812898
0.0001339586283340713
0.000128834737533706
0.00012390200946936
0.0001191535286108273
0.0001145826200193955
0.000110182841382087
0.0001059479753175328
0.0001018720219078907
9.79491914586877e-05
9.417389749198148e-05
9.054074994711166e-05
8.704454861759656e-05
8.368027675297748e-05
8.044309490494251e-05
7.732833493743545e-05
7.433149423072155e-05
7.144823009531749e-05
6.86743543255681e-05
6.60058279455844e-05
6.343875613983214e-05
6.096938330842681e-05
5.859408831402358e-05
5.630937987441952e-05
5.4111892081662e-05
5.199838010632033e-05
4.996571600676062e-05
4.801088469439313e-05
4.613098003012444e-05
4.432320103343742e-05
4.258484823110763e-05
4.091332012499772e-05
3.930610976764934e-05
3.776080145729725e-05
3.627506754316389e-05
3.484666533917296e-05
3.347343413677426e-05
3.21532923165916e-05
3.088423456225207e-05
2.966432915604287e-05
2.84917153801908e-05
2.736460100321279e-05
2.628125983522128e-05
2.524002939352729e-05
2.423930862565062e-05
2.327755571206083e-05
2.23532859536292e-05
2.146506972178923e-05
2.06115304937692e-05
1.979134292746596e-05
1.900323104210229e-05
1.82459664193598e-05
1.751836649391498e-05
1.681929290905984e-05
1.614764989259369e-05
1.550238272683867e-05
1.488247625530037e-05
1.428695344396816e-05
1.37148739944883e-05
1.316533300026419e-05
1.263745965908157e-05
1.213041601701706e-05
1.164339577189083e-05
1.117562312052855e-05
1.072635161424333e-05
1.029486310814204e-05
9.880466697156805e-06
9.482497724456986e-06
9.100316800644323e-06
8.733308878187026e-06
8.380882340534516e-06
8.042468145819121e-06
7.717518986097168e-06
7.405508467055407e-06
7.105930337740809e-06
6.818297745724105e-06
6.542142502873286e-06
6.277014397245679e-06
6.022480513075756e-06
5.778124581226408e-06
5.543546370806521e-06
5.318361063177493e-06
5.102198690734098e-06
4.894703566432543e-06
4.695533754509315e-06
4.504360545354535e-06
4.320867963868741e-06
4.144752277492026e-06
3.97572154346466e-06
3.813495151268542e-06
3.657803394117057e-06
3.508387067856755e-06
3.364997055272083e-06
3.227393955010101e-06
3.095347701836367e-06
2.968637213296346e-06
2.847050043148386e-06
2.730382057355229e-06
2.618437120236449e-06
2.51102677116288e-06
2.407969940038244e-06
2.309092667913471e-06
2.214227831373715e-06
2.123214871496953e-06
2.035899553226726e-06
1.952133707907378e-06
1.871775012684338e-06
1.794686758093655e-06
1.720737628311238e-06
1.649801499396352e-06
1.581757230332644e-06
1.516488476740376e-06
1.453883500320228e-06
1.393834996185627e-06
1.336239903616928e-06
1.280999261011988e-06
1.228018042845778e-06
1.177204992822296e-06
1.128472489204965e-06
1.081736397050725e-06
1.036915935121156e-06
9.939335391963652e-07
9.527147449723903e-07
9.131880591214649e-07
8.752848418099071e-07
8.389392028505847e-07
8.040878853585785e-07
7.706701715836112e-07
7.386277703440524e-07
7.079047316962439e-07
6.784473507171508e-07
6.502040764200159e-07
6.231254356235838e-07
5.9716393649058e-07
5.722739979321254e-07
5.484118783314849e-07
5.255355945879089e-07
5.036048623365939e-07
4.825810169538552e-07
4.62426960788142e-07
4.43107086072512e-07
4.245872312861784e-07
4.06834614955178e-07
3.898177800812797e-07
3.735065410377874e-07
3.578719475849727e-07
3.42886212153493e-07
3.285226749313553e-07
3.147557541244199e-07
3.015609248062605e-07
2.889146433157858e-07
2.76794324155383e-07
2.651783128892982e-07
2.540458195303954e-07
2.4337691407924e-07
2.331524707405589e-07
2.233541505284394e-07
2.139643564351691e-07
2.049662171994023e-07
1.963435414420619e-07
1.880808120733564e-07
1.801631365464111e-07
1.725762364164276e-07
1.653064158347995e-07
1.583405435743453e-07
1.516660210829165e-07
1.452707719666528e-07
1.391432123836641e-07
1.332722343032867e-07
1.276471874750518e-07
1.222578565655247e-07
1.170944463240043e-07
1.121475649900767e-07
1.074082053579153e-07
1.028677327701814e-07
9.851786875111326e-08
9.435067498056813e-08
9.035854530290602e-08
8.653417735209008e-08
8.287058139579051e-08
7.936105513092161e-08
7.599917208110002e-08
7.277876947723883e-08
6.969394122366781e-08
6.673901857752625e-08
6.390857606798849e-08
6.119740842366813e-08
5.860052822596288e-08
5.611315572037239e-08
5.373070949413092e-08
5.144879283678446e-08
4.926319203237864e-08
