-2.097613404255454e-13
-1.394472249838994e-13
-8.907010645102645e-14
-5.673800438711118e-14
-3.611526737662438e-14
-2.187036129007078e-14
-1.156467557036661e-14
-3.57730047189936e-15
3.690460744269332e-15
1.10640875842063e-14
1.917399534514362e-14
2.915612054819169e-14
4.183042590194423e-14
5.842527445517537e-14
8.11812677754345e-14
1.111922495685727e-13
1.520263352075724e-13
2.0658966554885e-13
2.799706887392699e-13
3.790496700786238e-13
5.114535439870622e-13
6.896386116025366e-13
9.266552918467585e-13
1.243554783860281e-12
1.663071569775348e-12
2.219576388095077e-12
2.953636752760765e-12
3.920849447352788e-12
5.189615411656277e-12
6.848629830174217e-12
9.012510858180007e-12
1.18243303017596e-11
1.546804561126007e-11
2.017529015652823e-11
2.623881350762295e-11
3.402790552990251e-11
4.400360235246893e-11
5.674545187305813e-11
7.29765477242433e-11
9.35988494900915e-11
1.197314927427622e-10
1.527645160414154e-10
1.944155365415877e-10
2.468047748140541e-10
3.125454028644596e-10
3.948425791583343e-10
4.976307520019723e-10
6.257182365841391e-10
7.849746510260012e-10
9.825470656543664e-10
1.227119166507025e-09
1.529216114962868e-09
1.9015686749957e-09
2.359542842192094e-09
2.921643368389361e-09
3.610112315733553e-09
4.451623893332413e-09
5.478105613838439e-09
6.727697285348162e-09
8.245863241584764e-09
1.00866961852718e-08
1.231443043165312e-08
1.500519324238094e-08
1.82490378894455e-08
2.215229240577811e-08
2.684026502364867e-08
3.24603653111051e-08
3.918568963002108e-08
4.721913057672124e-08
5.679809310232667e-08
6.819987955641451e-08
8.174783712281188e-08
9.781836729630237e-08
1.168488972974113e-07
1.393469342198624e-07
1.659003344955574e-07
1.971889275091629e-07
2.339976563366689e-07
2.7723141029361e-07
3.279317286676512e-07
3.87295604326914e-07
4.566965963283594e-07
5.377085168154442e-07
6.321319514098247e-07
7.420239168093593e-07
8.697309760687391e-07
1.017926146795421e-06
1.189649994289956e-06
1.388356295670207e-06
1.617962721742738e-06
1.88290698719029e-06
2.188208982091359e-06
2.539539392498296e-06
2.943295388718425e-06
3.406683966907423e-06
3.937813561030494e-06
4.545794607226008e-06
5.240849704721861e-06
6.034434130880467e-06
6.939367404758942e-06
7.969976686500254e-06
9.142252767121756e-06
1.047401968101165e-05
1.198511944703658e-05
1.369761270271031e-05
1.563599610897339e-05
1.782743758250007e-05
2.030203047065068e-05
2.309306780914162e-05
2.62373378432013e-05
2.977544201902487e-05
3.375213668025859e-05
3.821669973263609e-05
4.322332355067219e-05
4.88315354208594e-05
5.510664682637384e-05
6.212023287302538e-05
6.995064316187203e-05
7.868354539199061e-05
8.841250296389469e-05
9.923958781672192e-05
0.0001112760296936525
0.0001246429029758164
0.0001394718521589426
0.0001559058569523401
0.0001741000379108317
0.0001942225033860715
0.0002164552388630518
0.0002409950404025653
0.0002680544922547272
0.0002978629887652344
0.0003306678007834862
0.0003667351866328959
0.0004063515474788883
0.0004498246266862052
0.0004974847525069163
0.0005496861231490586
0.0006068081329441493
0.0006692567380601524
0.0007374658606787146
0.0008118988375057551
0.0008930499140022957
0.0009814457746962467
0.001077647099523577
0.001182250146881054
0.001295888365225262
0.001419234031088576
0.001552999907444185
0.001697940918493236
0.001854855836098516
0.002024588974436033
0.002208031888229029
0.002406125068279986
0.002619859630048415
0.002850278988094545
0.003098480511113932
0.003365617151258763
0.003652899039716659
0.003961595043317303
0.004293034272913302
0.004648607537082573
0.005029768733448676
0.005438036167888198
0.005874993795771866
0.006342292374211926
0.00684165051813881
0.007374855651650457
0.00794376484353399
0.008550305521168354
0.009196476050445749
0.009884346174619169
0.01061605730327997
0.01139382263976855
0.01221992714234428
0.01309672730602001
0.0140266507588075
0.01501219566422975
0.01605592991876277
0.01716049014192084
0.01832858044592126
0.01956297098067426
0.02086649624770813
0.02224205317279804
0.0236925989384132
0.02522114856400124
0.02683077223343859
0.02852459236619046
0.03030578042368549
0.03217755345649885
0.03414317038234947
0.03620592799893629
0.03836915673201811
0.04063621611298121
0.04301048999736336
0.04549538151678421
0.0480943077734888
0.05081069428245207
0.05364796915893136
0.0566095570699454
0.05969887294466921
0.06291931545837672
0.06627426029971061
0.06976705322330867
0.07340100291401244
0.07717937365993463
0.08110537785478136
0.08518216834402559
0.08941283062023386
0.09380037490038838
0.09834772808490991
0.1030577256249705
0.1079331033170654
0.1129764890323958
0.1181903944202145
0.1235772065860665
0.1291391797766468
0.1348784270935745
0.1407969122440472
0.1468964413713247
0.1531786549667664
0.1596450199003733
0.1662968215941139
0.1731351563442797
0.1801609238386467
0.1873748198686092
0.1947773292754178
0.2023687191547347
0.2101490323235334
0.2181180810972384
0.2262754413728823
0.2346204470558421
0.243152184852092
0.251869489427648
0.2607709389847719
0.269854851243488
0.2791192798627906
0.2885620113194451
0.2981805622402861
0.3079721772350838
0.3179338272112401
0.3280622082001496
0.3383537407075544
0.3488045695794445
0.3594105644323762
0.370167320614968
0.3810701607105769
0.3921141365857991
0.403294031995181
0.4146043658268034
0.426039395897666
0.4375931231479964
0.4492592962288388
0.4610314168565188
0.472902746639111
0.4848663146085675
0.496914923671558
0.5090411558241164
0.5212373784595028
0.5334957543595561
0.5458082531316679
0.5581666614569686
0.5705625918932588
0.5829874921155127
0.5954326556354509
0.6078892332257033
0.6203482445246303
0.6328005897573398
0.6452370617448545
0.6576483583083786
0.6700250949436724
0.6823578177193571
0.6946370163696627
0.7068531375489261
0.7189965982734839
0.7310577994722589
0.743027139636552
0.7548950285405849
0.7666519009793434
0.7782882305387775
0.7897945433257724
0.8011614316535214
0.8123795676542571
0.823439716762681
0.8343327510823498
0.8450496625674138
0.8555815760232411
0.8659197619002864
0.876055648820726
0.8859808358478818
0.8956871044385611
0.905166430088465
0.9144109936492353
0.9234131922592095
0.9321656499018859
0.9406612275368504
0.9488930328146019
0.956854429358477
0.9645390455685976
0.9719407829724871
0.9790538240680958
0.9858726396667942
0.9923919957255656
0.9986069596384297
1.004512906021461
1.010105521940728
1.015380811589589
1.020335100411112
1.024965038650602
1.029267604383749
1.033240105972703
1.036880183960425
1.040185812405373
1.043155299645076
1.04578728853083
1.048080756102943
1.050035012736561
1.051649700766231
1.052924792571329
1.053860588161353
1.054457712242621
1.054717110798238
1.054640047194382
1.054228097809682
1.053483147236309
1.052407383034107
1.051003290068052
1.049273644446036
1.047221507059566
1.044850216777164
1.042163383276799
1.039164879545396
1.035858834065097
1.03224962269853
1.02834186032734
1.024140392229918
1.019650285224839
1.014876818600742
1.009825474844048
1.004501930211506
0.9989120451431197
0.9930618545523855
0.9869575580139167
0.9806055098484918
0.9740122091405861
0.9671842896938434
0.9601285099643564
0.9528517429907875
0.9453609663201538
0.9376632519632269
0.9297657563816303
0.9216757105388865
0.9134004100321141
0.9049472053065384
0.8963234919840777
0.8875367013057076
0.878594290713306
0.8695037345849275
0.8602725151254536
0.8509081134394316
0.8414180007842055
0.8318096300261784
0.8220904273106354
0.8122677839428981
0.8023490485021821
0.7923415191841692
0.7822524363870954
0.772088975548499
0.7618582402331339
0.7515672554910661
0.741222961478202
0.7308322073535102
0.7204017454560211
0.7099382257514169
0.6994481905545954
0.6889380695272485
0.6784141749666229
0.6678826973855986
0.6573497013703297
0.6468211217208895
0.6363027598672789
0.6258002805638995
0.6153192088606798
0.6048649273472259
0.5944426736802028
0.5840575383758256
0.5737144628595784
0.563418237769293
0.5531735015119545
0.5429847390824177
0.5328562811250132
0.5227923032310235
0.51279682546615
0.5028737121213729
0.4930266716878757
0.483259257042373
0.4735748658380158
0.4639767410937411
0.4544679719738434
0.4450514947571932
0.4357300939817548
0.4265064037583123
0.4173829092458257
0.4083619482786898
0.3994457131418729
0.3906362524834169
0.3819354733614507
0.3733451434178466
0.3648668931656974
0.3565022183848189
0.3482524826162483
0.3401189197509029
0.3321026367053255
0.3242046161756601
0.3164257194664767
0.3087666893839459
0.301228153189159
0.2938106256046094
0.2865145118633421
0.2793401107939242
0.2722876179366475
0.2653571286915284
0.2585486414917669
0.2518620609895856
0.2452972012469934
0.2388537889291626
0.2325314665018868
0.2263297954275648
0.2202482593488233
0.2142862672532822
0.2084431566179731
0.2027181965349258
0.1971105908136135
0.1916194810508234
0.1862439496626437
0.1809830228778441
0.1758356736941623
0.1708008247942807
0.1658773514145102
0.1610640841628522
0.156359811785292
0.1517632838806057
0.1472732135616653
0.1428882800598562
0.1386071312718956
0.134428386246583
0.1303506376099375
0.1263724539277935
0.1224923820056381
0.1187089491265203
0.1150206652245239
0.1114260249924644
0.1079235099236085
0.1045115902879467
0.1011887270442823
0.09795337368652088
0.09480397802316495
0.09173898389048088
0.08875683280080611
0.08585596552802494
0.08303482362885012
0.08029185089957136
0.07762549476908591
0.07503420762954559
0.07251644810602047
0.07007068226557409
0.06769538476688354
0.06538903995145837
0.06315014287685625
0.06097720029320938
0.05886873156399466
0.05682326953246972
0.05483936133492032
0.05291556916219822
0.05105047097146979
0.04924266114858647
0.04749075112194943
0.04579336992924226
0.04414916473892196
0.04255680132839271
0.0410149645195434
0.03952235857268701
0.03807770754036748
0.03667975558258246
0.03532726724526992
0.03401902770289993
0.03275384296647457
0.03153054005818465
0.03034796715427683
0.02920499369756191
0.02810051048064963
0.02703342970116116
0.02600268499015081
0.02500723141505251
0.02404604545846463
0.02311812497384693
0.0222224891192994
0.02135817827051537
0.02052425391417036
0.0197197985228936
0.01894391541279652
0.01819572858452881
0.01747438254893401
0.01677904213827761
0.01610889230406286
0.01546313790233699
0.01484100346732113
0.01424173297427885
0.01366458959253037
0.01310885542950971
0.01257383126656093
0.01205883628718804
0.01156320779853369
0.0110863009467527
0.0106274884270693
0.01018616018904791
0.009761723137737245
0.009353600831284392
0.00896123317560257
0.008584076116728841
0.008221601331276475
0.007873295915476596
0.007538662073272374
0.007217216803975663
0.006908491589952374
0.006612032084679201
0.006327397801532271
0.006054161803647805
0.005791910395246855
0.005540242814698416
0.00529877092966519
0.005067118934529201
0.004844923050461188
0.004631831228285056
0.004427502854459089
0.004231608460295708
0.004043829434664793
0.003863857740280127
0.00369139563381898
0.003526155389939371
0.003367859029423675
0.003216238051435396
0.003071033170128477
0.002931994055635
0.002798879079515269
0.002671455064739381
0.002549497040300412
0.002432788000490953
0.002321118668872949
0.002214287266955084
0.002112099287596178
0.002014367273222746
0.001920910598806939
0.001831555259625205
0.00174613366376739
0.001664484429406807
0.001586452186799191
0.001511887385008485
0.001440646103309061
0.001372589867237519
0.001307585469265293
0.001245504794021228
0.00118622464801566
0.001129626593857552
0.001075596788863605
0.001024025828029443
0.0009748085913090879
0.0009278440951085047
0.0008830353479294463
0.0008402892101735722
0.0007995162579103087
0.0007606306506829748
0.0007235500030959821
0.0006881952603314512
0.0006544905773342839
0.0006223632017169238
0.0005917433602364693
0.000562564148782998
0.0005347614258252665
0.0005082737092220422
0.000483042076320093
0.0004590100672662651
0.0004361235914766399
0.0004143308371355466
0.0003935821837297037
0.0003738301174757384
0.0003550291495637773
0.0003371357372031769
0.0003201082073491982
0.000303906683072675
0.0002884930124262273
0.0002738306998626513
0.0002598848400066395
0.0002466220537969267
0.0002340104269206955
0.0002220194504275801
0.0002106199634979485
0.0001997840983218396
0.0001894852269584142
0.0001796979101615902
0.0001703978481088382
0.0001615618329941903
0.0001531677033544137
0.0001451943001491698
0.0001376214244997504
0.0001304297970500131
0.0001236010188888915
0.0001171175339775023
0.0001109625930307575
0.0001051202188267398
9.957517286549336e-05
9.431292334008808e-05
8.931961439847798e-05
8.458203662388919e-05
8.008759868877598e-05
7.582430015657747e-05
7.178070539740446e-05
6.794591855198796e-05
6.430955950957646e-05
6.08617409048621e-05
5.759304604688217e-05
5.449450773907782e-05
5.155758802791654e-05
4.877415877500308e-05
4.613648303539857e-05
4.363719724531557e-05
4.126929414332114e-05
3.902610644309667e-05
3.690129117916324e-05
3.48888147303408e-05
3.298293851869989e-05
3.117820528490179e-05
2.946942598110865e-05
2.785166725370546e-05
2.632023942436866e-05
2.487068505162068e-05
2.349876797081504e-05
2.220046282953911e-05
2.097194508310832e-05
1.980958143474412e-05
1.870992070849318e-05
1.766968513138417e-05
1.668576202410646e-05
1.575519583608236e-05
1.487518056827457e-05
1.404305253655445e-05
1.325628345652696e-05
1.251247385087011e-05
1.180934678182458e-05
1.114474183624626e-05
1.051660942021512e-05
9.923005293466347e-06
9.362085386663617e-06
8.832100834260486e-06
8.331393266454761e-06
7.858390312219504e-06
7.411601310364962e-06
6.98961322550861e-06
6.591086757696638e-06
6.214752645781945e-06
5.859408137734699e-06
5.523913645282054e-06
5.2071895451114e-06
4.908213124846551e-06
4.626015706499473e-06
4.359679896002124e-06
4.108336958366552e-06
3.871164327150048e-06
3.647383235595986e-06
3.436256469118125e-06
3.237086233824782e-06
3.04921209610069e-06
2.872009070113086e-06
2.704885765131792e-06
2.547282660633349e-06
2.398670414349187e-06
2.258548324629332e-06
2.126442791108024e-06
2.001905924917911e-06
1.884514193590757e-06
1.773867122370846e-06
1.66958608791141e-06
1.571313160346091e-06
1.478710008353701e-06
1.391456870399709e-06
1.309251534870914e-06
1.23180844169649e-06
1.158857773222867e-06
1.090144605689837e-06
1.025428130038334e-06
9.644808854771445e-07
9.070880289753456e-07
8.53046665394564e-07
8.021652078852811e-07
7.542627588110178e-07
7.091685198415839e-07
6.667212605925507e-07
6.267687879275616e-07
5.891674589284982e-07
5.537817125933243e-07
5.204836139238083e-07
4.891524532963704e-07
4.596743417887043e-07
4.319418377746159e-07
4.05853584918095e-07
3.813139917201229e-07
3.5823289176671e-07
3.36525258886623e-07
3.161109142659202e-07
2.969142622034784e-07
2.788640274364012e-07
2.618930233121737e-07
2.459379091310251e-07
2.309389969414479e-07
2.168400210773771e-07
2.035879623790355e-07
1.911328595178592e-07
1.794276471793536e-07
1.684279729730955e-07
1.580920607979977e-07
1.483805633225503e-07
1.392564093749232e-07
1.306846937655755e-07
1.226325462553637e-07
1.150690015439455e-07
1.079649196295606e-07
1.01292859262293e-07
9.502698147446308e-08
8.914296688297025e-08
8.361793532264687e-08
7.843033297161559e-08
7.355989195564426e-08
6.898754055760975e-08
6.469532094036683e-08
6.066634894590646e-08
5.68847362978312e-08
5.333553339970564e-08
5.000468176852712e-08
4.687895814057544e-08
4.394592793720642e-08
4.119389058412336e-08
3.861184377633264e-08
3.61894486912516e-08
3.391697953916058e-08
3.178530052350789e-08
2.978581452843702e-08
2.791044581551366e-08
2.615160202633729e-08
2.450214889673193e-08
2.295538232889442e-08
2.150499964697325e-08
2.014507880090927e-08
1.88700626268234e-08
1.767472293751274e-08
1.655415532363014e-08
1.550374724381145e-08
1.451916296324296e-08
1.359633783118137e-08
1.273144961710295e-08
1.192090372862062e-08
1.116133284310405e-08
1.044958132451931e-08
9.782672822533102e-09
9.157820409659296e-09
8.572408172235618e-09
8.023983059728173e-09
7.510233863813443e-09
7.028997602483166e-09
6.578238098490808e-09
6.156048102472269e-09
5.760644206349621e-09
5.390347739501479e-09
5.04358968629838e-09
4.718893000756511e-09
4.414867634046402e-09
4.130213838631146e-09
3.86371438268002e-09
3.614225870651342e-09
3.380671894154183e-09
3.162046546153276e-09
2.95740889308896e-09
2.765874263095138e-09
2.586614793551382e-09
2.418852350830521e-09
2.261850889379122e-09
2.114933829727277e-09
1.977458523749216e-09
1.848827885415318e-09
1.728476588904714e-09
1.615877784298992e-09
1.510538573811468e-09
1.41199668937797e-09
1.319826307084247e-09
1.233613964689512e-09
1.152980090070679e-09
1.077567054211476e-09
1.007044255379269e-09
9.410923587532104e-10
8.794137652181755e-10
8.217431946979677e-10
7.678195330846018e-10
7.173978377960237e-10
6.702499955518553e-10
6.261692912775622e-10
5.849568829981961e-10
5.464309735386634e-10
5.104202047598635e-10
4.767619923639767e-10
4.453058000526277e-10
4.159078662436624e-10
3.884339244245079e-10
3.627591141197276e-10
3.387688770374987e-10
3.163548562012191e-10
2.954127873083939e-10
2.758456660021036e-10
2.575599189624355e-10
2.404749242333277e-10
2.245142774564891e-10
2.096055548291396e-10
1.956759004476625e-10
1.826593967935818e-10
1.705028115858295e-10
1.591421901293162e-10
1.485331792462239e-10
1.386272092932701e-10
1.293777519645841e-10
1.207436415431213e-10
1.126821232166022e-10
1.051535864253328e-10
9.812302243269921e-11
9.156175682260752e-11
8.543613360401803e-11
7.972265749418742e-11
7.438621239053944e-11
6.940343955021078e-11
6.475299092409051e-11
6.040886205916973e-11
5.635470919479987e-11
5.256632436735398e-11
4.903656205470073e-11
4.573871282602815e-11
4.265276869576197e-11
3.977353328172405e-11
3.708409950204027e-11
3.457701463111886e-11
3.224510408967949e-11
3.006637635431336e-11
2.803867431476858e-11
2.614730169072794e-11
2.438511123671082e-11
2.274468379521073e-11
2.121603494383131e-11
1.978964561632741e-11
1.845470138760226e-11
1.720853036380489e-11
1.604387812704974e-11
1.495265246112548e-11
1.393552104797716e-11
1.298324981918867e-11
1.208998918998837e-11
1.12606951575007e-11
1.048494083726073e-11
9.763170078643783e-12
9.098452050394949e-12
8.480878483414333e-12
7.910059283935807e-12
7.378596065212432e-12
6.885082147073223e-12
6.426622673325163e-12
5.996447185696534e-12
5.593533466455157e-12
5.213257260976002e-12
4.858117450133086e-12
4.520809920562429e-12
4.204553973886514e-12
3.909956098806617e-12
3.632433255372771e-12
3.374134793019221e-12
3.137254642239822e-12
2.920609320018673e-12
2.717899154056504e-12
2.534033059689898e-12
2.364360046914684e-12
2.212738585723029e-12
2.06986586883038e-12
1.933317642612859e-12
1.804246966683539e-12
1.683956374781981e-12
1.566368732520916e-12
1.458821024501502e-12
1.357401001012541e-12
1.258799040749761e-12
1.168039256351817e-12
1.081654377099062e-12
1.001538454580271e-12
9.290985983416024e-13
8.624241598865311e-13
7.997275073335945e-13
7.461479067048585e-13
7.001835227863004e-13
6.550895608438134e-13
6.128742275868195e-13
5.725456893619175e-13
5.377146946825848e-13
5.028517621487162e-13
4.720984443214779e-13
4.418893056335825e-13
4.110325643659556e-13
3.791179289823961e-13
3.48436491688054e-13
3.202774085565924e-13
2.942487828661828e-13
2.697796708716393e-13
2.515250632365721e-13
2.342775693710879e-13
2.137870224369476e-13
1.989722811694346e-13
1.827632028609371e-13
1.736298587250765e-13
1.667817057509391e-13
1.619913575393356e-13
1.547755904472198e-13
1.451957147141682e-13
1.372087908494398e-13
1.273961043189318e-13
1.167462095455032e-13
1.06851350501478e-13
9.667059749082732e-14
8.525967874758582e-14
7.605510083245133e-14
6.924333844810125e-14
6.239167058567489e-14
5.776754854975668e-14
4.944281423807495e-14
4.769627783115646e-14
4.831213012075251e-14
4.83132629700822e-14
4.889816908184299e-14
4.84271062613086e-14
5.166212587534934e-14
4.812185477584495e-14
4.415321318305395e-14
3.871004426763084e-14
3.277516676189884e-14
2.804484088121171e-14
2.115460611513156e-14
1.881686644677901e-14
1.679939847172498e-14
1.374000996266906e-14
8.752636928254909e-15
7.329382878141076e-15
7.27075475358036e-15
1.171414323197086e-14
1.293644988977294e-14
1.734279354334057e-14
2.043115417206134e-14
2.403833648339406e-14
2.433217818354193e-14
2.452524828628065e-14
2.163998199945245e-14
1.178918991943226e-14
3.863903964669153e-15
-2.472362216393852e-15
-7.721189530810912e-15
-1.03693738722011e-14
-1.091252824849766e-14
-5.347403618540103e-15
3.618903345361256e-16
4.690638591408112e-15
1.121821005975728e-14
1.73445718016576e-14
1.639301142989707e-14
1.660801352651869e-14
1.43544820714885e-14
9.783865472811341e-15
6.25255904602656e-15
2.855851002199087e-15
-6.015261797928646e-16
-5.840241964212057e-15
-7.834390899939887e-15
-7.13619259905731e-15
-8.527799977679491e-15
-6.390464292124177e-15
-5.964750075788784e-15
-3.683162205809218e-15
-7.877402236500004e-16
6.285226697770656e-15
1.055289776230899e-14
1.276788497403558e-14
1.466510900610463e-14
1.210214854618547e-14
8.793603328139147e-15
6.421355913304551e-15
2.721526354728877e-15
-2.949421993694688e-15
-6.039086610965589e-15
-1.043206066886113e-14
-1.374020578334009e-14
-1.156597550382255e-14
-9.134950515955385e-15
-5.074421390495603e-15
3.684876708037611e-16
4.255860652403611e-15
4.497082144228472e-15
6.437192251235455e-15
1.189853767773037e-14
1.293466886398178e-14
8.987289748221051e-15
1.005001354246769e-14
5.24343196204841e-15
-2.707565032883871e-16
-5.463449023555828e-15
-7.773851866357068e-15
-9.196620755574363e-15
-1.052849827294654e-14
-8.361132427439592e-15
-7.388541706702241e-15
-5.91919113660355e-15
-2.877757577140137e-15
1.148506182328549e-15
5.539425463542112e-15
8.557151839228606e-15
1.23122615966218e-14
1.160405486664307e-14
1.089763429600101e-14
3.86960337113729e-15
-1.755596915409386e-15
-7.665623334683495e-15
-5.888371297031374e-15
-7.703296199482814e-15
-8.4442273375128e-15
-4.813351894791729e-15
-5.084017729562212e-16
1.383436498222548e-15
1.158189943438803e-15
2.354956037282648e-15
1.929085507834643e-15
3.609849215779719e-15
5.264821104567431e-15
3.350621320448613e-16
-1.691538594618792e-15
-3.290604342545278e-15
-2.90040390438492e-15
-1.191611267193562e-15
4.820881942103782e-16
3.986780173572614e-15
2.130326979450669e-15
2.142457531150684e-15
1.074258619983616e-15
6.086423722753799e-16
3.16872815839123e-16
2.231435311844986e-16
1.574390901179991e-16
9.887488830644339e-16
-8.458133312767195e-16
-1.61551899848264e-15
-3.803769645058686e-15
-9.066625636096012e-15
-1.213361098708997e-14
-5.434048160027241e-15
1.455723896675476e-16
7.501910902508217e-15
9.548707555171831e-15
1.038189019613208e-14
1.131541437240138e-14
8.526332301011653e-15
1.983942989838959e-15
-1.559459234172233e-15
-4.287061986164012e-15
-5.434722916291514e-15
-7.060186175826575e-15
-7.883584444997502e-15
-4.219917057390441e-15
-1.083177406116276e-15
-5.787412726634791e-15
