1.491184494171196e-12
9.832047709687813e-13
6.512125878555887e-13
4.337863937253065e-13
2.924753869870462e-13
2.004671797989917e-13
1.411612688359302e-13
1.039263582651402e-13
8.226014607369527e-14
7.198993353004291e-14
7.122723087791603e-14
7.866975655413783e-14
9.556081347008564e-14
1.223495348134856e-13
1.617288973114556e-13
2.179824214978114e-13
2.95574399740756e-13
4.024710888838643e-13
5.466698546991934e-13
7.424341497898863e-13
1.003657015882961e-12
1.354372868536025e-12
1.819185557006239e-12
2.436649629379187e-12
3.251155004102846e-12
4.323350282155055e-12
5.731148408116507e-12
7.572244853274838e-12
9.973796926262846e-12
1.309758559191555e-11
1.714739071863648e-11
2.238259292672855e-11
2.913088717735085e-11
3.780389562846545e-11
4.891970464712796e-11
6.312647538439166e-11
8.123170598342924e-11
1.042443629433128e-10
1.334175534334124e-10
1.703040546715274e-10
2.168253813832362e-10
2.753548263328779e-10
3.488134082909777e-10
4.407904217876923e-10
5.556853508641923e-10
6.988821888093372e-10
8.769513213345396e-10
1.097892690579744e-09
1.371428919049637e-09
1.709349129463537e-09
2.125916677703572e-09
2.638348779196206e-09
3.267384815568138e-09
4.037953081450769e-09
4.979955296645096e-09
6.129186710186624e-09
7.528408756796073e-09
9.228602089619988e-09
1.129043077254832e-08
1.378593296059579e-08
1.680049301098164e-08
2.043511654265467e-08
2.480906648746889e-08
3.006289627039958e-08
3.636194630029997e-08
4.39003618008197e-08
5.290570037122277e-08
6.364420733563018e-08
7.642684821095361e-08
9.161619088884785e-08
1.096342457720002e-07
1.309713813462656e-07
1.561964465002489e-07
1.859682445925686e-07
2.210485210068161e-07
2.623166295610083e-07
3.10786086668872e-07
3.676232113323268e-07
4.341680838375155e-07
5.119580839781752e-07
6.027542698078427e-07
7.085709120115327e-07
8.317084989594201e-07
9.747905706883948e-07
1.140804763492665e-06
1.333148475004149e-06
1.555679597803396e-06
1.812772792205279e-06
2.109381820625592e-06
2.451108478427756e-06
2.844278712383086e-06
3.296026544945722e-06
3.814386453252369e-06
4.40839490522158e-06
5.088201775663869e-06
5.865192397408902e-06
6.752121055783414e-06
7.763256726234533e-06
8.914541919185922e-06
1.022376548657874e-05
1.171075026923981e-05
1.339755648347069e-05
1.530870206982833e-05
1.747140194952676e-05
1.991582698263093e-05
2.267538359084125e-05
2.578701524872682e-05
2.929152710787045e-05
3.323393503669573e-05
3.766384038194282e-05
4.263583180435751e-05
4.820991552738624e-05
5.44519753645577e-05
6.143426390448662e-05
6.923592621793023e-05
7.794355744608252e-05
8.76517956204975e-05
9.846395102610048e-05
0.0001104926733975973
0.000123860658175664
0.000138701392994738
0.0001551599455087104
0.0001733937935516123
0.0001935736985463403
0.0002158846229238108
0.000240526692201633
0.0002677162022214459
0.0002976866723781093
0.000330689946630548
0.000366997341738783
0.0004069008422676135
0.0004507143420750517
0.0004987749317483537
0.0005514442311986155
0.0006091097662968393
0.0006721863881333514
0.0007411177330863543
0.000816377721508194
0.0008984720924941057
0.0009879399728587521
0.001085355487832439
0.001191329414876375
0.001306510867319688
0.001431588994156538
0.001567294696755071
0.00171440236481763
0.001873731628628877
0.00204614911951812
0.002232570233365686
0.002433960890967843
0.002651339290954455
0.00288577764938487
0.003138403918159485
0.003410403477101059
0.003703020790823329
0.004017561024158035
0.004355391608615635
0.004717943750268327
0.005106713873174336
0.005523264987387566
0.005969227974331528
0.00644630278079909
0.00695625951043562
0.007500939406569606
0.008082255713819242
0.008702194410954898
0.009362814805808983
0.0100662499799889
0.01081470707796131
0.01161046742689237
0.01245588648042957
0.01335339357755536
0.0143054915041176
0.01531475585359045
0.01638383417314568
0.01751544488978237
0.01871237600905058
0.01997748357491348
0.02131368989076212
0.02272398148818751
0.02421140684114926
0.02577907382063357
0.0274301468801144
0.02916784397629077
0.03099543321335223
0.03291622921305831
0.0349335892094619
0.03705090886092423
0.03927161778937539
0.04159917483759337
0.04403706305247027
0.04658878439767414
0.04925785419164145
0.05204779528764891
0.05496213198954945
0.05800438371703114
0.06117805842890822
0.06448664580436116
0.06793361020674622
0.0715223834261076
0.07525635722007197
0.07913887566672641
0.08317322733368032
0.08736263729623731
0.09171025900278439
0.09621916601294724
0.1008923436268444
0.1057326804125888
0.1107429596715477
0.1159258508413948
0.1212839008685247
0.1268195255721677
0.1325350010087584
0.1384324548821233
0.1445138579997205
0.1507810158111668
0.1572355600538529
0.1638789405134304
0.1707124169475985
0.1777370511731166
0.1849536993568584
0.1923630045365812
0.1999653893759053
0.207761049203631
0.215749945334318
0.2239317987119729
0.2323060839010905
0.2408720234258197
0.2496285825083278
0.2585744641972119
0.2677081049246581
0.2770276705128327
0.286531052626647
0.2962158657245859
0.3060794444894416
0.3161188417729508
0.3263308270693385
0.3367118855077567
0.3472582174114477
0.3579657383968654
0.3688300800409005
0.3798465911243822
0.3910103394367508
0.4023161141910577
0.4137584290062459
0.4253315254623399
0.4370293772281015
0.448845694767282
0.4607739307121296
0.4728072857968614
0.4849387151783132
0.4971609351334904
0.509466430543377
0.5218474639357777
0.534296085229382
0.5468041402039603
0.5593632775336165
0.5719649569517992
0.5846004613822553
0.5972609105556056
0.6099372732172711
0.6226203776550732
0.6353009226119736
0.64796948971612
0.660616556574471
0.673232509955732
0.6858076589913448
0.6983322485807425
0.7107964731147941
0.7231904903802904
0.7355044355941632
0.7477284355349386
0.7598526227355835
0.7718671497650866
0.7837622035139389
0.7955280194737577
0.807154895980836
0.8186332083672266
0.8299534230367936
0.8411061113896102
0.8520819635920046
0.8628718021640444
0.8734665953263033
0.8838574701214594
0.8940357252413337
0.9039928435662348
0.9137205043921885
0.923210595285604
0.9324552235793352
0.9414467274505774
0.9501776865954402
0.9586409324812458
0.9668295581201394
0.9747369273828147
0.9823566837990759
0.9896827588617262
0.9967093798208938
1.003431076926466
1.00984269014931
1.01593937532948
1.021716609764495
1.027170197231488
1.032296272417157
1.037091304796379
1.041552101911844
1.045675812066804
1.049459926431553
1.052902280553167
1.056001055320657
1.058754777340976
1.061162318741911
1.063222896408532
1.064936070646407
1.066301743319563
1.067320155436356
1.067991884218606
1.068317839666376
1.068299260604753
1.06793771025614
1.067235071323553
1.066193540620925
1.064815623267498
1.063104126446384
1.061062152780061
1.058693093306887
1.056000620092455
1.052988678495547
1.04966147909432
1.046023489324913
1.042079424821382
1.037834240487092
1.033293121319315
1.028461473001145
1.023344912316543
1.017949257375738
1.012280517678865
1.00634488403943
1.000148718379976
0.9936985434472964
0.9870010324432654
0.9800629986084169
0.9728913847781855
0.965493252911921
0.957875773629406
0.9500462157597176
0.9420119359416339
0.9337803682934348
0.9253590141505056
0.9167554319030441
0.9079772269350754
0.8990320416953034
0.8899275459148889
0.880671426972896
0.8712713804386751
0.861735100789186
0.8520702723247694
0.8422845602953056
0.8323856022366084
0.822380999541553
0.8122783092618887
0.802085036160942
0.7918086250252608
0.7814564532308311
0.7710358235824682
0.7605539574201483
0.7500179880045041
0.7394349541859159
0.7288117943555591
0.7181553406941553
0.707472313708815
0.6967693170692301
0.6860528327437077
0.6753292164231322
0.6646046932365547
0.6538853537552014
0.6431771502980381
0.6324858935365354
0.621817249383505
0.6111767361687636
0.6005697220922984
0.5900014229556327
0.5794769001675483
0.5690010590187468
0.5585786472328028
0.5482142537745125
0.5379123079060526
0.5276770784856295
0.517512673506996
0.5074230398856756
0.4974119634723686
0.4874830692851698
0.4776398219535564
0.4678855263663748
0.4582233285229212
0.4486562165730005
0.4391870220399082
0.4298184212185419
0.4205529367396837
0.4113929392986135
0.4023406495337405
0.3933981400483957
0.384567337567848
0.3758500252215848
0.3672478449462144
0.3587622999984471
0.3503947575748204
0.3421464515301028
0.3340184851820106
0.326011834196274
0.3181273495432009
0.3103657605209337
0.3027276778383128
0.295213596749055
0.2878239002336535
0.280558862219252
0.2734186508333655
0.2664033316848953
0.2595128711627318
0.2527471397457463
0.2461059153197893
0.2395888865023661
0.2331956559690446
0.2269257437700345
0.220778590630137
0.2147535612302218
0.2088499474716277
0.2030669717187828
0.197403790010297
0.1918594952330839
0.1864331202583777
0.181123641041348
0.1759299796807264
0.1708510074303144
0.1658855476580612
0.1610323787523762
0.1562902369775114
0.1516578192754245
0.1471337860084542
0.142716763640171
0.1384053473539248
0.134198103609761
0.130093572638371
0.126090270869542
0.1221866932950342
0.1183813157640319
0.1146725972104755
0.1110589818117931
0.1075389010794318
0.1041107758823643
0.1007730184018781
0.09752403401697043
0.09436222312063736
0.09128598286801241
0.08829370885799928
0.08538379674738131
0.08255464379710259
0.07980465035155063
0.07713222125259528
0.07453576719063175
0.07201370599186278
0.0695644638419919
0.06718647644748693
0.06487819013595689
0.06263806289737459
0.06046456536679573
0.05835618175001812
0.05631141069347764
0.05432876609911511
0.05240677788568838
0.05054399269778903
0.0487389745640238
0.04699030550582626
0.04529658609840768
0.04365643598584512
0.04206849435101383
0.04053142034138324
0.03904389345212498
0.03760461386853222
0.03621230276956007
0.03486570259339022
0.03356357726616072
0.03230471239532236
0.03108791542923333
0.0299120157847146
0.0287758649435793
0.02767833651933529
0.02661832629547674
0.02559475223668162
0.02460655447448053
0.02365269526837352
0.02273215894361893
0.02184395180696521
0.02098710204147876
0.02016065958175657
0.01936369597059603
0.01859530419811292
0.01785459852450324
0.01714071428744393
0.01645280769528313
0.01579005560694178
0.01515165529935804
0.01453682422349872
0.01394479974980581
0.01337483890400872
0.01282621809407559
0.01229823282909555
0.01179019743086948
0.01130144473906243
0.01083132581061938
0.01037920961410102
0.009944482719597031
0.009526548984810219
0.009124829237961807
0.00873876095812008
0.008367797953434055
0.008011410037849219
0.007669082706770546
0.007340316812157133
0.007024628237572729
0.006721547573602772
0.00643061979388969
0.006151403932293307
0.005883472761486237
0.005626412473462615
0.005379822362108896
0.005143314508191595
0.004916513467015284
0.004699055959032721
0.004490590563587783
0.00429077741609061
0.004099287908792808
0.003915804395305854
0.003740019899102673
0.00357163782616179
0.003410371681829388
0.003255944792063516
0.003108090029181913
0.002966549542169176
0.002831074491658702
0.002701424789675572
0.002577368844201068
0.002458683308586272
0.002345152835878642
0.002236569838099734
0.002132734250488189
0.002033453300734173
0.001938541283240484
0.001847819338321942
0.001761115236454363
0.001678263167426054
0.001599103534474098
0.001523482753369645
0.001451253056397247
0.001382272301167501
0.001316403784266088
0.001253516059650736
0.001193482761811872
0.001136182433584932
0.001081498358564278
0.001029318398090544
0.0009795348327151609
0.0009320442080658343
0.0008867471850954876
0.00084354839460123
0.0008023562959557669
0.0007630830399733945
0.0007256443358381763
0.0006899593220192579
0.0006559504411172301
0.0006235433184878726
0.0005926666446688035
0.0005632520614493521
0.0005352340515299875
0.0005085498317111813
0.0004831392494934293
0.0004589446830730206
0.0004359109445407972
0.0004139851863155487
0.0003931168107083189
0.0003732573824641637
0.0003543605443240609
0.0003363819354249364
0.0003192791125250476
0.0003030114739417704
0.000287540186163721
0.0002728281130251114
0.0002588397474092164
0.000245541145356711
0.0002328998625744942
0.0002208848932133054
0.0002094666108799896
0.0001986167118209351
0.0001883081602027082
0.0001785151354119395
0.0001692129813279687
0.000160378157525384
0.0001519881922792708
0.0001440216373885048
0.0001364580247285122
0.0001292778244400987
0.0001224624048234677
0.0001159939936785728
0.000109855641237954
0.0001040311845472565
9.850521322904798e-05
9.326303664880513e-05
8.829065234622107e-05
8.35747157844421e-05
7.910251128289199e-05
7.486192414760261e-05
7.084141393887337e-05
6.702998883290541e-05
6.341718104588065e-05
5.99930232642527e-05
5.674802607192425e-05
5.367315630273255e-05
5.075981629600897e-05
4.799982406777201e-05
4.538539428248023e-05
4.290912004486383e-05
4.056395547668303e-05
3.834319903418861e-05
3.6240477549844e-05
3.424973096596949e-05
3.236519770912185e-05
3.058140073547226e-05
2.889313416983481e-05
2.729545054195994e-05
2.578364856989985e-05
2.435326150036069e-05
2.300004596458362e-05
2.171997132746115e-05
2.050920951699672e-05
1.93641253140129e-05
1.828126707756773e-05
1.725735788997923e-05
1.628928711139612e-05
1.537410230544745e-05
1.450900155253914e-05
1.369132610340412e-05
1.291855337100264e-05
1.218829026528446e-05
1.149826682689878e-05
1.084633015012862e-05
1.023043857385999e-05
9.648656202819214e-06
9.099147636953659e-06
8.580172952740453e-06
8.090082951728184e-06
7.627314589901243e-06
7.190386676273466e-06
6.777895741681368e-06
6.388512119826936e-06
6.020976208963633e-06
5.674094912572583e-06
5.346738274695569e-06
5.03783625543468e-06
4.746375650588427e-06
4.471397214314521e-06
4.211992866244875e-06
3.967303065936145e-06
3.736514303059746e-06
3.518856736395809e-06
3.313601905112551e-06
3.120060602239518e-06
2.937580817900567e-06
2.765545804573414e-06
2.603372240601664e-06
2.450508460291571e-06
2.306432809453988e-06
2.170652049269348e-06
2.042699879920541e-06
1.922135495952719e-06
1.808542252506724e-06
1.701526371651585e-06
1.600715725895761e-06
1.505758699960576e-06
1.416323072676258e-06
1.332094996537203e-06
1.252777996348025e-06
1.178092049372836e-06
1.107772704463256e-06
1.041570230152335e-06
9.792488090981487e-07
9.205858142371104e-07
8.653710662156967e-07
8.134061728534686e-07
7.645038785697455e-07
7.184874623619482e-07
6.751901529424934e-07
6.344545870405667e-07
5.96132298254657e-07
5.600832148353692e-07
5.261752239651097e-07
4.942837005517006e-07
4.64291114366271e-07
4.360866326506927e-07
4.095657443642745e-07
3.846299118815783e-07
3.611862320560975e-07
3.391471367655116e-07
3.184300809466413e-07
2.989572664887342e-07
2.806553760298862e-07
2.634553151324192e-07
2.47291986136232e-07
2.321040529838507e-07
2.178337265730384e-07
2.04426586808704e-07
1.918313572059358e-07
1.799997603296172e-07
1.68886323529152e-07
1.584482294385628e-07
1.486451643828593e-07
1.394391645097315e-07
1.307945011399288e-07
1.226775291014563e-07
1.150565938325733e-07
1.07901896800935e-07
1.011853928102452e-07
9.488070057424028e-08
8.89629960082873e-08
8.340891712195701e-08
7.819649137738256e-08
7.33050452514146e-08
6.871513445504292e-08
6.440847486822256e-08
6.03678626992183e-08
5.657712432228469e-08
5.302105192332021e-08
4.968534396785531e-08
4.655656304979105e-08
4.362206442706653e-08
4.086997499868483e-08
3.828913048125889e-08
3.58690351596404e-08
3.359983272309531e-08
3.147225241149076e-08
2.947758785093962e-08
2.760766731258803e-08
2.585479701232772e-08
2.421176023440885e-08
2.267177394409174e-08
2.122846649543549e-08
1.987585518403315e-08
1.860832574870995e-08
1.742059829214087e-08
1.630772306040903e-08
1.526504683755965e-08
1.428820233522896e-08
1.337309343522069e-08
1.251587389761417e-08
1.17129285283928e-08
1.096086850089942e-08
1.025650897191149e-08
9.596867411821462e-09
8.979138344280616e-09
8.400694255744246e-09
7.859068889650003e-09
7.351954932058127e-09
6.877179692159045e-09
6.432710548067483e-09
6.016639866090058e-09
5.627174954155789e-09
5.26263831977661e-09
4.921450959197751e-09
4.602133297658719e-09
4.303300164307886e-09
4.023654687949342e-09
3.7619804239233e-09
3.517134917817864e-09
3.288051183991071e-09
3.073725287623571e-09
2.873219240195108e-09
2.685649509176754e-09
2.510191783738959e-09
2.346075855395843e-09
2.192579002501334e-09
2.04901822509608e-09
1.914763629124033e-09
1.78921290026907e-09
1.671813793554659e-09
1.562038329696605e-09
1.459397215248097e-09
1.363431324047535e-09
1.273715136485399e-09
1.189842895630693e-09
1.111440068408067e-09
1.03815445822429e-09
9.696553288865694e-10
9.056310864517896e-10
8.457901778902745e-10
7.898649620082258e-10
7.375988946475059e-10
6.887545353586322e-10
6.43114333661576e-10
6.004676842691989e-10
5.606263441885775e-10
5.234016674238146e-10
4.886263546955803e-10
4.561450908711598e-10
4.258068392406008e-10
3.974701343148357e-10
3.710066190652176e-10
3.462914099806929e-10
3.232058033118445e-10
3.016428213285132e-10
2.815075153931831e-10
2.62701849342708e-10
2.451342906594761e-10
2.287250461163887e-10
2.134045710215334e-10
1.990999184246343e-10
1.857489559290421e-10
1.732866305675823e-10
1.616566862969643e-10
1.508038325844907e-10
1.406790006802712e-10
1.312300545267719e-10
1.224100497812267e-10
1.141814617736277e-10
1.064977031070376e-10
9.932641971538578e-11
9.263091719192634e-11
8.638233088873407e-11
8.054682357092879e-11
7.510427781180071e-11
7.002602418336713e-11
6.528706559901814e-11
6.086424064003418e-11
5.673998100413429e-11
5.289452290799788e-11
4.931488018608405e-11
4.597431922182384e-11
4.285806168663753e-11
3.995208252444078e-11
3.724046618496156e-11
3.47130494206507e-11
3.235694705295561e-11
3.015622052455737e-11
2.810344186965934e-11
2.618797009131526e-11
2.44031492807211e-11
2.273662049844449e-11
2.118800042366685e-11
1.974526287605852e-11
1.84020223492227e-11
1.714212151806947e-11
1.596688732408825e-11
1.487196522427428e-11
1.385326558929595e-11
1.290393312234237e-11
1.201936854128953e-11
1.119744544673945e-11
1.043191847153451e-11
9.720391711305916e-12
9.052535283642961e-12
8.433216344413439e-12
7.857644014779059e-12
7.320109154852647e-12
6.817191536031199e-12
6.345363289001964e-12
5.906310203039778e-12
5.499876434104715e-12
5.120896010043031e-12
4.764346691941747e-12
4.431283759621791e-12
4.123105570387061e-12
3.842748594133112e-12
3.582386477136622e-12
3.337730872055596e-12
3.11264882659001e-12
2.902870109610912e-12
2.699398304654373e-12
2.508101520446951e-12
2.329550643165504e-12
2.163134831087177e-12
2.014206062228995e-12
1.875066811400391e-12
1.744751130555982e-12
1.622174207406861e-12
1.506178838344748e-12
1.402896940484473e-12
1.308485965599328e-12
1.224646073677758e-12
1.145070080802611e-12
1.070106725973687e-12
9.957125584524595e-13
9.255999335108173e-13
8.603086846111282e-13
7.972537991867994e-13
7.374636801421031e-13
6.775301719781483e-13
6.253881484654761e-13
5.833957538796643e-13
5.423867454328612e-13
5.015445615610182e-13
4.666123025350162e-13
4.356784482298578e-13
4.108376511676797e-13
3.898355446673355e-13
3.712185167856893e-13
3.482669561401957e-13
3.270966063719055e-13
2.997058223562249e-13
2.747213771400406e-13
2.50658599612039e-13
2.294527040443425e-13
2.102066343517145e-13
1.933226945254865e-13
1.777611510841406e-13
1.617126607863581e-13
1.483867497162577e-13
1.378526184293204e-13
1.31522992090207e-13
1.272965212838319e-13
1.224800108975337e-13
1.160207505108957e-13
1.109659018528092e-13
1.060800696315202e-13
9.902356387953691e-14
9.431556754175428e-14
8.443409693356263e-14
7.671551821434857e-14
6.884079462382669e-14
6.169205181580683e-14
5.411857446371295e-14
4.647311915147351e-14
4.126548107631336e-14
3.75448450936864e-14
3.669163857878477e-14
3.366767667551902e-14
3.238493052520201e-14
3.339520764723727e-14
3.202015106864011e-14
3.28238539892228e-14
3.342820574359537e-14
3.417064112285462e-14
3.28478082249095e-14
2.653335798614816e-14
2.34032421231171e-14
1.945350940432793e-14
1.710286371758348e-14
1.582326963930518e-14
1.18550630642243e-14
1.225836601916691e-14
1.254128489111674e-14
1.25554478499908e-14
1.009721450109982e-14
1.184874421144657e-14
9.16810046394658e-15
3.239769138383418e-15
1.307397731258847e-15
-1.233135571937346e-15
2.632579332509451e-15
7.301338119187043e-15
7.98515251764495e-15
1.339953023794987e-14
1.314931196794329e-14
1.463433043729174e-14
1.824323110818042e-14
1.327757990755792e-14
8.421122270768512e-15
4.475377964214293e-15
-3.666922925780823e-15
-8.21718767103666e-15
-9.78083829276233e-15
-9.704773179559624e-15
-7.209962912038807e-15
-2.224489596247304e-15
1.860052681882954e-15
7.580381086652739e-15
9.554814996032054e-15
7.266907048098061e-15
8.681611758687732e-15
9.154729926539614e-15
6.847133573815764e-15
3.779458198514274e-15
8.091479119852908e-16
-7.426499044601027e-16
-5.186804996846904e-15
-4.072570751089269e-15
-5.123027389870368e-15
1.538827771740116e-15
5.265205728589809e-15
5.681918690853644e-15
6.937877929143112e-15
2.793937360600084e-15
-2.20280634323436e-15
-8.987938433714297e-15
-9.250696578631908e-15
-1.196134057023338e-14
-6.585071147430462e-15
1.37469713936022e-15
7.937634095025382e-15
1.540994161682898e-14
1.478039340217858e-14
1.259841335436018e-14
4.679848581085719e-15
1.777028181670561e-15
-5.172499365105204e-15
-7.724092585062271e-15
-1.076415436253564e-14
-8.472342106758572e-15
-4.378487126341225e-15
-4.883855875395296e-16
1.066863256880582e-15
4.081301211447607e-15
2.21778452174248e-15
1.085939554632897e-16
-2.21355628165677e-16
5.277760304255787e-16
-2.058591061522083e-15
-2.022029220746292e-15
-3.228362523492853e-15
-2.069192650291477e-15
5.914540202868146e-15
1.136002652547675e-14
1.304006474851671e-14
6.299990744666404e-15
-1.63745784331486e-16
-4.859870362133784e-15
-7.664548505838122e-15
-8.14092624608296e-15
-7.596807170582939e-15
-8.829855017267374e-15
-9.170162746594788e-15
-3.988838873213859e-15
1.796274621174332e-15
7.443737923127086e-15
8.58211676117059e-15
1.111326702467865e-14
1.049532185936868e-14
8.190223771170873e-15
2.810010445085976e-15
-1.413021622276709e-16
-6.110892129019346e-15
-1.049545020977079e-14
-8.725549642811757e-15
-4.965141585087568e-15
-1.333969616647822e-15
-2.438483430026047e-15
-6.077341975058893e-16
-2.02390311850981e-15
9.781307205475527e-16
3.400422709407585e-15
6.227478062226765e-15
4.122603788401805e-15
3.1046320128538e-15
3.508733932858091e-15
4.189700279253727e-15
-1.97026187501203e-15
-5.240863008758711e-15
-4.610288985258073e-15
-4.111356646980333e-15
-4.364376657309382e-15
-2.716295453756699e-15
-1.101651163946158e-15
3.2730240100954e-15
5.762189985428762e-15
5.795925725378163e-15
3.75840696114974e-15
2.322993462128998e-15
2.753589638092357e-15
-1.383519122641666e-15
-4.851374615267449e-15
-4.090308923001064e-15
-6.009122377328658e-15
-6.843123548372096e-15
-3.944499155387103e-15
-2.065423763275676e-15
3.40931966727416e-15
8.563634005627861e-15
8.461255317445355e-15
8.100131004983966e-15
