-5.090048982722993e-13
-3.365848502512634e-13
-2.031789806306317e-13
-1.072263428636448e-13
-3.109034405503685e-14
3.794852041361876e-14
1.103375374056162e-13
1.939323948244007e-13
2.978327850158075e-13
4.320717296756853e-13
6.089788708044611e-13
8.448465649666439e-13
1.160188029010115e-12
1.581657799918448e-12
2.144061859270766e-12
2.892333444513281e-12
3.886532448175506e-12
5.202432121182417e-12
6.939481762001062e-12
9.223571785950105e-12
1.221967923308814e-11
1.613451232520128e-11
2.123372511555178e-11
2.785444378239446e-11
3.642166061645115e-11
4.747456077826513e-11
6.168979842153732e-11
7.991674118922257e-11
1.032189230242328e-10
1.329238783926233e-10
1.706839070477973e-10
2.185507855712765e-10
2.790659453606414e-10
3.553707621170369e-10
4.51335394633708e-10
5.717200875632247e-10
7.223669563578512e-10
9.104257083390939e-10
1.144630907688053e-09
1.435627718522873e-09
1.796363442425337e-09
2.242555650429761e-09
2.793238242461489e-09
3.471419926601871e-09
4.304853552630333e-09
5.326952079322563e-09
6.577856560630987e-09
8.105694119583157e-09
9.968050965527667e-09
1.223369196051311e-08
1.498455727075851e-08
1.83180855145639e-08
2.23499049566912e-08
2.72169556788903e-08
3.308110891583385e-08
4.013333551589232e-08
4.859851198607085e-08
5.874094479853987e-08
7.087070837326885e-08
8.535089749200011e-08
1.026059272900424e-07
1.231309942673441e-07
1.475028540754728e-07
1.763920780657307e-07
2.105769565054857e-07
2.509592590142202e-07
2.9858205120736e-07
3.546498155067927e-07
4.205511331942084e-07
4.97884206506382e-07
5.884855415161185e-07
6.944621149027023e-07
8.182274096718083e-07
9.625417088158693e-07
1.130557084433266e-06
1.325867563125625e-06
1.552564958476696e-06
1.81530093761517e-06
2.119355892084151e-06
2.470715253857264e-06
2.876153941585508e-06
3.343329659846224e-06
3.880885835931796e-06
4.498565010540939e-06
5.207333578967002e-06
6.019518795971567e-06
6.948959041648484e-06
8.011168380061447e-06
9.223516500502847e-06
1.060542517511714e-05
1.217858242436962e-05
1.396717561228241e-05
1.599814473505359e-05
1.83014572184744e-05
2.091040551464062e-05
2.386192886903783e-05
2.719696056075855e-05
3.096080196530387e-05
3.520352471200758e-05
3.998040218230534e-05
4.535237152283678e-05
5.138652730403757e-05
5.815664906145772e-05
6.57437675667747e-05
7.423676996464627e-05
8.373304449706877e-05
9.433916631553368e-05
0.0001061716259475416
0.0001193576019359362
0.0001340357791178616
0.0001503572139665946
0.000168486248322155
0.0001886014727831054
0.0002108967408896078
0.0002355822351507788
0.000262885585796508
0.0002930530430149782
0.0003263507032261136
0.0003630657897729209
0.0004035079881833518
0.0004480108359091337
0.0004969331661710109
0.0005506606052614361
0.0006096071222949196
0.0006742166300584809
0.0007449646352169279
0.0008223599357950402
0.0009069463649967232
0.0009993045833263097
0.001100053913846773
0.001209854215984283
0.001329407793962435
0.00145946133552648
0.001600807876051627
0.001754288782533037
0.001920795751316739
0.002101272812745839
0.002296718335183651
0.002508187020340549
0.002736791884172297
0.002983706243968196
0.00325016571465905
0.003537470177140667
0.003846985682280997
0.004180146294744468
0.004538455885039484
0.004923489863992378
0.00533689684075872
0.005780400194094902
0.0062557995446643
0.006764972121603562
0.007309874013235897
0.007892541287270996
0.00851509097360781
0.009179721894037424
0.009888715330588322
0.01064443552167392
0.01144932997082358
0.01230592956268745
0.01321684846926348
0.01418478383917623
0.01521251525986319
0.01630290397737188
0.01745889187127624
0.01868350016744066
0.01997982788411698
0.02135105000332782
0.02280041535319487
0.02433124420311601
0.02594692555542734
0.0276509141332849
0.02944672706018807
0.03133794021914486
0.03332818429984969
0.03542114051919365
0.03762053602008161
0.03993013894861747
0.04235375320146192
0.0448952128599012
0.04755837629842034
0.05034711997927935
0.05326533193891859
0.05631690496205
0.05950572946854893
0.06283568610429194
0.06631063805591123
0.06993442310167448
0.07371084539795811
0.07764366703509651
0.08173659935725673
0.08599329407481894
0.09041733418780711
0.09501222472347037
0.09978138333118641
0.1047281307315826
0.1098556810554194
0.1151671320961513
0.1206654554828374
0.126353486825784
0.1322339158322818
0.1383092764330232
0.1445819369470305
0.1510540902943371
0.1577277443172586
0.1646047122057221
0.1716866030711678
0.1789748126987895
0.1864705144865401
0.1941746506357905
0.2020879235866662
0.2102107877458103
0.2185434415363602
0.2270858197746405
0.2358375864409775
0.2447981278319882
0.2539665461427792
0.2633416535060576
0.2729219664853381
0.2827057010867915
0.2926907682712988
0.3028747700158985
0.3132549959467824
0.3238284205305457
0.3345917008841112
0.3455411751758404
0.3566728616627261
0.3679824583785763
0.3794653434502819
0.3911165760986274
0.402930898283748
0.4149027370308126
0.4270262074418051
0.4392951163627991
0.451702966760523
0.4642429627534279
0.4769080153232406
0.4896907487030273
0.50258350740053
0.5155783639027004
0.5286671269952069
0.5418413507136174
0.5550923439131401
0.5684111804099043
0.5817887097418344
0.5952155684621639
0.6086821919513101
0.6221788267248249
0.6356955432247713
0.6492222491998989
0.6627487035001841
0.6762645300251462
0.6897592317997683
0.7032222057351899
0.7166427591167197
0.7300101265917723
0.7433134849383681
0.7565419654404953
0.7696846673982487
0.7827306765559089
0.7956690850004824
0.8084890086307128
0.8211796018892777
0.8337300725456669
0.8461296980122174
0.858367842037578
0.8704339710183421
0.8823176698425602
0.8940086575136363
0.9054968027035938
0.9167721390610273
0.9278248802130287
0.9386454344265318
0.94922441889135
0.9595526736680984
0.9696212752035238
0.9794215494117899
0.9889450842959788
0.9981837420525401
1.007129670693748
1.015775315108558
1.024113427573933
1.032137077698198
1.039839661743092
1.047214911360506
1.054256901679047
1.060960058767097
1.06731916646237
1.073329372516101
1.078986194088397
1.08428552254569
1.089223627597879
1.093797160774128
1.098003158193019
1.101839042670073
1.105302625123087
1.108392105315299
1.111106071943045
1.113443502041226
1.115403759762052
1.116986594490011
1.118192138328554
1.119020902971713
1.119473775952357
1.119552016331261
1.119257249794538
1.118591463191122
1.117556998530011
1.116156546443767
1.114393139191418
1.112270143169889
1.109791250967253
1.106960472980543
1.103782128606389
1.100260837068834
1.096401507869964
1.09220933091305
1.087689766323277
1.082848533963199
1.07769160269888
1.072225179411676
1.066455697801924
1.06038980701022
1.054034360064534
1.047396402212724
1.040483159131304
1.033302025049387
1.025860550812649
1.018166431896776
1.010227496425297
1.002051693183426
0.9936470796597011
0.9850218101377429
0.9761841238527149
0.9671423332660225
0.9579048124452867
0.9484799855752702
0.9388763156184018
0.9291022931345929
0.9191664253018637
0.9090772251307198
0.8988432009030792
0.8884728458497991
0.8779746280621186
0.8673569806638755
0.8566282922435333
0.845796897575582
0.8348710686412498
0.8238590059402474
0.8127688301157964
0.8016085738868167
0.7903861743069386
0.7791094653561474
0.7677861708575215
0.7564238977370725
0.745030129616237
0.7336122207496873
0.7221773903097299
0.710732717009018
0.6992851340737212
0.6878414245550009
0.6764082169874405
0.6649919813921656
0.6535990256124413
0.6422354919885169
0.6309073543578992
0.6196204153826353
0.608380304198725
0.5971924743779008
0.5860622022063368
0.5749945852641356
0.5639945413066537
0.5530668074400512
0.5422159395735321
0.5314463121437151
0.5207621181011544
0.5101673691622552
0.4996658963174529
0.4892613505766975
0.4789572039478042
0.4687567506337257
0.4586631084432053
0.4486792204057305
0.438807856580705
0.4290516160610224
0.4194129291508024
0.4098940597050124
0.4004971076219824
0.3912240114829461
0.3820765513387306
0.3730563516242765
0.3641648841909719
0.3554034714476281
0.3467732896009305
0.3382753719913586
0.329910612511106
0.321679769096652
0.3135834672876763
0.3056222038433472
0.2977963504125266
0.290106157245352
0.2825517569395832
0.2751331682143453
0.2678502997027287
0.2607029537587912
0.2536908302703927
0.2468135304746407
0.2400705607695382
0.2334613365125896
0.2269851858018273
0.2206413532328939
0.2144290036287723
0.2083472257373424
0.2023950358911807
0.1965713816275299
0.1908751452621633
0.1853051474148315
0.1798601504826148
0.1745388620552207
0.1693399382690565
0.1642619870980344
0.1593035715826518
0.1544632129944332
0.1497393939291546
0.1451305613257133
0.1406351294106728
0.1362514825709442
0.1319779781527191
0.1278129491818152
0.1237547070034837
0.1198015438424013
0.1159517352856463
0.1122035426877891
0.1085552154945891
0.1050049934841671
0.1015511089271209
0.09819178866846161
0.09492525613129975
0.0917497332404598
0.08866344226599759
0.08566460758804437
0.08275145738507668
0.07992222524642224
0.07717515170904597
0.0745084857202485
0.0719204860267713
0.06940942249140671
0.06697357733850456
0.06461124633011033
0.06232073987501102
0.06010038407114671
0.05794852168246344
0.05586351305185665
0.05384373695220596
0.05188759137781873
0.04999349427709143
0.04815988422748657
0.0463852210546665
0.04466798639805308
0.04300668422533845
0.04139984129668093
0.0398460075798782
0.03834375661825403
0.03689168585329998
0.0354884169040796
0.03413259580477054
0.03282289320217762
0.03155800451485521
0.03033665005517012
0.02915757511605266
0.02801955002391516
0.0269213701594283
0.02586185594766669
0.02483985281927937
0.023854231144423
0.02290388614055201
0.02198773775527803
0.02110473052567809
0.02025383341569691
0.01943403963325334
0.01864436642799959
0.01788385487081377
0.01715156961637159
0.01644659864998205
0.01576805302010754
0.01511506655744361
0.01448679558157072
0.01388241859625533
0.01330113597440553
0.01274216963378482
0.01220476270427964
0.01168817918759866
0.01119170361027026
0.0107146406707804
0.01025631488166027
0.009816070207277884
0.009393269697990694
0.008987295121362584
0.008597546591140036
0.008223442194640425
0.007864417619092311
0.00751992577745497
0.007189436434260157
0.006872435832013068
0.006568426318607936
0.006276925976172348
0.005997468251788752
0.005729601590462958
0.005472889070753951
0.005226908043358627
0.004991249773053716
0.00476551908420102
0.004549334010100089
0.004342325446423907
0.004144136809068871
0.003954423696544723
0.003772853557038123
0.003599105360465734
0.003432869275607854
0.003273846352445792
0.003121748209873484
0.002976296728851665
0.002837223751081972
0.002704270783323072
0.002577188707454164
0.002455737496285981
0.002339685935112064
0.002228811349181512
0.002122899336947886
0.002021743509183609
0.001925145233998292
0.001832913387688456
0.001744864111421433
0.001660820573777119
0.001580612739041928
0.001504077141280399
0.001431056664119636
0.001361400326180656
0.001294963072095557
0.001231605569120724
0.001171194009167055
0.001113599916278077
0.00105869995944202
0.001006375770673497
0.0009565137682513603
0.0009090049850793452
0.0008637449020657054
0.0008206332864313921
0.0007795740348504
0.0007404750213402942
0.0007032479498224807
0.0006678082112414351
0.0006340747451388572
0.0006019699056555875
0.0005714193317490678
0.0005423518216511578
0.0005146992113740409
0.0004883962572366019
0.0004633805222839317
0.0004395922665074337
0.0004169743407918186
0.0003954720844544259
0.0003750332263064195
0.0003556077891553363
0.0003371479976166426
0.0003196081892175659
0.0003029447286144484
0.0002871159249004227
0.0002720819518802192
0.0002578047712311489
0.0002442480585061795
0.0002313771318340198
0.0002191588832364161
0.0002075617125824379
0.0001965554639415285
0.0001861113644104925
0.0001762019652437265
0.000166801085213587
0.0001578837561947953
0.0001494261708389269
0.000141405632293609
0.0001338005058890193
0.0001265901727507286
0.0001197549852278674
0.0001132762241332061
0.0001071360576744079
0.0001013175020504812
9.580438366507254e-05
9.058130285305736e-05
8.563359913252466e-05
8.094731784923839e-05
7.650917822778363e-05
7.230654276465371e-05
6.832738786582222e-05
6.456027577361355e-05
6.099432762333462e-05
5.761919769055849e-05
5.442504871120848e-05
5.140252827540798e-05
4.854274624396762e-05
4.583725311285746e-05
4.327801935121224e-05
4.085741561463217e-05
3.856819384912618e-05
3.640346922122109e-05
3.435670284327651e-05
3.242168526383063e-05
3.059252070936902e-05
2.886361201020511e-05
2.722964622115295e-05
2.568558089086204e-05
2.422663094814587e-05
2.284825618201669e-05
2.154614930353632e-05
2.03162245592185e-05
1.915460684442628e-05
1.805762134951293e-05
1.702178366596789e-05
1.60437903678159e-05
1.512051002100372e-05
1.424897461592377e-05
1.342637142328003e-05
1.265003520386218e-05
1.19174408061565e-05
1.122619611387844e-05
1.057403533099346e-05
9.958812575369864e-06
9.378495813283336e-06
8.831161028037613e-06
8.314986739591283e-06
7.828248739296411e-06
7.369315105281345e-06
6.936641460842499e-06
6.528766446602167e-06
6.144307431980243e-06
5.781956449329712e-06
5.440476283273327e-06
5.118696821165854e-06
4.815511509971912e-06
4.529874064875719e-06
4.260795277954448e-06
4.007340033805262e-06
3.768624447510125e-06
3.543813155794018e-06
3.33211674715046e-06
3.132789324897993e-06
2.945126193473237e-06
2.768461652578649e-06
2.6021669106159e-06
2.445648104606684e-06
2.29834444287913e-06
2.159726394004591e-06
2.029294027022605e-06
1.906575394745096e-06
1.791125023301055e-06
1.682522475190056e-06
1.580370985190938e-06
1.484296162046747e-06
1.393944775336538e-06
1.308983591519089e-06
1.229098274535455e-06
1.153992346893236e-06
1.083386215555218e-06
1.017016219386681e-06
9.546337734805922e-07
8.960045037376056e-07
8.409074672432318e-07
7.891344178275432e-07
7.404890866228257e-07
6.947865098505846e-07
6.518523993761446e-07
6.115225420674881e-07
5.736422358006555e-07
5.380657561375328e-07
5.046558474211014e-07
4.732832376210776e-07
4.438261974982183e-07
4.161700971580948e-07
3.902070168700452e-07
3.658353564124813e-07
3.42959478127885e-07
3.214893688404424e-07
3.013403044999421e-07
2.824325598547108e-07
2.646911226589252e-07
2.480454068256869e-07
2.32429011038377e-07
2.1777947219481e-07
2.040380432847377e-07
1.911494647816678e-07
1.790617712793553e-07
1.677260996119009e-07
1.570965011340023e-07
1.471297928518539e-07
1.377853654360904e-07
1.290250593916531e-07
1.208129975072438e-07
1.131154640937112e-07
1.059007813106161e-07
9.913918502249984e-08
9.280271100056518e-08
8.68650831613298e-08
8.130162363877141e-08
7.608914742373446e-08
7.120588500748908e-08
6.663138273261508e-08
6.234644492861273e-08
5.833303259486375e-08
5.457422793288484e-08
5.105412635709073e-08
4.775781255430311e-08
4.467128527989267e-08
4.178140091410595e-08
3.90758328889357e-08
3.654301222654374e-08
3.417208305321518e-08
3.195285628005069e-08
2.987576762842931e-08
2.793185665804079e-08
2.61127181195519e-08
2.441046453078916e-08
2.281769304336322e-08
2.132746841071301e-08
1.993328055815699e-08
1.862903394613624e-08
1.740900884323412e-08
1.626784446100867e-08
1.52005155299998e-08
1.420231106624779e-08
1.32688213704429e-08
1.23959073227835e-08
1.157969547712989e-08
1.081655545764532e-08
1.01030808971973e-08
9.436082023689479e-09
8.812575389912729e-09
8.229764063301329e-09
7.685029536316242e-09
7.175919005157976e-09
6.700137183502385e-09
6.255525197418056e-09
5.840070421326432e-09
5.451883945236483e-09
5.089194836636007e-09
4.750350490907371e-09
4.433806038421141e-09
4.138111138690783e-09
3.861909495848655e-09
3.603935612496241e-09
3.362996815462821e-09
3.137982497749348e-09
2.927853237414485e-09
2.731640316545537e-09
2.548426175675851e-09
2.377367454187314e-09
2.217669021150508e-09
2.068584761378829e-09
1.92941712172889e-09
1.799512271606552e-09
1.678268713649253e-09
1.565102260185175e-09
1.45948828148718e-09
1.360922807199371e-09
1.268942779702261e-09
1.183112821850785e-09
1.103034008189177e-09
1.028317855438363e-09
9.586104966343402e-10
8.935815694236797e-10
8.329167645068759e-10
7.763284205320275e-10
7.23550264290214e-10
6.743282859368749e-10
6.284152963434655e-10
5.856025043160244e-10
5.456755936014479e-10
5.08442786462082e-10
4.737266158346845e-10
4.413561382511862e-10
4.111794624248526e-10
3.830518914003445e-10
3.56830442699043e-10
3.323919374393084e-10
3.096087679413679e-10
2.883741367653497e-10
2.685816306258381e-10
2.501323429108173e-10
2.329405212907844e-10
2.169174453653047e-10
2.019884709548295e-10
1.880735573415541e-10
1.75106195490127e-10
1.63019067692485e-10
1.517593288203817e-10
1.41273993994288e-10
1.315077971622621e-10
1.224127013349979e-10
1.139459427158282e-10
1.060686665685613e-10
9.873173440095748e-11
9.189665260882756e-11
8.553098173617573e-11
7.959934494339853e-11
7.407295425971125e-11
6.892610103879065e-11
6.413489148555616e-11
5.967212995799418e-11
5.551220360502736e-11
5.163770310425522e-11
4.802971044616458e-11
4.467324414100126e-11
4.155025415612288e-11
3.865000533632376e-11
3.594946352983034e-11
3.344344274338241e-11
3.110758404737847e-11
2.893423892156198e-11
2.690913846515739e-11
2.502468572702743e-11
2.327404281915887e-11
2.164774558182598e-11
2.013478189854844e-11
1.873098046029282e-11
1.741742753090275e-11
1.619300999307877e-11
1.505305146423799e-11
1.398611888723347e-11
1.299142169046701e-11
1.206490974711751e-11
1.120671363995417e-11
1.041049781571839e-11
9.678151580624327e-12
8.991067634154113e-12
8.358563254842527e-12
7.773303811552211e-12
7.227854548871947e-12
6.724628617320594e-12
6.256587247160888e-12
5.822582303228134e-12
5.417093523194609e-12
5.037817451986068e-12
4.6803766984742e-12
4.345167139414403e-12
4.02926804960755e-12
3.738525903032138e-12
3.462269451308155e-12
3.208468558157399e-12
2.974617575254906e-12
2.758774627599683e-12
2.560384893412778e-12
2.376191339481628e-12
2.210251242085858e-12
2.059101873640966e-12
1.920259503895495e-12
1.790055010284909e-12
1.668387054118302e-12
1.55533155374616e-12
1.446774463147819e-12
1.342807447797681e-12
1.244857866418304e-12
1.155692989693117e-12
1.067448318991311e-12
9.893190661053262e-13
9.131555261027658e-13
8.422939038744062e-13
7.775606344073478e-13
7.191613994089275e-13
6.648484128713931e-13
6.166193965414074e-13
5.700743026462668e-13
5.293688199631569e-13
4.938065655893829e-13
4.664940597122443e-13
4.389385020651537e-13
4.150598792677849e-13
3.89889795355586e-13
3.659526039152075e-13
3.383708349879149e-13
3.149312119948304e-13
2.885370615533924e-13
2.64050931747601e-13
2.402674394269325e-13
2.168874070632182e-13
1.953644135759207e-13
1.75277846464984e-13
1.542766373929035e-13
1.437977606185562e-13
1.323712687286537e-13
1.286896147818939e-13
1.283553934863014e-13
1.284209116217605e-13
1.268524584970317e-13
1.214227941166666e-13
1.131392045750299e-13
1.024095361659732e-13
9.412145284443593e-14
8.32273059932832e-14
7.437752590703691e-14
6.774164787673896e-14
5.944008071832838e-14
4.999209843254627e-14
4.427382812492996e-14
4.103378449818754e-14
3.664572902477942e-14
3.81170881263552e-14
3.170252552772754e-14
2.868338985625533e-14
2.92585194106299e-14
3.04505933561139e-14
3.372370975379222e-14
3.422381642798418e-14
3.568288856508987e-14
3.507726074455956e-14
3.161551707324302e-14
2.361239636792077e-14
1.713993220767526e-14
1.145993653512854e-14
9.28582692760988e-15
8.661771314005253e-15
1.028498187968557e-14
1.112839903823805e-14
1.132118607897176e-14
1.136566121906945e-14
1.488030899589672e-14
1.444351767634711e-14
8.327191487601143e-15
4.299546246189471e-15
6.560407074427305e-16
-2.044755111971811e-15
4.003191109072708e-17
3.682575552526946e-15
6.290852394090834e-15
7.755649345732279e-15
1.172918705826277e-14
1.315563499900677e-14
1.765890799484986e-14
1.459963082140104e-14
5.66154436605789e-15
-6.815708443396922e-16
-2.691305428511109e-15
1.383738497607069e-16
1.133049483099786e-15
-2.733353164109727e-15
-1.928525072507483e-15
-2.94989200338014e-15
-7.829669070943808e-15
-8.90499752860442e-15
-6.405521660053361e-15
4.742323492363797e-16
8.47856230153835e-15
1.097703063902412e-14
1.42974235954346e-14
1.39786717271317e-14
8.68316699029549e-15
3.257450540515499e-15
2.98775963097168e-15
-1.097388862577791e-15
-4.998753620823137e-15
-4.163861342226569e-15
-3.749952046771799e-15
-3.215280593784734e-15
-5.312160905853333e-15
-7.810720824080602e-15
-5.422452588122795e-15
4.170664732221906e-16
1.997103562450698e-15
5.56932526831044e-15
2.36155306586948e-15
1.679421147405431e-15
1.368966816855817e-15
4.646986504658994e-15
5.555732798558572e-15
6.104463828600233e-15
4.995837458571167e-15
5.010504801589876e-16
-1.997111359187211e-15
-3.77195961500844e-15
-4.746276246668348e-15
-3.375921291559499e-15
-6.991284991873443e-16
2.295865163484129e-15
1.461580360867941e-15
-1.939486993852226e-15
-6.093847635536818e-15
-4.957555428928823e-15
-4.592854863265765e-15
3.490278986898711e-16
2.60509633350512e-15
4.573487572117663e-15
4.849518979471098e-15
3.771113449531958e-15
3.601466587648796e-15
3.651818229825372e-15
1.2262212455338e-15
-2.694935687652486e-15
-3.743275538388496e-16
-1.785552045434887e-15
-1.044868648942052e-16
1.270473413277627e-15
4.173095244143875e-15
-1.505771979910193e-15
-4.073464737141677e-15
-3.888556803349286e-15
-4.49383600723973e-15
-3.275227429650678e-15
-3.124002105773191e-15
-5.32332788738071e-15
-2.07129313067341e-15
-3.16470431965136e-15
5.417361900833224e-16
8.569549473408148e-15
1.368889608752713e-14
1.195247689077944e-14
1.18908538832287e-14
6.861442868252289e-15
8.140269275644606e-16
-3.731127383783093e-15
-8.748091278948138e-15
-9.916842114947872e-15
-1.210310047961799e-14
-1.020324535755061e-14
-7.282235321112499e-15
-6.155711294535713e-15
-4.524689517717215e-15
8.247374603566579e-17
6.902308618465096e-15
9.447616750464455e-15
1.104138352373899e-14
1.0039003912744e-14
8.520892216842613e-15
5.583854029177136e-15
5.249294022002081e-15
3.077451023998787e-15
-6.571258596058723e-15
-1.00728752054136e-14
-9.988573897409524e-15
-5.181364997389557e-15
-4.721627265430681e-15
-6.066300226564856e-15
-3.825351973137417e-15
-2.734760833025975e-15
1.38966604662777e-15
1.946856380460953e-15
1.971320259074189e-15
1.84313470567076e-15
2.229986108973106e-15
6.50673517001833e-15
3.899045825168878e-15
7.827556260674036e-15
8.956643331323209e-15
6.101592079084017e-15
-3.813943668778654e-16
-2.437507564016117e-15
-9.044905054721934e-15
-1.259482969369812e-14
-1.014005542626053e-14
-6.66174522414962e-15
-4.918575583266654e-15
-2.64336105849031e-16
4.029055202678256e-15
7.236433933685329e-15
6.928093610157993e-15
6.447655690104169e-15
4.714533481140147e-15
2.418885750230206e-15
-1.771752622154603e-16
-3.168837654253672e-15
-3.39896087139673e-15
-2.101981980653416e-15
-3.253056589540054e-15
-9.288890057349127e-16
3.813933721024146e-15
4.595094768673063e-15
4.27749770071102e-15
5.427631605757224e-15
1.995693392164939e-15
