-1.353610378229655e-12
-9.031915338286712e-13
-6.030708741128164e-13
-4.013671725908513e-13
-2.636810879950816e-13
-1.668682620404932e-13
-9.561406459189528e-14
-3.913575260533192e-14
1.075545867570408e-14
5.97891071515537e-14
1.143339014724345e-13
1.804885206910316e-13
2.650160999683894e-13
3.759530819083094e-13
5.240586388006225e-13
7.228937375286008e-13
9.890288598187866e-13
1.345833652020554e-12
1.82338186691538e-12
2.459083845817725e-12
3.303586143915032e-12
4.421524840383304e-12
5.892285907997846e-12
7.826046088219677e-12
1.035654694015669e-11
1.36577760280506e-11
1.795062685032704e-11
2.35151855017498e-11
3.070525755790551e-11
3.996686106829174e-11
5.186363781354664e-11
6.709814438209625e-11
8.655357209488118e-11
1.113285201332282e-10
1.427923952967589e-10
1.82643871817987e-10
2.329880694190911e-10
2.964246539980212e-10
3.761581261150173e-10
4.761327133924236e-10
6.0118350997175e-10
7.572363567041449e-10
9.515265288691225e-10
1.19287730590948e-09
1.492020727193833e-09
1.861985570903506e-09
2.31855359014153e-09
2.880802819459219e-09
3.571743537196096e-09
4.419075302609306e-09
5.456065902120981e-09
6.72258788746776e-09
8.266329216932467e-09
1.014420378652131e-08
1.242400488100258e-08
1.518632183625156e-08
1.852676821259852e-08
2.255856322092536e-08
2.741551569670845e-08
3.325546591857706e-08
4.02642529841699e-08
4.866027885259399e-08
5.869973564657109e-08
7.06826053455241e-08
8.495951314298027e-08
1.019395509101015e-07
1.220991948300048e-07
1.459924419192482e-07
1.742623265390002e-07
2.076539733944472e-07
2.470293649021209e-07
2.933840386521566e-07
3.478659034803213e-07
4.117964516583714e-07
4.866945965381204e-07
5.743034390066275e-07
6.766202792621697e-07
7.959301948405221e-07
9.348435723034446e-07
1.096337977706287e-06
1.283804809998692e-06
1.501101193556286e-06
1.752607629199666e-06
2.043291927946141e-06
2.378780026435808e-06
2.765434289290324e-06
3.210439975234387e-06
3.721900570181154e-06
4.308942737554807e-06
4.981831679314425e-06
5.752097751564696e-06
6.632675217328048e-06
7.638054049042823e-06
8.784445755823696e-06
1.008996422832662e-05
1.157482263444788e-05
1.326154741249765e-05
1.517521044574059e-05
1.734368050027597e-05
1.979789500319009e-05
2.257215323664961e-05
2.570443202961763e-05
2.923672558755254e-05
3.321541246796979e-05
3.769165039856105e-05
4.27217999400276e-05
4.836787841629284e-05
5.469804558919966e-05
6.178712255714077e-05
6.971714536082868e-05
7.857795477871852e-05
8.846782378144855e-05
9.949412407511653e-05
0.0001117740331577854
0.0001254352832536273
0.000140616953425845
0.0001574703061273262
0.0001761596693397424
0.0001968633653636897
0.0002197746872162239
0.0002451029234355996
0.0002730744319706943
0.0003039337636317022
0.0003379448354007962
0.0003753921536576127
0.0004165820871575254
0.0004618441893721455
0.0005115325703707634
0.0005660273200887428
0.0006257359807586883
0.0006910950665449542
0.0007625716287266755
0.0008406648644270222
0.0009259077665383104
0.001018868811992122
0.001120153685086256
0.001230407032072827
0.001350314242645995
0.001480603253543343
0.0016220463706985
0.001775462121889688
0.001941717141628819
0.002121728066026405
0.002316463415314817
0.002526945465562625
0.002754252113657697
0.00299951873113784
0.003263939994314268
0.003548771683148558
0.003855332439904537
0.004185005481780409
0.004539240259509993
0.004919554050901324
0.005327533482899627
0.005764835970091957
0.006233191061974746
0.006734401689536412
0.007270345298725252
0.007842974864416019
0.008454319770880035
0.009106486550824298
0.009801659472989291
0.01054210096480129
0.01133015186462323
0.01216823148845855
0.0130588375040032
0.01400454560255305
0.015008008954979
0.01607195744846095
0.01719919668860652
0.01839260676200275
0.01965514075134482
0.02098982299027437
0.02239974705850187
0.02388807350242754
0.02545802727949912
0.02711289492130235
0.0288560214047688
0.030690806737661
0.03262070224501905
0.03464920655945675
0.0367798613143742
0.03901624653245345
0.0413619757220056
0.04382069067052104
0.0463960559447934
0.04909175310189806
0.05191147460653854
0.05485891747453838
0.05793777663510283
0.06115173802845488
0.06450447144884441
0.06799962313225352
0.0716408081169063
0.07543160237215089
0.07937553471916349
0.08347607855911547
0.08773664341232439
0.09216056630541671
0.09675110300412507
0.101511419121121
0.1064445811195421
0.1115535472196747
0.116841158254635
0.1223101284733684
0.12796303632582
0.1338023152548513
0.1398302445040285
0.1460489399930421
0.1524603452593793
0.1590662225062693
0.1658681437840264
0.1728674823133144
0.1800654040068403
0.1874628591859692
0.1950605745354253
0.202859045323541
0.2108585278930646
0.2190590324795665
0.2274603163512756
0.2360618773164056
0.2448629476239051
0.2538624882560777
0.2630591836693121
0.2724514369708785
0.2820373655765309
0.2918147973706522
0.3017812673608167
0.311934014881692
0.322269981326978
0.3327858084480488
0.3434778372345701
0.3543421073631922
0.3653743572680274
0.3765700247995594
0.3879242485033477
0.3994318695259597
0.4110874341249545
0.4228851968305681
0.4348191242152651
0.4468828992946361
0.4590699265586556
0.4713733376040695
0.4837859974168156
0.4963005112416367
0.5089092320354689
0.521604268494111
0.534377493649535
0.5472205541337855
0.5601248799713282
0.5730816946859872
0.5860820257041011
0.5991167155304337
0.6121764345941102
0.6252516947364181
0.6383328610189104
0.6514101616791698
0.6644736992462901
0.677513466094139
0.6905193615039232
0.7034812068694551
0.7163887587518779
0.7292317221848161
0.7419997655264393
0.7546825358619632
0.767269674293134
0.7797508310342703
0.7921156805284064
0.8043539367124906
0.8164553682746376
0.8284098138456407
0.8402071970892641
0.8518375416525406
0.8632909860088063
0.8745577981008186
0.8856283897757541
0.8964933309821274
0.9071433636698524
0.9175694154169608
0.9277626127033201
0.9377142938332776
0.9474160214822429
0.9568595948090415
0.9660370611577068
0.9749407272797344
0.9835631700912975
0.9918972469463849
0.9999361053678105
1.007673192259374
1.015102262543126
1.022217387246327
1.029012961026315
1.035483709081564
1.041624693478195
1.047431318844185
1.052899337458293
1.058024853729449
1.062804328030797
1.067234579930779
1.071312790775634
1.075036505647001
1.078403634697451
1.081412453845904
1.084061604885501
1.086350094963067
1.088277295451846
1.08984294022765
1.091047123346158
1.09189029618438
1.092373264008494
1.092497181992845
1.092263550705237
1.091674211059577
1.090731338792686
1.089437438445012
1.087795336888779
1.085808176422704
1.083479407425923
1.080812780621779
1.077812338942465
1.074482409036713
1.070827592443104
1.066852756433942
1.062563024587385
1.057963767076132
1.053060590710408
1.04785932875875
1.042366030555339
1.036586950948905
1.030528539584622
1.02419743005115
1.017600428916427
1.010744504667664
1.003636776611838
0.9962845037250028
0.9886950734783521
0.9808759906626474
0.9728348662231157
0.9645794061508813
0.9561174004263618
0.9474567120499896
0.9386052661784519
0.9295710393651566
0.9203620489369448
0.9109863425100094
0.9014519876805915
0.8917670619053352
0.8819396425672876
0.8719777972557065
0.8618895742581124
0.8516829932906179
0.8413660364776655
0.8309466395785434
0.8204326834850096
0.8098319859844298
0.7991522938070873
0.7884012749649102
0.7775865113777063
0.7667154918058556
0.7557956050816048
0.7448341336538441
0.733838247449495
0.7228149980434629
0.7117713131500123
0.700713991425749
0.6896496975910925
0.6785849578702495
0.6675261557438611
0.656479528024564
0.6454511612424734
0.6344469883466651
0.6234727857190303
0.6125341704854288
0.6016365981236355
0.5907853603611832
0.5799855833711379
0.5692422262597331
0.5585600798285068
0.5479437656096934
0.5373977351629563
0.5269262696305315
0.5165334795441273
0.5062233048752103
0.4959995153321965
0.4858657108844437
0.475825322501608
0.4658816131008082
0.4560376786973623
0.4462964497616187
0.4366606927620204
0.4271330118846254
0.4177158509205036
0.4084114953120767
0.3992220743555273
0.3901495635448576
0.3811957870504937
0.3723624203239391
0.3636509928189862
0.3550628908263377
0.3465993604078838
0.3382615104233367
0.3300503156411515
0.3219666199240806
0.3140111394843874
0.3061844661987487
0.2984870709791811
0.2909193071923902
0.2834814141162977
0.2761735204282429
0.2689956477168494
0.2619477140131151
0.2550295373345539
0.2482408392349777
0.2415812483570295
0.2350503039789533
0.2286474595523386
0.2223720862253492
0.2162234763434676
0.2102008469227689
0.2043033430924651
0.1985300415075131
0.1928799537267375
0.1873520295472194
0.18194516028998
0.176658182035795
0.1714898788129705
0.1664389857337717
0.1615041920720236
0.15668414427825
0.1519774489319629
0.1473826756333663
0.1428983598321946
0.1385230055878423
0.1342550882580684
0.1300930571168551
0.1260353379037078
0.122080335303144
0.1182264353505832
0.1144720077634233
0.1108154081977985
0.107254980432366
0.1037890584789611
0.1004159686189988
0.09713403136629861
0.09394156335589109
0.09083687915900318
0.08781829302477957
0.08488412054982968
0.08203268027751612
0.07926229522631745
0.07657129434766634
0.0739580139142965
0.07142079884067219
0.06895800393753804
0.0665679951006225
0.06424915043399868
0.06199986130951959
0.05981853336447913
0.0577035874398596
0.05565346045942161
0.05366660625033482
0.05174149630702034
0.04987662049997224
0.04807048773162876
0.04632162654031294
0.04462858565408003
0.04298993449588605
0.04140426364140606
0.03987018523100897
0.03838633333748081
0.0369513642910949
0.03556395696363367
0.0342228130130134
0.03292665709043466
0.03167423701110438
0.03046432388963268
0.02929571224170422
0.02816722005382367
0.02707768882295376
0.0260259835670324
0.02501099280754132
0.02403162852559461
0.02308682609301722
0.02217554418001873
0.02129676464046244
0.02044949237589738
0.01963275517965152
0.01884560356218514
0.01808711055908094
0.01735637152260783
0.01665250389792909
0.01597464698508781
0.0153219616877722
0.01469363025000349
0.01408885598156642
0.01350686297317965
0.01294689580225564
0.01240821923022769
0.01189011789228487
0.01139189598028526
0.01091287691958373
0.01045240304052557
0.01000983524535579
0.009584552671218036
0.00917595234987926
0.008783448864792905
0.008406474006111954
0.008044476424202468
0.007696921282306261
0.007363289908757239
0.007043079449220319
0.006735802519447463
0.006440986858948934
0.006158174986035855
0.005886923854537064
0.005626804512613839
0.005377401763959714
0.005138313831743781
0.004909152025566611
0.00468954041176212
0.004479115487150668
0.004277525856566886
0.004084431914380718
0.003899505530210408
0.003722429739018394
0.003552898435702565
0.003390616074303395
0.003235297372048231
0.003086667018275467
0.002944459388347231
0.002808418262684814
0.002678296550975563
0.002553856021569221
0.0024348670362125
0.002321108290121038
0.002212366557385052
0.002108436441743151
0.002009120132789859
0.001914227167537241
0.001823574197402134
0.001736984760545213
0.001654289059594724
0.001575323744699152
0.001499931701875641
0.001427961846635229
0.00135926892282407
0.001293713306661117
0.001231160815882458
0.001171482523942437
0.001114554579202143
0.00106025802909516
0.001008478649116188
0.000959106776671734
0.0009120371495899803
0.000867168749293132
0.0008244046485665686
0.0007836518637853136
0.0007448212115753787
0.0007078271697867856
0.0006725877427199934
0.0006390243304680138
0.0006070616023901579
0.0005766273744947013
0.0005476524907716387
0.0005200707083223166
0.000493818586188425
0.0004688353778482737
0.0004450629272377639
0.0004224455682245726
0.0004009300274823792
0.000380465330638302
0.0003610027116167461
0.0003424955251185607
0.0003248991621270143
0.0003081709683727178
0.0002922701656477831
0.0002771577759577934
0.0002627965483481102
0.0002491508883743071
0.0002361867901378645
0.0002238717707844543
0.0002121748074371515
0.0002010662764419325
0.0001905178948997154
0.000180502664350285
0.0001709948166302712
0.0001619697617655161
0.0001534040378337541
0.0001452752627969275
0.0001375620881677649
0.000130244154473899
0.0001233020484981598
0.0001167172621503193
0.0001104721530251858
0.0001045499064677427
9.893449921179572e-05
9.361066444097965e-05
8.856385829434267e-05
8.378022770851265e-05
7.924657958017969e-05
7.49503511988501e-05
7.087958190095813e-05
6.702288590417837e-05
6.336942622753299e-05
5.990888978731242e-05
5.663146346690418e-05
5.352781123634719e-05
5.05890522304206e-05
4.780673976410382e-05
4.517284124312549e-05
4.267971894838963e-05
4.032011163494432e-05
3.80871169612871e-05
3.597417464497479e-05
3.397505037870707e-05
3.208382044492069e-05
3.029485702210733e-05
2.860281412691544e-05
2.700261419956797e-05
2.548943526231918e-05
2.405869867196597e-05
2.270605743108731e-05
2.142738500166223e-05
2.021876465235585e-05
1.907647928432115e-05
1.799700171008775e-05
1.697698539193455e-05
1.601325560180985e-05
1.510280097941084e-05
1.424276549803284e-05
1.343044080989318e-05
1.266325891854349e-05
1.193878522296095e-05
1.125471188496758e-05
1.060885148207025e-05
9.999131006480771e-06
9.423586107078384e-06
8.880355637523052e-06
8.367676432181027e-06
7.883878370185948e-06
7.427379652941982e-06
6.996682310923442e-06
6.590367934767053e-06
6.207093615556581e-06
5.845588063905121e-06
5.504647942614155e-06
5.183134365591747e-06
4.879969581344301e-06
4.594133801719278e-06
4.324662205131618e-06
4.070642067664365e-06
3.831210066748113e-06
3.605549680231439e-06
3.39288874724155e-06
3.192497149533538e-06
3.003684591995808e-06
2.825798506000399e-06
2.658222046798603e-06
2.500372221437303e-06
2.351698079832823e-06
2.211679006722375e-06
2.079823125029742e-06
1.955665747161011e-06
1.83876791677711e-06
1.728715037899638e-06
1.62511555090801e-06
1.527599712207193e-06
1.435818403610131e-06
1.349442022978505e-06
1.268159424460403e-06
1.191676906214046e-06
1.119717278637705e-06
1.052018941876669e-06
9.883350642158683e-07
9.284327406311894e-07
8.720922528239102e-07
8.191063343922299e-07
7.692794858861984e-07
7.224273298253556e-07
6.783759812153176e-07
6.369614907087806e-07
5.980292710172117e-07
5.614335863334277e-07
5.270370664931954e-07
4.947102202296163e-07
4.643310167930412e-07
4.357844472395673e-07
4.089621479214112e-07
3.837620098611767e-07
3.600878482194757e-07
3.378490508680711e-07
3.169602669899503e-07
2.973411081437849e-07
2.789158700425654e-07
2.616132682679121e-07
2.453661808706138e-07
2.301114083817945e-07
2.157894650461166e-07
2.02344358142545e-07
1.897233890957721e-07
1.778769588682114e-07
1.667583909642599e-07
1.563237516083015e-07
1.465317295033023e-07
1.373434392600185e-07
1.287223170282362e-07
1.206339556952181e-07
1.130460012582603e-07
1.059280267177667e-07
9.925141683136884e-08
9.298926970870153e-08
8.711628719292039e-08
8.160868934790093e-08
7.644411886437757e-08
7.160157048826307e-08
6.7061286375981e-08
6.280471493696026e-08
5.881440650829524e-08
5.5073981285528e-08
5.156803964775608e-08
4.828212096883378e-08
4.520263154345473e-08
4.231680172793295e-08
3.961264314066179e-08
3.707890289962771e-08
3.470499119395763e-08
3.24809818784968e-08
3.039755150690348e-08
2.844595399884728e-08
2.661796616314669e-08
2.490587926638543e-08
2.330245706943567e-08
2.18009006839938e-08
2.03948374209312e-08
1.907827972832769e-08
1.784561273810275e-08
1.669157048894854e-08
1.561120857804559e-08
1.459988391372725e-08
1.365325061007196e-08
1.276722242127487e-08
1.193798007073305e-08
1.116192878579253e-08
1.043570517863523e-08
9.756146798547602e-09
9.120303795938587e-09
8.52539453235691e-09
7.968823236745163e-09
7.448153033351239e-09
6.961103216146547e-09
6.505523442791946e-09
6.07940849730019e-09
5.680880638222288e-09
5.308181817640538e-09
4.959655382841966e-09
4.633748799606608e-09
4.32901412839126e-09
4.044093626180587e-09
3.77771512149679e-09
3.528692625991486e-09
3.295901777797387e-09
3.078298387540348e-09
2.874900378748935e-09
2.684794113641638e-09
2.50711916533159e-09
2.341078074358369e-09
2.18591325981077e-09
2.04091709635657e-09
1.905440253379573e-09
1.778862676765136e-09
1.660602753594326e-09
1.550128306467981e-09
1.446923972627709e-09
1.35052897773223e-09
1.260496034044805e-09
1.176408209161914e-09
1.097872682244471e-09
1.024524817809739e-09
9.560264948024985e-10
8.920549709912058e-10
8.323236371482894e-10
7.765476760099821e-10
7.244711700674325e-10
6.758576140249934e-10
6.304712188578898e-10
5.881081925554455e-10
5.485623219797737e-10
5.116505622927614e-10
4.772009878585714e-10
4.450493304607402e-10
4.150418161627779e-10
3.870432460014082e-10
3.609187527201434e-10
3.365468099837573e-10
3.138018905017717e-10
2.925847652781062e-10
2.727812772098562e-10
2.543080276046418e-10
2.370739665723023e-10
2.209960825508042e-10
2.059983718738306e-10
1.920079437074993e-10
1.789554899453444e-10
1.667852449049059e-10
1.55432320217978e-10
1.448466198049657e-10
1.34976586823425e-10
1.257784167714781e-10
1.17201796712972e-10
1.092106572205518e-10
1.017571321381825e-10
9.480989987902655e-11
8.833261974899588e-11
8.229439476600702e-11
7.66660550627418e-11
7.141925111562551e-11
6.652590165451817e-11
6.196404930860194e-11
5.771175864684537e-11
5.374939096053102e-11
5.005338140635832e-11
4.660592185514767e-11
4.339270556267615e-11
4.040310522092877e-11
3.762185976851451e-11
3.503288593680938e-11
3.26218474702128e-11
3.037684001486806e-11
2.828580691237367e-11
2.633662347610054e-11
2.451739380908802e-11
2.282889835562001e-11
2.12502322482055e-11
1.97843561260544e-11
1.841714963680634e-11
1.713882000727584e-11
1.594959573228247e-11
1.484105632354183e-11
1.380716779870325e-11
1.284391576817656e-11
1.195213535331405e-11
1.112453685848367e-11
1.035060291208941e-11
9.630541606560987e-12
8.9594552817939e-12
8.333095382672888e-12
7.754288270020888e-12
7.219259870426121e-12
6.717655917853943e-12
6.246617411851719e-12
5.814766212246989e-12
5.410730224177674e-12
5.035216273445006e-12
4.688194155495063e-12
4.357386982844377e-12
4.050141762500606e-12
3.767318872477902e-12
3.505323770401547e-12
3.255344736366368e-12
3.023284218402548e-12
2.80872337904163e-12
2.608692116324783e-12
2.424319863464676e-12
2.254210998794832e-12
2.096788120675284e-12
1.950412506964859e-12
1.814758888622126e-12
1.688459284221841e-12
1.570647223643132e-12
1.461357169428077e-12
1.361373800889096e-12
1.272237338785582e-12
1.184783509161339e-12
1.101093062221411e-12
1.028576205219396e-12
9.546859766426219e-13
8.822818223698676e-13
8.144533419291006e-13
7.495064035974863e-13
6.883024467872445e-13
6.387009217255416e-13
5.883373928595391e-13
5.473301652890853e-13
5.107388182918706e-13
4.790967241131822e-13
4.513237462234264e-13
4.27721386523033e-13
4.027654282389195e-13
3.791015687872287e-13
3.56354015852216e-13
3.341705747634314e-13
3.068276980429859e-13
2.822991505079397e-13
2.527493980937429e-13
2.259901951467885e-13
2.020388965902027e-13
1.83255691248245e-13
1.627048418348703e-13
1.54793768262734e-13
1.491149030117253e-13
1.45202339590022e-13
1.425775283440578e-13
1.400989611837432e-13
1.334583730889246e-13
1.25246387538194e-13
1.165782073793353e-13
1.088457414283927e-13
9.712423568423957e-14
8.443138734463179e-14
7.051664369953979e-14
6.353979754875414e-14
5.832697427126255e-14
5.670772627142493e-14
5.218181063667816e-14
4.905311633323806e-14
4.358798070976811e-14
4.405863243200733e-14
4.44561300707454e-14
4.108476772333094e-14
3.816554786343923e-14
3.726107593136112e-14
3.197705642039752e-14
2.85661645317091e-14
2.980672940880498e-14
3.060753454790514e-14
3.014255675533706e-14
2.773467933670208e-14
2.017170188829439e-14
1.432115312079242e-14
1.029836209054654e-14
7.102155493650604e-15
8.163260947998754e-15
8.44798183251415e-15
1.372628448248921e-14
1.721589091287562e-14
1.747924093148204e-14
1.740698031013708e-14
1.463905861555125e-14
1.191437461067925e-14
7.654361151403281e-15
4.251521452118531e-15
4.054881579081989e-15
2.69216598984249e-15
4.663132776241568e-15
2.490789931472508e-15
4.113191820349062e-15
4.802820991656038e-15
3.421032171936137e-15
4.652683144892695e-15
5.552128568182074e-15
4.430145131571972e-15
2.938419326773605e-15
2.157339581706632e-15
3.233382732637059e-15
6.079370696383867e-15
7.74388826541162e-15
9.137688219961369e-15
6.925143030354415e-15
4.34563937605254e-15
4.084833463933196e-16
-5.28557211737395e-15
-7.445891910149482e-15
-8.033799581979742e-15
-5.501958326470793e-15
-3.944609263185676e-15
6.468940974355858e-16
3.011730434368023e-15
4.147364042658659e-15
6.089674021263486e-15
5.346020447280836e-15
5.489657552564249e-15
7.373319391062119e-15
8.971813623263923e-15
1.038521480742004e-14
9.783797712087687e-15
5.894678362083454e-16
-5.77304390401185e-15
-1.243534010976607e-14
-1.410236808152454e-14
-1.354522786300812e-14
-9.789959483096062e-15
-3.785988501565564e-15
1.373720141829293e-15
5.600639832453196e-15
4.930945784914163e-15
4.480623060810235e-15
4.808635189517408e-15
5.959604849556469e-15
9.368734733334533e-15
7.133952930541725e-15
5.982062371294006e-15
1.542028732239649e-15
1.195767050433386e-15
-1.086498808531822e-15
8.373990455953522e-16
-1.24003266215339e-16
-3.482877586245768e-15
-7.798953521356755e-15
-1.320117316131499e-14
-1.62722399304172e-14
-1.531491537099813e-14
-1.324425256344979e-14
-6.317280224947601e-15
3.98965721801775e-15
1.365962155731116e-14
1.889536655826016e-14
2.534624667323614e-14
2.682754347712258e-14
1.874956939888342e-14
6.924870304932173e-15
-4.084581442268501e-15
-1.173910240978191e-14
-1.633094489407741e-14
-1.621940690802223e-14
-1.74818173705357e-14
-1.602460266116154e-14
-1.59274873349492e-14
-7.354284437766602e-15
8.431083714328029e-16
2.841720864301338e-15
3.602566673517735e-15
6.219562644324531e-15
9.431134634978326e-15
1.542047946133907e-14
1.773747713514008e-14
1.853201725230036e-14
1.514346659397885e-14
8.701382796643531e-15
2.446408951508408e-15
-6.072911843989595e-15
-1.202163687528009e-14
-1.863130432674639e-14
-2.132272549755513e-14
-2.206326612210232e-14
-1.814922898606257e-14
-1.310865747668775e-14
-2.942229409097566e-15
4.645845793387657e-15
1.074260066192911e-14
1.482537950546906e-14
1.273349926080826e-14
1.441931190697766e-14
1.513641062872407e-14
1.492360623107904e-14
1.367343900487995e-14
1.117028234883896e-14
6.372721027997974e-15
-5.180557541303549e-15
-1.505530709475496e-14
-2.154432673838738e-14
-2.294303357836903e-14
-2.326149427366115e-14
-2.082368461544588e-14
-1.698042377877816e-14
-7.928362607068271e-15
-6.47461078779836e-16
1.386168892939565e-14
2.19811606082841e-14
3.000760334303393e-14
2.80125969756821e-14
2.58422802158997e-14
2.071584438126222e-14
8.046407722852842e-15
-3.095703320892964e-15
-1.475201496918781e-14
-2.394949133760139e-14
-2.646031825014697e-14
-2.656706264579884e-14
-2.161551771612494e-14
-1.307200028757597e-14
-5.225763070724145e-15
3.251468170713792e-15
9.943465714177841e-15
1.25300205642907e-14
1.448460974915698e-14
