1.612599392142646e-12
1.072951110464786e-12
7.162887824927235e-13
4.822541908594722e-13
3.297088431265859e-13
2.304821884711906e-13
1.6738829442238e-13
1.291875044627268e-13
1.095791297583966e-13
1.046212689209018e-13
1.126258961357611e-13
1.342629543225424e-13
1.703960521625231e-13
2.24918310181207e-13
3.028303239989594e-13
4.115232818396601e-13
5.602311413018399e-13
7.617232438284598e-13
1.033982771991512e-12
1.399018444460136e-12
1.886139931411266e-12
2.532315716164869e-12
3.388554469761388e-12
4.517477067880842e-12
6.000910941375551e-12
7.944054216663973e-12
1.048153283974281e-11
1.378422593615586e-11
1.807035697137724e-11
2.361644211501203e-11
3.077148490696598e-11
3.997467226332518e-11
5.177924896112081e-11
6.687589745009293e-11
8.613136652848496e-11
1.106225629357851e-10
1.41690425532722e-10
1.8099815609924e-10
2.306049084383366e-10
2.930503370704119e-10
3.714659983636487e-10
4.697000836460677e-10
5.924699630422342e-10
7.455516517149876e-10
9.35992761078936e-10
1.172385357234609e-09
1.465169431220577e-09
1.827012749666201e-09
2.273247885837639e-09
2.822395887491936e-09
3.496776936792307e-09
4.323233476116814e-09
5.33398068170802e-09
6.567592555153682e-09
8.070170971997319e-09
9.896699398972821e-09
1.211262679082854e-08
1.479570513850505e-08
1.803811905424629e-08
2.194895734771523e-08
2.665706583919024e-08
3.231434094591578e-08
3.909951342420594e-08
4.722250914446853e-08
5.692944157353252e-08
6.850833582191418e-08
8.229566132202966e-08
9.868380077531182e-08
1.181295435866631e-07
1.41163753230855e-07
1.684023379604777e-07
2.005586881224746e-07
2.384577444376079e-07
2.83051893087422e-07
3.354388975565271e-07
3.968820828785652e-07
4.68833036273674e-07
5.529570929833618e-07
6.511618897006277e-07
7.656293298292611e-07
8.988512930404148e-07
1.053669482287224e-06
1.233319815521045e-06
1.44148179971429e-06
1.68233338353159e-06
1.960611781489129e-06
2.281680835737289e-06
2.651605501232299e-06
3.077234082563366e-06
3.566288891683456e-06
4.127466037773863e-06
4.770545097255711e-06
5.506509455438377e-06
6.347678146222206e-06
7.307850056305909e-06
8.402461390619519e-06
9.648757326676398e-06
1.106597881592034e-05
1.267556549709815e-05
1.450137570814952e-05
1.656992457705918e-05
1.891064120510728e-05
2.155614636187917e-05
2.454255314250799e-05
2.790979136777781e-05
3.170195672373004e-05
3.596768598564314e-05
4.076055969068119e-05
4.613953367330053e-05
5.216940087878384e-05
5.892128487565624e-05
6.64731665099147e-05
7.491044511724821e-05
8.432653571408376e-05
9.482350356812287e-05
0.0001065127375010959
0.0001195156632603244
0.0001339644982226689
0.0001500030486404181
0.0001677875505544451
0.0001874875554013323
0.0002092868612364478
0.0002333844903665957
0.0002599957140068366
0.0002893531244558196
0.0003217077550441678
0.0003573302479552773
0.0003965120704794909
0.0004395667814980401
0.000486831346874322
0.0005386675026085518
0.0005954631648161324
0.0006576338853180798
0.0007256243512877279
0.0007999099270398461
0.0008809982356260862
0.0009694307774728855
0.001065784582828397
0.001170673894378358
0.001284751877322021
0.001408712366441326
0.001543291651681518
0.001689270284690628
0.001847474888527191
0.002018779971574995
0.002204109748722646
0.002404439966086459
0.002620799718993962
0.002854273256848664
0.003106001767259544
0.003377185134319908
0.003669083664035294
0.003983019767408621
0.004320379595310892
0.004682614614612324
0.005071243118510234
0.005487851662462117
0.005934096414654154
0.006411704414695559
0.006922474728012585
0.007468279488191353
0.008051064817786762
0.00867285161515083
0.009335736201300135
0.01004189081286333
0.01079356393360174
0.0115930804550147
0.0124428416528429
0.01334532497491947
0.01430308362573404
0.01531874594161144
0.01639501454799232
0.01753466528600994
0.01874054590672249
0.02001557451850688
0.02136273778391088
0.02278508885955487
0.02428574506791007
0.0258678853038237
0.02753474716232254
0.0292896237877909
0.03113586044144898
0.03307685077836378
0.0351160328423424
0.03725688476743759
0.03950292019176782
0.04185768338510053
0.04432474408424364
0.04690769205099378
0.0496101313443286
0.05243567431908329
0.05538793535777993
0.05847052433326759
0.06168703982458805
0.06504106208070362
0.06853614575077351
0.07217581239313182
0.07596354276478931
0.07990276892236314
0.08399686613146699
0.08824914460924836
0.09266284111734491
0.09724111041132219
0.101987016586129
0.1069035243160441
0.1119934900195438
0.1172596529708053
0.1227046263662566
0.128330888392094
0.1341407732923966
0.1401364624739844
0.146319975673019
0.1526931621923013
0.1592576922606039
0.1660150485127813
0.1729665176307472
0.1801131821717971
0.187455912591063
0.1949953595112576
0.2027319462369038
0.2106658615569459
0.2187970528618938
0.2271252195773705
0.2356498069676064
0.2443700003017275
0.2532847194264651
0.2623926137686525
0.2716920577641807
0.2811811467667231
0.2908576934213322
0.3007192245419066
0.3107629785106764
0.3209859031915903
0.3313846544105885
0.3419555949771827
0.3526947942802673
0.3635980284695524
0.3746607812061566
0.3858782450302682
0.397245323310654
0.4087566328019391
0.420406506813245
0.4321889989661079
0.4440978875906954
0.4561266807073475
0.4682686215943854
0.4805166949367548
0.4928636335570333
0.5053019258213267
0.5178238235967918
0.5304213505668988
0.5430863108897851
0.5558102986435777
0.5685847088958768
0.5814007494517317
0.5942494511254308
0.607121676367287
0.620008129043111
0.6328993684312458
0.6457858247249373
0.6586578129003243
0.6715055446659489
0.684319140733227
0.6970886446253719
0.7098040370967553
0.7224552505414626
0.7350321833146554
0.7475247141668329
0.7599227169122736
0.7722160751839361
0.7843946972195278
0.7964485306443588
0.8083675772131156
0.8201419075403453
0.8317616757301919
0.843217133896042
0.8544986465395955
0.8655967047311027
0.8765019401111389
0.8872051386350479
0.897697254059499
0.9079694211440783
0.9180129685093166
0.9278194311706291
0.9373805626784073
0.9466883468748515
0.9557350092455081
0.9645130278058356
0.9730151435414043
0.9812343703435787
0.9891640044602363
0.9967976334461399
1.004129144558615
1.011152732622468
1.017862907313606
1.024254499883049
1.030322669312767
1.036062907864237
1.041471046056266
1.046543257023513
1.051276060274001
1.05566632484422
1.059711271829741
1.063408476338305
1.066755868821326
1.06975173580071
1.072394719996725
1.074683819850794
1.076618388501018
1.078198132169485
1.079423107982151
1.080293721232324
1.080810722085321
1.080975201777033
1.0807885882831
1.080252641498585
1.079369447944134
1.078141414988689
1.076571264635876
1.074662026863037
1.072417032552073
1.069839906032562
1.066934557239879
1.063705173543954
1.060156211235372
1.056292386704758
1.052118667337664
1.047640262132294
1.042862612094328
1.037791380399063
1.032432442352557
1.026791875174729
1.020875947619555
1.01469110948876
1.008243981026963
1.001541342226749
0.9945901220651664
0.9873973876846402
0.979970333564766
0.9723162706814782
0.9644426156896848
0.9563568801488347
0.9480666597910287
0.9395796238651589
0.9309035045612351
0.9220460865523918
0.9130151966711234
0.903818693717063
0.8944644584266409
0.8849603836045157
0.8753143644452639
0.8655342890582985
0.8556280291953426
0.8456034312071877
0.8354683072259131
0.8252304265938281
0.8148975075484922
0.8044772091620471
0.7939771235562787
0.7834047683875907
0.7727675796193404
0.7620729045870059
0.7513279953499845
0.7405400023455823
0.7297159683371195
0.71886282266561
0.7079873758071185
0.6970963142318495
0.6861961955779645
0.675293444128612
0.6643943466006472
0.6535050482434287
0.6426315492339892
0.6317797013699894
0.620955205055318
0.6101636065886579
0.5994102957506973
0.5887005036735193
0.5780393009928144
0.5674315962720377
0.5568821346973389
0.5463954970377125
0.5359760988633486
0.5256281900274339
0.5153558543917225
0.5051630097852158
0.4950534081893309
0.4850306361464701
0.4750981153959766
0.4652591037175456
0.4555166959730496
0.4458738253386247
0.4363332647186746
0.426897628339571
0.4175693735087835
0.4083508025326597
0.3992440647846388
0.3902511589143892
0.3813739351954639
0.3726140979970957
0.3639732083731639
0.3554526867600304
0.3470538157734721
0.3387777430997686
0.3306254844705219
0.3225979267177191
0.3146958309010689
0.3069198354957468
0.2992704596347818
0.2917481063975236
0.2843530661396318
0.2770855198577011
0.2699455425809143
0.2629331067861009
0.2560480858273296
0.2492902573761409
0.2426593068663961
0.2361548309349845
0.2297763408526459
0.2235232659412328
0.2173949569779305
0.2113906895813638
0.2055096675690525
0.1997510262804895
0.1941138358642491
0.1885971045307693
0.183199781766749
0.1779207615026635
0.1727588852288739
0.1677129450595809
0.1627816867466232
0.1579638126401276
0.1532579845892252
0.148662826779274
0.1441769285057789
0.139798846887003
0.1355271095135194
0.1313602170298931
0.1272966456467788
0.123334849583315
0.1194732634409953
0.1157103045082043
0.1120443749937231
0.1084738641894955
0.1049971505616102
0.1016126037692629
0.09831858661177804
0.09511345690452633
0.09199556928525721
0.08896327694976197
0.0860149333167745
0.08314889362285752
0.08036351644846591
0.07765716517721419
0.07502820938777324
0.07247502617866151
0.06999600142697064
0.06758953098318048
0.06525402180424367
0.06298789302478051
0.06078957696693715
0.05865752009025858
0.05659018388336302
0.05458604569924434
0.0526435995351565
0.05076135675873199
0.04893784678170209
0.04717161768232486
0.04546123677799774
0.04380529114953714
0.04220238811869034
0.04065115568040394
0.03915024289146705
0.03769832021755441
0.03629407983948605
0.03493623591987794
0.03362352483169496
0.03235470535058726
0.03112855881288318
0.02994388924017181
0.02879952343171238
0.02769431102605036
0.02662712453348319
0.02559685934101783
0.02460243369079273
0.02364278863325434
0.02271688795637133
0.02182371809221429
0.02096228800231597
0.02013162904280651
0.01933079481054328
0.018558860971289
0.01781492507117895
0.01709810633261404
0.01640754543549167
0.01574240428490961
0.01510186576622619
0.01448513348850143
0.01389143151737879
0.01332000409817191
0.01277011536996976
0.01224104907167964
0.01173210824075823
0.01124261490547038
0.01077190977135669
0.01031935190262261
0.009884318399146007
0.009466204069749186
0.009064421102510975
0.008678398732526718
0.008307582907753059
0.00795143595344331
0.007609436235714992
0.007281077824723428
0.006965870157947533
0.006663337703905721
0.006373019626821901
0.006094469452574266
0.005827254736399864
0.005570956732563491
0.005325170066383355
0.005089502408826
0.004863574154021427
0.004647018100070367
0.004439479133164134
0.004240613915405789
0.004050090576417553
0.003867588409022185
0.003692797569042262
0.003525418779499303
0.003365163039312415
0.003211751336590539
0.003064914366621193
0.0029243922547582
0.002789934284194845
0.002661298628718973
0.002538252090474165
0.002420569842881671
0.002308035178645131
0.002200439262937981
0.002097580891768619
0.001999266255568124
0.001905308707951271
0.001815528539703965
0.00172975275793879
0.001647814870429894
0.001569554675126846
0.001494818054742165
0.00142345677644952
0.001355328296572457
0.001290295570319105
0.001228226866424539
0.001168995586722464
0.001112480090498576
0.001058563523627541
0.001007133652411972
0.000958082702065657
0.0009113071997533822
0.0008667078221283617
0.000824189247267809
0.0007836600109675735
0.0007450323672899419
0.0007082221532747009
0.0006731486577778089
0.0006397344943084642
0.0006079054778325672
0.0005775905053777777
0.0005487214404613419
0.0005212330011632914
0.000495062651836863
0.0004701504983147088
0.0004464391865619781
0.000423873804650138
0.0004024017880761998
0.0003819728281639723
0.0003625387836570898
0.0003440535953042937
0.0003264732033804038
0.0003097554680852559
0.0002938600927263219
0.0002787485496106367
0.0002643840085569884
0.0002507312679742668
0.000237756688439441
0.0002254281286738995
0.000213714883842297
0.0002025876261438102
0.0001920183476005754
0.000181980304966766
0.0001724479667071078
0.0001633969619906252
0.0001548040315957155
0.0001466469807069306
0.0001389046335283182
0.0001315567896265587
0.0001245841820206253
0.0001179684368573299
0.0001116920347050052
0.0001057382733523363
0.0001000912321235283
9.473573757886695e-05
8.965733062586486e-05
8.484223492940123e-05
8.027732662477079e-05
7.595010525410897e-05
7.184866591498541e-05
6.796167251937432e-05
6.427833220549918e-05
6.078837077732939e-05
5.748200918403849e-05
5.43499409973903e-05
5.138331081744552e-05
4.857369361929486e-05
4.591307493870625e-05
4.339383196915832e-05
4.100871539747607e-05
3.875083207910099e-05
3.661362844533089e-05
3.459087460942601e-05
3.267664920496559e-05
3.086532484752489e-05
2.915155429418828e-05
2.75302571691823e-05
2.599660726456168e-05
2.454602046710376e-05
2.317414317514739e-05
2.187684124683786e-05
2.065018947009027e-05
1.949046147158626e-05
1.839412010472195e-05
1.735780828979277e-05
1.637834023633852e-05
1.545269310719979e-05
1.457799902457992e-05
1.375153750321755e-05
1.29707281737643e-05
1.223312388148031e-05
1.153640409621613e-05
1.087836864238895e-05
1.025693169919157e-05
9.670116117312562e-06
9.116047959277668e-06
8.592951358008683e-06
8.099143569378457e-06
7.63303028405307e-06
7.193101167852527e-06
6.777925606484385e-06
6.386148654666638e-06
6.016487186142583e-06
5.667726236329718e-06
5.338715507087365e-06
5.028366054073353e-06
4.735647140350021e-06
4.459583231952145e-06
4.199251145856494e-06
3.953777349367542e-06
3.722335366331324e-06
3.504143353556147e-06
3.298461748754773e-06
3.104591083073782e-06
2.92186987436624e-06
2.749672626691113e-06
2.587407953106547e-06
2.434516762344923e-06
2.290470556549932e-06
2.154769816845915e-06
2.026942467909117e-06
1.906542410762979e-06
1.793148139631542e-06
1.686361429917825e-06
1.585806094520045e-06
1.491126803917064e-06
1.401987950333832e-06
1.318072612092048e-06
1.239081518405106e-06
1.164732113153248e-06
1.094757634912986e-06
1.028906273985428e-06
9.669403563830167e-07
9.086355588738117e-07
8.537802067720911e-07
8.021745516911589e-07
7.536301392721777e-07
7.079691826178916e-07
6.650239666493808e-07
6.246363082999403e-07
5.866570191967401e-07
5.509454019884993e-07
5.173688007256502e-07
4.858021434465985e-07
4.56127503783504e-07
4.282337296770746e-07
4.020160457195341e-07
3.773757086432236e-07
3.542196640761262e-07
3.324602213611275e-07
3.120147593599559e-07
2.928054400638297e-07
2.74758945833094e-07
2.578061954412455e-07
2.418821441004434e-07
2.269255199514866e-07
2.128786295303804e-07
1.996871447752858e-07
1.872999226934107e-07
1.75668809459752e-07
1.647484825880533e-07
1.54496274055178e-07
1.448720305594555e-07
1.358379625984999e-07
1.273585088635979e-07
1.194002107180635e-07
1.119315894466235e-07
1.049230238154955e-07
9.83466615461716e-08
9.217629948956326e-08
8.638729093379596e-08
8.095646035756368e-08
7.586201111089099e-08
7.108344334168115e-08
6.660150377303526e-08
6.239806671887296e-08
5.845610299840592e-08
5.475961313050255e-08
5.129354920868151e-08
4.804377716803476e-08
4.499701002857577e-08
4.214076509190922e-08
3.946331139116557e-08
3.695363344314702e-08
3.460137834665234e-08
3.23968154796164e-08
3.033081976488357e-08
2.839480458093252e-08
2.658071802616905e-08
2.488099051033424e-08
2.328851817055727e-08
2.179663678422597e-08
2.039908580283589e-08
1.908998311407598e-08
1.786381226249232e-08
1.671539188691351e-08
1.563986543690682e-08
1.463266708581482e-08
1.368951646558004e-08
1.280639839184008e-08
1.197954346039157e-08
1.120541749101729e-08
1.048070223982623e-08
9.802291816158607e-09
9.167268383844352e-09
8.572887678525608e-09
8.016588463980271e-09
7.495954767588759e-09
7.008737096599488e-09
6.55281403625722e-09
6.12619969544425e-09
5.727039751679898e-09
5.353588268626591e-09
5.004209138464319e-09
4.677376823697887e-09
4.371644337681827e-09
4.085670386057078e-09
3.818192408492935e-09
3.568037171749344e-09
3.334089354988488e-09
3.115318845526175e-09
2.910742823997453e-09
2.719454284077216e-09
2.540599754644783e-09
2.37338405225723e-09
2.217061048267467e-09
2.070922775974756e-09
1.93431348700122e-09
1.80662279747515e-09
1.68727124808875e-09
1.575721825338006e-09
1.471469519368104e-09
1.37404592770119e-09
1.283009275057051e-09
1.197944658973978e-09
1.118466446634318e-09
1.044207284361647e-09
9.748336562372569e-10
9.100234323378035e-10
8.494779142352238e-10
7.929196602035315e-10
7.400896047353101e-10
6.907438935457757e-10
6.446609909271973e-10
6.016206715115239e-10
5.614283777391385e-10
5.238950557983033e-10
4.888447493283578e-10
4.561162001105992e-10
4.255617463647134e-10
3.970324882390607e-10
3.704004793378882e-10
3.455409982232427e-10
3.223369131955657e-10
3.006792856578898e-10
2.804624945210696e-10
2.61595323573953e-10
2.439861213066184e-10
2.275479460574691e-10
2.122068348668856e-10
1.978943734877781e-10
1.845342661238862e-10
1.720649654150615e-10
1.604303703561504e-10
1.495773475044401e-10
1.394536101803509e-10
1.300121908483604e-10
1.212043436970858e-10
1.129904412698281e-10
1.053335167595319e-10
9.818843552200994e-11
9.152321162949097e-11
8.530085179755417e-11
7.950028446107253e-11
7.408943832897461e-11
6.904802492379503e-11
6.434514322319938e-11
5.996421201218214e-11
5.587735614587869e-11
5.206456473827422e-11
4.850817923971258e-11
4.519102884505042e-11
4.210053675150495e-11
3.922432524202486e-11
3.654288099618575e-11
3.404163074666373e-11
3.170893453378155e-11
2.953801731811652e-11
2.751397947177701e-11
2.563198700829706e-11
2.387460683587055e-11
2.223431350627684e-11
2.070415925771592e-11
1.927927281726778e-11
1.794659569771676e-11
1.670884885509786e-11
1.555784416195728e-11
1.448696005325946e-11
1.349118259569995e-11
1.256677854617898e-11
1.170583294737164e-11
1.08982955893286e-11
1.014583587431526e-11
9.444758172199179e-12
8.787872985912558e-12
8.180049980567657e-12
7.613012134675094e-12
7.084373392919166e-12
6.595663565003178e-12
6.133932117598738e-12
5.705720828221304e-12
5.310933101312096e-12
4.939819387723394e-12
4.595757947495389e-12
4.28099146136175e-12
3.987323962368383e-12
3.714540966984799e-12
3.458508386646751e-12
3.216834282820907e-12
2.993323826723147e-12
2.781098503937252e-12
2.587587997445753e-12
2.406727274204847e-12
2.238393275304404e-12
2.085508272495834e-12
1.941846885890252e-12
1.802837581304389e-12
1.675934800251159e-12
1.554537402469491e-12
1.439300328958969e-12
1.336712155310438e-12
1.246275464098687e-12
1.16221606503366e-12
1.082350269521587e-12
1.008609551912775e-12
9.406499301311744e-13
8.709279328979651e-13
8.128221713716434e-13
7.61560582302749e-13
7.11727810096028e-13
6.643192264969383e-13
6.143304192592719e-13
5.687730858507808e-13
5.276474245041301e-13
4.852563919642709e-13
4.479157951001627e-13
4.113628831317336e-13
3.773665054209811e-13
3.499955708607533e-13
3.264084632508078e-13
3.051005599771932e-13
2.854840637155937e-13
2.699658518761231e-13
2.563904644715258e-13
2.44839193663886e-13
2.317410833430609e-13
2.167485866028835e-13
2.022526783788361e-13
1.878702807083311e-13
1.726953818695062e-13
1.53780890546004e-13
1.345379441694095e-13
1.211530334020112e-13
1.09633920276501e-13
9.94461697275528e-14
9.537142649974736e-14
8.886567540309227e-14
8.414371719334694e-14
8.191059469034193e-14
7.588784592713182e-14
7.221946483876599e-14
6.904786422063119e-14
6.427873389434354e-14
6.152306787255639e-14
6.059165752026123e-14
5.954424572632166e-14
5.897542297463078e-14
5.562250507433252e-14
5.090668987947453e-14
4.51313104010054e-14
3.553531161300804e-14
2.246438729292799e-14
1.14216482704078e-14
9.73483412459831e-15
1.070540803258393e-14
1.433245144057153e-14
1.785295915401045e-14
2.278776736877508e-14
2.494099964654144e-14
2.292711713475335e-14
2.135172769665313e-14
2.017837250450108e-14
1.667414284772295e-14
1.549777902092775e-14
1.850389153847811e-14
1.952844651051072e-14
1.959562590567116e-14
2.071218952065895e-14
1.594848193859867e-14
1.204501324163441e-14
5.572763650797124e-15
-3.17901228539303e-15
-8.744601282787573e-15
-1.43484531578448e-14
-1.490911660226825e-14
-8.457463587765091e-15
7.279642529964621e-16
8.28146843034798e-15
1.718121444928917e-14
1.714136089530883e-14
1.838151382629182e-14
1.394855556380633e-14
1.120603828767206e-14
8.699784433540478e-15
9.054286976397198e-15
5.821572146426777e-15
6.05961854143692e-15
2.329075636784846e-15
-1.995701646273532e-15
-7.09253371406883e-15
-1.182446795388271e-14
-1.436275031671746e-14
-1.162955199961367e-14
-9.353155953431593e-15
-5.46040816502329e-15
3.794341986409718e-15
9.313985897893748e-15
1.537609975864766e-14
1.394805083745299e-14
1.175020039733849e-14
7.266337969523894e-15
2.829804700479197e-15
3.195836512619642e-15
2.417871946484919e-15
7.759424785806604e-16
-1.095964659346882e-18
-2.045109269118543e-15
-2.285650465469895e-15
-4.912733123252006e-15
-5.334297519632167e-15
-7.276308485931089e-15
-5.470546710071111e-15
-1.706092704468036e-15
2.181052471432414e-16
9.888564207050597e-16
-2.666269605852025e-15
-1.322885011805375e-15
-1.04011652186839e-15
3.746663639026825e-15
4.415289303985023e-15
7.343594133439452e-15
1.058203060525052e-14
8.473954655315751e-15
9.299335199144599e-15
8.367507362639583e-15
5.106720121544893e-15
-7.397873254074278e-16
-6.64895537673319e-15
-8.642981943971024e-15
-1.489585378496294e-14
-1.875692698912915e-14
-1.89000498050269e-14
-1.115024959885053e-14
-1.602584762570218e-15
7.117203432632728e-15
1.007989853789271e-14
1.271082169852497e-14
1.059623034878963e-14
1.147971163518427e-14
8.95923778470077e-15
7.280276684842521e-15
5.685914319483943e-15
6.581147000628016e-15
3.904526833398941e-15
-1.516949307694734e-15
-5.378883897231746e-15
-7.276833200410289e-15
-9.462290493629567e-15
-1.416022704899739e-14
-1.59092711802633e-14
-1.476539555470671e-14
-1.459484339056401e-14
-1.170555160145506e-14
-3.603116760066453e-15
8.643428534440188e-15
1.621161116584106e-14
2.432562743096247e-14
2.660880327215526e-14
2.738643712322624e-14
1.921568895436239e-14
1.059315458295004e-14
2.67137571125526e-16
-1.276718916339456e-14
-2.370221124383976e-14
-2.489486284809163e-14
-2.467114307032532e-14
-2.195150679097453e-14
-1.705475778585789e-14
-1.192910065808474e-14
-1.482132596513343e-15
7.250892522995159e-15
1.628841610354712e-14
2.002644071059996e-14
1.925929402191599e-14
1.986937548137061e-14
1.759854339690445e-14
1.171287605406619e-14
9.19812854585293e-15
-3.445156708323729e-16
-9.090520636087274e-15
-1.35822791156042e-14
-1.57952245571909e-14
-2.011364046827729e-14
-2.004074187403034e-14
-1.562255585614631e-14
-8.846118764582355e-15
-4.433584937257253e-15
1.590881230527714e-16
8.677625781992294e-15
1.562923225605527e-14
2.075519041480808e-14
2.038109471673419e-14
1.565714651475524e-14
8.899238835076634e-15
6.374500704631269e-15
5.443288132884378e-17
-8.057191763188386e-15
-1.657331076373149e-14
-1.809743629403056e-14
