2.035019238484174e-12
1.420911586533526e-12
1.02591007585837e-12
7.671039441925233e-13
6.104700233212054e-13
5.332272966398163e-13
5.21680826137326e-13
5.714295270418909e-13
6.833228064503974e-13
8.670038747243559e-13
1.137259861419824e-12
1.516348374328381e-12
2.036362259520893e-12
2.738982981186373e-12
3.680145941201648e-12
4.933394356976864e-12
6.595420919045421e-12
8.787062730274796e-12
1.166832230546163e-11
1.54425139871338e-11
2.037066985868989e-11
2.677964652777068e-11
3.509253125778267e-11
4.583633871501388e-11
5.967889643439451e-11
7.74578762959179e-11
1.002245485288429e-10
1.292900246252855e-10
1.662901702743234e-10
2.132572761971026e-10
2.727130574955923e-10
3.477748563995991e-10
4.422888321527364e-10
5.609900636641732e-10
7.096927583016041e-10
8.955200281015295e-10
1.127179835216984e-09
1.415291664027581e-09
1.772782530130077e-09
2.215350051167017e-09
2.762021657224183e-09
3.435809943070942e-09
4.264493019156493e-09
5.281533118575738e-09
6.527159951083266e-09
8.049643985580774e-09
9.9067870959102e-09
1.216766723282284e-08
1.491467517890345e-08
1.824587767521736e-08
2.227776832363006e-08
2.714844022101372e-08
3.302125618327925e-08
4.008909756106888e-08
4.857926273228417e-08
5.875910723182226e-08
7.094251260884393e-08
8.549730564786776e-08
1.028537361574722e-07
1.235141639536206e-07
1.480640885606279e-07
1.77184701988433e-07
2.116671406539161e-07
2.524286331843686e-07
3.005307806381563e-07
3.57200201142637e-07
4.238518071269636e-07
5.021150174261751e-07
5.938632099087013e-07
7.012467788652144e-07
8.267301655618946e-07
9.731332788242421e-07
1.143677759082122e-06
1.342038559919585e-06
1.572401388479364e-06
1.839526557382224e-06
2.148819870141297e-06
2.506411187685507e-06
2.919241375753687e-06
3.395158378784053e-06
3.943023234939822e-06
4.572826893279071e-06
5.29581872933026e-06
6.124647745668463e-06
7.073517462576838e-06
8.15835558578969e-06
9.396999588344881e-06
1.080939938428213e-05
1.241783834704295e-05
1.42471739567387e-05
1.632509940792745e-05
1.868242756611713e-05
2.1353398663978e-05
2.437601317878897e-05
2.779239133480087e-05
3.164916066539858e-05
3.599787306844533e-05
4.089545273936716e-05
4.640467631468864e-05
5.259468646555845e-05
5.954154009186167e-05
6.732879219307881e-05
7.604811792911125e-05
8.579997875530151e-05
9.669433233228949e-05
0.0001088513866308106
0.0001224023997001428
0.0001374905266206277
0.0001542717150834951
0.0001729156509634996
0.0001936067551819784
0.0002165452330282657
0.0002419481769976018
0.0002700507240705882
0.0003011072681852047
0.0003353927284949119
0.000373203873797028
0.0004148607032960592
0.0004607078836246498
0.0005111162417722409
0.0005664843132746213
0.0006272399446894297
0.0006938419490180878
0.0007667818123630131
0.0008465854496398016
0.0009338150067568265
0.001029070706275952
0.001132992735025818
0.001246263175800087
0.001369607976399453
0.001503798950022926
0.001649655801970516
0.001808048177137569
0.001979897722160524
0.002166180155401488
0.002367927337270429
0.002586229332620737
0.002822236456179045
0.003077161291414796
0.003352280676238311
0.00364893768128126
0.003968543584767014
0.00431257979884013
0.00468259970369704
0.005080230395573759
0.005507174359814999
0.005965211062892255
0.006456198441490303
0.006982074277392934
0.00754485744466384
0.008146649022350344
0.008789633261982338
0.00947607839377836
0.01020833726499119
0.01098884779328891
0.01182013322717261
0.01270480220242107
0.01364554857843056
0.01464515105026705
0.01570647251835429
0.01683245920957449
0.01802613954015152
0.01929062270459385
0.02062909699033023
0.02204482780017466
0.02354115537994794
0.02512149224448558
0.02678932028784874
0.02854818758279514
0.03040170485306961
0.03235354162104628
0.03440742202818785
0.03656712031711691
0.03883645598791983
0.0412192886143562
0.04371951232855786
0.04634104997704431
0.04908784694120702
0.05196386464416387
0.0549730737323041
0.05811944694743706
0.06140695169861463
0.06483954233118608
0.0684211521242627
0.07215568500843261
0.07604700702867948
0.08009893756833658
0.08431524033511327
0.08869961414944069
0.09325568353031906
0.09798698911242731
0.1028969779166038
0.1079889934780482
0.1132662658820147
0.1187319017038036
0.1243888738936739
0.1302400116337492
0.1362879901741906
0.142535320707538
0.1489843402774151
0.1556372017665853
0.1624958639945504
0.1695620819336959
0.1768373971108373
0.1843231281871678
0.1920203617645002
0.1999299434488586
0.2080524691783137
0.2163882768849119
0.2249374384798392
0.2336997522120302
0.2426747354299135
0.251861617747806
0.2612593346880911
0.2708665217811728
0.2806815091728136
0.290702316764461
0.3009266498790472
0.3113518955190145
0.321975119191501
0.3327930623501361
0.343802140472877
0.354998441756254
0.3663777264873671
0.377935427058242
0.3896666486666285
0.4015661707143145
0.4136284488725677
0.4258476178711915
0.4382174949623598
0.4507315840928492
0.4633830807857518
0.4761648776933546
0.4890695708744588
0.5020894667317455
0.5152165896323446
0.5284426902026836
0.5417592542481137
0.5551575123426321
0.5686284500126376
0.5821628185286517
0.5957511462867248
0.6093837507251648
0.6230507508244665
0.6367420800935425
0.6504475000238538
0.6641566139845024
0.6778588815421673
0.6915436333153774
0.7052000861744592
0.7188173585076777
0.7323844855252009
0.7458904351921807
0.7593241258936696
0.7726744445218616
0.7859302621054102
0.7990804468096202
0.812113878047795
0.8250194656906302
0.8377861707142568
0.8504030231731941
0.8628591371888856
0.8751437258987603
0.8872461179231964
0.8991557741316083
0.9108623039115868
0.9223554808540172
0.9336252581178341
0.9446617836328155
0.9554554149598478
0.965996733748278
0.9762765597574957
0.9862859644069977
0.9960162839029943
1.005459131844279
1.014606411309218
1.023450326401363
1.031983393198335
1.040198450144483
1.048088667809325
1.055647558028529
1.062868982413026
1.069747160175703
1.076276675317511
1.082452483110811
1.088269915912118
1.093724688298727
1.098812901480656
1.103531047030219
1.107876009883602
1.11184507065785
1.115435907286645
1.118646595934413
1.121475611237121
1.123921825834113
1.125984509236162
1.127663326040867
1.128958333472554
1.129869978307128
1.130399093148512
1.130546892096364
1.130314965822619
1.12970527605182
1.128720149514061
1.127362271340697
1.125634677938617
1.123540749365576
1.121084201216587
1.118269076097398
1.115099734656784
1.111580846213528
1.107717379003294
1.103514590055744
1.098978014768354
1.094113456164405
1.088926973886423
1.083424872951344
1.077613692266173
1.071500192960714
1.065091346533497
1.058394322857615
1.051416478072764
1.044165342371817
1.036648607741758
1.028874115649576
1.02084984471192
1.0125838983729
1.004084492598976
0.9953599436447852
0.9864186558810861
0.9772691097152749
0.9679198496258118
0.958379472323911
0.9486566150939385
0.9387599442986337
0.9286981440731734
0.9184799052246927
0.9081139143456001
0.8976088431795446
0.886973338231612
0.8762160106509337
0.865345426397761
0.8543700966885515
0.8432984687431965
0.8321389168316957
0.8208997336468884
0.8095891220108081
0.7982151869046414
0.7867859278416354
0.7753092315748967
0.7637928651571202
0.75224446935534
0.7406715524116902
0.729081484164854
0.7174814905204956
0.7058786482801502
0.6942798803281017
0.6826919511657423
0.671121462803197
0.6595748509943453
0.6480583818213798
0.6365781486248088
0.6251400692649781
0.6137498837197686
0.6024131520031907
0.5911352524045338
0.5799213800414904
0.5687765457161553
0.5577055750765028
0.5467131080661
0.5358035986615041
0.5249813148884582
0.5142503390985678
0.5036145685007319
0.4930777159363549
0.4826433109000426
0.4723147007958447
0.4620950524096528
0.4519873535924946
0.4419944151403475
0.4321188728641334
0.4223631898403227
0.4127296588316264
0.4032204048770925
0.3938373880316228
0.3845824062426094
0.3754570983544744
0.3664629472350083
0.3576012830228461
0.3488732864776195
0.3402799924225659
0.3318222932708441
0.3235009426264149
0.3153165589554342
0.3072696293152188
0.2993605131337599
0.2915894460317286
0.2839565436784832
0.2764618056787278
0.2691051194780912
0.261886264281391
0.2548049149767313
0.2478606460576201
0.2410529355389434
0.2343811688590262
0.2278446427648581
0.2214425691748428
0.2151740790105224
0.2090382259934789
0.2030339904017177
0.1971602827826291
0.191415947618455
0.1857997669393695
0.1803104638826051
0.1749467061922617
0.169707109657936
0.1645902414892792
0.1595946236213612
0.1547187359483435
0.1499610194840651
0.1453198794513224
0.1407936882976365
0.1363807886319423
0.1320794960797494
0.1278881020574116
0.1238048764679821
0.1198280703175819
0.1159559182482833
0.1121866409861564
0.1085184477056757
0.1049495383134801
0.1014781056511382
0.0981023376141912
0.09482041918695411
0.09163053439483196
0.088530868177216
0.08551960818135018
0.08259494647591452
0.07975508118483278
0.07699821804292495
0.07432257187577436
0.07172636800490274
0.06920784357879008
0.0667652488314872
0.06439684826975345
0.06210092179001511
0.05987576572685069
0.0577196938348031
0.05563103820606483
0.05360815012462461
0.05164940085828013
0.04975318239030352
0.04791790809281476
0.04614201334427995
0.04442395609216213
0.04276221736191729
0.04115530171431385
0.03960173765335236
0.03810007798726486
0.03664890014349183
0.03524680643904223
0.03389242430798133
0.03258440648809145
0.03132143116865484
0.030102202100831
0.02892544867237003
0.02778992594836093
0.02669441467931022
0.02563772127825723
0.02461867776840554
0.02363614170290346
0.02268899605823908
0.02177614910282287
0.02089653424241844
0.02004910984350724
0.01923285903571995
0.01844678949470267
0.01768993320692277
0.01696134621787597
0.01626010836466384
0.01558532299395522
0.01493611666650159
0.01431163884943027
0.01371106159749407
0.01313357922413387
0.01257840796332121
0.01204478562309305
0.01153197123172724
0.01103924467755833
0.01056590634312067
0.01011127673445054
0.009674696106261049
0.009255524083768276
0.008853139281904699
0.008466938922523717
0.008096338450221272
0.007740771147356319
0.007399687748875731
0.007072556057513542
0.00675886055981773
0.006458102043427939
0.00616979721612955
0.00589347832703778
0.005628692790365426
0.00537500281208354
0.005131985019850836
0.004899230096507924
0.004676342417428142
0.004462939692065275
0.004258652609894132
0.004063124490970604
0.00387601094127715
0.003696979513137019
0.003525709370773054
0.00336189096123627
0.003205225690795748
0.003055425606888075
0.002912213085813191
0.002775320526204708
0.002644490048385353
0.002519473199628578
0.002400030665348835
0.002285931986375301
0.002176955282256911
0.002072886980575683
0.001973521552409188
0.001878661253763296
0.001788115873083676
0.001701702484801343
0.00161924520883141
0.001540574976055332
0.001465529299739495
0.001393952052757024
0.001325693250679283
0.001260608840607241
0.001198560495667567
0.00113941541514174
0.00108304613010873
0.001029330314583637
0.0009781506020166489
0.0009293944070794362
0.0008829537526884692
0.0008387251021228486
0.0007966091961761905
0.0007565108952605525
0.0007183390263252507
0.000682006234558828
0.0006474288396943279
0.0006145266968965837
0.0005832230620744888
0.0005534444615673822
0.0005251205660631152
0.0004981840686747165
0.0004725705670931001
0.0004482184496529177
0.0004250687852879032
0.0004030652172149761
0.0003821538603023042
0.0003622832020051821
0.000343404006752758
0.0003254692237245425
0.0003084338978819381
0.0002922550842289376
0.0002768917651240311
0.0002623047706386356
0.0002484567018303593
0.000235311856794086
0.000222836159549266
0.0002109970915174335
0.0001997636256204763
0.0001891061628507669
0.0001789964712966801
0.0001694076274710913
0.0001603139599504092
0.0001516909951777669
0.0001435154053829834
0.0001357649585845282
0.000128418470551809
0.0001214557586644897
0.000114857597659327
0.0001086056771276468
0.0001026825607593748
9.707164721973072e-05
9.1757132670414e-05
8.67239747818977e-05
8.195785828880261e-05
7.744516192844391e-05
7.317292680700325e-05
6.912882605553343e-05
6.530113579705969e-05
6.167870733972165e-05
5.825094053972123e-05
5.500775833464703e-05
5.193958234416295e-05
4.903730955343022e-05
4.629228997358169e-05
4.369630532092868e-05
4.12415486100471e-05
3.892060462936025e-05
3.672643132589408e-05
3.465234194867935e-05
3.269198806847098e-05
3.083934328469785e-05
2.908868771657513e-05
2.743459317161155e-05
2.587190898905659e-05
2.439574853666675e-05
2.300147631190155e-05
2.168469564976008e-05
2.044123698232484e-05
1.926714666599448e-05
1.815867627733846e-05
1.711227245662544e-05
1.612456722792369e-05
1.519236873667588e-05
1.431265243539433e-05
1.348255270842759e-05
1.269935487770835e-05
1.196048758788788e-05
1.126351555653335e-05
1.060613266338783e-05
9.986155398145699e-06
9.401516604612587e-06
8.850259528373127e-06
8.330532154493473e-06
7.840581815950398e-06
7.378750087423816e-06
6.943467913553082e-06
6.53325097419385e-06
6.146695274670394e-06
5.782472993176048e-06
5.43932846628929e-06
5.116074444525894e-06
4.811588481946447e-06
4.524809525400249e-06
4.254734701523454e-06
4.000416202982772e-06
3.760958416965592e-06
3.535515119699873e-06
3.323286856278868e-06
3.123518448896504e-06
2.935496620890388e-06
2.758547763958843e-06
2.592035793214956e-06
2.435360134111205e-06
2.287953803088232e-06
2.149281587350925e-06
2.018838322863704e-06
1.896147266487706e-06
1.780758540323341e-06
1.672247671949826e-06
1.570214209537369e-06
1.474280395112862e-06
1.384089915584019e-06
1.299306742477343e-06
1.219613985097934e-06
1.144712849461088e-06
1.07432163229234e-06
1.008174779748372e-06
9.460219763297582e-07
8.876273015931968e-07
8.327684232107353e-07
7.812358330355349e-07
7.328321485592398e-07
6.873714082160612e-07
6.446784277054254e-07
6.045882186103689e-07
5.669453875513891e-07
5.316036016667263e-07
4.984250785857604e-07
4.67280086897178e-07
4.380465018924993e-07
4.106093680948166e-07
3.848604845234493e-07
3.6069801124331e-07
3.380261322327614e-07
3.167546791599557e-07
2.967988199523261e-07
2.780787491864334e-07
2.605193994379523e-07
2.440501643893133e-07
2.286046434500053e-07
2.141203860226342e-07
2.005386815015957e-07
1.878043197923431e-07
1.758654124309619e-07
1.646731698335242e-07
1.541817452570147e-07
1.443480326059612e-07
1.351315418157529e-07
1.264942190953883e-07
1.184003071969962e-07
1.108162183582822e-07
1.037103936622155e-07
9.705318772457387e-08
9.081676914308521e-08
8.497499181593143e-08
7.95033030694363e-08
7.437865408060724e-08
6.957940109986605e-08
6.508522347156187e-08
6.087704755549852e-08
5.693697383164591e-08
5.324819440990112e-08
4.979494639094534e-08
4.656242953231922e-08
4.353675653277915e-08
4.070490172270742e-08
3.805464353588354e-08
3.557451907893732e-08
3.32537773390296e-08
3.108233446042818e-08
2.905073429888536e-08
2.715010041068457e-08
2.537212558681523e-08
2.37090136731159e-08
2.215344917031523e-08
2.069859239714011e-08
1.933801100463808e-08
1.806568712349618e-08
1.687597726954721e-08
1.576359493875971e-08
1.472359002204238e-08
1.375131413435779e-08
1.284241581156035e-08
1.199282877038668e-08
1.119873223256588e-08
1.045655240999412e-08
9.762946375519451e-09
9.114779717722652e-09
8.509120839537833e-09
7.943212134064649e-09
7.414486767843619e-09
6.9205269975315e-09
6.459082528955752e-09
6.028039915034805e-09
5.625414000360983e-09
5.24936248537134e-09
4.898152518935011e-09
4.570164594751475e-09
4.263886609432712e-09
3.977901769251516e-09
3.710875575753117e-09
3.461564993487957e-09
3.228819294607298e-09
3.011548234820431e-09
2.808730560769231e-09
2.619418614878762e-09
2.442729859455566e-09
2.277826997777494e-09
2.1239377009136e-09
1.980331519141388e-09
1.846328658472196e-09
1.721299130995217e-09
1.60464400569142e-09
1.495810853745292e-09
1.394284285060972e-09
1.299567646626377e-09
1.211220050427822e-09
1.128816964295939e-09
1.05196209829272e-09
9.802883367722019e-10
9.134474510474269e-10
8.511207454058855e-10
7.930030753240427e-10
7.388140757383932e-10
6.882939762272238e-10
6.411963959744414e-10
5.972884341230609e-10
5.563563496847085e-10
5.18202880846232e-10
4.826358113490993e-10
4.494876954986749e-10
4.185930744518413e-10
3.898014842341902e-10
3.629695585064834e-10
3.379733859821568e-10
3.146825938709388e-10
2.929836735407383e-10
2.727693890256401e-10
2.539350712180688e-10
2.363839168276671e-10
2.200345780034725e-10
2.048056961791398e-10
1.90623206273533e-10
1.774171561566921e-10
1.651165449679644e-10
1.536650911222853e-10
1.43002122572518e-10
1.330702207463939e-10
1.238220977518509e-10
1.152099765801438e-10
1.071896118385846e-10
9.972138568997367e-11
9.276706613750753e-11
8.629156942084497e-11
8.02645651912178e-11
7.465796586578246e-11
6.94447087544168e-11
6.45930329222521e-11
6.007687237506201e-11
5.587650260377885e-11
5.196768384521297e-11
4.832633782718671e-11
4.493887397054316e-11
4.17899343605999e-11
3.885826447497289e-11
3.612966933226377e-11
3.359178885692686e-11
3.122846585207939e-11
2.902800869269532e-11
2.6979300476151e-11
2.507186203806782e-11
2.329599067880548e-11
2.16426667469505e-11
2.011819103010655e-11
1.870137684322949e-11
1.738753276920522e-11
1.616523465065682e-11
1.502420268399958e-11
1.39663465520679e-11
1.298674106496825e-11
1.20694013532021e-11
1.121414130175704e-11
1.041726816493122e-11
9.671814647764636e-12
8.980528340933088e-12
8.339168742630984e-12
7.744262720095512e-12
7.189721663778716e-12
6.674000473939483e-12
6.197009340132369e-12
5.750472144647591e-12
5.339587226291598e-12
4.961666230490545e-12
4.609889729886797e-12
4.288987251938459e-12
3.991815773854319e-12
3.715695710700061e-12
3.456705917387657e-12
3.210769432283096e-12
2.982089510628958e-12
2.763918926489088e-12
2.55680239299206e-12
2.365224141117401e-12
2.19020518053114e-12
2.031944068297756e-12
1.884617709962584e-12
1.745097180640587e-12
1.613304499476355e-12
1.494683046623787e-12
1.39196978880469e-12
1.29679346214559e-12
1.209443202485485e-12
1.134494421026922e-12
1.063007106597925e-12
9.933521791991875e-13
9.211683840359773e-13
8.521715925733663e-13
7.847387902262787e-13
7.231491239804634e-13
6.653400946695528e-13
6.104212793355721e-13
5.619548989221132e-13
5.192351432682801e-13
4.799168195430848e-13
4.431615227435511e-13
4.079186894916095e-13
3.781112916007286e-13
3.533787002594159e-13
3.328924919235081e-13
3.173453508539011e-13
3.033482897823328e-13
2.915881755136409e-13
2.757103275954708e-13
2.585938036755454e-13
2.387024052028221e-13
2.134804168892819e-13
1.846654165229185e-13
1.585951432331906e-13
1.38811238817257e-13
1.2440540596829e-13
1.164530147766059e-13
1.106560989661674e-13
1.078813914580338e-13
1.047551716284509e-13
1.039242871848593e-13
1.028550832696879e-13
9.916457759948287e-14
9.363359445310104e-14
8.710477981094561e-14
7.996837663992379e-14
6.897053404963846e-14
6.159460362947361e-14
5.154971058691588e-14
4.908413739739109e-14
4.39469032267524e-14
3.815026966748652e-14
3.372376318367972e-14
2.953050167483396e-14
2.826211857578433e-14
2.965609109706327e-14
3.442256226693855e-14
3.673169557795934e-14
3.095041966148977e-14
2.899150799241297e-14
2.223122267534678e-14
1.835013838038443e-14
1.383876920388896e-14
1.226873617374553e-14
1.053503423644326e-14
1.276866485887384e-14
1.116817143128393e-14
1.193520121375019e-14
1.49511278856388e-14
1.919102629166058e-14
2.155045314209641e-14
2.320673983785814e-14
1.843840795180746e-14
9.817163520005399e-15
3.605443325694993e-15
-1.21347717896398e-15
-2.6332281836118e-15
-1.795964660234007e-15
-3.651914907201255e-15
-3.897624154443175e-15
-4.123789160939283e-15
1.190739438951988e-16
3.669436468049488e-15
8.043130932315112e-15
1.143757203246257e-14
1.510990396235011e-14
1.473603693315579e-14
1.576820586686762e-14
1.298417740490821e-14
7.675450444203113e-15
1.017052242231013e-15
-4.524550193373503e-15
-7.225246018018637e-15
-1.132790377021834e-14
-9.892967707556759e-15
-4.288635412043675e-15
-3.015941716595471e-15
-4.51337799586997e-16
1.694209915559173e-15
-7.343133130622448e-17
2.453739214725549e-15
6.119508504831692e-15
5.683589234243211e-15
6.26129615887021e-15
1.462988022066442e-15
2.086164191439201e-15
1.43152497104618e-15
6.886992088901304e-15
1.011900734565259e-14
1.116865412205451e-14
5.39827026655822e-15
-3.585707096174611e-16
-5.423950416118617e-15
-6.725950577695267e-15
-1.304982614118842e-14
-1.771766476498446e-14
-1.588358938909288e-14
-1.313226300508171e-14
-7.989978052306008e-15
1.561288578566195e-17
1.004032493776497e-14
1.211579915074124e-14
1.883726684126562e-14
2.073191606557537e-14
2.178858318541826e-14
1.493410307256927e-14
5.718977663228805e-15
1.715814482091892e-15
-6.237184931562279e-15
-1.201257521883875e-14
-1.830229327076636e-14
-2.16855411631156e-14
-2.410696488181399e-14
-2.06716064457245e-14
-1.110505042061886e-14
-1.178439440777062e-15
7.619211989877092e-15
1.545658190849676e-14
1.938438251423572e-14
2.371282062187063e-14
2.263597571007589e-14
1.755514295578596e-14
1.051668334078312e-14
-2.462048961274876e-15
-1.078877595584016e-14
-1.416445351642198e-14
-1.485882837032557e-14
-1.356998391217288e-14
-1.200612426116519e-14
-8.62539891281586e-15
-5.793869159773477e-15
1.362435704343831e-15
3.933245963126674e-15
2.838824669592811e-16
5.786432916383472e-16
1.065942485230208e-15
5.740483759979502e-15
6.530502507488419e-15
1.111046165632775e-14
1.038627776654175e-14
8.72493154705428e-15
6.751250847947604e-15
4.910669082913526e-15
2.111297160046015e-15
-4.465534155029221e-15
-9.164450854407677e-15
-1.433220317913206e-14
-1.410142898430254e-14
-1.144662273016299e-14
-7.109632821213811e-15
-4.534638838742146e-15
-7.069912470243277e-16
2.406590835891796e-15
3.633565804108323e-15
1.696022689542337e-15
4.071875577354649e-15
8.77241910156718e-15
1.595144457878576e-14
1.47856623439898e-14
1.401329341396316e-14
6.452244643579236e-15
1.745241631510219e-15
-4.917529352443959e-15
-1.150308303911824e-14
-1.543574833040491e-14
-1.72736273386008e-14
-1.549963018760188e-14
-1.255324956448993e-14
-6.672448898106379e-15
2.408289082335282e-15
4.974873804344646e-15
9.447520060105851e-15
1.071060146172005e-14
7.608813729592018e-15
6.784162634513907e-15
9.584113604721566e-15
7.960211792090281e-15
7.997333634268554e-15
2.997022608088547e-15
8.05437188589351e-16
-2.806327580544224e-15
-4.622905400487042e-15
-7.208613474478526e-15
-1.016840493236786e-14
-9.656652596748162e-15
-1.15398817294317e-14
-1.28188235023302e-14
-9.857118497168068e-15
-6.569868766876059e-15
-5.382509343462152e-16
5.919900851245759e-15
1.336374588383166e-14
1.638371376983862e-14
1.681390440600368e-14
1.272545979687218e-14
1.212020453306288e-14
1.162793768065957e-14
6.498075505939375e-15
-6.264559979338103e-15
-8.989427604819628e-15
-1.409207208353342e-14
-1.524561109913329e-14
-1.79511286746703e-14
-1.778421202719e-14
-1.656556707536519e-14
-1.262688621812354e-14
-6.261816564393594e-15
5.478037076179965e-15
2.074697234639644e-14
