-1.813064389350951e-14
-1.246432099643778e-14
-6.636615705391591e-15
-4.008998939087362e-15
-3.296739273316401e-15
-3.175508205418734e-15
-3.423395680954815e-15
-3.906502947289849e-15
-4.22327555864663e-15
-4.833526002663497e-15
-5.115813412547695e-15
-5.249919504611231e-15
-5.277923058918249e-15
-4.707008169735733e-15
-4.1280769550124e-15
-3.35127767903054e-15
-2.017689232602438e-15
-8.372185431708621e-16
1.468999519399764e-15
4.076860837811166e-15
7.442589958926525e-15
1.143541182787988e-14
1.691559640024726e-14
2.355572005518346e-14
3.204367320839735e-14
4.306641371454842e-14
5.765558599806726e-14
7.587681227915069e-14
9.959129548304116e-14
1.306811137379983e-13
1.717406806791229e-13
2.253873452227475e-13
2.964001120121261e-13
3.917813162040611e-13
5.174391090954093e-13
6.853654121729887e-13
9.07279698986644e-13
1.20080645305939e-12
1.587961299060708e-12
2.096056693294451e-12
2.760643036625899e-12
3.626254045705649e-12
4.749943822537422e-12
6.203722433402545e-12
8.079226664134246e-12
1.049249835378209e-11
1.358703300009011e-11
1.754733874112616e-11
2.260153620509891e-11
2.903625368071808e-11
3.720800162973967e-11
4.756240718826107e-11
6.064843089205808e-11
7.714882398084853e-11
9.790449199566596e-11
1.239520291876556e-10
1.565643273921866e-10
1.973011180933375e-10
2.480735056601452e-10
3.112109527427498e-10
3.895531194197569e-10
4.865496558871283e-10
6.063864160438722e-10
7.541273385820929e-10
9.358907345512872e-10
1.159048973718079e-09
1.432473123179412e-09
1.766808981811116e-09
2.174814404360489e-09
2.671746063918947e-09
3.275811080068407e-09
4.008702587311912e-09
4.896214298465789e-09
5.968962121956e-09
7.263220246935571e-09
8.821886589697356e-09
1.069560767663103e-08
1.294407141880952e-08
1.563750046261708e-08
1.885837095010429e-08
2.270338970009944e-08
2.728576184554475e-08
3.273778642073771e-08
3.921383038214312e-08
4.689372034430129e-08
5.598661071545055e-08
6.673538809022246e-08
7.942167572439799e-08
9.437151093870525e-08
1.119617774799891e-07
1.326274873240693e-07
1.568699905221377e-07
1.852662483725249e-07
2.184792639176847e-07
2.572698061171213e-07
3.025095731790368e-07
3.551959358491452e-07
4.164684309142515e-07
4.876271859227398e-07
5.701534536683353e-07
6.657324766858523e-07
7.762788874071085e-07
9.039649133481245e-07
1.051251681018329e-06
1.220923909273418e-06
1.416128268030427e-06
1.640415743838225e-06
1.897788358536733e-06
2.192750620684641e-06
2.530366108896014e-06
2.916319618764705e-06
3.356985322832438e-06
3.859501427542665e-06
4.431851834799989e-06
5.082955347754464e-06
5.822762982826415e-06
6.662363990430815e-06
7.614101198940589e-06
8.691696349622787e-06
9.910386087160128e-06
1.12870693353198e-05
1.284046677872039e-05
1.459129323150744e-05
1.656244366348288e-05
1.877919371100997e-05
2.126941549914964e-05
2.406380962147119e-05
2.719615420540724e-05
3.070357208314102e-05
3.46268169457027e-05
3.90105793619858e-05
4.390381361138536e-05
4.936008624835262e-05
5.543794735754608e-05
6.220132539518291e-05
6.971994653813577e-05
7.806977940771899e-05
8.73335060168094e-05
9.760101974313896e-05
0.0001089699512057733
0.0001215462239592288
0.0001354446413245351
0.000150789504049725
0.000167715258321706
0.0001863671752340969
0.0002069020629802786
0.0002294890124722908
0.0002543101763902695
0.0002815615819927804
0.0003114539777814731
0.0003442137143194659
0.000380083659213199
0.0004193241459353804
0.0004622139564204762
0.000509051336775052
0.0005601550456686301
0.0006158654346928044
0.0006765455595446498
0.0007425823212657873
0.0008143876359062948
0.000892399631342
0.000977083869592378
0.00106893459243932
0.001168475988704228
0.001276263480359805
0.001392885025227397
0.001518962433504336
0.001655152694683339
0.001802149312248556
0.001960683641987897
0.002131526230590667
0.002315488150637214
0.002513422327189656
0.002726224852472961
0.002954836283039657
0.003200242915059089
0.003463478032670159
0.003745623123379529
0.004047809056250263
0.00437121721590742
0.004717080587142139
0.005086684784148568
0.005481369017228235
0.00590252699228479
0.006351607734996961
0.006830116334072863
0.007339614597082523
0.007881721610853999
0.008458114201768818
0.009070527287117562
0.009720754112077509
0.01041064636578321
0.01114211416815583
0.01191712592360182
0.012737708032463
0.01360594445552434
0.01452397612566997
0.01549400019871358
0.01651826914120063
0.01759908964633011
0.01873882137470982
0.01993987551536695
0.02120471316019261
0.02253584349226312
0.02393582178002833
0.02540724717635947
0.02695276032000162
0.02857504073421359
0.03027680402626663
0.03206079888138559
0.03392980385343176
0.03588662395268367
0.03793408702762664
0.04007503994847457
0.04231234458799857
0.04464887360588989
0.04708750604030349
0.04963112270582151
0.0522826014096448
0.05504481198417894
0.05792061114703116
0.06091283719573715
0.064024304538668
0.06725779807847426
0.0706160674486086
0.07410182111838427
0.07771772037742665
0.08146637320342005
0.08535032803442753
0.0893720674480067
0.09353400176606252
0.09783846259930475
0.1022876963378473
0.1068838576143315
0.1116290027424069
0.1165250831525068
0.121573938841084
0.1267772918410888
0.1321367397434429
0.1376537492725858
0.143329649940158
0.1491656277943497
0.1551627192739914
0.16132180520221
0.1676436049191549
0.1741286705726074
0.180777381583385
0.1875899393057581
0.1945663619381676
0.2017064796596567
0.2090099299372414
0.2164761530156771
0.2241043877838581
0.2318936683826263
0.23984282121558
0.2479504615015485
0.2562149892765493
0.2646345859982023
0.2732072130966943
0.2819306114133456
0.290802300207707
0.2998195755835904
0.3089795092997904
0.3182789485344756
0.3277145162307022
0.3372826117657313
0.3469794119225817
0.3568008722699091
0.3667427290248997
0.3768005013478591
0.3869694940579685
0.3972448007680315
0.4076213074332283
0.4180936963416098
0.4286564505141467
0.4393038585203001
0.4500300197035585
0.4608288497955573
0.4716940869368008
0.4826192980691816
0.4935978857048484
0.5046230950610729
0.5156880215317889
0.5267856185078053
0.5379087055072279
0.5490499766206599
0.5602020092566639
0.5713572731494205
0.5825081396341854
0.5936468911500906
0.6047657309740806
0.6158567931683658
0.6269121526983252
0.6379238357241009
0.6488838300218944
0.6597840955345617
0.6706165750315393
0.6813732048370116
0.6920459256328433
0.7026266932865224
0.7131074896967993
0.7234803336359428
0.733737291552597
0.743870488345263
0.7538721180537454
0.7637344544564656
0.7734498615532991
0.7830108039044413
0.7924098568413942
0.8016397164951843
0.8106932096300176
0.8195633032637053
0.8282431140455482
0.8367259174036003
0.8450051564164726
0.8530744504119039
0.8609276032773303
0.8685586114461731
0.8759616715694676
0.8831311878358679
0.8900617789437384
0.8967482847147434
0.9031857723237273
0.9093695421645017
0.9152951333141415
0.9209583286001141
0.9263551592637931
0.93148190920175
0.9363351188079395
0.9409115883847113
0.945208381127793
0.9492228256835337
0.952952518270589
0.9563953243973813
0.9595493801452359
0.9624130930245975
0.9649851424069277
0.9672644795274735
0.969250327087941
0.9709421784409399
0.9723397963779479
0.9734432115276412
0.9742527203526076
0.9747688827674856
0.9749925193732097
0.9749247083374828
0.9745667819320651
0.9739203227178662
0.9729871594050539
0.9717693623841828
0.9702692389560632
0.9684893282731735
0.9664323959915799
0.9641014286628949
0.9614996278642819
0.9586304040926217
0.9554973704373984
0.9521043360349432
0.9484552993344657
0.9445544411756228
0.9404061177057613
0.9360148531519247
0.9313853324494596
0.9265223937560846
0.921431020852455
0.9161163354522589
0.9105835894369088
0.9048381570228163
0.8988855268914301
0.8927312942816977
0.8863811530708893
0.8798408878571806
0.8731163660419706
0.8662135299296928
0.8591383888547603
0.8518970113667058
0.844495517485642
0.8369400710231556
0.8292368719872371
0.8213921490743509
0.8134121522649356
0.8053031455329945
0.7970713996782651
0.7887231853074295
0.7802647659546212
0.7717023913437702
0.7630422908012455
0.7542906668324625
0.7454536888873167
0.7365374873026025
0.7275481474252206
0.7184917039214953
0.7093741352767755
0.7002013584994763
0.6909792240236838
0.6817135108162972
0.6724099216915578
0.6630740788336555
0.6537115195389847
0.6443276921697383
0.6349279523216913
0.6255175592066894
0.6161016722469423
0.6066853478860941
0.5972735366120993
0.5878710801982474
0.5784827091606616
0.5691130404224835
0.5597665751854219
0.5504476970036305
0.541160670061294
0.531909637651098
0.5226986208479006
0.5135315173797841
0.5044121006872497
0.495344019170699
0.4863307956215502
0.4773758268261105
0.4684823833366377
0.4596536094073869
0.4508925231017911
0.4422020165650227
0.4335848564445006
0.4250436844494146
0.416581018048753
0.4081992513136819
0.3999006558980874
0.3916873821406051
0.3835614602791603
0.3755248017769647
0.3675792007644911
0.3597263355911011
0.3519677704704812
0.3443049572107889
0.3367392370284128
0.3292718424483148
0.3219038992849778
0.3146364286907135
0.3074703492641914
0.3004064792161475
0.2934455385915728
0.2865881515432032
0.2798348486483276
0.2731860692657365
0.2666421639258995
0.2602033967492679
0.253869947888352
0.2476419159906702
0.2415193206815616
0.2355021050590282
0.2295901381949808
0.2237832176392293
0.2180810719241114
0.2124833630691209
0.2069896890786698
0.2015995864275509
0.196312532531218
0.1911279482004475
0.1860452000808686
0.1810636030708165
0.1761824227129312
0.1714008775571897
0.1667181414944434
0.1621333460596745
0.1576455827016466
0.1532539050177447
0.1489573309522068
0.1447548449548368
0.1406454000989674
0.1366279201570563
0.1327013016329951
0.1288644157499996
0.1251161103935461
0.1214552120099558
0.117880527457943
0.1143908458112615
0.1109849401119736
0.1076615690752199
0.1044194787464229
0.1012574041091064
0.09817407064234294
0.09516819582777526
0.0922384906069451
0.08938366078991081
0.08660240841422212
0.08389343305420974
0.08125543308080448
0.07868710687255934
0.07618715397884979
0.07375427623504158
0.0713871788300533
0.06908457132690181
0.06684516863694781
0.06466769194881493
0.06255086961233856
0.06049343797826163
0.05849414219442505
0.05655173695939423
0.05466498723473529
0.05283266891637113
0.05105356946586689
0.04932648850254072
0.04765023835737769
0.04602364458983291
0.04444554646831106
0.04291479741525763
0.04143026541781505
0.03999083340522024
0.03859539959418224
0.03724287780292184
0.03593219773485253
0.03466230523284766
0.03343216250514049
0.03224074832395843
0.03108705819773427
0.02997010451787537
0.02888891668098322
0.027842541187683
0.02683004171910524
0.02585049919179044
0.02490301179178234
0.0239866949888769
0.02310068153207453
0.02224412142728205
0.02141618189794604
0.02061604732935885
0.01984291919752893
0.01909601598340359
0.01837457307332231
0.0176778426464162
0.01700509354972748
0.01635561116177045
0.01572869724531959
0.01512366979015666
0.0145398628464044
0.01397662634905085
0.01343332593434642
0.01290934274864919
0.01240407325037375
0.01191692900560604
0.01144733647793113
0.01099473681305146
0.01055858561865012
0.01013835274003246
0.009733522032044084
0.009343591127772381
0.008968071204434424
0.008606486746851232
0.008258375308837282
0.00792328727296672
0.007600785609154534
0.007290445632387207
0.006991854759895849
0.006704612268002026
0.006428329049063944
0.006162627368780509
0.005907140624141154
0.005661513102258029
0.005425399740366735
0.00519846588715716
0.004980387065649745
0.004770848737806196
0.004569546071138449
0.004376183707444292
0.004190475533844743
0.004012144456250919
0.003840922175417332
0.003676548965694657
0.003518773456640272
0.003367352417571979
0.003222050545125051
0.0030826402539431
0.00294890147055334
0.00282062143055366
0.002697594479146541
0.002579621875027273
0.002466511597738011
0.002358078158469223
0.00225414241438034
0.002154531386480398
0.002059078081045257
0.001967621314627845
0.001880005542615311
0.001796080691416061
0.001715701994190399
0.001638729830203874
0.001565029567726437
0.001494471410487868
0.001426930247680973
0.001362285507420271
0.001300421013747534
0.001241224847068978
0.001184589208014385
0.001130410284732115
0.001078588123484654
0.001029026502612677
0.0009816328097282693
0.0009363179221530162
0.00089299609055198
0.0008515848257092526
0.0008120047883999457
0.0007741796822556131
0.0007380361496984196
0.0007035036707480449
0.0006705144647905269
0.0006390033951022358
0.0006089078762244065
0.0005801677840248286
0.0005527253684138665
0.0005265251687443451
0.0005015139317257525
0.0004776405318532265
0.0004548558943044502
0.0004331129202310707
0.0004123664143832183
0.0003925730150324004
0.0003736911261267935
0.0003556808516283058
0.0003385039319811535
0.0003221236826444063
0.0003065049346562464
0.0002916139771525991
0.0002774185018156201
0.0002638875491809718
0.00025099145679449
0.0002387018090869848
0.0002269913890001464
0.0002158341312676691
0.0002052050773266899
0.0001950803318189438
0.0001854370205912931
0.0001762532502211548
0.0001675080689608326
0.0001591814290775347
0.0001512541505671031
0.0001437078861754725
0.0001365250877008918
0.0001296889735191999
0.0001231834973276995
0.0001169933180272118
0.0001111037707355828
0.0001055008388929227
0.000100171127406218
9.510183682369656e-05
9.028073848049638e-05
8.569615058989754e-05
8.133691528045303e-05
7.719237649131396e-05
7.325235873694226e-05
6.950714670008207e-05
6.594746562023902e-05
6.256446246741784e-05
5.934968783191669e-05
5.629507855891053e-05
5.339294106670936e-05
5.063593533331543e-05
4.801705951887165e-05
4.552963522779426e-05
4.316729334953093e-05
4.092396049572013e-05
3.879384596699237e-05
3.677142928607623e-05
3.485144821615461e-05
3.302888728324607e-05
3.129896678704931e-05
2.965713226461039e-05
2.809904438998079e-05
2.662056929494132e-05
2.521776931017931e-05
2.388689409545021e-05
2.262437213973126e-05
2.14268026283491e-05
2.029094766170684e-05
1.921372480850502e-05
1.819219995872423e-05
1.722358052945955e-05
1.630520891316842e-05
1.543455626156453e-05
1.460921649652704e-05
1.382690061884026e-05
1.308543124632605e-05
1.238273739683252e-05
1.171684951500531e-05
1.108589469661688e-05
1.048809214852001e-05
9.921748843286532e-06
9.38525534869138e-06
8.877081882717417e-06
8.39577452624597e-06
7.939951592868741e-06
7.508300187276899e-06
7.099572914845108e-06
6.712584732564302e-06
6.346209951238907e-06
5.999379364544052e-06
5.671077522364897e-06
5.360340125456347e-06
5.066251575073722e-06
4.787942559505018e-06
4.524587825473216e-06
4.275403998943705e-06
4.039647541551537e-06
3.816612798444936e-06
3.60563013996405e-06
3.406064174842152e-06
3.217312059294957e-06
3.038801894292892e-06
2.869991185004507e-06
2.710365369092693e-06
2.559436448230645e-06
2.416741635395853e-06
2.281842116275166e-06
2.154321826067945e-06
2.033786321252657e-06
1.91986169142427e-06
1.812193511280034e-06
1.710445874112299e-06
1.614300430646475e-06
1.523455526101646e-06
1.437625319204838e-06
1.356539010248991e-06
1.279940056069877e-06
1.207585434514544e-06
1.139244968237446e-06
1.074700657319194e-06
1.013746050270999e-06
9.561856558653536e-07
9.01834382593516e-07
8.505169804848631e-07
8.020675537288211e-07
7.563290572982385e-07
7.131528594240742e-07
6.72398279834109e-07
6.339321886389362e-07
5.976286156842766e-07
5.633683587205005e-07
5.310386411033926e-07
5.005327770964879e-07
4.717498432617469e-07
4.445943777356464e-07
4.189761007871682e-07
3.948096231622247e-07
3.720142087069461e-07
3.505135073139176e-07
3.302353359924379e-07
3.111114505499501e-07
2.930773368785291e-07
2.760720076043162e-07
2.600378236711368e-07
2.449203128044521e-07
2.306679888784637e-07
2.172322111313663e-07
2.04567005422018e-07
1.926289390164073e-07
1.81376986519182e-07
1.707723864480875e-07
1.607785256654573e-07
1.513608236360787e-07
1.424866113761267e-07
1.341250466328953e-07
1.262470038700471e-07
1.188249830954696e-07
1.118330154359572e-07
1.052465819570318e-07
9.904254161433865e-08
9.319904439351308e-08
8.76954767256155e-08
8.251237048480402e-08
7.763135973520432e-08
7.303511143911941e-08
6.870726675662813e-08
6.463239007071075e-08
6.079591997553738e-08
5.718412199184304e-08
5.378402982006131e-08
5.058342416531647e-08
4.757077064508782e-08
4.473519563771712e-08
4.206644449190246e-08
3.955484348719052e-08
3.719127122796244e-08
3.496713170408931e-08
3.287431339483915e-08
3.090517627715377e-08
2.905251195215625e-08
2.730953002839513e-08
2.566983021267376e-08
2.412736942442256e-08
2.267646260689968e-08
2.131174611255385e-08
2.002817348506479e-08
1.882098254231948e-08
1.768568581613853e-08
1.6618068232163e-08
1.561413632620602e-08
1.467014272240493e-08
1.378255818798575e-08
1.294805401507452e-08
1.216349632309116e-08
1.142593569278212e-08
1.073259350304956e-08
1.008085620041256e-08
9.468254862533351e-09
8.892467789496781e-09
8.351313341145971e-09
7.842729220843028e-09
7.364777730267468e-09
6.91563874896023e-09
6.493590996157874e-09
6.097025238406695e-09
5.724419727994752e-09
5.374346379502089e-09
5.04545474301963e-09
4.736483152023772e-09
4.446234769273605e-09
4.173588248659044e-09
3.917492889355994e-09
3.676951165196449e-09
3.451031998445326e-09
3.238856555845007e-09
3.039591774164201e-09
2.852465168190293e-09
2.67674362111742e-09
2.511745527995972e-09
2.356812245157264e-09
2.211345174421627e-09
2.074770190105129e-09
1.946550158272327e-09
1.826180642390963e-09
1.713183240309085e-09
1.60711069817575e-09
1.507545663013565e-09
1.414093982704188e-09
1.326384880156486e-09
1.244064720235523e-09
1.166806315063431e-09
1.094306846780906e-09
1.026265168238353e-09
9.624176356028829e-10
9.025030733697893e-10
8.462828321766707e-10
7.935395017699022e-10
7.440561611633881e-10
6.976305920152073e-10
6.540766242777558e-10
6.132176888601245e-10
5.748860963764299e-10
5.389379461771445e-10
5.052183038641481e-10
4.73588706146298e-10
4.439233959782229e-10
4.161028824707536e-10
3.900126244072449e-10
3.655448201944703e-10
3.425990991872665e-10
3.210814962748581e-10
3.00904172193274e-10
2.819809017579429e-10
2.642408926888223e-10
2.476064788343055e-10
2.320087454456174e-10
2.173868656343764e-10
2.036817860283684e-10
1.908336632342273e-10
1.787885117314676e-10
1.675003857139496e-10
1.569206840869503e-10
1.47006157579373e-10
1.377143406097616e-10
1.290060387297119e-10
1.208429258380076e-10
1.131904638162908e-10
1.06020510562508e-10
9.929819803086878e-11
9.300069011919931e-11
8.709925112875789e-11
8.156921292866266e-11
7.638340348808444e-11
7.152816882910228e-11
6.698108928518862e-11
6.272030855104402e-11
5.872968870574944e-11
5.499020903847327e-11
5.148872956812838e-11
4.821181471096561e-11
4.513890015882128e-11
4.226199500463693e-11
3.956337459511228e-11
3.703589771326194e-11
3.467174118895232e-11
3.245818063281137e-11
3.038967387799877e-11
2.844639943118051e-11
2.663030971838761e-11
2.49264125601273e-11
2.332917168041353e-11
2.183151325337636e-11
2.042754807753863e-11
1.911477329030424e-11
1.788668121000636e-11
1.673560669462159e-11
1.56628730344846e-11
1.466214309841617e-11
1.37200950574629e-11
1.284040091202669e-11
1.201574166667477e-11
1.124338440269981e-11
1.051892523370039e-11
9.845706935090773e-12
9.213342126312018e-12
8.620213150398902e-12
8.067165410352549e-12
7.545980948911344e-12
7.062002046359157e-12
6.603058154598118e-12
6.173715520601271e-12
5.774167354282687e-12
5.400206507988701e-12
5.050364305287317e-12
4.718167504059964e-12
4.410017007567302e-12
4.122998711549398e-12
3.859954013942647e-12
3.611192503638967e-12
3.378441360544376e-12
3.166263455201547e-12
2.963978722150071e-12
2.777001908052906e-12
2.600407923647739e-12
2.431244125917082e-12
2.272349800847218e-12
2.120795981680211e-12
1.981470586388717e-12
1.850014082146527e-12
1.724920679786565e-12
1.608432487364598e-12
1.500996990276962e-12
1.401428347378433e-12
1.312544908091401e-12
1.229271918607755e-12
1.152629994373494e-12
1.078085915484865e-12
1.013759555893338e-12
9.502713095581514e-13
8.917571886843185e-13
8.327067415727925e-13
7.767981360771219e-13
7.248461334652523e-13
6.761281431252212e-13
6.328570408715289e-13
5.900049010620598e-13
5.501005601695592e-13
5.114143790088381e-13
4.724984344012913e-13
4.406950456121803e-13
4.166391098615328e-13
3.924485146577591e-13
3.654943294763188e-13
3.432795273166905e-13
3.19777959523249e-13
2.96835832966795e-13
2.750778032823578e-13
2.601597469977688e-13
2.446002717340941e-13
2.274754871989143e-13
2.169003228207372e-13
2.044994419379533e-13
1.921682809091652e-13
1.80062321840406e-13
1.657548112561919e-13
1.518936796603792e-13
1.417068439873639e-13
1.321736924633943e-13
1.226399705056343e-13
1.128067554883088e-13
1.050686915015279e-13
9.884924581934478e-14
8.938312722474119e-14
8.220869819791277e-14
7.418972601738315e-14
6.884097082197575e-14
6.713332133308178e-14
6.563862061058206e-14
6.665835050034081e-14
6.610445593238972e-14
6.409891586091507e-14
6.100317541773283e-14
5.88336545442266e-14
5.59470185803346e-14
5.035493596971292e-14
4.572234735524402e-14
3.486919767177156e-14
2.447144098725372e-14
1.531076520467754e-14
1.150375170180098e-14
7.951948204956496e-15
9.890962508675127e-15
1.569330002934862e-14
2.008935318116595e-14
2.844425919329277e-14
3.65242361378345e-14
3.83581971862916e-14
3.398851983028579e-14
2.794749024731431e-14
2.353136597449696e-14
1.572799917918022e-14
1.020128507776209e-14
7.632356632871693e-15
3.6339651429599e-15
1.4100066424701e-15
-1.070413780148173e-15
7.536038385074948e-16
1.103373787483897e-15
2.244492501277332e-15
6.246879701821413e-15
8.031422585538232e-15
9.292245630938052e-15
1.067720161001746e-14
1.316435867113005e-14
1.346829976319283e-14
1.009280409640776e-14
8.768396401039012e-15
8.853913640520112e-15
4.402428133751221e-15
2.917631606580895e-15
1.291117391590885e-15
1.726899651074475e-15
-1.371168466321885e-15
-1.26088800592251e-15
-2.195244073343254e-15
-7.822394463117236e-16
1.912652206980892e-15
1.999512419157233e-15
4.462327579515997e-15
8.01401594223945e-15
2.642902903140166e-15
-4.63806764168052e-15
-5.911362354719779e-15
-2.553697329288492e-15
3.192088672109374e-15
4.442624851754766e-15
9.461875510005161e-15
8.884326794119092e-15
5.925345948188119e-15
4.648220003391569e-15
1.737217799762952e-15
2.68650930307419e-15
2.260769352181601e-16
-1.701360952272224e-15
-1.621457345926166e-15
-3.506363433418916e-15
-6.609790180292748e-15
-7.273614936504877e-15
-9.365401583520203e-15
-6.579505154816615e-15
-1.649096750614911e-15
7.493565133029121e-16
3.973513319857034e-15
8.713020739856781e-15
1.200434954930492e-14
1.184728510258299e-14
9.102391456017779e-15
5.555969776227413e-15
3.27254639878537e-15
5.606433260681669e-16
-1.441530652723736e-15
-6.449882292230821e-15
-7.013319013033679e-15
-7.936389505520381e-15
-8.598474592053942e-15
-7.554868516389069e-15
-6.513994528273175e-15
-4.317839091496548e-15
-1.024799351097871e-15
4.508077290587843e-16
