1.792820763214389e-14
1.161699321266043e-14
5.192619094681606e-15
1.837415293775289e-15
-1.981074269167034e-16
-1.401898432358875e-15
-2.215629548469425e-15
-2.974862063622747e-15
-3.565075021687991e-15
-4.181015626808061e-15
-4.777923052076588e-15
-5.369086014055601e-15
-5.841487226705348e-15
-5.894082237851489e-15
-5.369463590933191e-15
-3.858217086049097e-15
-9.136758384205502e-16
3.670078863581222e-15
1.096052763942737e-14
2.118138630694399e-14
3.525018651781172e-14
5.446856582082723e-14
7.959721894420286e-14
1.126764449685122e-13
1.564601667705354e-13
2.138997975014238e-13
2.901323895398563e-13
3.906670032069222e-13
5.240515226669946e-13
7.004680311438352e-13
9.338826536456858e-13
1.243463990319893e-12
1.652084412324105e-12
2.189760314172501e-12
2.89648014590632e-12
3.820249259171871e-12
5.025284678777288e-12
6.590836245560303e-12
8.619217544331277e-12
1.12392795772557e-11
1.461356178108717e-11
1.894744673858747e-11
2.449887688204452e-11
3.159171728561562e-11
4.063017994502995e-11
5.211941854171842e-11
6.668740491233822e-11
8.511504897881754e-11
1.083687857541943e-10
1.376416492823006e-10
1.744074275688995e-10
2.204755642527544e-10
2.780674851165959e-10
3.499024637467909e-10
4.393017119563651e-10
5.503101847285867e-10
6.878521795980379e-10
8.578954470231777e-10
1.067670163802653e-09
1.325908613631411e-09
1.643139950534408e-09
2.03203296581363e-09
2.507798359465601e-09
3.088664151564582e-09
3.796430678360501e-09
4.657116911769325e-09
5.701722563033004e-09
6.967104803140895e-09
8.497008015018385e-09
1.034325029320524e-08
1.256710216220616e-08
1.524088003245013e-08
1.844978414066784e-08
2.229402045267667e-08
2.689123171760832e-08
3.237930113160363e-08
3.891955679965181e-08
4.670044657200239e-08
5.59417260835897e-08
6.689924992664913e-08
7.987041629921698e-08
9.520036163189958e-08
1.132889923386725e-07
1.345989568668749e-07
1.596646628310214e-07
1.891024664447516e-07
2.236221719611623e-07
2.640399761221078e-07
3.112930333067091e-07
3.664558045559902e-07
4.307583953467673e-07
5.05607072779895e-07
5.926072083264183e-07
6.935888712209025e-07
8.106353512942737e-07
9.461148791202998e-07
1.102715863996747e-06
1.283485959725275e-06
1.491875307843782e-06
1.731784325609108e-06
2.007616428090854e-06
2.324336084987906e-06
2.687532705055674e-06
3.1034909810954e-06
3.579268168907223e-06
4.122778803592588e-06
4.742887455816253e-06
5.449510139450314e-06
6.253725024809981e-06
7.167893156169982e-06
8.205789884719246e-06
9.382747788411973e-06
1.071581185870847e-05
1.222390778650033e-05
1.392802420849006e-05
1.585140979704973e-05
1.801978612707601e-05
2.046157725495146e-05
2.320815700669325e-05
2.629411495952158e-05
2.97575421554706e-05
3.364033757434135e-05
3.798853643799575e-05
4.285266138459329e-05
4.828809760662842e-05
5.435549299056523e-05
6.112118433149424e-05
6.865765078445999e-05
7.704399594134863e-05
8.636645945713748e-05
9.671895915523713e-05
0.0001082036645888218
0.0001209316030057959
0.0001350232985907136
0.0001506094457892558
0.0001678316174314888
0.0001868430082671749
0.0002078092144102951
0.0002309090490781619
0.0002563353951399399
0.0002842960974104157
0.0003150148961283853
0.000348732399188303
0.000385707090434683
0.0004262163749533776
0.0004705576627483032
0.0005190494907556481
0.0005720326816710007
0.0006298715387207183
0.0006929550751590078
0.0007616982776458168
0.0008365434021342453
0.0009179613002004518
0.001006452774362596
0.001102549959741416
0.001206817729990836
0.001319855124919631
0.001442296796378719
0.001574814469988352
0.001718118418464209
0.001872958943312768
0.002040127860950869
0.002220459988328068
0.00241483462450162
0.002624177022322466
0.002849459845764225
0.003091704607639371
0.003351983081218027
0.003631418681211239
0.003931187806661665
0.004252521140224369
0.004596704897439807
0.004965082018076395
0.005359053294451604
0.005780078427752625
0.006229677006127594
0.006709429397284912
0.007220977546676252
0.007766025676164017
0.008346340873055585
0.008963753563105992
0.00962015785995649
0.01031751178151218
0.01105783732877711
0.01184322041649654
0.01267581064997687
0.01355782094105772
0.01449152695369231
0.01547926637609583
0.01652343800897782
0.01762650066590588
0.01879097188010118
0.02001942640891212
0.0213144945355399
0.02267886015832184
0.02411525866606663
0.02562647459591973
0.02721533906674707
0.02888472699140373
0.03063755405957647
0.03247677349290476
0.03440537257178211
0.03642636892946496
0.03854280662173823
0.04075775196572175
0.04307428915356221
0.04549551564409864
0.04802453733092071
0.05066446350018978
0.05341840157434116
0.05628945165245988
0.05928070085452224
0.06239521747085628
0.06563604493584588
0.06900619562452216
0.07250864448798787
0.07614632253903761
0.07992211019177664
0.08383883047919252
0.08789924215002339
0.09210603266667405
0.09646181111945333
0.100969101062569
0.1056303333006247
0.1104478386286936
0.1154238405521596
0.120560448004593
0.1258596480705528
0.1313232987467566
0.1369531217447404
0.1427506953635884
0.148717447452668
0.1548546484725475
0.1611634046919657
0.1676446515221162
0.1742991470180264
0.1811274655672871
0.1881299917732392
0.1953069145719921
0.202658221582106
0.2101836937165606
0.2178829000760736
0.2257551931300204
0.2337997042281984
0.2420153394344184
0.2504007757007499
0.2589544573979666
0.2676745932218804
0.2765591535447918
0.2856058681659036
0.2948122243727681
0.3041754653209913
0.3136925889959691
0.3233603482533556
0.333175251442923
0.3431335624046697
0.3532312997173532
0.363464236799616
0.3738279046913563
0.3843175960132157
0.3949283682795596
0.4056550463691043
0.4164922254716596
0.4274342752661501
0.4384753448031636
0.4496093677309239
0.4608300678254415
0.4721309649564164
0.483505381575988
0.494946449649381
0.506447118001765
0.5180001600672688
0.529598182022626
0.541233631331025
0.5528988056435119
0.5645858620558142
0.5762868267037287
0.5879936046602228
0.5996979901489184
0.6113916770208083
0.623066269492507
0.634713293125404
0.6463242060019638
0.6578904101081753
0.6694032628680285
0.6808540888308091
0.6922341914884319
0.7035348651714628
0.7147474070277009
0.7258631290304014
0.7368733700189671
0.7477695077486763
0.7585429708958761
0.7691852510223781
0.779687914445877
0.7900426140169508
0.8002411007797802
0.81027523546944
0.8201369998559588
0.8298185078790369
0.8393120165684999
0.8486099367296291
0.8577048433557977
0.8665894857853157
0.8752567975463572
0.8836999058822654
0.8919121409400455
0.8998870445952226
0.907618378938879
0.9151001343713902
0.9223265372975016
0.9292920574101912
0.9359914145385801
0.9424195850829553
0.9485718079951012
0.9544435903165303
0.9600307122674
0.9653292318558059
0.9703354890283574
0.9750461093312296
0.9794580070966175
0.983568388153084
0.9873747520431458
0.9908748937799472
0.9940669051128942
0.9969491753177199
0.9995203915146119
1.001779538504864
1.003725898161622
1.005359048350601
1.006678861396598
1.007685502104324
1.008379425335233
1.008761373183679
1.008832371729718
1.008593727386072
1.008047022851293
1.007194112672912
1.006037118459993
1.004578423734309
1.002820668451032
1.000766743203759
0.9984197831090381
0.9957831614014335
0.9928604827406443
0.9896555762681226
0.9861724884300012
0.9824154755631029
0.9783889962771422
0.9740977036341719
0.9695464371581265
0.9647402146918261
0.9596842241040484
0.9543838148803981
0.9488444895989554
0.943071895319723
0.9370718149049279
0.9308501582750125
0.9244129536320154
0.9177663386519078
0.9109165516743992
0.9038699229057831
0.8966328656372039
0.8892118675064307
0.8816134818041771
0.8738443188466453
0.8659110374282171
0.8578203363608327
0.8495789461277028
0.8411936206492883
0.8326711291845321
0.8240182483777637
0.8152417544471104
0.8063484155286875
0.7973449841830343
0.7882381900898331
0.7790347329389231
0.7697412755097779
0.7603644369533133
0.7509107862751161
0.7413868360316032
0.7317990362448842
0.7221537685400796
0.7124573405251771
0.7027159803999934
0.6929358317926451
0.683122948826533
0.6732832914260927
0.6634227208788716
0.6535469956387527
0.6436617673691165
0.6337725772262544
0.6238848523819425
0.6140039027933011
0.6041349182100911
0.5942829654199665
0.5844529857298244
0.5746497926792407
0.5648780699915588
0.555142369750927
0.5454471108033332
0.5357965773778463
0.5261949179211479
0.5166461441456141
0.507154130282428
0.4977226125411469
0.4883551887702794
0.4790553183066583
0.4698263220104872
0.4606713824781009
0.4515935444300904
0.4425957152689725
0.4336806657982261
0.4248510311013097
0.416109311569864
0.4074578740780563
0.3988989532964781
0.3904346531336986
0.3820669482983535
0.3737976859774312
0.3656285876333811
0.3575612509128744
0.349597151650949
0.3417376459611007
0.3339839724092907
0.3263372542744739
0.3187985018890374
0.3113686150440725
0.3040483854509361
0.2968384992568092
0.2897395396167465
0.2827519893158056
0.2758762334277125
0.2691125620020253
0.2624611727780371
0.2559221739270791
0.2494955868177959
0.2431813487934302
0.2369793159552452
0.2308892659492088
0.2249109007552691
0.2190438494748411
0.2132876711103079
0.207641857333947
0.2021058352411081
0.1966789700837271
0.1913605679811271
0.1861498786060003
0.1810460978451813
0.1760483704295334
0.1711557925291001
0.1663674143112796
0.1616822424608801
0.1570992426621091
0.1526173420379479
0.1482354315434918
0.1439523683117692
0.1397669779524647
0.1356780568045259
0.1316843741386109
0.1277846743067992
0.1239776788386488
0.1202620884838139
0.1166365852013985
0.113099834094545
0.1096504852902514
0.1062871757639131
0.1030085311074975
0.09981316724127758
0.0966996920689495
0.0936667070762998
0.09071280887365825
0.08783659068253009
0.08503664376784853
0.08231155881478336
0.07965992724972444
0.0770803425060464
0.07457140123614493
0.07213170447128166
0.06975985872884585
0.0674544770672071
0.06521418008903317
0.06303759689438117
0.06092336598509433
0.05887013612069106
0.05687656712651127
0.05494133065507652
0.05306311090191382
0.0512406052772336
0.04947252503411029
0.0477575958541819
0.04609455839194244
0.04448216877882862
0.04291919908847166
0.04140443776396849
0.03993669000827799
0.03851477813894576
0.03713754190831321
0.03580383879064739
0.03451254423700123
0.03326255189898179
0.03205277382249167
0.030882140612607
0.0297496015708417
0.02865412480573659
0.02759469731786413
0.02657032506033661
0.02558003297595011
0.02462286501221742
0.02369788411510509
0.02280417220243077
0.02194083011798596
0.02110697756726159
0.0203017530359402
0.01952431369187881
0.01877383527153908
0.01804951195178371
0.01735055620788058
0.01667619865876457
0.01602568790016231
0.01539829032637878
0.01479328994147305
0.01420998816072811
0.01364770360320349
0.01310577187599527
0.01258354535080509
0.01208039293351257
0.01159569982737699
0.01112886729051392
0.01067931238824503
0.01024646774084074
0.009829781267226671
0.009428715925206473
0.009042749448726742
0.008671374082608471
0.008314096315208734
0.007970436609443146
0.00763992913256009
0.007322121485127081
0.007016574429578402
0.006722861618653288
0.006440569324096425
0.006169296165963197
0.005908652842781506
0.005658261862847467
0.005417757277029755
0.005186784413272427
0.004964999613028205
0.004752069969729395
0.004547673069677668
0.004351496735483252
0.00416323877223175
0.003982606716552589
0.003809317588695084
0.003643097647767499
0.003483682150271822
0.003330815112123498
0.003184249074149899
0.003043744871245896
0.002909071405207856
0.002780005421352206
0.002656331288927766
0.002537840785479204
0.002424332885116127
0.002315613550797466
0.002211495530620314
0.002111798158130308
0.002016347156687713
0.001924974447921332
0.001837517964226112
0.001753821465370866
0.001673734359097115
0.001597111525814397
0.001523813147326851
0.001453704539565028
0.001386655989314712
0.001322542594884298
0.001261244110681805
0.001202644795686453
0.001146633265796492
0.001093102349916956
0.00104194894986374
0.0009930739039448887
0.0009463818541935645
0.0009017811172439674
0.0008591835587053694
0.0008185044710911889
0.0007796624551551674
0.0007425793046017786
0.0007071798941221118
0.000673392070698613
0.0006411465480771909
0.0006103768044375209
0.0005810189830680461
0.0005530117961223826
0.0005262964312518706
0.0005008164611893276
0.0004765177560785751
0.0004533483986641961
0.0004312586020567802
0.0004102006302258443
0.0003901287209906234
0.0003709990115819351
0.0003527694665797947
0.0003353998083027619
0.000318851449465916
0.0003030874281120522
0.0002880723447494801
0.0002737723016521427
0.0002601548441835097
0.0002471889042187773
0.0002348447454900948
0.0002230939108602439
0.0002119091714632755
0.0002012644776375984
0.0001911349116123679
0.0001814966419189064
0.0001723268794192992
0.0001636038349471434
0.0001553066785124054
0.0001474154999879351
0.0001399112712798123
0.000132775809864431
0.0001259917437417246
0.0001195424776772512
0.000113412160721935
0.0001075856549999624
0.000102048505633102
9.678691190144663e-05
9.17876994494815e-05
8.703829363246484e-05
8.252669384170917e-05
7.8241448881651e-05
7.417163332084435e-05
7.03068247557105e-05
6.663708198924105e-05
6.315292410785269e-05
5.984531034747102e-05
5.670562083782298e-05
5.372563806261069e-05
5.089752913737837e-05
4.82138287624951e-05
4.566742291473008e-05
4.325153319337374e-05
4.095970180340453e-05
3.878577720336997e-05
3.672390030937368e-05
3.476849130031996e-05
3.29142369929679e-05
3.115607871756172e-05
2.94892007335521e-05
2.790901912994894e-05
2.641117120870216e-05
2.499150531621274e-05
2.364607111814984e-05
2.237111030133266e-05
2.116304766708415e-05
2.001848261910034e-05
1.893418102351654e-05
1.790706742609384e-05
1.693421761551163e-05
1.601285151665672e-05
1.514032638730135e-05
1.431413034609861e-05
1.353187615068583e-05
1.279129528832053e-05
1.2090232301173e-05
1.142663941754707e-05
1.079857136180499e-05
1.020418045176099e-05
9.641711890785383e-06
9.109499295126884e-06
8.60596041588412e-06
8.129593041146381e-06
7.678971127715061e-06
7.25274107934257e-06
6.849618196100345e-06
6.468383319391928e-06
6.107879597106283e-06
5.76700942845994e-06
5.444731543443238e-06
5.140058211900462e-06
4.852052586931506e-06
4.579826186797452e-06
4.32253647170259e-06
4.079384567317651e-06
3.849613074708363e-06
3.632503988677559e-06
3.427376724795172e-06
3.233586235415808e-06
3.050521207592249e-06
2.877602371194288e-06
2.714280862089623e-06
2.560036688018349e-06
2.414377254079674e-06
2.276835967452614e-06
2.146970901117152e-06
2.024363556646228e-06
1.908617633547704e-06
1.799357907620861e-06
1.696229127151937e-06
1.598894994873349e-06
1.507037178101158e-06
1.420354392151283e-06
1.338561500847355e-06
1.261388686520985e-06
1.188580634682151e-06
1.119895799662873e-06
1.05510567378463e-06
9.939940995750378e-07
9.363566258718701e-07
8.819998892312658e-07
8.307410390502254e-07
7.824071533662845e-07
7.368347583792931e-07
6.938692792620183e-07
6.533646114367587e-07
6.151826366963973e-07
5.791928223559697e-07
5.452717996003552e-07
5.133029884933998e-07
4.831762323494304e-07
4.547874502956722e-07
4.280383110430209e-07
4.028359259681065e-07
3.790925533715768e-07
3.567253224216297e-07
3.356559749899134e-07
3.158105933201116e-07
2.971193962404415e-07
2.795164858541796e-07
2.629396480488779e-07
2.473301581370871e-07
2.326325818684318e-07
2.187945955029518e-07
2.057668225526103e-07
1.93502658835136e-07
1.81958124822844e-07
1.710917335021438e-07
1.608643386944303e-07
1.512390094732264e-07
1.421808990210212e-07
1.336571529831489e-07
1.256367804614623e-07
1.180905522901363e-07
1.109909062208266e-07
1.043118473777101e-07
9.802886584331765e-08
9.211886054139494e-08
8.656004317762029e-08
8.133187178646492e-08
7.641500298122808e-08
7.179119309889206e-08
6.744325253342313e-08
6.335497632946512e-08
5.951109165498641e-08
5.589721681654929e-08
5.2499799804203e-08
4.930607143100692e-08
4.630401093509635e-08
4.34822873166574e-08
4.083023073561187e-08
3.833778518496052e-08
3.59954897484254e-08
3.379443037929119e-08
3.172621843843771e-08
2.978295009235148e-08
2.795718561292149e-08
2.62419220319024e-08
2.463056277454084e-08
2.311690525379111e-08
2.169510377195279e-08
2.035966630454779e-08
1.910541560737328e-08
1.792747674413119e-08
1.682127763202607e-08
1.578250959328799e-08
1.480711591363707e-08
1.389128029353515e-08
1.303141347479771e-08
1.222414768833764e-08
1.14662998540167e-08
1.075488882305295e-08
1.008710717658749e-08
9.460314785282043e-09
8.87202699313461e-09
8.319908580452038e-09
7.801762573586368e-09
7.31552201440115e-09
6.859243181497317e-09
6.43110929882205e-09
6.029397505247759e-09
5.652505330032195e-09
5.298912184155411e-09
4.967196428296018e-09
4.656019370625396e-09
4.364132495778009e-09
4.090350843531402e-09
3.833562508267495e-09
3.59272369959575e-09
3.366860481702529e-09
3.155048124221816e-09
2.956425314615854e-09
2.770179713941629e-09
2.595552309874723e-09
2.431819683018116e-09
2.278311329076e-09
2.134399807589864e-09
1.999485585543445e-09
1.873015756767737e-09
1.754464732332785e-09
1.643346851870282e-09
1.539190590265511e-09
1.441578521868108e-09
1.350095638060155e-09
1.264359366486969e-09
1.184013563972196e-09
1.108723936476554e-09
1.038181596133971e-09
9.720853755536974e-10
9.101600349634218e-10
8.521409708340483e-10
7.977948567215004e-10
7.468803442137818e-10
6.991887591421258e-10
6.545140907593951e-10
6.126701218101136e-10
5.734779052396571e-10
5.36771009116892e-10
5.02395288650728e-10
4.7019909193574e-10
4.400461596886375e-10
4.118104595501533e-10
3.853647719270749e-10
3.605977007885264e-10
3.374071835470121e-10
3.15698637568321e-10
2.953803167474701e-10
2.763582144687913e-10
2.585554047274129e-10
2.418892075420504e-10
2.262964048547902e-10
2.116991966934418e-10
1.980412506523166e-10
1.852533474077153e-10
1.732826906155284e-10
1.620767069612951e-10
1.515883696402206e-10
1.417737056079265e-10
1.325859885800166e-10
1.23987656811669e-10
1.159366809478632e-10
1.084079423688752e-10
1.013677596624766e-10
9.478516137735817e-11
8.862883847737062e-11
8.287145704562014e-11
7.748375346261296e-11
7.243836637655219e-11
6.771884805514518e-11
6.330627428488591e-11
5.91837636963954e-11
5.532638774531878e-11
5.172020550868549e-11
4.834588732197834e-11
4.518943817813944e-11
4.224165152534624e-11
3.9483389039829e-11
3.690326018393447e-11
3.448482037743001e-11
3.222025181487598e-11
3.010123008129706e-11
2.812536887827198e-11
2.628173836984358e-11
2.455721511714381e-11
2.294695821042177e-11
2.143981807497417e-11
2.003466247077371e-11
1.872026711123821e-11
1.748827701004839e-11
1.633930793711025e-11
1.52643875445121e-11
1.426313388059079e-11
1.332831881086771e-11
1.245349124760293e-11
1.163463388349773e-11
1.086498825740719e-11
1.014606195725792e-11
9.473311053577576e-12
8.848877325356631e-12
8.262668158911533e-12
7.713838742119243e-12
7.201079808872783e-12
6.724061029458782e-12
6.278503010729164e-12
5.862891433397005e-12
5.478120046418073e-12
5.112873445611283e-12
4.775283892597454e-12
4.455595718559507e-12
4.159423499069827e-12
3.881627966832152e-12
3.627501550683124e-12
3.392590434530237e-12
3.173633181115922e-12
2.968011459883347e-12
2.770327227019051e-12
2.582089965842338e-12
2.408420264291862e-12
2.248940130553073e-12
2.102066551558868e-12
1.958800183967634e-12
1.820644869761308e-12
1.695320645749961e-12
1.576585609218453e-12
1.469238405052728e-12
1.368000096804565e-12
1.273884199180133e-12
1.190110361724092e-12
1.11498000370841e-12
1.046977766658825e-12
9.842623922182617e-13
9.268907795704047e-13
8.738990278625861e-13
8.225432622278596e-13
7.676290070573281e-13
7.114229391866964e-13
6.55394802206166e-13
6.066815617805399e-13
5.568991422874009e-13
5.114240112554858e-13
4.713635749901789e-13
4.379115132891392e-13
4.07355786003768e-13
3.806682854302572e-13
3.571788243928506e-13
3.369490046470563e-13
3.185544715813957e-13
3.044756653921063e-13
2.912242912065233e-13
2.757703608927203e-13
2.595961891678076e-13
2.434586513286193e-13
2.28886788080809e-13
2.171319394353947e-13
1.987119991269926e-13
1.806435446324352e-13
1.611381257791037e-13
1.428595330910847e-13
1.246244882267739e-13
1.096083491764306e-13
9.675121843725776e-14
8.906061833246898e-14
8.380201753788174e-14
8.123663854208588e-14
8.927575451178012e-14
9.021282895244934e-14
9.518137948576345e-14
9.943424578324368e-14
9.966262094542224e-14
9.043103113111889e-14
7.952041282078873e-14
6.900719793544506e-14
5.271653383901189e-14
3.987311334488053e-14
2.914684637860684e-14
2.406419025732932e-14
2.349619199393142e-14
2.569329788287621e-14
2.817855165578168e-14
3.047567202093958e-14
2.774725847847838e-14
2.759959917773209e-14
2.506554174969993e-14
2.414095078197944e-14
2.118524375483485e-14
2.191487657242978e-14
2.347756882651957e-14
2.492344049935865e-14
2.735696690982248e-14
2.840459974671876e-14
2.441806709022365e-14
2.261929687646254e-14
1.725636147289248e-14
1.301676056036655e-14
1.26965386734678e-14
5.995356036139041e-15
2.712586970396612e-17
-2.173130956387286e-15
-4.715112424808382e-15
-5.519257162248581e-15
-2.697460822712401e-15
-3.453909900427021e-15
-7.179340983050666e-16
2.330389940961235e-15
7.284238458584789e-15
1.63292204414129e-14
1.629709453215576e-14
2.024784870561662e-14
2.399993109057575e-14
2.390358984758609e-14
2.082191099192199e-14
1.376308064440828e-14
5.144996247970926e-15
-3.825514959316055e-15
-1.127161397383177e-14
-1.847906362996947e-14
-2.140579924491953e-14
-2.368352949309582e-14
-1.810829958040836e-14
-1.177643673698173e-14
-3.655886376570795e-15
5.558262574408558e-15
9.183047706668511e-15
1.82184483974982e-14
2.547517491834493e-14
2.661345872110299e-14
2.825710401818675e-14
2.128591660342439e-14
1.154651409447406e-14
6.85580087554601e-16
-9.020104607506517e-15
-1.612610329037891e-14
-2.16958765103508e-14
-1.897346135067957e-14
-1.737745192521055e-14
-1.306115420060606e-14
-8.088555035814009e-15
-4.738946372855596e-15
-4.286854330134173e-16
1.762171913965149e-15
3.731996205926178e-15
1.00975027923762e-14
1.566178471436413e-14
2.071867209014743e-14
2.106397497902154e-14
1.629619655349006e-14
1.285405234372919e-14
5.881030577721801e-15
-1.079967559645338e-15
-9.138717777562087e-15
-1.304451010617289e-14
-1.696460719002623e-14
-1.986304675601652e-14
-1.926713998261422e-14
-1.4932676933837e-14
-1.302910468466017e-14
-4.636723790870885e-15
2.767613411408898e-15
1.128375825683321e-14
1.614983676438101e-14
1.763456120773261e-14
1.845397151154081e-14
1.597745820136478e-14
1.208108698629879e-14
6.451727895145626e-15
1.849847607828962e-15
-1.243590936709583e-15
-3.495803348869294e-15
-9.538446644511805e-15
-1.257823929537054e-14
-1.268298743341522e-14
-1.333567140094857e-14
-1.277924115342208e-14
-1.205590124654116e-14
-1.091045246855504e-14
-3.611182294451103e-15
1.845156026845236e-15
8.473054841084354e-15
1.307554614808944e-14
1.640448879575148e-14
1.731745964702907e-14
1.573206334901827e-14
1.295641472186039e-14
7.044938504643602e-15
