-1.000534214403247e-12
-6.553437782628212e-13
-4.271353944068636e-13
-2.765619275616553e-13
-1.750131489644777e-13
-1.036898395027944e-13
-5.067970580023191e-14
-6.94443565342833e-15
3.393125965618521e-14
7.77147499010342e-14
1.301170492580411e-13
1.97377625611579e-13
2.86524891538024e-13
4.068665408092225e-13
5.704014911484151e-13
7.933125360131989e-13
1.096062272484193e-12
1.507084963365292e-12
2.060128450007055e-12
2.806663529679736e-12
3.807842018191327e-12
5.145990730700085e-12
6.927285848859225e-12
9.291143239520215e-12
1.241602386187368e-11
1.653226510684818e-11
2.19342451924718e-11
2.899857872462857e-11
3.820761867592798e-11
5.017189932251809e-11
6.566476972925309e-11
8.566837035316199e-11
1.114143661565049e-10
1.444558920824728e-10
1.867401651061427e-10
2.407006157735924e-10
3.093735163436471e-10
3.965376222103755e-10
5.068833442299388e-10
6.462167405158671e-10
8.217120541471407e-10
1.042209337993485e-09
1.31857632462921e-09
1.664147067027223e-09
2.095238625430805e-09
2.631779374162949e-09
3.298054137225525e-09
4.123584705491048e-09
5.144189245480308e-09
6.403221094144527e-09
7.953041633740143e-09
9.856751105148875e-09
1.219021897106117e-08
1.504447552040472e-08
1.852851071057078e-08
2.277255171848779e-08
2.793187547415792e-08
3.419125925336114e-08
4.177013683978356e-08
5.092859088171512e-08
6.197427081434973e-08
7.527038988942237e-08
9.124494334879667e-08
1.104013034014174e-07
1.333303894240452e-07
1.607246121483056e-07
1.933938251930554e-07
2.322835336903059e-07
2.784956564218575e-07
3.333121301532801e-07
3.982217396420537e-07
4.749505171436727e-07
5.654961611207371e-07
6.721669225329595e-07
7.976254722331705e-07
9.449383026127849e-07
1.117631280505867e-06
1.319751992191901e-06
1.555939625258971e-06
1.831503145281419e-06
2.152508630175623e-06
2.525876681593685e-06
2.959490892714537e-06
3.462318458248023e-06
4.044544047458169e-06
4.717718196526516e-06
5.494921506839259e-06
6.390946071285459e-06
7.422495601743781e-06
8.608405834837507e-06
9.969886891266643e-06
1.153078932307119e-05
1.331789569263506e-05
1.536123959256148e-05
1.769445409179708e-05
2.035515165010723e-05
2.338533760332311e-05
2.683185935625407e-05
3.074689342460851e-05
3.518847249126348e-05
4.022105459166487e-05
4.591613656678726e-05
5.235291491614942e-05
5.961899960728616e-05
6.781118231745351e-05
7.703626106191835e-05
8.741192392259443e-05
9.906769465156325e-05
0.0001121459429017335
0.0001268029618194189
0.0001432101156959986
0.0001615550602911033
0.0001820430383676976
0.0002048982528657032
0.0002303653199962603
0.0002587108043873119
0.0002902248381898376
0.0003252228258661776
0.0003640472360743187
0.0004070694817874942
0.0004546918894424605
0.0005073497575058273
0.0005655135044374151
0.0006296909055337475
0.0007004294175801381
0.0007783185897006734
0.0008639925581967249
0.0009581326241794916
0.001061469915659041
0.001174788128131558
0.001298926337933929
0.001434781883095482
0.001583313305610206
0.001745543348149639
0.001922561997241389
0.00211552956388113
0.002325679791416705
0.002554322979363699
0.002802849110785106
0.003072730973089122
0.003365527291320958
0.003682885873667804
0.004026546723269564
0.004398345070137479
0.004800214321956283
0.005234188937467885
0.005702407209859281
0.006207113932180806
0.00675066292617005
0.007335519413225927
0.007964262212251239
0.008639585744940868
0.009364301823398142
0.01014134120383299
0.01097375487940035
0.011864715093791
0.01281751605398152
0.01383557431507338
0.01492242882190547
0.0160817405779502
0.01731729192377174
0.01863298540382432
0.02003284219405076
0.02152100007848835
0.02310171094513341
0.02477933778712552
0.02655835119127626
0.02844332528842831
0.03043893316063094
0.03254994167788382
0.03478120575762608
0.03713766203543115
0.03962432192657071
0.04224626408436612
0.04500862623302274
0.04791659637805824
0.05097540339222995
0.05419030696513084
0.05756658693712075
0.06110953200256256
0.06482442779866711
0.06871654439005405
0.07279112314747517
0.07705336305791162
0.08150840646075394
0.08616132424307682
0.09101710051838702
0.09608061679783203
0.1013566357087324
0.1068497842657349
0.1125645367451391
0.1185051972013431
0.1246758816454123
0.1310804999594042
0.1377227375607653
0.1446060368828649
0.1517335787237525
0.1591082634934923
0.1667326924517812
0.174609148955947
0.1827395797973797
0.1911255766884332
0.1997683579380362
0.2086687504231172
0.2178271718771341
0.2272436135822248
0.2369176235325265
0.2468482901080381
0.2570342263734499
0.2674735550210938
0.2781638940497135
0.2891023432465188
0.3002854715063512
0.3117093051044573
0.3233693169328282
0.335260416790129
0.3473769427859634
0.3597126538798706
0.3722607236631463
0.385013735380866
0.3979636782791722
0.411101945325749
0.4244193323029803
0.4379060383686302
0.4515516680612085
0.4653452348204381
0.4792751660515899
0.4933293097107118
0.5074949424894301
0.5217587795496457
0.5361069858544522
0.55052518910029
0.5649984942056109
0.5795114994178062
0.5940483139572219
0.608592577218608
0.6231274795090107
0.6376357842506979
0.6520998516865046
0.6665016639790349
0.6808228516984631
0.6950447216526643
0.7091482859685816
0.7231142924504113
0.7369232560682903
0.7505554915205673
0.76399114680044
0.7772102377075262
0.7901926833867339
0.8029183426304279
0.815367050577877
0.82751865573518
0.8393530579375921
0.8508502484344929
0.8619903505396423
0.8727536575678017
0.8831206678715319
0.8930721211270169
0.9025890401755602
0.9116527742211106
0.920245038797918
0.9283479521815755
0.9359440714389122
0.9430164297245105
0.9495485734176687
0.9555245981818783
0.9609291838050456
0.9657476280481959
0.9699658796116254
0.9735705699722161
0.9765490439762119
0.9788893891031333
0.980580463316207
0.9816119215009157
0.9819742403487498
0.9816587416467543
0.980657613911276
0.9789639322760294
0.9765716766409364
0.9734757479764408
0.969671982773521
0.9651571656023806
0.9599290397136588
0.9539863157050877
0.9473286781850183
0.9399567904537705
0.9318722971929511
0.9230778251197337
0.9135769816468505
0.9033743515167232
0.8924754914584947
0.8808869228847948
0.8686161226148948
0.8556715116866656
0.8420624422562832
0.827799182652456
0.8128929006274364
0.7973556448260054
0.7812003245589059
0.7644406879012499
0.7470912981932996
0.7291675090072692
0.7106854376316958
0.6916619371765453
0.6721145673391
0.6520615639170931
0.6315218071483775
0.6105147889511447
0.5890605791778137
0.5671797909365114
0.5448935450733998
0.5222234339037264
0.499191484273072
0.4758201200581741
0.4521321241778726
0.4281506002158834
0.4038989337439684
0.3794007534235446
0.3546798919867334
0.3297603471735031
0.3046662427197073
0.2794217894813735
0.254051246774035
0.2285788840192367
0.2030289427684667
0.1774255991868947
0.151792927072503
0.126154861481519
0.1005351630360755
0.07495738297655408
0.04944482902550526
0.02402053212542358
-0.001292785890975048
-0.02647274364144879
-0.05149733049604022
-0.07634493579077495
-0.1009943769078955
-0.1254249261800923
-0.1496163365827504
-0.1735488661782534
-0.1972033012835323
-0.2205609783348345
-0.2436038044229375
-0.266314276481482
-0.2886754991089054
-0.3106712010164057
-0.3322857500941485
-0.3535041670847421
-0.374312137866651
-0.3946960243433903
-0.4146428739483891
-0.4341404277739146
-0.453177127328964
-0.4717421199468577
-0.4898252628519282
-0.5074171259101814
-0.5245089930864185
-0.5410928626260855
-0.5571614459970271
-0.5727081656121012
-0.5877271513711954
-0.6022132360564622
-0.6161619496078721
-0.6295695123242873
-0.6424328270195173
-0.6547494701780312
-0.6665176821515378
-0.6777363564339687
-0.6884050280689528
-0.6985238612236977
-0.7080936359827332
-0.7171157344071889
-0.7255921258931065
-0.7335253518780253
-0.7409185099390585
-0.7477752373442026
-0.754099694104029
-0.7598965455558251
-0.7651709445323797
-0.7699285131535925
-0.7741753242910747
-0.7779178827507028
-0.7811631062158202
-0.7839183060111963
-0.7861911677125661
-0.787989731637404
-0.7893223732574115
-0.7901977835782447
-0.7906249495435983
-0.790613134482565
-0.790171858634038
-0.7893108797824082
-0.7880401740370859
-0.7863699167983985
-0.7843104639299656
-0.7818723331693173
-0.7790661858044994
-0.7759028086408397
-0.7723930962937438
-0.7685480338195955
-0.764378679708712
-0.7598961492603289
-0.7551115983547505
-0.7500362076460996
-0.7446811671863249
-0.7390576615037816
-0.7331768551492526
-0.7270498787110791
-0.7206878153126782
-0.7141016875979532
-0.7073024452171466
-0.7003009528194972
-0.6931079785545385
-0.6857341830931412
-0.6781901091636756
-0.6704861716100956
-0.6626326479717367
-0.6546396695752105
-0.6465172131349034
-0.6382750928626441
-0.6299229530978211
-0.6214702614526597
-0.6129263024502132
-0.604300171643104
-0.5956007702127482
-0.586836800057009
-0.5780167593570893
-0.5691489385988129
-0.5602414170334706
-0.551302059574336
-0.5423385141329446
-0.5333582093832907
-0.5243683529271751
-0.5153759298437949
-0.5063877016174407
-0.497410205443696
-0.4884497539006448
-0.4795124349604947
-0.470604112325707
-0.4617304260795715
-0.45289679364478
-0.4441084110365214
-0.4353702543921116
-0.4266870817663622
-0.4180634351760855
-0.4095036428795618
-0.4010118218782037
-0.3925918806293556
-0.3842475219628332
-0.3759822461822482
-0.3677993543362689
-0.3597019516474667
-0.351692951089205
-0.3437750771034258
-0.3359508694420851
-0.328222687117431
-0.3205927124502693
-0.3130629552096054
-0.3056352568385459
-0.2983112947500176
-0.2910925866790541
-0.2839804950823658
-0.2769762315778992
-0.2700808614178566
-0.2632953079843915
-0.2566203573008852
-0.2500566625506207
-0.2436047485933821
-0.2372650164729342
-0.2310377479081459
-0.2249231097616799
-0.218921158480041
-0.2130318444998376
-0.2072550166172821
-0.2015904263124538
-0.1960377320213134
-0.1905965033511723
-0.1852662252373764
-0.1800463020397012
-0.1749360615720426
-0.1699347590605812
-0.1650415810274972
-0.1602556490986304
-0.1555760237341094
-0.1510017078779077
-0.1465316505236957
-0.1421647501952309
-0.1378998583402337
-0.1337357826373503
-0.1296712902140455
-0.1257051107743366
-0.1218359396356365
-0.1180624406744293
-0.1143832491810607
-0.1107969746228207
-0.1073022033153386
-0.103897501002445
-0.1005814153450663
-0.0973524783203087
-0.09420920853056658
-0.09115011342336278
-0.08817369142276904
-0.08527843397340912
-0.08246282749846531
-0.07972535527253999
-0.07706449921049346
-0.07447874157369594
-0.07196656659534893
-0.06952646202687909
-0.06715692060641243
-0.0648564414508043
-0.06262353137295153
-0.06045670612605301
-0.05835449157685355
-0.05631542480937123
-0.05433805516082005
-0.05242094519164557
-0.05056267159162656
-0.0487618260242305
-0.04701701591071365
-0.04532686515562215
-0.04369001481559417
-0.04210512371363872
-0.04057086900107028
-0.03908594666858671
-0.03764907200825318
-0.0362589800281241
-0.0349144258214412
-0.03361418489232786
-0.03235705343958355
-0.03114184860036955
-0.0299674086555311
-0.02883259319826223
-0.02773628326794312
-0.02667738145062859
-0.02565481194773423
-0.02466752061446797
-0.02371447496954517
-0.02279466417779209
-0.02190709900698598
-0.02105081176039758
-0.0202248561864818
-0.01942830736691872
-0.01866026158440217
-0.01791983617144925
-0.01720616934152524
-0.01651842000371688
-0.01585576756190197
-0.01521741169950313
-0.01460257215097993
-0.0140104884612476
-0.01344041973399943
-0.01289164436972322
-0.01236345979435687
-0.01185518217947851
-0.01136614615498619
-0.01089570451503463
-0.01044322791805574
-0.01000810458154444
-0.009589739972333065
-0.009187556493000217
-0.00880099316502869
-0.008429505309395064
-0.008072564225249542
-0.007729656867120655
-0.007400285521219646
-0.007083967481287086
-0.006780234724481499
-0.006488633587822868
-0.006208724445534575
-0.00594008138762635
-0.005682291900132929
-0.005434956547359305
-0.005197688656463724
-0.00497011400469939
-0.004751870509493723
-0.004542607921663225
-0.004341987521990127
-0.004149681821414085
-0.003965374265000862
-0.003788758939924498
-0.003619540287516766
-0.003457432819629529
-0.003302160839415486
-0.00315345816663485
-0.003011067867613142
-0.00287474198991974
-0.002744241301871348
-0.002619335036844136
-0.002499800642549492
-0.002385423535250729
-0.002275996858995203
-0.002171321249906045
-0.00207120460546705
-0.001975461858908943
-0.00188391475863082
-0.001796391652621889
-0.001712727277935989
-0.001632762555169192
-0.001556344387914274
-0.001483325467142682
-0.001413564080473688
-0.001346923926324008
-0.001283273932879835
-0.001222488081773495
-0.00116444523653474
-0.001109028975589735
-0.001056127429913461
-0.001005633125109545
-0.0009574428280239641
-0.000911457397643432
-0.0008675816403577898
-0.0008257241694073188
-0.0007857972684946065
-0.000747716759445255
-0.0007114018738830763
-0.0006767751287873293
-0.0006437622058981753
-0.0006122918348870046
-0.0005822956801604756
-0.0005537082312754247
-0.0005264666968416334
-0.0005005109018509061
-0.000475783188371914
-0.000452228319500396
-0.0004297933864691523
-0.0004084277188791949
-0.0003880827979293593
-0.0003687121726309064
-0.0003502713788615409
-0.0003327178611899893
-0.0003160108974611345
-0.0003001115259780763
-0.0002849824752548112
-0.0002705880962738925
-0.0002568942971468733
-0.0002438684801468458
-0.0002314794809915698
-0.0002196975103441264
-0.0002084940974725304
-0.0001978420359885262
-0.0001877153315616318
-0.0001780891516384596
-0.0001689397769954907
-0.0001602445551699983
-0.0001519818556316393
-0.0001441310266663662
-0.0001366723539456461
-0.0001295870206494438
-0.0001228570691851827
-0.0001164653643669191
-0.0001103955580528993
-0.0001046320551824818
-9.915998112975877e-05
-9.396515042032471e-05
-8.903403662580708e-05
-8.435374353748078e-05
-7.991197744402676e-05
-7.569702058382306e-05
-7.16977056511438e-05
-6.79033913714887e-05
-6.430393904947204e-05
-6.088969011984683e-05
-5.765144461393596e-05
-5.458044053221799e-05
-5.166833405923504e-05
-4.890718065032763e-05
-4.628941688054288e-05
-4.38078430855298e-05
-4.145560673772126e-05
-3.922618652351893e-05
-3.711337711834555e-05
-3.51112746102081e-05
-3.321426255110019e-05
-3.141699862136172e-05
-2.971440187276147e-05
-2.810164053643714e-05
-2.657412035246557e-05
-2.512747342260408e-05
-2.375754755388882e-05
-2.246039608383479e-05
-2.123226813556342e-05
-2.006959934391443e-05
-1.896900297967091e-05
-1.792726145007192e-05
-1.694131822944642e-05
-1.600827012390759e-05
-1.512535989440069e-05
-1.428996922069582e-05
-1.349961197773037e-05
-1.275192783895014e-05
-1.204467615594446e-05
-1.137573013789961e-05
-1.07430712659219e-05
-1.014478400818362e-05
-9.579050746463029e-06
-9.044147005822525e-06
-8.538436839406155e-06
-8.060368451753548e-06
-7.608470019327632e-06
-7.181345710240427e-06
-6.777671917472827e-06
-6.39619364893665e-06
-6.035721103116394e-06
-5.695126390634141e-06
-5.373340443027622e-06
-5.069350026262837e-06
-4.782194945257439e-06
-4.5109653366734e-06
-4.254799141877741e-06
-4.012879672415621e-06
-3.784433286917391e-06
-3.568727214203042e-06
-3.365067452267716e-06
-3.17279678548064e-06
-2.991292902409556e-06
-2.819966597186191e-06
-2.65826004571167e-06
-2.505645214655099e-06
-2.361622306670522e-06
-2.225718293989899e-06
-2.097485527279755e-06
-1.97650041407916e-06
-1.862362177235931e-06
-1.754691630083037e-06
-1.653130092548501e-06
-1.557338270647621e-06
-1.466995264138778e-06
-1.381797588763212e-06
-1.301458265849481e-06
-1.225705931824595e-06
-1.154284036658512e-06
-1.08695003510108e-06
-1.023474654752504e-06
-9.636411784095655e-07
-9.072447991153793e-07
-8.540919510287301e-07
-8.039997369096862e-07
-7.567953354568404e-07
-7.123154732665374e-07
-6.70405900245471e-07
-6.309209092547653e-07
-5.937228753320552e-07
-5.586818251815008e-07
-5.256750077379931e-07
-4.945865107662638e-07
-4.653068899026708e-07
-4.377328060451897e-07
-4.117667053927043e-07
-3.873164958980957e-07
-3.642952664545697e-07
-3.426209754359774e-07
-3.222162016487027e-07
-3.030078832299884e-07
-2.849270810864501e-07
-2.679087509921695e-07
-2.518915304344845e-07
-2.368175296829655e-07
-2.226321370725042e-07
-2.092838471584675e-07
-1.967240836456845e-07
-1.849070380160891e-07
-1.737895114691112e-07
-1.633307640186787e-07
-1.534923954348387e-07
-1.44238195772207e-07
-1.35534035043661e-07
-1.273477405938347e-07
-1.196489888014348e-07
-1.124091947792926e-07
-1.056014208351129e-07
-9.920029156474171e-08
-9.318188078043801e-08
-8.75236585718398e-08
-8.220439661530408e-08
-7.720408887582322e-08
-7.250389990932202e-08
-6.808607875859201e-08
-6.393391119226243e-08
-6.003166220449302e-08
-5.636450564361299e-08
-5.29184848612127e-08
-4.968045672041413e-08
-4.663804853730202e-08
-4.3779610646766e-08
-4.109416939360314e-08
-3.857140271022511e-08
-3.620159116218544e-08
-3.397558883436975e-08
-3.188478936930069e-08
-2.992109277185342e-08
-2.807687682321801e-08
-2.63449632131973e-08
-2.471860542493418e-08
-2.319145795381468e-08
-2.175754985853436e-08
-2.041126195964004e-08
-1.914731441071964e-08
-1.796073156680943e-08
-1.684684156857806e-08
-1.580124581794043e-08
-1.481981417977894e-08
-1.389865254293378e-08
-1.303410757851869e-08
-1.22227484423207e-08
-1.146133671624185e-08
-1.074683617360281e-08
-1.007639046364993e-08
-9.447321738197593e-09
-8.857100935356499e-09
-8.303355530280199e-09
-7.783862995521675e-09
-7.296527209255487e-09
-6.83937928850632e-09
-6.410576128704531e-09
-6.008379321725565e-09
-5.631152972500499e-09
-5.277367385981632e-09
-4.945583194396546e-09
-4.634453117295771e-09
-4.34270167891903e-09
-4.069133328242875e-09
-3.81262651522669e-09
-3.57213331475189e-09
-3.346665086587983e-09
-3.135285369846632e-09
-2.937129449778176e-09
-2.751375313860221e-09
-2.577252432094619e-09
-2.414038740170253e-09
-2.261066649187667e-09
-2.117698564135652e-09
-1.98333171466056e-09
-1.857411274293773e-09
-1.739417580176908e-09
-1.628849519577533e-09
-1.52524460657461e-09
-1.428170445195141e-09
-1.337221855056027e-09
-1.252015875643455e-09
-1.172190997861174e-09
-1.097411094734019e-09
-1.027359036767512e-09
-9.617399385815126e-10
-9.002792611586628e-10
-8.427073564346036e-10
-7.887852047861618e-10
-7.382840723133907e-10
-6.909899025597442e-10
-6.466977698952127e-10
-6.052250382622144e-10
-5.66388681900273e-10
-5.300195834369394e-10
-4.959638665504836e-10
-4.640792869764462e-10
-4.342245029409705e-10
-4.062803631691965e-10
-3.801226784421662e-10
-3.55635295223776e-10
-3.327161258809413e-10
-3.112640281235183e-10
-2.911867746298079e-10
-2.723947679206758e-10
-2.548083823891711e-10
-2.383455630434195e-10
-2.2293600806423e-10
-2.085110870002377e-10
-1.950150487861723e-10
-1.823832706550386e-10
-1.705625747630727e-10
-1.594993162382171e-10
-1.491445920382862e-10
-1.394584695168361e-10
-1.303988092178084e-10
-1.219291221199051e-10
-1.14005364152868e-10
-1.065970471043908e-10
-9.966380188746229e-11
-9.318119480361603e-11
-8.711935847248209e-11
-8.14484724766047e-11
-7.614718316696753e-11
-7.118516162654754e-11
-6.654310503624363e-11
-6.220207622160242e-11
-5.813880606285927e-11
-5.434155011120842e-11
-5.078695871342022e-11
-4.745816387392968e-11
-4.434612151550328e-11
-4.143239202331389e-11
-3.871081545004455e-11
-3.617104722654874e-11
-3.380036698917584e-11
-3.158739820304572e-11
-2.952266381008336e-11
-2.759134572562464e-11
-2.578648678581695e-11
-2.409744699954138e-11
-2.25192603676062e-11
-2.104067696062747e-11
-1.965760413394762e-11
-1.83682485548232e-11
-1.716166746153323e-11
-1.603041820040067e-11
-1.496541851305902e-11
-1.397244864836173e-11
-1.304577776704454e-11
-1.218270220046654e-11
-1.137096158696129e-11
-1.0617203812592e-11
-9.912078102973529e-12
-9.258514748507546e-12
-8.648316857011239e-12
-8.079958036523155e-12
-7.555139728933718e-12
-7.0626320385582e-12
-6.601643017402333e-12
-6.167641089326121e-12
-5.761295247334474e-12
-5.378756436862449e-12
-5.021959204462597e-12
-4.69022629259256e-12
-4.37086640002935e-12
-4.079375411070105e-12
-3.801729883387558e-12
-3.549230586376697e-12
-3.30541113185686e-12
-3.078376925336721e-12
-2.869705012486026e-12
-2.677273753422561e-12
-2.501665502088528e-12
-2.338164366287002e-12
-2.189248977710835e-12
-2.052194850715253e-12
-1.925403074073512e-12
-1.803650030990027e-12
-1.685781115696616e-12
-1.574840136496488e-12
-1.468694803215502e-12
-1.365649582924679e-12
-1.268164137525448e-12
-1.176871795915476e-12
-1.089434174695461e-12
-1.011498285858585e-12
-9.406054889843071e-13
-8.759608947518214e-13
-8.211156686089903e-13
-7.696528775993e-13
-7.210332949766099e-13
-6.755022136162621e-13
-6.327366645478881e-13
-5.957208454747466e-13
-5.594705554262859e-13
-5.213826326646423e-13
-4.895838133564898e-13
-4.556585977383761e-13
-4.230520382311671e-13
-3.913030103808088e-13
-3.677577798390158e-13
-3.443442432490616e-13
-3.184680949314147e-13
-2.929088720155503e-13
-2.676110235327324e-13
-2.467620216429511e-13
-2.262688918511041e-13
-2.09722702397512e-13
-1.979095835311155e-13
-1.84230750570483e-13
-1.740631718384358e-13
-1.650341537683608e-13
-1.606453977450091e-13
-1.571794548911501e-13
-1.535811398490025e-13
-1.443466806789758e-13
-1.348232590979538e-13
-1.222256073856549e-13
-1.105862231255983e-13
-9.641583926010855e-14
-8.161704799067342e-14
-7.10585106073739e-14
-6.320253338681178e-14
-6.043352846763254e-14
-5.888676674024937e-14
-5.622631515387086e-14
-5.57918986764325e-14
-5.360184091029506e-14
-5.561009898983849e-14
-5.472451634554126e-14
-5.478092451764193e-14
-5.105524211837934e-14
-4.389659612219991e-14
-4.133669280376587e-14
-3.471548595535505e-14
-2.982674889895562e-14
-2.998601730305371e-14
-3.070773442785814e-14
-2.514104560866631e-14
-2.177411811631621e-14
-1.48866445382342e-14
-1.359607624017261e-14
-1.168679812962277e-14
-1.111785066145862e-14
-1.185227779129231e-14
-1.373140699376147e-14
-1.47719860933377e-14
-1.831486901511725e-14
-2.188827486972146e-14
-2.12844162797285e-14
-1.898790453007462e-14
-1.444675157658042e-14
-9.842842640829531e-15
-5.385255775319602e-15
-8.135980042086141e-15
-8.065653615673935e-15
-6.392392150823524e-15
-2.977486805685702e-16
3.248244041850602e-15
1.514033977971514e-15
-5.3903271860525e-16
-2.998204770971155e-15
-7.055570455833197e-15
-9.864110419993904e-15
-1.280244331333695e-14
-9.684369594000277e-15
-7.805277663467067e-15
-4.716141765125392e-15
-3.692216880126853e-15
-8.011025714409795e-16
-3.683147438061009e-15
-4.901165491788573e-15
-2.765939487360267e-15
-1.220772214231822e-15
3.282899269905084e-15
6.144622600142859e-15
8.185670555667654e-15
4.619658562776526e-15
2.386597666120081e-15
-4.27466009842212e-15
-7.629155414157031e-15
-8.043342811631614e-15
-8.345744659119473e-15
-7.624429321347334e-15
-1.03673316932086e-14
-9.499585526265126e-15
-6.171666496831992e-15
-1.577973930877819e-15
7.641220083663714e-15
1.44840061514616e-14
1.463405482861173e-14
1.259935155251524e-14
8.101404386816239e-15
3.309966408068158e-16
-6.148361386341453e-15
-1.085633338694628e-14
-1.135308814457341e-14
-1.203316576857984e-14
-9.194028563603993e-15
-4.764224666997756e-15
-1.336956174724268e-15
5.348074200070394e-15
8.673942165191764e-15
8.244172719439392e-15
5.30811179303332e-15
1.985876667409238e-15
-1.935616267580571e-16
-2.970579177860361e-15
-3.747313240256119e-15
-3.212208354943992e-15
-2.649369255481236e-15
-1.058373343228197e-15
1.80637972103792e-15
4.54481322433652e-15
5.2685867137396e-15
2.541320012302637e-15
