7.639416603600274e-12
5.134017954821121e-12
3.383581757105558e-12
2.125150725007111e-12
1.17477939654796e-12
3.993537316217456e-13
-3.021670979381677e-13
-1.013560384059357e-12
-1.81189657448229e-12
-2.777943373014326e-12
-4.00257252505859e-12
-5.59468945640252e-12
-7.691109855602741e-12
-1.04655349861758e-11
-1.413960128731951e-11
-1.899956776942662e-11
-2.541407884007084e-11
-3.38552205106457e-11
-4.492797662651637e-11
-5.940589151796958e-11
-7.827521552711968e-11
-1.027852244317944e-10
-1.345212822602563e-10
-1.754828172174759e-10
-2.281859158430713e-10
-2.95787560749438e-10
-3.822385714493644e-10
-4.924675545460738e-10
-6.326072989513888e-10
-8.102698309332626e-10
-1.034878058135882e-09
-1.318065831959444e-09
-1.674163544246106e-09
-2.12078057750565e-09
-2.679502448157052e-09
-3.376730712649776e-09
-4.244683667996142e-09
-5.322587369727434e-09
-6.658105855809031e-09
-8.309019914518839e-09
-1.034523728231754e-08
-1.285115895825388e-08
-1.592847402350258e-08
-1.969945560201805e-08
-2.431082934596038e-08
-2.993830593668352e-08
-3.67918909475503e-08
-4.512207112962066e-08
-5.522701174286652e-08
-6.746091081442542e-08
-8.224366162604014e-08
-1.000719944307463e-07
-1.215323159514567e-07
-1.473155327595009e-07
-1.782341011434492e-07
-2.152415849520261e-07
-2.594550444541569e-07
-3.12180610924373e-07
-3.749426471395266e-07
-4.495169373892307e-07
-5.379683862433929e-07
-6.426937633546794e-07
-7.664700815762468e-07
-9.125092470228489e-07
-1.08451968812968e-06
-1.286775732060752e-06
-1.524195561989519e-06
-1.802428672192111e-06
-2.127953803551497e-06
-2.508188438477694e-06
-2.951611011940298e-06
-3.467897090971065e-06
-4.068070879419368e-06
-4.764673495002367e-06
-5.571949581659291e-06
-6.506053935574088e-06
-7.585279929688144e-06
-8.830311623566285e-06
-1.026450156107525e-05
-1.191417639404661e-05
-1.380897262597272e-05
-1.598220486231518e-05
-1.847126909635608e-05
-2.131808367029431e-05
-2.456957068168066e-05
-2.827818070840188e-05
-3.250246385735311e-05
-3.730769020000595e-05
-4.27665227939827e-05
-4.895974651465083e-05
-5.597705598650085e-05
-6.391790594114403e-05
-7.289242729157625e-05
-8.302241219893343e-05
-9.444237130440283e-05
-0.0001073006661761927
-0.0001217607198183587
-0.0001380023078301525
-0.0001562229324751853
-0.0001766392814837393
-0.0001994887729103799
-0.0002250311871029793
-0.0002535503913587164
-0.0002853561740067935
-0.0003207861836149182
-0.0003602079713344429
-0.0004040211378029851
-0.0004526595859200517
-0.0005065938804604955
-0.0005663337150283555
-0.0006324304864363979
-0.0007054799760197285
-0.0007861251368721314
-0.0008750589853483779
-0.0009730275945277183
-0.001080833186608557
-0.001199337320416128
-0.001329464169387442
-0.001472203884483052
-0.001628616035529764
-0.001799833123455555
-0.001987064154790951
-0.002191598268639583
-0.002414808405069171
-0.00265815500256212
-0.002923189710774815
-0.003211559103833039
-0.003525008384001108
-0.003865385077045125
-0.004234642692882564
-0.004634844327870701
-0.005068166188313258
-0.005536901013638709
-0.006043461376155728
-0.006590382832691348
-0.007180326901762036
-0.007816083838197129
-0.008500575175418116
-0.009236856004588782
-0.0100281169695392
-0.01087768605383469
-0.01178903017010479
-0.0127657564156739
-0.01381161286585067
-0.0149304889259691
-0.0161264152784725
-0.0174035634101539
-0.01876624465939685
-0.02021890875588737
-0.02176614181996541
-0.02341266380948278
-0.02516332539161988
-0.02702310420294078
-0.0289971004896762
-0.03109053209132361
-0.03330872875806211
-0.03565712578518983
-0.03814125693470366
-0.04076674664936607
-0.04353930152675819
-0.04646470105569045
-0.04954878760901262
-0.05279745567151208
-0.05621664032543969
-0.05981230496925165
-0.06359042828846091
-0.06755699048723729
-0.07171795877083295
-0.07607927212210912
-0.08064682535856089
-0.08542645250853181
-0.09042390953247771
-0.0956448563932888
-0.1010948385435385
-0.1067792678271475
-0.1127034028540841
-0.1188723288918796
-0.1252909372933827
-0.1319639045546195
-0.1388956710103582
-0.1460904192460262
-0.1535520522867792
-0.1612841715954416
-0.169290054995321
-0.1775726345344548
-0.1861344743902857
-0.1949777488897875
-0.2041042206828851
-0.2135152192020547
-0.2232116194293874
-0.2331938210849797
-0.243461728320214
-0.2540147299553351
-0.2648516804070732
-0.2759708813239693
-0.2873700640485308
-0.2990463729905372
-0.3109963499473736
-0.3232159195239697
-0.3357003756570807
-0.3484443693581512
-0.3614418977512102
-0.374686294431693
-0.3881702212981107
-0.4018856618395446
-0.4158239159811161
-0.4299755965477871
-0.444330627350751
-0.4588782430333754
-0.473606990634799
-0.4885047329573043
-0.5035586537749286
-0.5187552648577418
-0.5340804149281237
-0.5495193004748737
-0.5650564784881152
-0.5806758811233695
-0.5963608322328394
-0.6120940658479581
-0.6278577465089299
-0.6436334914824372
-0.6594023948445045
-0.6751450533266046
-0.6908415939771715
-0.7064717035007183
-0.7220146592865541
-0.7374493620722736
-0.7527543701077319
-0.7679079348448993
-0.7828880379815063
-0.7976724298369317
-0.8122386689763332
-0.8265641629279699
-0.8406262100003643
-0.8544020419964073
-0.8678688677759472
-0.8810039175604398
-0.8937844878055516
-0.9061879866273705
-0.9181919795647697
-0.9297742356119364
-0.9409127734017426
-0.9515859073645307
-0.9617722938516937
-0.9714509769842132
-0.9806014341157302
-0.9892036207886425
-0.9972380150801741
-1.004685661422335
-1.011528213534257
-1.017747975995233
-1.02332794437278
-1.028251844689495
-1.032504173655842
-1.036070237692733
-1.038936186801425
-1.041089043241884
-1.042516730107383
-1.043208104788941
-1.043152992191028
-1.042342212395929
-1.040767602612129
-1.038422037218546
-1.035299447737037
-1.031394841140608
-1.02670431552725
-1.021225073085545
-1.014955430679403
-1.007894828237165
-1.000043834750641
-0.9914041518384586
-0.9819786148659769
-0.9717711916168505
-0.9607869786009687
-0.9490321949389257
-0.9365141738711729
-0.9232413519191879
-0.9092232557016198
-0.8944704865016893
-0.8789947025774968
-0.8628085992982001
-0.8459258871639832
-0.8283612677424637
-0.8101304076348692
-0.7912499105034051
-0.7717372872706263
-0.7516109245726673
-0.7308900515213657
-0.7095947048992712
-0.6877456928510607
-0.6653645571985558
-0.6424735344782616
-0.6190955157767881
-0.5952540054955042
-0.570973079126497
-0.5462773401694199
-0.5211918762976583
-0.4957422148664047
-0.4699542778964324
-0.4438543366211556
-0.4174689657191044
-0.3908249973414589
-0.3639494750348926
-0.3368696076856104
-0.3096127235720563
-0.2822062246367537
-0.254677541080041
-0.2270540863729225
-0.1993632127988156
-0.1716321676047935
-0.143888049857009
-0.1161577680887926
-0.08846799882461985
-0.06084514606634868
-0.03331530181384119
-0.005904207695644764
0.0213627822223754
0.04846073738645467
0.07536518540110519
0.1020521453155222
0.1284981594984375
0.1546803240548825
0.1805763177404263
0.2061644293392359
0.2314235834686649
0.2563333647834369
0.2808740405554732
0.3050265816063916
0.3287726815853636
0.3520947745739795
0.3749760510136412
0.397400471953427
0.4193527816175605
0.4408185183117795
0.4617840236670663
0.4822364502366553
0.5021637674641106
0.5215547660391799
0.540399060678739
0.5586870913491525
0.5764101229697246
0.5935602436318353
0.6101303613595982
0.6261141994596454
0.6415062904931049
0.6563019689267207
0.6704973625100609
0.6840893824143189
0.6970757121927739
0.7094547956033422
0.7212258233565429
0.7323887188431258
0.7429441228855672
0.7528933775813813
0.7622385092819919
0.7709822107733637
0.7791278227157479
0.7866793143900582
0.7936412638208055
0.8000188373203212
0.8058177685217573
0.8110443369575742
0.8157053462280239
0.8198081018264918
0.8233603886637276
0.8263704483513273
0.8288469562968704
0.8307989986558143
0.8322360492042379
0.8331679461677644
0.8336048690647571
0.8335573156093891
0.833036078704022
0.8320522235675963
0.8306170650375729
0.8287421451022157
0.8264392107009471
0.8237201918123442
0.8205971798706199
0.8170824065345892
0.813188222845083
0.808927078799286
0.8043115033675724
0.7993540849946281
0.7940674525891355
0.7884642570172207
0.7825571531189383
0.7763587822717101
0.7698817555345253
0.7631386373681802
0.7561419299415797
0.7489040580340147
0.741437354541444
0.7337540466039448
0.7258662423496226
0.7177859182615076
0.7095249071697505
0.7010948868682781
0.692507369365585
0.6837736907576225
0.6749050017214828
0.6659122586257399
0.656806215248431
0.6475974151019236
0.6382961843522815
0.6289126253324732
0.6194566106396622
0.6099377777976364
0.6003655244761336
0.5907490042522917
0.5810971229061318
0.5714185352369333
0.5617216423842676
0.5520145896454689
0.5423052647689384
0.5326012967126733
0.5229100548519785
0.513238648613657
0.5035939275196083
0.4939824816262586
0.4844106423554147
0.474884483699204
0.4654098237693055
0.4559922266699648
0.4466370046834423
0.4373492207634028
0.428133691319031
0.4189949892616515
0.4099374472939416
0.4009651614307201
0.3920819947463035
0.3832915813321057
0.3745973304382098
0.3660024307801676
0.3575098550011669
0.3491223642841006
0.3408425130989924
0.3326726540636736
0.3246149429025517
0.3166713434929242
0.3088436329909188
0.3011334070249582
0.2935420849417353
0.2860709150952789
0.2787209801659153
0.2714932024982772
0.2643883494485747
0.2574070387329881
0.2505497437716757
0.2438167990156628
0.2372084052467313
0.2307246348427612
0.22436543700272
0.2181306429274651
0.2120199709461751
0.2060330315801056
0.2001693325382591
0.1944282836422585
0.1888092016788716
0.1833113151717315
0.177933769065984
0.1726756293222307
0.1675358874176422
0.1625134647524991
0.1576072169580706
0.1528159381040139
0.1481383648030074
0.1435731802095906
0.1391190179117679
0.1347744657139259
0.1305380693102724
0.1264083358480969
0.1223837373806983
0.1184627142111874
0.1146436781252046
0.110925015511437
0.1073050903704997
0.1037822472138769
0.100354813854975
0.09702110409157261
0.09377942027996053
0.09062805580195592
0.08756529742678784
0.08458942757021383
0.08169872645136038
0.07889147414861987
0.07616595255640006
0.07352044724480782
0.07095324922472723
0.06846265661964326
0.06604697624619661
0.06370452510557729
0.06143363178801921
0.05923263779289883
0.05709989876634063
0.05503378565855458
0.05303268580323261
0.05109500392138175
0.04921916305226547
0.04740360541340188
0.0456467931919179
0.0439472092695505
0.04230335788364748
0.04071376522666911
0.03917697998626923
0.03769157382822761
0.03625614182444992
0.0348693028284206
0.03352969980057268
0.03223600008540688
0.03098689564248366
0.0297811032333864
0.02861736456669725
0.02749444640316205
0.02641114062286442
0.02536626425628832
0.02435865948126728
0.02338719358759381
0.02245075891136729
0.02154827274057872
0.02067867719350701
0.01984093907170278
0.01903404968915261
0.0182570246794338
0.01750890378216316
0.01678875061009145
0.01609565239832971
0.01542871973700721
0.01478708628875459
0.01416990849222949
0.01357636525290632
0.01300565762223701
0.01245700846640699
0.01192966212575776
0.01142288406583646
0.01093596052107413
0.01046819813194629
0.01001892357660438
0.009587483197799554
0.009173242625847011
0.008775586398523145
0.008393917578526932
0.008027657369199201
0.007676244729184652
0.00733913598662872
0.007015804453563066
0.006705740040978455
0.006408448875081661
0.006123452915147874
0.005850289573483089
0.005588511337962088
0.00533768539754722
0.005097393271061909
0.004867230439540176
0.004646805982540341
0.004435742218648743
0.004233674350511427
0.004040250114569495
0.003855129435749782
0.003677984087274276
0.003508497355769806
0.003346363711808442
0.003191288486048979
0.003042987551130575
0.002901187009401335
0.002765622886507518
0.002636040831005608
0.002512195819996529
0.002393851870883167
0.002280781759255414
0.002172766742884474
0.002069596291896624
0.001971067825116664
0.001876986452542521
0.001787164724008364
0.001701422383886069
0.001619586131922369
0.001541489390039277
0.001466972075160455
0.001395880377991122
0.001328066547582126
0.001263388681780767
0.001201710523371177
0.001142901261875718
0.001086835340918929
0.001033392271127977
0.0009824564484155758
0.0009339169775721249
0.0008876675011129645
0.0008436060332133353
0.0008016347987106255
0.0007616600770458401
0.0007235920510311889
0.0006873446603943016
0.0006528354599218191
0.0006199854821844146
0.0005887191046584667
0.0005589639212064706
0.0005306506178131169
0.0005037128523919075
0.0004780871386938507
0.000453712734092498
0.000430531531226207
0.0004084879533655125
0.0003875288534117733
0.0003676034164198122
0.0003486630655888358
0.0003306613715388557
0.0003135539648969242
0.0002972984519725277
0.0002818543335559987
0.0002671829266417149
0.0002532472890698088
0.0002400121469346934
0.0002274438247102534
0.0002155101780356324
0.0002041805289913951
0.0001934256038644865
0.0001832174733021072
0.0001735294947665551
0.0001643362572160681
0.0001556135279534918
0.0001473382015481902
0.0001394882507728123
0.0001320426795164176
0.0001249814775282091
0.0001182855770244296
0.0001119368110001
0.0001059178732716576
0.0001002122801164516
9.480433350405521e-05
8.967908584643518e-05
8.482230616660475e-05
8.022044773165544e-05
7.586061699393605e-05
7.173054384936121e-05
6.781855316545765e-05
6.411353748340865e-05
6.060493091498846e-05
5.728268414586772e-05
5.413724049654354e-05
5.115951302861774e-05
4.834086265581467e-05
4.56730771851483e-05
4.314835127356049e-05
4.075926729502009e-05
3.849877701244621e-05
3.636018408480048e-05
3.433712733762403e-05
3.242356479339799e-05
3.061375840463689e-05
2.890225948114807e-05
2.728389477093184e-05
2.575375316184533e-05
2.43071730165016e-05
2.293973004628683e-05
2.164722577720691e-05
2.042567651633292e-05
1.927130284984694e-05
1.818051960230671e-05
1.714992629280796e-05
1.617629800938847e-05
1.525657673274595e-05
1.438786303874631e-05
1.356740822005463e-05
1.279260677348705e-05
1.206098922087733e-05
1.137021529427976e-05
1.071806744105844e-05
1.010244464837312e-05
9.521356537850656e-06
8.972917770307614e-06
8.455342720422855e-06
7.966940380838613e-06
7.506109537910188e-06
7.07133418594391e-06
6.661179151309934e-06
6.274285949563207e-06
5.909368810706792e-06
5.565210940401666e-06
5.240660953456059e-06
4.934629459627466e-06
4.646085859696915e-06
4.374055267955732e-06
4.117615613649101e-06
3.875894860580243e-06
3.648068393182693e-06
3.433356514089928e-06
3.231022087417294e-06
3.040368272607083e-06
2.86073640733287e-06
2.691503987930795e-06
2.532082725211379e-06
2.381916738542093e-06
2.240480819410426e-06
2.107278788030785e-06
1.981841938366878e-06
1.863727575323707e-06
1.752517596318913e-06
1.647817179373429e-06
1.549253505950134e-06
1.456474597434601e-06
1.369148149988933e-06
1.286960501653084e-06
1.209615586341428e-06
1.13683399655205e-06
1.068352056583938e-06
1.003920964122999e-06
9.433059839394085e-07
8.862856686594932e-07
8.326511259076961e-07
7.822053181670852e-07
7.347624206324509e-07
6.90147188186203e-07
6.481943746243855e-07
6.087481836913847e-07
5.716617249982549e-07
5.367965348637144e-07
5.040220950351932e-07
4.732153951489281e-07
4.442604981845451e-07
4.170481550629122e-07
3.914754341169664e-07
3.674453535656447e-07
3.44866548891353e-07
3.236529590900375e-07
3.037235166409332e-07
2.85001868933123e-07
2.674161165747978e-07
2.508985587996599e-07
2.353854317666263e-07
2.208167214350962e-07
2.071359205581126e-07
1.942898465593154e-07
1.822284332184473e-07
1.709045541453767e-07
1.602738694788488e-07
1.502946550826579e-07
1.409276451142368e-07
1.321358964754488e-07
1.238846545363655e-07
1.16141226837343e-07
1.088748634140344e-07
1.020566486364575e-07
9.56593744396816e-08
8.965745867564772e-08
8.402685671058879e-08
7.874495596377934e-08
7.37904984389195e-08
6.914349070030444e-08
6.478514708243849e-08
6.069781036841732e-08
5.686488024934444e-08
5.327076396487411e-08
4.990079519934401e-08
4.674120500554715e-08
4.377904647042254e-08
4.100216759412167e-08
3.839915011814332e-08
3.595925186129134e-08
3.367240472455972e-08
3.152913892552007e-08
2.952057552131644e-08
2.763835834044784e-08
2.587465613149871e-08
2.422210902999213e-08
2.267380091521183e-08
2.122325004309003e-08
1.986437688571358e-08
1.859146152996925e-08
1.739914054640113e-08
1.628238195341619e-08
1.523645687414113e-08
1.425692621251054e-08
1.333963007514024e-08
1.248066257562564e-08
1.167636201154389e-08
1.092329477481868e-08
1.021823884815939e-08
9.55817203913642e-09
8.940267595547773e-09
8.361857530081837e-09
7.820457797477041e-09
7.313723947723623e-09
6.839466328154089e-09
6.395625771080569e-09
5.980277207258635e-09
5.591613090122991e-09
5.227936434065768e-09
4.887662699463308e-09
4.569299860683062e-09
4.271456442266198e-09
3.992821867840674e-09
3.732175947842759e-09
3.488367308457277e-09
3.260324081369498e-09
3.047033301806279e-09
2.847553154189181e-09
2.661001719456445e-09
2.486547102849173e-09
2.323417613538965e-09
2.170885445303944e-09
2.028268060497057e-09
1.894926636817848e-09
1.770267811810756e-09
1.653729941626648e-09
1.544791630334528e-09
1.442960308800435e-09
1.347776133311742e-09
1.258816029540521e-09
1.175674097188031e-09
1.097975378262648e-09
1.025364528305757e-09
9.575087335942564e-10
8.941053764757454e-10
8.348558573590637e-10
7.794965866635081e-10
7.277686899721351e-10
6.794408667031252e-10
6.342953416139318e-10
5.921249332056274e-10
5.527353612008918e-10
5.15946837029199e-10
4.815857537921672e-10
4.495002873003018e-10
4.19528713201443e-10
3.915447624564474e-10
3.654062911601169e-10
3.410015893747637e-10
3.182082284502399e-10
2.969269967142573e-10
2.770504990193147e-10
2.585003109250737e-10
2.411813253112582e-10
2.250132261288268e-10
2.099163050711757e-10
1.958249596203595e-10
1.826732696566664e-10
1.703957428837652e-10
1.589350926223066e-10
1.482419781458324e-10
1.382610202841224e-10
1.289516969820035e-10
1.202677381999594e-10
1.121657314007146e-10
1.046042703196351e-10
9.75458787158442e-11
9.096272700426677e-11
8.482034615283362e-11
7.908810988666962e-11
7.373584471726441e-11
6.874032454090562e-11
6.407801013673399e-11
5.973571147949489e-11
5.568539065019005e-11
5.190721764150749e-11
4.8388271204726e-11
4.510384675575473e-11
4.204255321944133e-11
3.918817129147649e-11
3.652582976409955e-11
3.404155743328652e-11
3.17271640545123e-11
2.956514977706782e-11
2.754803246474555e-11
2.566647717464922e-11
2.391525170207893e-11
2.228565389070067e-11
2.076929891141097e-11
1.935234597688661e-11
1.80328807728619e-11
1.680293382734449e-11
1.565579376131552e-11
1.458336446765165e-11
1.357930276929358e-11
1.264311660288152e-11
1.177464813603815e-11
1.096747547076346e-11
1.021640385062846e-11
9.517774128950309e-12
8.865130289809207e-12
8.257504765079552e-12
7.693063689418375e-12
7.168198765151203e-12
6.670209930932158e-12
6.212915665921517e-12
5.783646982286447e-12
5.382529401806184e-12
5.008714527029336e-12
4.664482883410919e-12
4.349115598991554e-12
4.051558474841509e-12
3.776444580206371e-12
3.517641119566889e-12
3.279198808258321e-12
3.050334978815512e-12
2.833769743332722e-12
2.632380043811081e-12
2.445135652467323e-12
2.276327654067929e-12
2.111883627808808e-12
1.958672192875326e-12
1.819445107811141e-12
1.695149857854411e-12
1.581500729153413e-12
1.478991697437815e-12
1.38714698143915e-12
1.305777561132301e-12
1.228166312671778e-12
1.146104768018433e-12
1.064019598954295e-12
9.82713294868987e-13
9.002350691179748e-13
8.265647447382026e-13
7.572532294642744e-13
6.952342543208752e-13
6.432451408560075e-13
5.942111039676232e-13
5.564342397385888e-13
5.233569067715116e-13
4.956149906786234e-13
4.743474110445914e-13
4.518570810624388e-13
4.297293251864829e-13
4.028921605715047e-13
3.746644587655079e-13
3.477444155143927e-13
3.199884874092278e-13
2.958620447305013e-13
2.671752114810336e-13
2.358631374766834e-13
2.093063352792007e-13
1.853883641664949e-13
1.66209242955315e-13
1.530596526714771e-13
1.445476454000752e-13
1.413767565960836e-13
1.408874006947968e-13
1.447437023071685e-13
1.430275885965637e-13
1.430265048371197e-13
1.3628465091637e-13
1.265604945600559e-13
1.138683968265572e-13
9.830630533970912e-14
8.414374302894492e-14
7.331740541521299e-14
6.492115886080132e-14
5.786764766797607e-14
5.240583366096187e-14
4.435502941921866e-14
3.580183106866336e-14
3.448792748693363e-14
2.824270888156995e-14
2.705302381899377e-14
2.500160014512138e-14
2.964710480761644e-14
3.836093715665755e-14
4.534137480999574e-14
5.449292565329344e-14
6.266367495790167e-14
5.842676872991397e-14
4.901463673154628e-14
3.468941504984368e-14
1.895841206976719e-14
4.12880468821099e-15
-3.881440466111136e-15
-7.124956449222093e-15
-8.082232459253901e-15
-7.552186701384493e-15
-5.53708821497025e-15
-3.111614186002289e-15
3.41969291791931e-15
1.087896353925311e-14
1.95095210912243e-14
2.584458669995751e-14
2.859503354713686e-14
2.987552130413644e-14
3.179970646157645e-14
2.81197792520241e-14
1.774060925543609e-14
9.265879473088442e-15
2.894854894525362e-15
-5.494371871100731e-15
-1.131953078651104e-14
-1.938157723263047e-14
-2.445784042921684e-14
-2.271087572406664e-14
-1.397433098153058e-14
-5.082677134580058e-17
1.238800756365149e-14
2.002741557218669e-14
1.972269505735151e-14
1.917388811922152e-14
1.553561324304242e-14
1.077838789892317e-14
8.194220951733604e-15
4.980502060903553e-15
-3.884168273562292e-17
2.042453449629151e-16
-1.323679301270208e-15
-2.116691611165427e-15
-2.435674726659822e-15
2.453435670102579e-15
-1.133876488880596e-15
-5.546734251825928e-15
-1.177974188498663e-14
-1.284663838714187e-14
-1.426303588389714e-14
-7.860804565827219e-15
-7.739547102932045e-16
3.889182625928886e-15
6.001862923947628e-15
1.093129847864164e-14
1.454744420891022e-14
1.641667687339545e-14
1.971200479382963e-14
1.835584568092638e-14
1.253293278714189e-14
4.111194465333348e-15
-2.530123986811464e-15
-1.18055698355628e-14
-1.748743731917087e-14
-2.573907424065603e-14
-2.712859479189238e-14
-2.518554205946423e-14
-1.555169821322588e-14
-5.944665690566533e-15
4.748872398076811e-15
1.507017140722668e-14
2.294480673738976e-14
2.6601275944769e-14
2.84113513216794e-14
2.328330755727246e-14
1.738110409040798e-14
5.405645923413682e-15
-2.380136212564675e-15
-9.167339822234484e-15
-1.914849640437264e-14
-2.259733151523633e-14
-2.660177670149703e-14
-2.554037931238543e-14
-1.7234408120946e-14
-9.452132365042705e-15
2.176258745182644e-15
7.403490717126885e-15
1.289769571619029e-14
1.756158487689587e-14
2.341286900768158e-14
2.390320900313313e-14
1.670247891249333e-14
8.150048288408618e-15
-1.242958995241427e-15
-3.281017881652974e-15
-6.636224641319056e-15
-8.644028098785027e-15
-1.247897464644981e-14
-1.26398286966318e-14
-1.272504564966205e-14
-9.513202328377994e-15
-5.886385625501009e-15
-4.92818649780249e-15
-4.190270112127277e-15
-6.397092024788416e-17
4.231802156505231e-15
4.204314022625525e-15
6.674761666580943e-15
1.079676425059708e-14
1.749447854828798e-14
2.042112029418876e-14
1.51155481813936e-14
1.13383408171869e-14
3.334949407825219e-15
-7.70882561243742e-15
-1.954068019772659e-14
