1.355013187698638e-12
8.581652818470576e-13
5.47208391890236e-13
3.510925032304278e-13
2.274303578389014e-13
1.488318991767626e-13
9.885888481709851e-14
6.725739883786423e-14
4.72252592010055e-14
3.496443568024154e-14
2.778271341330881e-14
2.466052998062437e-14
2.410625222877029e-14
2.63859348246904e-14
3.079293489261717e-14
3.813013772357474e-14
4.919569733063929e-14
6.494310334410654e-14
8.747538263003305e-14
1.184952986260869e-13
1.620044983058802e-13
2.218171016787771e-13
3.041087440175906e-13
4.175538897537001e-13
5.712422362255606e-13
7.798881373085775e-13
1.063262766644566e-12
1.444450789245429e-12
1.954965301980265e-12
2.63587432819415e-12
3.541570001091854e-12
4.740767449251092e-12
6.322075905012151e-12
8.400014522775404e-12
1.112071843189664e-11
1.467324967710688e-11
1.929571379690396e-11
2.52906606982818e-11
3.304602670926671e-11
4.304832119145569e-11
5.591438270116357e-11
7.241946669773788e-11
9.353646716335556e-11
1.20484209961469e-10
1.547843952989877e-10
1.983337774878149e-10
2.534886712132175e-10
3.23170713633967e-10
4.109934281212244e-10
5.214146870397561e-10
6.599224487416581e-10
8.332543566961768e-10
1.049663840645877e-09
1.319240239395167e-09
1.654282464471479e-09
2.069756028519994e-09
2.583833508143417e-09
3.218519417171691e-09
4.000419223769528e-09
4.961617927573377e-09
6.140736957230447e-09
7.584163880921931e-09
9.347499789173044e-09
1.149725710597346e-08
1.411283918995581e-08
1.728885133008076e-08
2.113779265621568e-08
2.579318129038407e-08
3.14131792101743e-08
3.818479089203905e-08
4.632871104394616e-08
5.610491858251817e-08
6.781911152653944e-08
8.18301125230739e-08
9.855835036718606e-08
1.184955842556142e-07
1.422160213690657e-07
1.703889910593807e-07
2.037934026403255e-07
2.433341827693421e-07
2.900609359233593e-07
3.45189108137123e-07
4.101239352958067e-07
4.864875089153747e-07
5.761493100329509e-07
6.81260598215377e-07
8.042930939044598e-07
9.480824020359818e-07
1.115876691498466e-06
1.311391179105209e-06
1.538869012121112e-06
1.803149181478784e-06
2.109742172232529e-06
2.464914081907464e-06
2.87578000746562e-06
3.350407541895723e-06
3.897931291628673e-06
4.528679362740977e-06
5.254312826535529e-06
6.08797921701298e-06
7.044481171384315e-06
8.140461371371299e-06
9.39460516840604e-06
1.082786280540253e-05
1.246369247205753e-05
1.432832560440495e-05
1.645105602655115e-05
1.886455460582143e-05
2.160521118291812e-05
2.471350558690876e-05
2.823440962551742e-05
3.221782200196598e-05
3.671903815987987e-05
4.179925712463742e-05
4.752612744984939e-05
5.397433441783124e-05
6.122623068336935e-05
6.93725125607645e-05
7.85129441785832e-05
8.875713172660382e-05
0.0001002253499837179
0.0001130494233242601
0.0001273736633149943
0.0001433558649695506
0.0001611683636330343
0.0001809991543571848
0.0002030530755199388
0.0002275530586593754
0.0002547414472162434
0.0002848813850725647
0.0003182582758017266
0.000355181313569145
0.0003959850863838571
0.000441031252067161
0.0004907102869969505
0.0005454433072468039
0.0006056839613442116
0.0006719203933655672
0.000744677274641374
0.0008245179026996032
0.0009120463737275044
0.001007909829841854
0.001112800769960461
0.001227459412178019
0.001352676107321222
0.001489293804577008
0.001638210565457712
0.001800382117623896
0.001976824442259724
0.002168616387456991
0.002376902301374279
0.002602894677263546
0.002847876800285167
0.003113205388126734
0.003400313213674545
0.003710711700017068
0.004045993476504811
0.00440783488225689
0.00479799840659838
0.005218335050752825
0.005670786598241695
0.006157387779658374
0.006680268314748014
0.007241654819198793
0.007843872556978541
0.008489347023587866
0.009180605343601373
0.009920277462646739
0.01071109712028149
0.01155590258197243
0.01245763711477475
0.01341934918913076
0.01444419238545388
0.01553542499297276
0.01669640927769205
0.01793061040495861
0.01924159499984588
0.02063302932453103
0.02210867706357472
0.02367239669439611
0.02532813843170013
0.02707994073219539
0.0289319263412031
0.03088829787784015
0.03295333293882479
0.03513137871609549
0.03742684612027081
0.03984420339591985
0.04238796923357905
0.04506270536365499
0.04787300863635354
0.05082350258773879
0.0539188284845953
0.05716363586427637
0.06056257256132699
0.06412027423573356
0.06784135341280913
0.07173038803621416
0.07579190956396066
0.08003039060680918
0.08445023213562386
0.08905575027874545
0.09385116272095423
0.09884057474904875
0.1040279649511658
0.1094171706089129
0.1150118728146259
0.1208155813343559
0.1268316192752973
0.1330631075725665
0.1395129493472682
0.1461838141784436
0.1530781223167326
0.1601980289111386
0.1675454082691346
0.1751218382128039
0.1829285845813603
0.1909665859115769
0.1992364383754567
0.2077383809989325
0.2164722812334783
0.2254376209354654
0.2346334827838248
0.2440585372201401
0.253711029933412
0.2635887699644556
0.2736891184842871
0.2840089782732821
0.2945447839867667
0.3052924932216332
0.316247578454443
0.3274050198996057
0.3387592993079629
0.3503043947898282
0.3620337766631558
0.3739404043881964
0.3860167246263663
0.398254670430498
0.4106456616404988
0.4231806064690183
0.4358499043250632
0.4486434498983477
0.4615506384978491
0.4745603727124106
0.4876610703501791
0.5008406736694361
0.5140866599042916
0.5273860530941744
0.5407254373210739
0.5540909712255617
0.5674684035941989
0.5808430900009208
0.5942000109730756
0.6075237925700249
0.6207987283513173
0.6340088004195277
0.6471376993496871
0.6601688459818823
0.6730854183213586
0.6858703806188242
0.6985065112609975
0.7109764291542227
0.7232626209609183
0.7353474704468533
0.7472132889161435
0.7588423460405999
0.7702169009674861
0.7813192338791527
0.7921316780910087
0.8026366524896109
0.8128166942092218
0.8226544914659688
0.8321329164638666
0.8412350583562223
0.8499442561211979
0.8582441312927149
0.8661186204656904
0.873552007465795
0.8805289551539737
0.8870345367350653
0.8930542665195148
0.8985741300605454
0.9035806135584998
0.9080607325024053
0.9120020594312803
0.9153927507782316
0.9182215727289182
0.9204779259912754
0.9221518694510092
0.9232341426148785
0.9237161868204175
0.9235901651585866
0.9228489810218656
0.9214862952662881
0.9194965419086761
0.9168749423500446
0.9136175180902583
0.9097211018743276
0.9051833472820445
0.9000027366988288
0.8941785876690476
0.8877110576175858
0.8806011469117302
0.8728507002967015
0.8644624066641552
0.8554397971682952
0.8457872416976319
0.835509943704119
0.824613933445453
0.8131060596200529
0.8009939794273849
0.788286147081361
0.774991800797749
0.7611209483199582
0.7466843509942119
0.7316935064538778
0.7161606299579044
0.7000986344128114
0.6835211091502217
0.6664422974940689
0.6488770731879722
0.6308409157419242
0.6123498847489934
0.5934205932562162
0.5740701802339534
0.5543162822189929
0.5341770041996253
0.5136708898040968
0.492816890879516
0.4716343365151821
0.4501429015872174
0.4283625748968138
0.4063136269713396
0.3840165776148595
0.3614921632645667
0.3387613042275689
0.3158450718690428
0.2927646558191254
0.2695413312762652
0.2461964264665315
0.2227512903303823
0.1992272605010215
0.175645631632823
0.1520276241455019
0.128394353441141
0.1047667996557271
0.08116577799969774
0.05761190973782546
0.03412559386145668
0.01072697950016414
-0.01256406087989364
-0.03572795744841416
-0.05874546811371424
-0.08159770271796349
-0.1042661462893917
-0.1267326813195464
-0.1489796090366416
-0.1709896696470504
-0.1927460615231859
-0.2142324593147154
-0.235433030967337
-0.2563324536347273
-0.2769159284683502
-0.2971691942789812
-0.3170785400594945
-0.3366308163668001
-0.3558134455617586
-0.3746144309058632
-0.3930223645243112
-0.4110264342364633
-0.4286164292673672
-0.4457827448519161
-0.4625163857377722
-0.4788089686039602
-0.4946527234101777
-0.5100404937062515
-0.5249657359240311
-0.5394225176658785
-0.553405515018334
-0.5669100089123593
-0.5799318805610888
-0.5924676060045453
-0.6045142497909513
-0.6160694578390715
-0.6271314495015027
-0.6376990088576685
-0.6477714752704445
-0.6573487332462179
-0.6664312016495287
-0.6750198222943327
-0.683116047946393
-0.6907218297735537
-0.6978396042799482
-0.7044722797707645
-0.7106232223756846
-0.7162962416704813
-0.7214955759338249
-0.7262258770739615
-0.730492195272251
-0.7342999633692383
-0.7376549810307
-0.7405633987286371
-0.7430317015676255
-0.7450666929963669
-0.7466754784320363
-0.7478654488386093
-0.7486442642905955
-0.7490198375426385
-0.749000317637726
-0.7485940735788305
-0.7478096780968239
-0.7466558915412389
-0.7451416459162206
-0.7432760290937389
-0.7410682692199083
-0.7385277193425248
-0.7356638422802153
-0.7324861957436604
-0.7290044177255199
-0.7252282121799599
-0.7211673350253432
-0.7168315804849946
-0.7122307677610087
-0.707374728047375
-0.7022732919016152
-0.696936277004135
-0.6913734763142473
-0.6855946466132499
-0.6796094974352357
-0.6734276803995504
-0.6670587789679162
-0.660512298630182
-0.6537976575038495
-0.6469241773429708
-0.6399010749655574
-0.632737454115991
-0.6254422977617338
-0.6180244608086878
-0.6104926632295893
-0.6028554836066787
-0.595121353094291
-0.5872985497972486
-0.5793951935545857
-0.5714192411268521
-0.5633784817766796
-0.5552805332352675
-0.5471328380481395
-0.5389426602957412
-0.53071708268852
-0.5224630040202375
-0.5141871369675725
-0.5058960062272648
-0.497595946985215
-0.4892931037146973
-0.4809934292864972
-0.4727026843760072
-0.4644264371575844
-0.4561700632818192
-0.4479387461333592
-0.4397374773499916
-0.4315710575875561
-0.4234440975204524
-0.4153610190698852
-0.4073260568530228
-0.3993432598390595
-0.3914164932035281
-0.3835494403700393
-0.3757456052260412
-0.3680083145027057
-0.3603407203081704
-0.3527458028047117
-0.3452263730200271
-0.3377850757840155
-0.3304243927856076
-0.3231466457351648
-0.315953999620001
-0.3088484660442574
-0.3018319066477924
-0.2949060365994722
-0.2880724281521863
-0.2813325142492257
-0.2746875921743874
-0.2681388272402411
-0.2616872565099151
-0.2553337925424242
-0.2490792271537574
-0.2429242351873125
-0.2368693782880597
-0.2309151086762415
-0.2250617729129686
-0.2193096156519024
-0.2136587833718228
-0.2081093280853937
-0.2026612110205857
-0.1973143062690945
-0.1920684043974717
-0.1869232160171176
-0.1818783753097412
-0.1769334435060689
-0.1720879123132625
-0.1673412072879515
-0.1626926911520966
-0.1581416670492509
-0.1536873817395247
-0.1493290287305141
-0.1450657513421278
-0.1408966457037231
-0.1368207636824835
-0.1328371157427819
-0.1289446737342494
-0.1251423736075425
-0.121429118056926
-0.1178037790891906
-0.1142652005188276
-0.1108122003887033
-0.1074435733159068
-0.1041580927627764
-0.1009545132335173
-0.09783157239723561
-0.09478799313697803
-0.09182248552474055
-0.08893374872304957
-0.08612047281433942
-0.08338134055951597
-0.08071502908579314
-0.07812021150433375
-0.07559555845873227
-0.07313973960542589
-0.07075142502735801
-0.06842928658184615
-0.06617199918382309
-0.06397824202572652
-0.06184669973546419
-0.05977606347408615
-0.0577650319741149
-0.05581231251990318
-0.05391662187138106
-0.05207668713266992
-0.05029124656712072
-0.04855905036012802
-0.04687886133130872
-0.04524945559746296
-0.0436696231877784
-0.04213816861275532
-0.04065391138839215
-0.03921568651732637
-0.03782234492841409
-0.03647275387584557
-0.03516579729913084
-0.03390037614556694
-0.03267540865699033
-0.03148983062219222
-0.03034259559601868
-0.0292326750864726
-0.02815905871129397
-0.02712075432553367
-0.02611678812140775
-0.02514620470160009
-0.02420806712743049
-0.02330145694291912
-0.02242547417592343
-0.02157923731747882
-0.02076188328065575
-0.0199725673401494
-0.01921046305355491
-0.0184747621653167
-0.01776467449438165
-0.01707942780665085
-0.01641826767328166
-0.01578045731563259
-0.0151652774377381
-0.01457202604713839
-0.01400001826504623
-0.01344858612678339
-0.01291707837315501
-0.01240486023339805
-0.01191131320050295
-0.01143583479961651
-0.01097783835031021
-0.0105367527232313
-0.01011202209184673
-0.00970310567977334
-0.009309477504332999
-0.008930626116885261
-0.008566054340388814
-0.008215279004817506
-0.007877830680796193
-0.007553253411904826
-0.007241104445997304
-0.006940953966037616
-0.006652384820781808
-0.006374992255760627
-0.006108383644787313
-0.005852178222427037
-0.005606006817601798
-0.005369511588671825
-0.00514234576018825
-0.00492417336164612
-0.004714668968414467
-0.004513517445132624
-0.004320413691616422
-0.004135062391574509
-0.003957177764269956
-0.003786483319313316
-0.003622711614697285
-0.003465604018189248
-0.003314910472163123
-0.003170389262014771
-0.003031806788261688
-0.002898937342378605
-0.002771562886497958
-0.00264947283697457
-0.002532463851896344
-0.00242033962257203
-0.00231291066901608
-0.00220999413947498
-0.002111413614039295
-0.002016998912319396
-0.001926585905214523
-0.001840016330751471
-0.001757137613982574
-0.001677802690951506
-0.001601869836705386
-0.001529202497372753
-0.001459669126227624
-0.001393143023742376
-0.0013295021815031
-0.001268629130091344
-0.001210410790819121
-0.001154738331293055
-0.001101507024751297
-0.001050616113081758
-0.001001968673550759
-0.0009554714891403447
-0.0009110349224821514
-0.0008685727932462225
-0.0008280022590289833
-0.0007892436995823745
-0.0007522206044372543
-0.000716859463748116
-0.0006830896623824449
-0.0006508433771304724
-0.0006200554770240087
-0.0005906634266349435
-0.0005626071923471718
-0.0005358291515401738
-0.0005102740045717974
-0.000485888689541256
-0.0004626222997539036
-0.0004404260038130887
-0.0004192529682824413
-0.00039905828285173
-0.000379798887968457
-0.0003614335048576344
-0.0003439225678272866
-0.0003272281588923852
-0.0003113139445685784
-0.0002961451148102861
-0.0002816883240343084
-0.0002679116342012418
-0.0002547844598247135
-0.0002422775149163833
-0.000230362761818007
-0.0002190133617847016
-0.000208203627388425
-0.0001979089765596669
-0.000188105888334168
-0.0001787718601533025
-0.0001698853667729614
-0.0001614258206149499
-0.000153373533615747
-0.0001457096804742534
-0.0001384162632709738
-0.00013147607740725
-0.000124872678832922
-0.0001185903524900634
-0.0001126140819811868
-0.0001069295203804345
-0.0001015229621647373
-9.6381316225191e-05
-9.149207993509844e-05
-8.684331422429731e-05
-8.242361960941321e-05
-7.822211319007676e-05
-7.422840652428056e-05
-7.043258443291627e-05
-6.682518457452789e-05
-6.339717790571921e-05
-6.013994987174739e-05
-5.704528239357232e-05
-5.410533655518086e-05
-5.131263603681011e-05
-4.866005118206802e-05
-4.614078371733722e-05
-4.37483520851596e-05
-4.147657744176431e-05
-3.931957024850179e-05
-3.727171741560121e-05
-3.532766991607998e-05
-3.348233089478601e-05
-3.173084432967925e-05
-3.006858419849169e-05
-2.849114409180732e-05
-2.699432726758835e-05
-2.557413712023375e-05
-2.422676803725317e-05
-2.294859670047539e-05
-2.173617371431454e-05
-2.058621562988117e-05
-1.949559728609347e-05
-1.846134451480381e-05
-1.748062714455033e-05
-1.655075231421148e-05
-1.566915808755952e-05
-1.483340734557009e-05
-1.404118195243296e-05
-1.329027716999569e-05
-1.257859633427796e-05
-1.190414576785371e-05
-1.126502990854623e-05
-1.065944665600429e-05
-1.008568296141023e-05
-9.542110571403902e-06
-9.027182008317555e-06
-8.53942669302803e-06
-8.077447260997702e-06
-7.639916069987463e-06
-7.225571820499599e-06
-6.83321638000915e-06
-6.461711705782338e-06
-6.109976952390415e-06
-5.77698570627725e-06
-5.461763320550668e-06
-5.163384398093109e-06
-4.880970382332002e-06
-4.613687275319946e-06
-4.360743443316725e-06
-4.121387542788697e-06
-3.894906522454987e-06
-3.680623746730363e-06
-3.477897197105951e-06
-3.286117748736253e-06
-3.104707545884185e-06
-2.933118425719767e-06
-2.770830468553111e-06
-2.617350561756767e-06
-2.472211077771303e-06
-2.33496858603102e-06
-2.205202647970888e-06
-2.08251464848295e-06
-1.966526714266146e-06
-1.856880633364989e-06
-1.753236893346239e-06
-1.655273716917352e-06
-1.562686163387597e-06
-1.475185281424513e-06
-1.39249727300808e-06
-1.314362741501646e-06
-1.240535949354132e-06
-1.170784107362217e-06
-1.104886721656909e-06
-1.042634962544487e-06
-9.838310599895097e-07
-9.282877279193623e-07
-8.758276393700503e-07
-8.262828927877548e-07
-7.794945300280641e-07
-7.353120820210738e-07
-6.935931054053709e-07
-6.542027813466966e-07
-6.170135193430085e-07
-5.819045683126749e-07
-5.487616634260141e-07
-5.174766872773709e-07
-4.879473431638527e-07
-4.600768586679588e-07
-4.33773676657461e-07
-4.089512009609541e-07
-3.855275254157265e-07
-3.634251783071762e-07
-3.425708959243406e-07
-3.228954084372865e-07
-3.043331968564932e-07
-2.868223245579143e-07
-2.703042404617802e-07
-2.547235838796384e-07
-2.400280332473548e-07
-2.261681247888674e-07
-2.130971131143515e-07
-2.007708090590828e-07
-1.891474622917199e-07
-1.781876217499244e-07
-1.678540043481391e-07
-1.581113903479269e-07
-1.489265034977057e-07
-1.402679140053445e-07
-1.32105920140195e-07
-1.244124788155423e-07
-1.171610969816026e-07
-1.103267542219147e-07
-1.038858247767825e-07
-9.781599455464338e-08
-9.209619495680438e-08
-8.670653398991648e-08
-8.162823452052887e-08
-7.684356377023014e-08
-7.233579106612781e-08
-6.80891179622974e-08
-6.40886391814675e-08
-6.032027871769012e-08
-5.677076314842364e-08
-5.342755432147754e-08
-5.027882976797417e-08
-4.731342855893657e-08
-4.45208222833567e-08
-4.189107443200205e-08
-3.941481522300107e-08
-3.708320215295857e-08
-3.488789731649283e-08
-3.282104590516339e-08
-3.0875217647022e-08
-2.90434241791068e-08
-2.731906282171662e-08
-2.569591567455814e-08
-2.416811887442961e-08
-2.273014270770022e-08
-2.137676955973282e-08
-2.01030860029473e-08
-1.890446011445496e-08
-1.777651731864309e-08
-1.67151452422508e-08
-1.571646251338288e-08
-1.477681041196112e-08
-1.389273954833962e-08
-1.306100427554534e-08
-1.227854107272077e-08
-1.154246064133165e-08
-1.085004948512544e-08
-1.019874912285794e-08
-9.586142481863196e-09
-9.009960122833608e-09
-8.468057382590399e-09
-7.958418339350375e-09
-7.479142153674025e-09
-7.028443471347536e-09
-6.604636135572317e-09
-6.206136006193339e-09
-5.831445600294564e-09
-5.479158727801421e-09
-5.147948755484129e-09
-4.836566481737326e-09
-4.543843417196398e-09
-4.268670582912685e-09
-4.010008119696263e-09
-3.766872856820704e-09
-3.538344218837912e-09
-3.323554412577257e-09
-3.121685587055228e-09
-2.931969591627379e-09
-2.753679272089025e-09
-2.586133861388157e-09
-2.428687575346872e-09
-2.280739443904301e-09
-2.141721266201589e-09
-2.011101217672394e-09
-1.888379128422779e-09
-1.773081263122243e-09
-1.664759785201994e-09
-1.563001184653837e-09
-1.467409058974292e-09
-1.377619633129196e-09
-1.29328394219811e-09
-1.21406654641759e-09
-1.139663599953874e-09
-1.069782727069631e-09
-1.004151988528175e-09
-9.425158931300379e-10
-8.846324184409448e-10
-8.302735479581947e-10
-7.792262287399906e-10
-7.312903487792855e-10
-6.862794254238196e-10
-6.440185747321224e-10
-6.043377158317351e-10
-5.670828380988305e-10
-5.321080086134883e-10
-4.992734511478378e-10
-4.684508429148142e-10
-4.395170911647287e-10
-4.123580000644844e-10
-3.868664149901652e-10
-3.629389752725294e-10
-3.404834696443361e-10
-3.19408330801549e-10
-2.996269911065117e-10
-2.810587684334813e-10
-2.636322606465968e-10
-2.472809303674129e-10
-2.319369605749781e-10
-2.175368907520345e-10
-2.040241966334933e-10
-1.913513676337474e-10
-1.79456598496279e-10
-1.682928775803125e-10
-1.578152206873442e-10
-1.479828481372611e-10
-1.387640753315812e-10
-1.301140362832979e-10
-1.21997147166316e-10
-1.143858838389063e-10
-1.072511041899485e-10
-1.005600487249649e-10
-9.428350205795879e-11
-8.840032435192292e-11
-8.288202805241308e-11
-7.770533220079326e-11
-7.284777696555459e-11
-6.829053402693153e-11
-6.401430902466085e-11
-6.000499453184335e-11
-5.624335293805126e-11
-5.271336615524962e-11
-4.940527798989926e-11
-4.630367380777609e-11
-4.339405020793173e-11
-4.066532167234318e-11
-3.81108641389881e-11
-3.571379802987502e-11
-3.346738764079733e-11
-3.136249403114758e-11
-2.939140185224743e-11
-2.754258367318746e-11
-2.581151246510628e-11
-2.419042267979138e-11
-2.267855592215841e-11
-2.125524342965175e-11
-1.992161378583214e-11
-1.867148641423264e-11
-1.749485965872845e-11
-1.638508167649042e-11
-1.534278842919918e-11
-1.436336763622754e-11
-1.344371381646015e-11
-1.258102647599396e-11
-1.177787054184041e-11
-1.103132430497422e-11
-1.034055064107995e-11
-9.69342974368741e-12
-9.087802374779726e-12
-8.520514871762361e-12
-7.989232629637957e-12
-7.490326929913001e-12
-7.020133682758346e-12
-6.577495865750949e-12
-6.160299479333462e-12
-5.76425257348779e-12
-5.391906848606746e-12
-5.042863306003727e-12
-4.713392241121471e-12
-4.408892378374588e-12
-4.122578959113795e-12
-3.855886042951491e-12
-3.612285420535297e-12
-3.388270241792563e-12
-3.176183419376976e-12
-2.978320702182608e-12
-2.788074691068313e-12
-2.613711735485209e-12
-2.453310466802773e-12
-2.301923156361007e-12
-2.160503024986879e-12
-2.025842312349378e-12
-1.896583708595252e-12
-1.772704472217718e-12
-1.653412041531561e-12
-1.541767796763979e-12
-1.438131008125944e-12
-1.341599656987647e-12
-1.25148279091092e-12
-1.170621058571091e-12
-1.090678823975813e-12
-1.0213934724593e-12
-9.615969291091585e-13
-9.045751603183292e-13
-8.529361223984127e-13
-8.028656523933692e-13
-7.558489507262438e-13
-7.127720392622669e-13
-6.681139080936783e-13
-6.244801718098331e-13
-5.815221440212301e-13
-5.386970135338277e-13
-5.003111214234419e-13
-4.683885137084205e-13
-4.382203232768602e-13
-4.06541160154872e-13
-3.733424330636278e-13
-3.447098001052482e-13
-3.198900268016297e-13
-2.99332500870635e-13
-2.84107145177266e-13
-2.679546473640112e-13
-2.594159816453278e-13
-2.500451131155508e-13
-2.402451902435412e-13
-2.276348446024267e-13
-2.130371224129486e-13
-2.007614963110799e-13
-1.863147093662633e-13
-1.702593471564812e-13
-1.515108819989199e-13
-1.349797480076529e-13
-1.226217488429342e-13
-1.10922547939043e-13
-1.010014796317653e-13
-9.095727780985891e-14
-8.63656760914824e-14
-8.240853449299954e-14
-8.320365082195869e-14
-8.4782414714091e-14
-8.477207484665483e-14
-8.515131827515558e-14
-8.514926626527272e-14
-8.04929349469642e-14
-7.684992493969829e-14
-6.976565829234567e-14
-6.112893109625716e-14
-4.999008479599459e-14
-3.911080423287652e-14
-3.205008325095943e-14
-2.704781708281791e-14
-2.45729555092899e-14
-2.031616295323993e-14
-1.739273827066684e-14
-1.505860898495942e-14
-1.94910219215492e-14
-2.253809326271974e-14
-2.776471069710703e-14
-3.285723859390371e-14
-3.796892253461427e-14
-4.055060923846512e-14
-3.96894626173788e-14
-3.653706728785895e-14
-2.706202219117076e-14
-2.055510336768588e-14
-1.563261314750107e-14
-6.130521306144469e-15
-1.610444221367978e-15
4.098199480223731e-15
8.545867471179751e-15
9.187633438460289e-15
6.465619841502676e-15
2.392803328492308e-15
-4.81289545804968e-15
-1.235247298849023e-14
-1.822297348062807e-14
-1.914177197358889e-14
-2.072849892811426e-14
-2.380626113721913e-14
-2.290452495009224e-14
-1.835104330774928e-14
-1.44061590518265e-14
-1.00438540158934e-14
-1.181493880516203e-15
5.050838402614291e-15
8.905247541237845e-15
1.090137651981688e-14
1.345318241358462e-14
1.412236373730732e-14
1.198170271422788e-14
7.086707387185202e-15
-6.456934765375885e-16
-7.433683561726366e-15
-1.391199538184436e-14
-1.782987209045041e-14
