2.868064660306569e-12
1.875015194889329e-12
1.168255808397987e-12
6.366251421240622e-13
2.047740408628555e-13
-1.86310266706581e-13
-5.855857882736275e-13
-1.038337087550954e-12
-1.592102509699613e-12
-2.301591252943627e-12
-3.231941387713314e-12
-4.466974211886496e-12
-6.112578899529149e-12
-8.306194526010646e-12
-1.122633058709666e-11
-1.510364629983832e-11
-2.023607434132783e-11
-2.700762976669034e-11
-3.591286230800429e-11
-4.758360881817876e-11
-6.282570642639484e-11
-8.266933667288363e-11
-1.084153003661561e-10
-1.417124028084315e-10
-1.846396986992008e-10
-2.398094780172477e-10
-3.104942504895365e-10
-4.007912168970888e-10
-5.158019196313566e-10
-6.618728028479331e-10
-8.468729406857512e-10
-1.080534780917779e-09
-1.374868262426031e-09
-1.744654862839491e-09
-2.208045294245181e-09
-2.787274465174271e-09
-3.509520825220319e-09
-4.40792991774807e-09
-5.522834747381978e-09
-6.903210491765967e-09
-8.608401053422524e-09
-1.071016098075242e-08
-1.329507489121437e-08
-1.646740577081274e-08
-2.035245185914126e-08
-2.510048177211312e-08
-3.089135008729471e-08
-3.793988335726819e-08
-4.650216165242701e-08
-5.688280953286367e-08
-6.944345138085365e-08
-8.461247278968147e-08
-1.028962845819914e-07
-1.248923459712997e-07
-1.513041639489891e-07
-1.829585258392763e-07
-2.208252516942865e-07
-2.660397856923697e-07
-3.199289980090273e-07
-3.840405891494064e-07
-4.601765313672906e-07
-5.504310451938727e-07
-6.572336333610589e-07
-7.833977628578143e-07
-9.321758354393366e-07
-1.107321154128425e-06
-1.31315764604278e-06
-1.5546581792903e-06
-1.837532390152525e-06
-2.168324997535616e-06
-2.554525680771797e-06
-3.004691680594288e-06
-3.528584369404351e-06
-4.137321135180356e-06
-4.843544040544156e-06
-5.661606800412686e-06
-6.607781749212808e-06
-7.700488573586106e-06
-8.960546657200061e-06
-1.041145306662935e-05
-1.207968831606473e-05
-1.399505216957628e-05
-1.619103185308552e-05
-1.870520517935583e-05
-2.157968120689387e-05
-2.486158116995662e-05
-2.86035625240165e-05
-3.286438905806028e-05
-3.770955011648433e-05
-4.321193204335028e-05
-4.945254502832656e-05
-5.652130857008401e-05
-6.451789877893468e-05
-7.355266071796328e-05
-8.374758894109316e-05
-9.523737924428629e-05
-0.0001081705545322781
-0.0001227106674511936
-0.0001390375821611993
-0.0001573488372505871
-0.0001778610913656715
-0.0002008116528611754
-0.0002264600988427299
-0.0002550899989675822
-0.0002870107406046442
-0.0003225594540543434
-0.0003621030395135618
-0.0004060402974250496
-0.0004548041635011793
-0.0005088640493294905
-0.000568728289057743
-0.0006349466921592739
-0.0007081132017811919
-0.0007888686576055308
-0.0008779036615417946
-0.0009759615438927393
-0.001083841426925109
-0.001202401381984136
-0.001332561675458859
-0.00147530809799364
-0.001631695370384654
-0.001802850618542428
-0.001989976908818851
-0.002194356833776497
-0.002417356137268648
-0.002660427366322148
-0.002925113536350501
-0.003213051800336059
-0.003525977123021357
-0.003865725935873511
-0.004234239750950095
-0.004633568714667252
-0.005065875081313182
-0.00553343658464422
-0.006038649684328848
-0.006584032662364927
-0.007172228542888818
-0.007806007807099647
-0.008488270873965932
-0.009222050326160879
-0.01001051295021458
-0.01085696159914586
-0.01176483675141147
-0.01273771764615804
-0.01377932301236283
-0.01489351142352956
-0.01608428126245563
-0.01735577023871164
-0.01871225443139977
-0.02015814682471582
-0.02169799532292422
-0.02333648022158403
-0.02507841109870026
-0.02692872311592601
-0.02889247269308078
-0.03097483254461945
-0.03318108605980664
-0.03551662099616991
-0.03798692248846998
-0.04059756534019434
-0.04335420559699699
-0.04626257139371576
-0.04932845305230592
-0.05255769244889524
-0.05595617162437894
-0.05952980065341609
-0.06328450477718983
-0.06722621078792858
-0.07136083270306888
-0.0756942567137522
-0.08023232544141906
-0.08498082152438459
-0.08994545053584824
-0.09513182329490116
-0.1005454375661683
-0.1061916592012641
-0.1120757027615403
-0.1182026116388188
-0.1245772377611468
-0.1312042208895573
-0.1380879675789704
-0.1452326298598636
-0.152642083670054
-0.1603199071458815
-0.1682693587883641
-0.1764933555980906
-0.1849944512503225
-0.1937748143467363
-0.2028362068707676
-0.2121799628678679
-0.2218069674602248
-0.2317176362770487
-0.241911895339861
-0.2523891615437014
-0.2631483237535845
-0.2741877246325051
-0.2855051432844112
-0.2970977787497637
-0.3089622345028425
-0.3210945039593003
-0.3334899571071991
-0.3461433283390153
-0.3590487055140468
-0.3721995204014508
-0.3855885404927998
-0.399207862287266
-0.4130489061128484
-0.4271024124933881
-0.4413584401987232
-0.4558063659437233
-0.4704348858251787
-0.4852320185387745
-0.5001851103579468
-0.5152808419931039
-0.5305052372662562
-0.5458436736683553
-0.5612808948140322
-0.5768010247404799
-0.5923875841383601
-0.6080235084204314
-0.6236911676742688
-0.6393723884833428
-0.6550484775240185
-0.6707002469953925
-0.6863080417543652
-0.7018517681736446
-0.7173109246752383
-0.732664633814631
-0.7478916759457144
-0.7629705243043794
-0.7778793814945587
-0.7925962172998181
-0.8070988076737448
-0.8213647749196562
-0.8353716288657311
-0.849096808991515
-0.8625177274052668
-0.875611812504555
-0.8883565533088216
-0.9007295442529465
-0.9127085303791953
-0.9242714528118089
-0.9353964943433711
-0.9460621251230299
-0.9562471482115393
-0.9659307448942486
-0.9750925196320176
-0.983712544547674
-0.9917714035296644
-0.9992502355953097
-1.006130777045717
-1.012395402324089
-1.018027164348967
-1.023009835734203
-1.027327948941765
-1.030966831455781
-1.033912635921749
-1.036152370285745
-1.037673932896862
-1.038466147482785
-1.038518792721401
-1.037822626225559
-1.036369406720742
-1.03415191623879
-1.031163980738776
-1.02740048818144
-1.022857403974651
-1.017531784109185
-1.011421786162855
-1.004526677971422
-0.9968468439127285
-0.9883837887884719
-0.9791401392906884
-0.9691196431300333
-0.9583271657576194
-0.9467686847207363
-0.9344512816718311
-0.9213831320251977
-0.9075734923506092
-0.8930326854869037
-0.8777720834513604
-0.8618040881951494
-0.8451421102297314
-0.8278005452310352
-0.8097947486452725
-0.791141008401002
-0.7718565158030223
-0.7519593346561941
-0.7314683687381464
-0.7104033276780655
-0.6887846913642569
-0.6666336729748026
-0.6439721807011562
-0.6208227782928301
-0.5972086445005759
-0.573153531545027
-0.5486817227163975
-0.5238179891943394
-0.4985875462207847
-0.4730160087103352
-0.4471293464196137
-0.4209538387841655
-0.3945160295220215
-0.3678426811308319
-0.3409607293649678
-0.3138972378039739
-0.2866793526159912
-0.2593342576143517
-0.2318891297202015
-0.204371094912223
-0.1768071847607668
-0.1492242936374235
-0.1216491366856986
-0.09410820864352043
-0.06662774359198755
-0.03923367571048472
-0.01195160110991186
0.01519325918866606
0.04217609506342411
0.06897254182911089
0.09555871344530698
0.1219112343441858
0.1480072698289882
0.1738245550034487
0.1993414221908326
0.2245368268099274
0.2493903716789305
0.2738823297192955
0.2979936650459969
0.3217060524215538
0.3450018950637533
0.3678643407996606
0.3902772965602094
0.4122254412283612
0.4336942368352766
0.4546699381153286
0.4751396004326789
0.495091086091721
0.5145130690633106
0.5333950381392603
0.551727298549945
0.5695009720755276
0.5867079956729225
0.6033411186620457
0.6193938985009392
0.6348606952026924
0.6497366644379357
0.6640177493555681
0.6777006711786474
0.6907829186134632
0.7032627361321633
0.7151391111809882
0.7264117603565015
0.7370811146154469
0.7471483035606846
0.7566151388676606
0.7654840969073632
0.7737583006126553
0.7814415006565104
0.7885380559864903
0.7950529137823664
0.8009915888931642
0.8063601427981668
0.8111651621586657
0.8154137370029058
0.8191134386046043
0.8222722971083313
0.824898778947233
0.8270017641181338
0.8285905233502787
0.8296746952269003
0.8302642633063421
0.8303695332736943
0.8300011101709511
0.8291698757447313
0.8278869659699984
0.8261637487891113
0.8240118020877473
0.8214428919502417
0.8184689512203451
0.8151020584051732
0.8113544169530492
0.8072383349325938
0.8027662051571858
0.7979504857610463
0.7928036812442433
0.7873383240080865
0.7815669564067407
0.7755021133514884
0.7691563054646785
0.7625420027955205
0.755671619109915
0.7485574967642076
0.7412118921822721
0.733646961933169
0.7258747494177985
0.7179071721689912
0.709756009765888
0.7014328923744296
0.6929492899034499
0.6843165017770119
0.6755456473203695
0.666647656752323
0.6576332627847115
0.648512992818157
0.6392971617350359
0.6299958652812752
0.6206189740191544
0.6111761278443186
0.6016767310532706
0.5921299479544578
0.5825446990109262
0.5729296574992107
0.5632932466772865
0.5536436374417681
0.5439887464645732
0.5343362347937703
0.524693506896447
0.515067710127002
0.5054657346080306
0.4958942135199571
0.4863595237826318
0.4768677870991578
0.4674248713415016
0.4580363922670607
0.4487077155621286
0.4394439591951591
0.4302499960513975
0.4211304568290376
0.4120897331858142
0.4031319811314334
0.394261124649365
0.3854808595213161
0.3767946573353939
0.3682057696679769
0.3597172324339162
0.3513318703902751
0.3430523017709083
0.3348809430364203
0.3268200137285832
0.3188715414212726
0.3110373667552068
0.3033191485411607
0.2957183689217833
0.2882363385783774
0.2808742019712749
0.273632942603611
0.2665133882999439
0.259516216493844
0.2526419595110899
0.2458910098381177
0.2392636253675939
0.232759934614957
0.2263799419016411
0.2201235324942673
0.2139904776908299
0.2079804398480186
0.2020929773466139
0.1963275494930201
0.1906835213478331
0.1851601684746798
0.1797566816052169
0.1744721712177288
0.1693056720272326
0.16425614738246
0.1593224935675883
0.1545035440059058
0.1497980733619967
0.1452048015405856
0.1407223975802026
0.1363494834405103
0.1320846376822267
0.127926399039171
0.1238732698833924
0.1199237195809195
0.1160761877367995
0.1123290873295346
0.1086808077365136
0.1051297176521885
0.1016741678980042
0.09831249412406932
0.0950430194034917
0.0918640567212464
0.08877391135971928
0.08577088318115925
0.08285326880821726
0.08001936370417077
0.07726746415476324
0.07459586915395389
0.07200288219482534
0.06948681296747905
0.06704597896585665
0.06467870700568751
0.06238333465598478
0.06015821158584726
0.0580017008287556
0.05591217996655817
0.0538880422355147
0.05192769755702767
0.05002957349490636
0.04819211614141342
0.04641379093440998
0.04469308340790095
0.04302849987843391
0.0414185680694238
0.03986183767569607
0.03835688087042667
0.03690229275691018
0.03549669176756667
0.03413872001213693
0.03282704357709033
0.03156035277840408
0.03033736236984098
0.02915681170880915
0.02801746488177962
0.0269181107911165
0.02585756320527847
0.02483466077443226
0.02384826701335637
0.02289727025327064
0.0219805835643122
0.02109714465025181
0.02024591571734568
0.01942588331903855
0.01863605817789227
0.01787547498619313
0.01714319218668475
0.01643829173490731
0.01575987884447232
0.01510708171662742
0.01447905125534369
0.01387496076910476
0.01329400566068912
0.01273540310605785
0.01219839172338001
0.01168223123317401
0.01118620211063813
0.0107096052310428
0.01025176150911672
0.009812011533332129
0.009389715195806361
0.008984251318767272
0.008595017278073562
0.008221428624762684
0.00786291870505669
0.00751893827966923
0.00718895514288397
0.006872453742018939
0.006568934797596452
0.006277914924947326
0.005998926257632744
0.005731516073174969
0.005475246421404645
0.0052296937558069
0.004994448568197486
0.004769115027149544
0.004553310620398062
0.004346665801510709
0.004148823641073716
0.00395943948261589
0.003778180603439642
0.003604725880546497
0.003438765461888476
0.003280000443051026
0.003128142549505154
0.002982913824525752
0.002844046322871519
0.002711281810342125
0.002584371469240931
0.002463075609851905
0.002347163387894354
0.002236412528026188
0.002130609053413806
0.002029547021397999
0.001933028265235127
0.001840862141879268
0.001752865285802728
0.001668861368820459
0.001588680865889473
0.001512160826858194
0.001439144654067891
0.001369481885800837
0.001303027985476386
0.001239644136546693
0.001179197043021071
0.00112155873553867
0.001066606382940465
0.001014222109173195
0.0009642928155495837
0.0009167100081756923
0.0008713696305257237
0.0008281719010431811
0.0007870211556809435
0.0007478256952736272
0.0007104976376694398
0.0006749527744935724
0.0006411104324620436
0.0006088933391116051
0.0005782274929154189
0.0005490420376208351
0.0005212691407274719
0.0004948438760095879
0.0004697041100158596
0.0004457903923445473
0.0004230458497563283
0.0004014160838634665
0.0003808490723863484
0.0003612950738910337
0.000342706535850765
0.000325038006004859
0.0003082460468821879
0.000292289153388749
0.0002771276734186051
0.000262723731368048
0.0002490411544384432
0.0002360454016986165
0.0002237034957902585
0.000211983957186778
0.0002008567409584815
0.0001902931759367615
0.0001802659061960575
0.000170748834816258
0.0001617170697817815
0.0001531468720427591
0.00014501560557005
0.000137301689411377
0.0001299845516277438
0.0001230445850711278
0.000116463104941691
0.0001102223080462182
0.0001043052337246299
9.869572635136278e-05
9.337839937046058e-05
8.833860082315046e-05
8.356238029239761e-05
7.903645722628798e-05
7.474819057675587e-05
7.068554971984976e-05
6.68370865917356e-05
6.319190901127947e-05
5.973965514475797e-05
5.647046903805368e-05
5.337497722466213e-05
5.044426632177145e-05
4.766986162660244e-05
4.50437065910089e-05
4.255814323213089e-05
4.02058934122715e-05
3.79800409092907e-05
3.587401427885108e-05
3.388157052278656e-05
3.199677942483079e-05
3.021400863109709e-05
2.852790938031183e-05
2.693340288086081e-05
2.542566730246801e-05
2.400012535875094e-05
2.26524324727976e-05
2.137846544010847e-05
2.017431166952076e-05
1.903625887127107e-05
1.7960785246227e-05
1.694455012152621e-05
1.598438503714288e-05
1.507728522694161e-05
1.422040150747404e-05
1.341103255857016e-05
1.264661754691148e-05
1.192472912495223e-05
1.124306672396998e-05
1.059945022426801e-05
9.991813860521019e-06
9.418200478581902e-06
8.876756016772373e-06
8.36572429967647e-06
7.883442060031468e-06
7.428334204467844e-06
6.998909298802631e-06
6.593755295291939e-06
6.21153546161163e-06
5.850984488651136e-06
5.510904833744453e-06
5.190163189860446e-06
4.887687187699144e-06
4.60246221439981e-06
4.333528412141109e-06
4.079977817868276e-06
3.840951662760747e-06
3.615637779466609e-06
3.403268163373001e-06
3.203116648482159e-06
3.01449670066748e-06
2.83675932005717e-06
2.669291067714304e-06
2.511512159318203e-06
2.362874689260664e-06
2.222860923905129e-06
2.090981699410133e-06
1.966774893284688e-06
1.849803958568439e-06
1.739656569741684e-06
1.635943297423228e-06
1.538296396875059e-06
1.446368612327285e-06
1.359832089624563e-06
1.278377302869548e-06
1.201712075894155e-06
1.129560621245614e-06
1.061662667359072e-06
9.97772585811051e-07
9.376586068326986e-07
8.811020533320529e-07
8.2789661806249e-07
7.7784769272445e-07
7.307717010953476e-07
6.864955192030929e-07
6.448558704254658e-07
6.056987958517274e-07
5.688791260862968e-07
5.34259996663471e-07
5.017123760732277e-07
4.711146411403794e-07
4.423521572553933e-07
4.153168879751657e-07
3.899070189927504e-07
3.660266174062059e-07
3.435852910559723e-07
3.224978865366307e-07
3.026841718249029e-07
2.84068587255451e-07
2.665799534816333e-07
2.501512586457288e-07
2.347193686021288e-07
2.202248568773383e-07
2.066117590934173e-07
1.938273975079987e-07
1.818221714595057e-07
1.705494055592128e-07
1.599651494695714e-07
1.500280493570467e-07
1.406991878131553e-07
1.319419452122375e-07
1.237218718402895e-07
1.16006541163627e-07
1.087654654789481e-07
1.019699516616981e-07
9.559301784971878e-08
8.960928068836995e-08
8.399488132900268e-08
7.872737268998486e-08
7.378565541007835e-08
6.91498874861533e-08
6.4801414267971e-08
6.072270513246471e-08
5.689727276532721e-08
5.330962701525888e-08
4.994520563411415e-08
4.679032769277178e-08
4.383213032665818e-08
4.105852696944871e-08
3.845817188154784e-08
3.602039121865305e-08
3.373516366336617e-08
3.159307793394878e-08
2.95852943400504e-08
2.770351171514082e-08
2.593992930123231e-08
2.428722706803183e-08
2.273852690353661e-08
2.12873779761059e-08
1.992771646715745e-08
1.865385739523711e-08
1.746045297246974e-08
1.63424943696981e-08
1.529527406158988e-08
1.431436868800446e-08
1.339563544844273e-08
1.253518585466216e-08
1.172937135735562e-08
1.097476282543178e-08
1.026814583841435e-08
9.606511124704622e-09
8.987030063167599e-09
8.407052491858753e-09
7.864086446385016e-09
7.355800921718349e-09
6.880006820677701e-09
6.434649860711739e-09
6.017810120718875e-09
5.627681845836271e-09
5.262574435811187e-09
4.920905292542018e-09
4.601181103030957e-09
4.302012985648102e-09
4.022098500915574e-09
3.760204797355227e-09
3.515188624105844e-09
3.285976265023523e-09
3.071560071492842e-09
2.870994170682061e-09
2.683391997646921e-09
2.507928113823687e-09
2.34382579665835e-09
2.19035107622097e-09
2.046825354520063e-09
1.912609552396107e-09
1.787106727216244e-09
1.669759383330266e-09
1.560040900567482e-09
1.457467406598251e-09
1.361572850915204e-09
1.271931568707062e-09
1.188138238808617e-09
1.109815623032438e-09
1.036610630115723e-09
9.681923239309165e-10
9.042476326831962e-10
8.444925738270185e-10
7.886429730244761e-10
7.364586344094185e-10
6.876883500312206e-10
6.421226363611892e-10
5.995453473505851e-10
5.597676959859824e-10
5.226081906105117e-10
4.878913619990147e-10
4.554606611378151e-10
4.251653760531024e-10
3.968709184746378e-10
3.704437166921746e-10
3.4576213486912e-10
3.22710969240658e-10
3.011897955599794e-10
2.810937130605349e-10
2.623256254882029e-10
2.448016878383136e-10
2.284355973278026e-10
2.131533955638144e-10
1.988864535736924e-10
1.85563969468265e-10
1.731304078858516e-10
1.615219976781945e-10
1.506855355511785e-10
1.40570141471286e-10
1.311254422897442e-10
1.223119040919919e-10
1.140851465662008e-10
1.064064872727229e-10
9.924364209225892e-11
9.255818485565283e-11
8.632398838076611e-11
8.050846732288626e-11
7.508230716010944e-11
7.001694723810118e-11
6.529147044095446e-11
6.08796410470362e-11
5.676508412599038e-11
5.292913864745337e-11
4.935147670492625e-11
4.600840085002228e-11
4.289045605292711e-11
3.998333401732916e-11
3.727215173176688e-11
3.474005951695614e-11
3.237922017508165e-11
3.017853446247369e-11
2.812712221013415e-11
2.621652138704636e-11
2.443071817892922e-11
2.276608673241938e-11
2.121901415723887e-11
1.977684803539391e-11
1.843685508577352e-11
1.718260997158427e-11
1.601487250678139e-11
1.492378920824752e-11
1.390280726516739e-11
1.295284987503817e-11
1.20693848485115e-11
1.124207408084852e-11
1.047129980168874e-11
9.753496988040184e-12
9.079209924181372e-12
8.455630251673496e-12
7.870676493342252e-12
7.332950775878967e-12
6.835943364732512e-12
6.36771190131562e-12
5.934359070541739e-12
5.526809563116938e-12
5.146594543360869e-12
4.793620682855598e-12
4.469236142152082e-12
4.165177555571788e-12
3.876492548672036e-12
3.611951132334078e-12
3.36430902108336e-12
3.128465574016222e-12
2.911423628133464e-12
2.706971064648545e-12
2.515403188030561e-12
2.339476046070479e-12
2.177479427863258e-12
2.027137793467608e-12
1.889233082336285e-12
1.763954295293394e-12
1.642867066634944e-12
1.528992986456952e-12
1.424521953835194e-12
1.329668077441874e-12
1.235657034741753e-12
1.147044910103258e-12
1.067531655104473e-12
9.965159420518937e-13
9.307509954697754e-13
8.65252893395432e-13
8.048079008232713e-13
7.4628631531134e-13
6.908119243703551e-13
6.380789314882228e-13
5.919168883240847e-13
5.503463695952598e-13
5.134182256602963e-13
4.809531508690112e-13
4.529942623373696e-13
4.248629947842115e-13
3.973753011202108e-13
3.741154275461541e-13
3.458607766904281e-13
3.170350817784749e-13
2.90698610056612e-13
2.640892469862596e-13
2.384495142941478e-13
2.189752463196666e-13
2.074569167654084e-13
1.999722030523374e-13
1.931804760417427e-13
1.888077443215845e-13
1.81345334913223e-13
1.663050069317944e-13
1.504254598555228e-13
1.336369003846853e-13
1.178064150550258e-13
1.043443871892383e-13
9.208937197388934e-14
8.738507444103254e-14
8.057608333695296e-14
7.712127784337294e-14
7.689174803124974e-14
7.516554818059445e-14
7.694779683620894e-14
7.746447687256003e-14
7.379764996701569e-14
6.695283978408346e-14
5.744590083396786e-14
4.630256243313279e-14
3.794044337505772e-14
3.183345617764592e-14
2.873792700943548e-14
2.693476932472364e-14
2.489755575695687e-14
2.500166592911509e-14
2.883339536015336e-14
2.914538635182575e-14
2.694610071267416e-14
2.878539869413685e-14
3.196727954243748e-14
2.742342174635932e-14
2.552079895454748e-14
2.081358228568474e-14
1.674190118384933e-14
9.379286321393943e-15
2.909592649282672e-15
2.536634041552614e-15
-1.273718288888272e-15
2.691014152889058e-15
9.873924102129232e-15
1.572183436851261e-14
1.8941228173186e-14
1.951422683052968e-14
1.824171933581159e-14
1.294808607238456e-14
9.047779344690637e-15
7.749016989782543e-15
4.711320464420582e-15
-1.82472159314855e-15
-5.336915504560633e-15
-2.642330351259247e-15
-1.707412941920982e-15
-1.35913588619332e-15
2.01242730757068e-15
6.601846154878906e-15
5.672333938758208e-15
7.249320915755035e-15
6.702344975450952e-15
4.369726211860875e-15
3.549223614962864e-15
3.471679544941171e-15
5.525458975616976e-15
6.043642283737235e-15
7.553443166199227e-15
6.542961982659102e-15
6.550903307869418e-15
4.397077612705637e-15
-5.817180263643327e-15
-1.243494937043522e-14
-1.479958727334192e-14
-1.200516322316749e-14
-9.239800041202934e-15
-4.691802280362784e-15
3.19050935074652e-15
5.796161656674709e-15
1.329348227228024e-14
1.92454733771756e-14
1.951981364930881e-14
1.551852588492848e-14
9.041410696596914e-15
-6.09520856012167e-17
-9.705228040872535e-15
-1.225067074961774e-14
-1.320861505036125e-14
-1.317759643516152e-14
-1.163177211953454e-14
-8.189288057285383e-15
-2.498460446478298e-15
-1.446723571375834e-16
4.768059790985598e-15
1.085837455710491e-14
9.920865400457253e-15
9.751452180584043e-15
5.872280346824978e-15
4.439769066619435e-15
4.267985053053814e-15
3.171368078107101e-15
3.784450581772478e-16
-2.597970147897932e-15
-4.0413871447717e-15
-7.241982840868896e-15
-5.215487608041625e-15
-4.955225327668981e-15
-6.488189999940971e-15
-7.37576042486873e-15
-3.878995670008166e-15
2.136033059750273e-15
4.119669290436254e-15
7.430636417703926e-15
8.351669819889387e-15
5.920467048725022e-15
5.287545817059838e-15
3.118269664513576e-15
-2.142866136292144e-15
-3.222520850069274e-15
-5.539341419925026e-15
-5.346319198794024e-15
-1.777012423291024e-15
-1.612271445304804e-15
8.98599928784567e-16
9.46491356086056e-16
7.67595988696336e-16
2.881092089256579e-15
3.669308466590696e-15
5.861453605012531e-15
3.927979106231998e-15
1.515652026243479e-17
-5.422579048638869e-15
-9.884947227778415e-15
-1.252142216679069e-14
-1.021690167726206e-14
-3.752530289118734e-15
-1.722688217069523e-15
4.80874410927762e-15
1.208359647043846e-14
1.574692431035681e-14
1.661633415586898e-14
1.266781004225108e-14
