4.149016264974749e-12
2.760754054928272e-12
1.845195287520026e-12
1.223465536506076e-12
7.935894053962988e-13
4.87523341182813e-13
2.573992968177488e-13
6.904266297772947e-14
-1.03055495683092e-13
-2.811203999776089e-13
-4.855580758254462e-13
-7.381192860417063e-13
-1.063714407288893e-12
-1.494701494558271e-12
-2.069929184132964e-12
-2.840205618684536e-12
-3.872696955704576e-12
-5.254905043445557e-12
-7.097576758710231e-12
-9.550010727796855e-12
-1.279977341866771e-11
-1.709296130899672e-11
-2.274383206266386e-11
-3.015811509526173e-11
-3.985019264593539e-11
-5.248000425180501e-11
-6.888375960869193e-11
-9.012109508897183e-11
-1.175301668820671e-10
-1.527960802148453e-10
-1.98036767720892e-10
-2.559033832970096e-10
-3.297076254322205e-10
-4.235757137239887e-10
-5.426360996570013e-10
-6.932431436364498e-10
-8.8325716186569e-10
-1.122374382768413e-09
-1.422526550680918e-09
-1.798365255354333e-09
-2.267840763354731e-09
-2.852894911068617e-09
-3.580288576054355e-09
-4.482594111957178e-09
-5.599364044711178e-09
-6.9785310145376e-09
-8.678056192552975e-09
-1.076787662599527e-08
-1.333220242851399e-08
-1.647221150907636e-08
-2.030920435752135e-08
-2.498829167578298e-08
-3.068269226679592e-08
-3.759874641426829e-08
-4.598175588934215e-08
-5.612274935677735e-08
-6.836632795081628e-08
-8.311971646415045e-08
-1.008632111789117e-07
-1.221622009865987e-07
-1.476809731061392e-07
-1.781985435914827e-07
-2.146267722634053e-07
-2.580310483141467e-07
-3.096538804860223e-07
-3.709417313849398e-07
-4.435755085880675e-07
-5.295051329507123e-07
-6.30988665977009e-07
-7.506365257783053e-07
-8.914613593596162e-07
-1.056934205987174e-06
-1.25104763827937e-06
-1.478386626841225e-06
-1.744207953602695e-06
-2.054529048115626e-06
-2.416227218915824e-06
-2.83715031122e-06
-3.326239890217741e-06
-3.893668174216672e-06
-4.550989999121845e-06
-5.311311215768416e-06
-6.189474990810073e-06
-7.202267609916865e-06
-8.368645454319077e-06
-9.70998494498451e-06
-1.125035734495518e-05
-1.301683041355217e-05
-1.503979901021381e-05
-1.735334683214906e-05
-1.999564158851548e-05
-2.300936596841947e-05
-2.644218685869011e-05
-3.034726532055039e-05
-3.478380989035492e-05
-3.981767578187085e-05
-4.552201259712744e-05
-5.197796309567119e-05
-5.927541554860368e-05
-6.751381207307879e-05
-7.680301522652469e-05
-8.726423506926383e-05
-9.903102071282124e-05
-0.0001122503248311848
-0.000127083641652904
-0.0001437082198369235
-0.0001623183529634648
-0.000183126750397972
-0.0002063659911721532
-0.0002322900633745799
-0.0002611759914015653
-0.0002933255532013916
-0.0003290670894142632
-0.0003687574060662906
-0.0004127837721518073
-0.0004615660131056036
-0.0005155587007956489
-0.0005752534402232625
-0.0006411812526545149
-0.0007139150543783148
-0.0007940722297200117
-0.0008823172962809618
-0.0009793646597164123
-0.001085981454579684
-0.001202990466951736
-0.001331273133692037
-0.001471772612400812
-0.001625496917961224
-0.00179352212661616
-0.001976995635609392
-0.002177139467172337
-0.002395253606706633
-0.002632719363971656
-0.002891002744945758
-0.003171657820686278
-0.003476330078213433
-0.00380675973702082
-0.004164785013313622
-0.00455234531297535
-0.004971484338342842
-0.005424353141641837
-0.0059132131260707
-0.006440438922343741
-0.007008521069685211
-0.007620068503795101
-0.00827781086213478
-0.008984600591107993
-0.009743414815867704
-0.01055735694919785
-0.01142965801244082
-0.01236367765152144
-0.01336290482518787
-0.01443095813445765
-0.01557158577671869
-0.01678866509206639
-0.01808620168337396
-0.01946832808726734
-0.02093930196549421
-0.02250350380481366
-0.02416543409247725
-0.02592970995300135
-0.02780106122708758
-0.02978432596466227
-0.03188444532817584
-0.03410645787590231
-0.03645549321908938
-0.038936765041095
-0.0415555634560154
-0.04431724671476162
-0.04722723223416964
-0.05029098695493692
-0.05351401702730743
-0.05690185681087943
-0.06046005721293503
-0.06419417334885363
-0.06810975154482582
-0.07221231569525796
-0.07650735297328826
-0.08100029893871218
-0.085696522036509
-0.09060130752322183
-0.09571984084898895
-0.1010571905061939
-0.1066182904092471
-0.1124079218098141
-0.1184306948045002
-0.1246910294788754
-0.1311931367096438
-0.1379409987088819
-0.1449383493250024
-0.1521886541760134
-0.1596950906733488
-0.1674605279676595
-0.1754875069191996
-0.1837782201138022
-0.1923344920138924
-0.2011577593133678
-0.2102490515348676
-0.2196089719879429
-0.2292376791098092
-0.2391348682857475
-0.24929975422311
-0.2597310539201125
-0.2704269703590542
-0.2813851769395934
-0.2926028027513634
-0.3040764187585037
-0.3158020249309146
-0.3277750384519311
-0.3399902830079671
-0.3524419792572642
-0.3651237365421439
-0.3780285458650409
-0.3911487742518999
-0.4044761604902177
-0.4180018123290243
-0.4317162051895242
-0.4456091823838321
-0.459669956947468
-0.473887115052325
-0.4882486210749218
-0.5027418243475966
-0.5173534675600754
-0.5320696968954541
-0.5468760738397402
-0.5617575887178158
-0.5766986759572001
-0.5916832310183385
-0.6066946290529263
-0.6217157451969438
-0.6367289765209252
-0.6517162656102072
-0.6666591256893289
-0.6815386673317618
-0.6963356266269859
-0.711030394798154
-0.7256030492152763
-0.7400333856908058
-0.7543009520729508
-0.7683850829825316
-0.7822649356611493
-0.795919526851833
-0.8093277705831352
-0.8224685168634308
-0.8353205910960252
-0.8478628341308835
-0.8600741428561296
-0.8719335112454678
-0.8834200719382063
-0.8945131380396186
-0.9051922447217786
-0.9154371905344753
-0.9252280791107584
-0.9345453625532009
-0.9433698847525651
-0.9516829210411875
-0.9594662140324377
-0.9667020102139096
-0.973373101936824
-0.9794628701662246
-0.9849553230373056
-0.9898351299322325
-0.9940876545579052
-0.9976989887427482
-1.000655985440897
-1.002946289979537
-1.004558369422136
-1.005481540310571
-1.005705994919071
-1.005222825781769
-1.004024048395834
-1.002102622037214
-0.9994524686271986
-0.9960684896781746
-0.9919465811991673
-0.9870836465502643
-0.9814776072129606
-0.9751274114167056
-0.9680330406596797
-0.9601955140508306
-0.9516168904968747
-0.9423002687311942
-0.9322497851540474
-0.9214706095417801
-0.9099689385932641
-0.89775198737009
-0.8848279786567353
-0.8712061302358035
-0.8568966401540756
-0.8419106699860177
-0.8262603261776386
-0.809958639522926
-0.7930195427968717
-0.7754578466397041
-0.7572892137276367
-0.7385301313275412
-0.7191978823092881
-0.6993105146705514
-0.678886809686383
-0.6579462487364411
-0.6365089789125794
-0.6145957774959404
-0.5922280153818665
-0.5694276195734862
-0.5462170348102854
-0.5226191844363108
-0.4986574306052323
-0.47435553391404
-0.4497376125869204
-0.4248281012818544
-0.3996517096230384
-0.3742333805561742
-0.3485982486177517
-0.3227715982279192
-0.2967788220866079
-0.2706453797733223
-0.2443967566395408
-0.2180584230744274
-0.191655794237706
-0.1652141903361143
-0.138758797529247
-0.1123146295422739
-0.08590649005794702
-0.05955893596389816
-0.03329624151900185
-0.007142363505533602
0.01887909257175868
0.0447449051821685
0.07043226830713055
0.09591882177012293
0.1211826803117057
0.1462024613672099
0.1709573115076539
0.1954269315142429
0.2195916000527733
0.2434321959221903
0.2669302188547916
0.2900678088474111
0.3128277640155183
0.3351935569539888
0.3571493496025182
0.3786800066136757
0.3997711072176467
0.420408955592939
0.4405805897451599
0.4602737889133593
0.479477079519568
0.4981797396706322
0.5163718022402436
0.534044056546895
0.5511880486618884
0.5677960803769141
0.5838612068548445
0.5993772330066983
0.6143387086214219
0.6287409222935638
0.6425798941892719
0.655852367684398
0.668555799928107
0.6806883513666705
0.6922488742818965
0.703236900391938
0.7136526275525364
0.7234969056176906
0.7327712214983375
0.7414776834749524
0.7496190048143666
0.7571984867357676
0.7642200007890533
0.7706879706841914
0.7766073536316969
0.7819836212442964
0.7868227400358224
0.7911311515698006
0.7949157523029308
0.7981838731877011
0.8009432590814612
0.8032020479925576
0.8049687502150998
0.8062522273882797
0.8070616715282632
0.8074065840744796
0.8072967549891121
0.8067422419660268
0.8057533497682228
0.8043406097237634
0.8025147594146934
0.8002867225983953
0.7976675894116172
0.7946685968683618
0.7913011096775469
0.7875766014068184
0.7835066360165502
0.7791028497980323
0.7743769337270637
0.7693406162554828
0.7640056465593503
0.7583837782582867
0.7524867536323691
0.746326288339046
0.7399140566442821
0.7332616771783379
0.7263806992216804
0.719282589534628
0.7119787197318567
0.7044803542153298
0.6967986386688211
0.6889445891068583
0.6809290814820183
0.6727628418471664
0.6644564370761017
0.6560202661403299
0.6474645519353464
0.638799333658818
0.6300344597285399
0.6211795812386179
0.6122441459462352
0.6032373927726079
0.5941683468080009
0.5850458148141746
0.5758783812281095
0.5666744046553079
0.5574420148257936
0.5481891099958179
0.5389233547892216
0.5296521784799784
0.5203827737019873
0.5111220955583023
0.5018768611115725
0.4926535492473174
0.4834584009092424
0.4742974196913738
0.4651763727590791
0.4561007920798124
0.4470759759546814
0.4381069908475776
0.4291986734965449
0.4203556332825664
0.4115822548389491
0.4028827008896563
0.3942609153087501
0.3857206263864598
0.3772653502843154
0.368898394667904
0.3606228625010426
0.3524416559876073
0.3443574806484711
0.3363728495228821
0.3284900874866743
0.3207113356702336
0.3130385559624827
0.305473535589924
0.2980178917619114
0.290673076375821
0.2834403807670516
0.2763209404912937
0.2693157401298162
0.2624256181123567
0.2556512715534164
0.2489932610884068
0.2424520156990425
0.2360278375205259
0.2297209066251631
0.2235312857775149
0.217458925152866
0.2115036670138367
0.20566525033933
0.1999433153986809
0.1943374082664047
0.1888469852723773
0.1834714173837043
0.1782099945141462
0.173061929758127
0.1680263635479836
0.1631023677287773
0.1582889495461941
0.1535850555452848
0.1489895753795275
0.1445013455302807
0.1401191529327081
0.1358417385055978
0.1316678005840922
0.1275959982553314
0.1236249545975436
0.1197532598206762
0.1159794743077755
0.1123021315570367
0.1087197410249844
0.105230790871792
0.101833750608248
0.09852707364483811
0.09530919974359292
0.09217855737376872
0.08913356597268882
0.08617263811247061
0.08329418157367748
0.08049660132730098
0.07777830142654715
0.07513768681053634
0.07257316502083046
0.07008314783241802
0.06766605280082263
0.06532030472719577
0.0630443370434611
0.06083659311906008
0.05869552749120813
0.05661960702061542
0.05460731197483713
0.0526571370416441
0.05076759227399484
0.04893720396858428
0.04716451548000492
0.04544808797258822
0.04378650111212686
0.04217835369937887
0.04062226424726394
0.03911687150387505
0.03766083492336184
0.03625283508698069
0.03489157407592924
0.0335757757977846
0.03230418626846646
0.03107557385187625
0.02988872945929716
0.02874246671008401
0.02763562205535501
0.0265670548664775
0.02553564749009628
0.02454030527143961
0.02357995654754138
0.02265355261193216
0.02176006765239766
0.02089849866341141
0.02006786533477624
0.01926720991779453
0.01849559707041553
0.01775211368262726
0.01703586868345347
0.01634599283089573
0.01568163848596183
0.01504197937205229
0.01442621032078279
0.01383354700537481
0.01326322566267056
0.01271450280479467
0.01218665492149188
0.01167897817414381
0.01119078808219579
0.0107214192028013
0.01027022480464305
0.009836576536750481
0.009419864093088988
0.009019494873502129
0.00863489364170161
0.008265502180960515
0.007910778948161716
0.00757019872681717
0.007243252279536904
0.006929446000529128
0.00662830156853851
0.006339355600683833
0.006062159307629458
0.00579627815050337
0.005541291500005047
0.005296792297983279
0.005062386721809481
0.004837693851826
0.004622345342218864
0.004415985095552177
0.004218268941185523
0.004028864317772949
0.003847449960012054
0.003673715589920509
0.00350736161276352
0.003348098817766604
0.00319564808370593
0.003049740089554127
0.002910115030189436
0.002776522337361902
0.002648720405933842
0.002526476325446851
0.00240956561707804
0.00229777197598799
0.002190887019167586
0.002088710038734809
0.001991047760665934
0.00189771410905118
0.001808529975800555
0.001723322995725806
0.001641927327077763
0.00156418343747003
0.001489937895120013
0.001419043165391974
0.001351357412662823
0.001286744307270747
0.001225072837708959
0.001166217127815142
0.001110056258995016
0.001056474097378752
0.001005359125878471
0.0009566042809834936
0.0009101067942831158
0.0008657680386321374
0.0008234933788664712
0.0007831920269824952
0.0007447769016833405
0.0007081644922351827
0.000673274726520888
0.0006400308432037696
0.0006083592679267205
0.0005781894934642573
0.0005494539637160545
0.0005220879614603911
0.0004960294998024191
0.0004712192171680406
0.0004476002758243475
0.0004251182638206559
0.0004037211001955569
0.0003833589434822521
0.0003639841033318066
0.0003455509552018058
0.0003280158580184503
0.0003113370747594136
0.0002954746958305159
0.0002803905651966176
0.000266048209168181
0.0002524127677519605
0.0002394509285036909
0.0002271308628185313
0.000215422164582571
0.0002042957910941396
0.000193724006174903
0.0001836803254621279
0.0001741394637422701
0.0001650772843068004
0.0001564707502422991
0.0001482978775802615
0.000140537690303346
0.0001331701770558486
0.0001261762495967372
0.0001195377028545462
0.0001132371765779119
0.0001072581185245975
0.0001015847490897202
9.620202740064008e-05
9.109561872890612e-05
8.625186327893617e-05
8.165774622788815e-05
7.730086898009934e-05
7.316942162446908e-05
6.92521565365226e-05
6.553836305080156e-05
6.201784323315603e-05
5.868088863161663e-05
5.55182580250875e-05
5.252115610250594e-05
4.968121307670375e-05
4.69904651179562e-05
4.44413356845022e-05
4.20266176163405e-05
3.973945601587798e-05
3.757333186881657e-05
3.552204638344e-05
3.357970601450004e-05
3.174070813353392e-05
2.999972735560656e-05
2.835170244445322e-05
2.679182380978236e-05
2.531552156723703e-05
2.391845412593694e-05
2.259649727878724e-05
2.134573381952087e-05
2.016244358790691e-05
1.904309398623367e-05
1.79843309262407e-05
1.698297019078158e-05
1.603598918882511e-05
1.514051909487842e-05
1.429383733743794e-05
1.349336045100487e-05
1.27366372572344e-05
1.202134233458281e-05
1.134526986510674e-05
1.070632768789891e-05
1.010253167840106e-05
9.532000393974529e-06
8.992949936141527e-06
8.483689105997808e-06
8.002614748878924e-06
7.548207351984628e-06
7.119026835413362e-06
6.713708550364558e-06
6.330959471882071e-06
5.969554558904099e-06
5.628333317822297e-06
5.306196514308776e-06
5.002103049751691e-06
4.715067010284531e-06
4.444154822295578e-06
4.188482577287854e-06
3.947213454366612e-06
3.719555315904e-06
3.504758392021761e-06
3.302113097524288e-06
3.11094793398317e-06
2.930627510255715e-06
2.760550682367262e-06
2.600148733712558e-06
2.448883705659605e-06
2.306246771360182e-06
2.171756716292072e-06
2.044958472007973e-06
1.925421754858238e-06
1.812739734364743e-06
1.706527812252804e-06
1.606422434898796e-06
1.512079971552814e-06
1.423175654290157e-06
1.339402580955932e-06
1.260470750582531e-06
1.18610616712147e-06
1.116049971258195e-06
1.050057628540181e-06
9.878981671957333e-07
9.293534379095884e-07
8.742174197559546e-07
8.222955718795581e-07
7.73404201170463e-07
7.27369878254586e-07
6.840288817748719e-07
6.432266603934869e-07
6.048173387380837e-07
5.686632435383122e-07
5.346344464644434e-07
5.026083509065424e-07
4.724692840481484e-07
4.441080977934344e-07
4.174218369279295e-07
3.92313389472265e-07
3.686911540726208e-07
3.464687309949039e-07
3.255646529993066e-07
3.059020921550867e-07
2.874086064456367e-07
2.700158928867272e-07
2.536595696023746e-07
2.382789411989638e-07
2.238167986901233e-07
2.102192201365e-07
1.974353957306354e-07
1.85417435397213e-07
1.74120225369643e-07
1.635012535175778e-07
1.535204679353615e-07
1.441401397042683e-07
1.353247321556105e-07
1.270407623694604e-07
1.192567102434499e-07
1.119428775029389e-07
1.050713086299167e-07
9.861567689347668e-08
9.255120778547036e-08
8.685455705149979e-08
8.15037563356176e-08
7.647813606573261e-08
7.175822759284794e-08
6.73257155041264e-08
6.316335701291265e-08
5.925492947863572e-08
5.558517011303987e-08
5.21397186299847e-08
4.890506594439904e-08
4.58684987040843e-08
4.301806213724495e-08
4.034251101558607e-08
3.783126634776511e-08
3.547438135912589e-08
3.326249629612205e-08
3.118681713270042e-08
2.923907422963776e-08
2.741148580545761e-08
2.569674062942577e-08
2.408796809083376e-08
2.25787043494319e-08
2.116287718715161e-08
1.98347762617844e-08
1.858903513554265e-08
1.742061901493377e-08
1.632478609884895e-08
1.529709118605753e-08
1.433335074200754e-08
1.342963794313362e-08
1.258225506996056e-08
1.178773937201083e-08
1.104283729418374e-08
1.034447355065714e-08
9.689789494573206e-09
9.076082687198638e-09
8.500822986384252e-09
7.96162571255735e-09
7.456260474585608e-09
6.982629815246935e-09
6.53876572328644e-09
6.122814139757264e-09
5.73304621999796e-09
5.367832952176668e-09
5.025638902063938e-09
4.705033663218482e-09
4.404672791794991e-09
4.123291566898857e-09
3.859706031174039e-09
3.61280327813798e-09
3.381534168101866e-09
3.164923312401237e-09
2.962043277506216e-09
2.772046004460105e-09
2.594111992055937e-09
2.427491831826623e-09
2.271465814905793e-09
2.125373217360466e-09
1.988587655619339e-09
1.860521481011167e-09
1.740630914489838e-09
1.628391926587232e-09
1.523327847668312e-09
1.424976357062654e-09
1.33292010701644e-09
1.246756816179843e-09
1.166113175750871e-09
1.090638028265632e-09
1.019997265026139e-09
9.538888940341544e-10
8.920253572914947e-10
8.341365867789168e-10
7.799751174206272e-10
7.292975275034641e-10
6.81888304778222e-10
6.375335055578434e-10
5.960531764082798e-10
5.572428277212546e-10
5.209409932882368e-10
4.869847940205421e-10
4.552217314133878e-10
4.255124256782286e-10
3.977213487141529e-10
3.717314427507532e-10
3.474223576331951e-10
3.246907675520881e-10
3.034332154240127e-10
2.835558826806595e-10
2.649706933666592e-10
2.475929473652843e-10
2.313504940604617e-10
2.161624452452425e-10
2.019659986155348e-10
1.886985315316065e-10
1.762986103080329e-10
1.647048451262118e-10
1.538704671046878e-10
1.437442237766045e-10
1.342730011711677e-10
1.254231367193601e-10
1.171513177046454e-10
1.094251256390147e-10
1.022023298893402e-10
9.5453170444822e-11
8.914221054679678e-11
8.32420304899536e-11
7.772686466800619e-11
7.257078862363438e-11
6.775624825099613e-11
6.326641504944332e-11
5.907244496780906e-11
5.516021118364003e-11
5.150555610912325e-11
4.809407719066507e-11
4.491260796334278e-11
4.193832530224284e-11
3.915706235605407e-11
3.655474783084443e-11
3.41203311571758e-11
3.18472498739726e-11
2.971790855415827e-11
2.772717173688299e-11
2.587053155307044e-11
2.414106706877852e-11
2.252656135918079e-11
2.101987269624933e-11
1.961553776550742e-11
1.830396522427511e-11
1.70850739528293e-11
1.594730647629003e-11
1.48857398576923e-11
1.389625527406539e-11
1.296985524210134e-11
1.210742252854132e-11
1.129599065755081e-11
1.054264281573669e-11
9.834995527966542e-12
9.175247290151003e-12
8.554853521427698e-12
7.974901509855716e-12
7.430105434204296e-12
6.925579024468616e-12
6.455855540273189e-12
6.016325562486976e-12
5.60617980227641e-12
5.229686524418587e-12
4.881978824089455e-12
4.560108176307692e-12
4.259426077988597e-12
3.978161240062855e-12
3.714568277031658e-12
3.471899338767598e-12
3.242641463677488e-12
3.024205851868022e-12
2.819533565088372e-12
2.62142916918928e-12
2.436894417761103e-12
2.264379312936819e-12
2.102863599621178e-12
1.953957797582171e-12
1.818652619765078e-12
1.692300743968125e-12
1.579602229048672e-12
1.478460264642693e-12
1.383965911943434e-12
1.302062896878651e-12
1.221757185794822e-12
1.145516717163199e-12
1.071927815822693e-12
9.966983582429342e-13
9.254529823417772e-13
8.539488254801346e-13
7.877869354846358e-13
7.279234962718787e-13
6.750791368510379e-13
6.243679450496993e-13
5.833525408126691e-13
5.444211318035633e-13
5.104652557474304e-13
4.797961130964302e-13
4.560288173306486e-13
4.292908624994318e-13
4.027232409969129e-13
3.750274976756604e-13
3.450624415273563e-13
3.169570434377375e-13
2.918691595933582e-13
2.737326737696751e-13
2.563229302428335e-13
2.370141333071714e-13
2.203998841714024e-13
2.031643273470626e-13
1.871789403859992e-13
1.74764284231823e-13
1.636536247330619e-13
1.506728836104818e-13
1.405385688615154e-13
1.330445505068744e-13
1.300064100495749e-13
1.277148927899164e-13
1.207732886730118e-13
1.108428765259742e-13
1.015830572713071e-13
9.13128523753986e-14
8.126283423153824e-14
7.297880688017232e-14
6.348161036696278e-14
5.913640804094172e-14
5.244989475357941e-14
4.690127358388065e-14
4.135911614056717e-14
4.184645716870565e-14
4.426785157344083e-14
4.483861848266798e-14
5.030428720566657e-14
5.193069759348376e-14
4.837236455798123e-14
4.713364969098056e-14
4.260019572285727e-14
3.40276637289083e-14
2.934897115624536e-14
1.926496049397612e-14
1.75369709945544e-14
1.270805429072625e-14
1.004789572555962e-14
5.189041413887941e-15
1.602429830586819e-15
-5.303316097829237e-16
2.678032501943928e-15
4.914735121966413e-15
6.709625809430844e-15
1.768647026430544e-14
2.77051733321766e-14
3.789120423276628e-14
4.15859673684868e-14
3.831672611816186e-14
3.230928446373014e-14
1.75543661517163e-14
2.523897397347581e-15
-9.560404978022746e-15
-2.03744537542251e-14
-2.582008150213526e-14
-2.494432223141458e-14
-2.205980977193404e-14
-1.3033650996969e-14
-7.597941597504522e-15
4.96107336128835e-15
1.716721069265777e-14
2.9119144948712e-14
3.191197439043384e-14
3.255163256887297e-14
2.916265511388322e-14
2.063029699558345e-14
1.433717228372119e-14
8.019861212213908e-15
-1.008313553439797e-16
-1.07673588064455e-14
-2.081439230695184e-14
-3.036678810625981e-14
-3.2011734757871e-14
-2.529698061924785e-14
-1.576126690915953e-14
-5.695501699827827e-15
5.065697050657063e-15
1.416417358205586e-14
2.036258793412557e-14
2.439261076800267e-14
2.916640533973187e-14
2.613831387424403e-14
1.802543428549181e-14
8.510189953984122e-15
-3.555461408517581e-16
-5.227943596885219e-15
-1.030701664632249e-14
-9.847820596357196e-15
-1.275740888077271e-14
-1.696359977993564e-14
-1.699190976347769e-14
-1.686319991874659e-14
-1.454047067534009e-14
-7.735930587737128e-15
4.734755422815544e-16
7.779728575066944e-15
1.398502312878947e-14
1.91912129357823e-14
1.954884874881632e-14
1.722970141939553e-14
1.374450726996167e-14
9.017001308307778e-15
7.234445503881073e-15
4.062509064387304e-15
-6.781438500257724e-16
-1.018934792478096e-14
-1.73671807962028e-14
-1.95210871387773e-14
-1.980836346862856e-14
-1.749249725223678e-14
-1.339850844282969e-14
-7.763144433665278e-15
5.456249536792731e-16
8.278510780464313e-15
1.261563491363015e-14
1.376150876168313e-14
1.236330725211432e-14
1.097830641936387e-14
1.302132808331685e-14
1.411892546730643e-14
1.153113076273525e-14
6.906769364643613e-15
1.836965998990306e-15
-5.25590391406831e-15
-1.143712573548874e-14
-1.609719916671771e-14
