-7.388237842790484e-13
-4.639243276411765e-13
-2.910041261475932e-13
-1.849162599259233e-13
-1.191055838560042e-13
-7.809535488480378e-14
-5.253624482763501e-14
-3.646057893510712e-14
-2.652355109899154e-14
-2.070155320319242e-14
-1.73051207793666e-14
-1.561508582045226e-14
-1.521749690019769e-14
-1.606978605857155e-14
-1.79432674879502e-14
-2.150976246108617e-14
-2.663623645097973e-14
-3.438353316501908e-14
-4.513377381099077e-14
-6.026663606359452e-14
-8.059779556731242e-14
-1.077459396972794e-13
-1.453303513698564e-13
-1.956312492644056e-13
-2.635526965771604e-13
-3.542802248261671e-13
-4.757549001745263e-13
-6.378959312189092e-13
-8.546509478379316e-13
-1.144527140913449e-12
-1.530688335849046e-12
-2.043557820866308e-12
-2.725075053090345e-12
-3.626185729693635e-12
-4.814710416854556e-12
-6.377529303775299e-12
-8.426972051116901e-12
-1.11062132759573e-11
-1.459792127078695e-11
-1.913094881927316e-11
-2.500421431923901e-11
-3.25877331305332e-11
-4.235222957586005e-11
-5.48911060269524e-11
-7.094769493142404e-11
-9.145604216652059e-11
-1.175799938768581e-10
-1.507738737594877e-10
-1.92844032336632e-10
-2.460338468941841e-10
-3.131188725081738e-10
-3.975248465269575e-10
-5.03473503647499e-10
-6.361497662842572e-10
-8.019114409911937e-10
-1.008534417781677e-09
-1.265507842548229e-09
-1.584385710506908e-09
-1.979206592712978e-09
-2.466989434298739e-09
-3.068319160296053e-09
-3.808047169927004e-09
-4.71610909068481e-09
-5.828490263107919e-09
-7.188361288371529e-09
-8.847406671222226e-09
-1.086738459690908e-08
-1.332193996258453e-08
-1.629872544170628e-08
-1.990186638525528e-08
-2.42548186830267e-08
-2.950368976354321e-08
-3.582107131999176e-08
-4.3410472729249e-08
-5.251142597502598e-08
-6.340536366165678e-08
-7.642236962812394e-08
-9.194892040286371e-08
-1.104367484748697e-07
-1.324129671672059e-07
-1.584916266131458e-07
-1.893868707728388e-07
-2.259279076655618e-07
-2.690759908220144e-07
-3.199436782276791e-07
-3.798166158817359e-07
-4.501781568394165e-07
-5.327371190090004e-07
-6.294590515041152e-07
-7.426013836134345e-07
-8.747528813252924e-07
-1.028877861922626e-06
-1.208365668955297e-06
-1.417085936188507e-06
-1.659450218827109e-06
-1.940480609624333e-06
-2.265886012566789e-06
-2.642146771775761e-06
-3.076608417303634e-06
-3.577585328681491e-06
-4.154475152650548e-06
-4.817884880046048e-06
-5.579769619535961e-06
-6.453585442922431e-06
-7.454457317828741e-06
-8.599363246373834e-06
-9.907335873923279e-06
-1.139968290381074e-05
-1.310022771589439e-05
-1.503557166774159e-05
-1.72353796122417e-05
-1.973269023865848e-05
-2.256425291132188e-05
-2.57708927335116e-05
-2.939790563402923e-05
-3.349548532895352e-05
-3.811918405572218e-05
-4.333040902844789e-05
-4.919695660888483e-05
-5.579358620662273e-05
-6.320263595027692e-05
-7.151468219713692e-05
-8.082924492710088e-05
-9.125554107230554e-05
-0.0001029132877996742
-0.0001159335577206517
-0.0001304596879656191
-0.0001466482452096704
-0.000164670049251914
-0.0001847112565949923
-0.0002069745055213563
-0.0002316801241739011
-0.000259067403025358
-0.0002893959328938777
-0.0003229470094650834
-0.0003600251050121741
-0.0004009594077053637
-0.0004461054285873001
-0.0004958466759533816
-0.0005505963971017189
-0.0006107993924947231
-0.0006769339041121853
-0.0007495135713655952
-0.000829089447253788
-0.0009162520751787563
-0.001011633627705759
-0.001115910105352838
-0.001229803590257433
-0.001354084550883021
-0.001489574193039938
-0.001637146853257048
-0.001797732429307836
-0.001972318841077401
-0.002161954516265783
-0.002367750892692069
-0.002590884930223533
-0.002832601624099355
-0.003094216509671389
-0.003377118150512183
-0.003682770598110193
-0.004012715813317552
-0.004368576038304445
-0.004752056105619591
-0.005164945673896837
-0.005609121374901807
-0.006086548859563081
-0.006599284729010575
-0.007149478334105472
-0.007739373431183286
-0.00837130967560545
-0.009047723939049596
-0.009771151434627071
-0.01054422663098489
-0.0113696839426658
-0.01225035817603603
-0.01318918471612852
-0.01418919943785828
-0.01525353832184223
-0.01638543676347499
-0.01758822855363673
-0.01886534451767017
-0.02022031079724349
-0.02165674675602626
-0.02317836250112939
-0.02478895599968632
-0.02649240978112294
-0.02829268721315025
-0.03019382833483468
-0.03219994524428804
-0.03431521702350177
-0.03654388419713855
-0.03889024271902371
-0.04135863747441416
-0.04395345530400814
-0.04667911753713997
-0.04954007203921713
-0.05254078477493865
-0.05568573088233122
-0.05897938527467095
-0.06242621276403238
-0.0660306577214133
-0.06979713328433923
-0.07373001011578306
-0.07783360474457213
-0.08211216748822231
-0.08656986998445919
-0.09121079235281444
-0.09603890999882896
-0.101058080103989
-0.1062720278102832
-0.1116843321381777
-0.1172984116698909
-0.1231175100186087
-0.1291446811396966
-0.1353827744996362
-0.1418344201530075
-0.1485020137686811
-0.1553877016317377
-0.1624933656870245
-0.1698206086459363
-0.1773707392177294
-0.1851447575136199
-0.1931433406527043
-0.2013668286433665
-0.2098152105637868
-0.2184881111091644
-0.2273847775572216
-0.2365040671812897
-0.2458444351898676
-0.2554039232132517
-0.2651801484049066
-0.2751702932078632
-0.285371095813338
-0.2957788413928488
-0.3063893541157911
-0.3171979900159401
-0.3281996307511611
-0.3393886782751442
-0.3507590504972921
-0.3623041779313116
-0.3740170013874635
-0.3858899707422837
-0.3979150447950689
-0.4100836922841858
-0.422386894041676
-0.4348151463121324
-0.4473584652545074
-0.4600063926502125
-0.4727480029241202
-0.4855719113825844
-0.4984662835027724
-0.5114188452717479
-0.5244168950036416
-0.537447317436893
-0.5504965992344152
-0.5635508438518171
-0.5765957856005647
-0.589616805549473
-0.6025989521836109
-0.6155269642567166
-0.6283852928403661
-0.6411581222762033
-0.6538293921463076
-0.6663828214104853
-0.6788019338096664
-0.6910700839209158
-0.7031704837666495
-0.7150862301428601
-0.7268003327541269
-0.7382957429831422
-0.7495553832087301
-0.7605621766042823
-0.7712990773429437
-0.7817491011988905
-0.7918953564179319
-0.8017210748058428
-0.811209642960841
-0.820344633548965
-0.8291098365945595
-0.8374892906627643
-0.8454673138841149
-0.8530285347457034
-0.8601579225427419
-0.8668408174578905
-0.8730629601510246
-0.8788105208181231
-0.8840701276466583
-0.8888288945607049
-0.8930744482221341
-0.8967949541836825
-0.8999791421624781
-0.9026163303709545
-0.9046964488076801
-0.9062100614839623
-0.9071483874953031
-0.9075033209142546
-0.9072674494552451
-0.9064340718368523
-0.9049972138362667
-0.9029516429576431
-0.9002928816975456
-0.8970172193752909
-0.8931217224813748
-0.8886042435585619
-0.8834634285549529
-0.8776987226440777
-0.8713103744995998
-0.8642994390058847
-0.8566677784407526
-0.8484180620885012
-0.8395537642954972
-0.8300791609755183
-0.8199993245647881
-0.8093201174724777
-0.7980481840162317
-0.7861909408840864
-0.7737565661484945
-0.7607539868419724
-0.7471928651494256
-0.7330835832319845
-0.7184372267367924
-0.7032655670353588
-0.6875810422242951
-0.6713967369598283
-0.6547263611536775
-0.6375842275930924
-0.6199852285405342
-0.6019448113614605
-0.5834789532587622
-0.5646041351553495
-0.5453373147932079
-0.5256958991130942
-0.5056977159761772
-0.4853609853110703
-0.4647042897343992
-0.4437465447155103
-0.4225069683529518
-0.4010050508267565
-0.3792605236054541
-0.3572933284642753
-0.3351235863882222
-0.3127715664255139
-0.2902576545498302
-0.2676023226018884
-0.2448260973696579
-0.2219495298760983
-0.1989931649345363
-0.1759775110260166
-0.1529230105605647
-0.1298500105753087
-0.1067787339269527
-0.08372925103029419
-0.06072145219099276
-0.0377750205827519
-0.01490940591300077
0.007856201178295268
0.03050289394611526
0.05301207355578929
0.07536547225027121
0.09754517563553834
0.1195336440538663
0.1413137330174624
0.1628687126755844
0.1841822862939833
0.2052386077242791
0.2260222978468892
0.2465184599726259
0.2667126941890675
0.286591110646057
0.3061403417697416
0.3253475534041816
0.3442004548791897
0.3626873079995587
0.3807969349593237
0.3985187251842766
0.4158426411178084
0.4327592229609075
0.4492595923707375
0.4653354551348294
0.4809791028321918
0.4961834135015544
0.5109418513363084
0.5252484654264106
0.539097887581046
0.5524853292454894
0.5654065775333242
0.5778579904004236
0.5898364909926568
0.6013395612103786
0.6123652345073798
0.6229120879535417
0.6329792335927409
0.6425663091275997
0.651673467972807
0.6603013687024785
0.6684511639275758
0.6761244886380613
0.6833234480422979
0.6900506049483787
0.6963089667127867
0.7021019717927658
0.7074334759370938
0.7123077380461001
0.7167294057408394
0.7207035006703092
0.7242354035987248
0.7273308393061431
0.7299958613252642
0.7322368365493792
0.7340604297390119
0.7354735879629172
0.7364835250033769
0.737097705751514
0.7373238306285175
0.7371698200527723
0.7366437989850673
0.7357540815767856
0.7345091559362196
0.7329176690341727
0.7309884117747211
0.7287303042696902
0.7261523813369313
0.7232637782227458
0.7200737165595967
0.7165914905837435
0.7128264536475631
0.7087880050412988
0.70448557711944
0.6999286227379211
0.6951266030211738
0.690088975488319
0.6848251825476874
0.6793446403496728
0.6736567279985013
0.667770777137225
0.661696061928302
0.6554417894340995
0.6490170903859507
0.6424310103407438
0.6356925012310735
0.6288104133195274
0.6217934875575579
0.6146503483423368
0.6073894966743018
0.6000193037087467
0.5925480046979118
0.5849836933205947
0.5773343163986216
0.5696076690036075
0.5618113899406987
0.5539529575999006
0.5460396861693735
0.5380787222079201
0.5300770415770596
0.5220414467173369
0.5139785642557153
0.5058948429364364
0.4977965518734906
0.4896897791247715
0.4815804305695947
0.4734742290752018
0.4653767139431473
0.4572932406295083
0.4492289807330685
0.4411889222384446
0.4331778700062253
0.4252004464999961
0.4172610927370599
0.4093640694533866
0.4015134584721781
0.3937131642668351
0.385966915708659
0.3782782679905984
0.3706506047220365
0.3630871401792707
0.3555909216984827
0.3481648322020361
0.3408115928526074
0.3335337658304332
0.3263337572198894
0.3192138199939382
0.3121760570880034
0.3052224245571785
0.2983547348114814
0.2915746599179578
0.2848837349606433
0.2782833614508829
0.27177481078152
0.265359227719824
0.2590376339301067
0.2528109315190185
0.2466799065971395
0.240645232851016
0.2347074751209789
0.2288670929777685
0.2231244442923566
0.2174797887939052
0.2119332916112372
0.2064850267946081
0.2011349808117363
0.195883056013749
0.1907290740670494
0.185672779347428
0.1807138422936604
0.1758518627165462
0.1710863730600911
0.1664168416121315
0.1618426756622653
0.1573632246058962
0.152977782990887
0.1486855935046276
0.1444858498997067
0.140377699856592
0.1363602477824207
0.1324325575440773
0.1285936551342487
0.1248425312696132
0.1211781439207246
0.1175994207737472
0.1141052616226412
0.1106945406908775
0.1073661088826243
0.1041187959639274
0.1009514126748296
0.0978627527715929
0.09485159499898417
0.0919167049929783
0.08905683711448875
0.08627073621490668
0.08355713933386204
0.08091477732991392
0.07834237644499545
0.07583865980360502
0.07340234884808225
0.07103216471049212
0.06872682952206581
0.06648506766130544
0.06430560694185664
0.06218717974155479
0.06012852407366971
0.05812838460171033
0.05618551359908264
0.05429867185477975
0.05246662952647831
0.05068816694239874
0.04896207535361745
0.04728715763815919
0.04566222895780858
0.04408611736886318
0.04255766438845734
0.04107572551828317
0.0396391707270338
0.03824688489254491
0.03689776820489516
0.03559073653199762
0.03432472174927653
0.03309867203469435
0.03191155213044074
0.03076234357267236
0.02965004489039602
0.02857367177472423
0.02753225721975281
0.02652485163646657
0.02555052294095543
0.02460835661807512
0.02369745576155248
0.02281694109171283
0.02196595095200654
0.02114364128559627
0.02034918559291261
0.01958177487101779
0.01884061753592859
0.01812493932891883
0.01743398320794557
0.01676700922492541
0.01612329438970173
0.01550213252149289
0.01490283408886749
0.01432472603902984
0.01376715161714628
0.01322947017650827
0.01271105698021788
0.01221130299510934
0.01172961467864942
0.01126541375941996
0.01081813701185543
0.01038723602583761
0.009972176971641608
0.00957244036075622
0.00918752080316289
0.008816926761585598
0.008460180303248955
0.008116816849541334
0.007786384924044865
0.007468445899370759
0.007162573743075253
0.006868354763078403
0.006585387352993117
0.006313281737654059
0.00605165971922659
0.005800154424037204
0.005558410050556167
0.00532608161867074
0.005102834720682026
0.004888345274104107
0.004682299276472578
0.004484392562391008
0.004294330562959111
0.004111828067826486
0.003936608989986424
0.003768406133479753
0.003606960964139628
0.003452023383447776
0.003303351505650817
0.003160711438207968
0.003023877065657269
0.00289262983703113
0.002766758556821792
0.002646059179592612
0.002530334608273533
0.002419394496162938
0.002313055052665662
0.002211138852855682
0.002113474650854546
0.002019897197033333
0.001930247059060723
0.001844370446677793
0.001762119040368787
0.001683349823861937
0.001607924920423189
0.001535711432939515
0.001466581287725088
0.001400411082072206
0.001337081935543925
0.001276479344894322
0.001218493042673108
0.00116301685936132
0.001109948589105997
0.00105918985894022
0.001010646001485264
0.0009642259310720761
0.0009198420232070442
0.0008774099973567989
0.0008368488029878834
0.0007980805088025572
0.0007610301951130275
0.0007256258493549892
0.0006917982645924256
0.0006594809410313
0.0006286099904219878
0.0005991240433127176
0.0005709641591276229
0.0005440737389565742
0.0005183984410645363
0.0004938860989865074
0.0004704866422035946
0.0004481520193181986
0.0004268361236521742
0.0004064947212328213
0.0003870853811347239
0.0003685674080557318
0.0003509017771178486
0.0003340510708296959
0.0003179794181073931
0.0003026524354158071
0.0002880371697989819
0.0002741020439244832
0.0002608168029735859
0.0002481524633530919
0.0002360812632028776
0.0002245766146053445
0.0002136130575024111
0.0002031662152041022
0.0001932127515106376
0.0001837303293471763
0.0001746975708807047
0.0001660940190873184
0.0001579001007112634
0.0001500970905785865
0.0001426670772204006
0.000135592929766374
0.0001288582660728494
0.0001224474220252751
0.0001163454220045327
0.0001105379504611492
0.00010501132456765
9.975246791882046e-05
9.474888521793039e-05
8.998863795166849e-05
8.546032100073479e-05
8.115304015691391e-05
7.705639053629515e-05
7.31604358254956e-05
6.945568826760906e-05
6.593308950154508e-05
6.258399217821913e-05
5.940014238218805e-05
5.637366270864237e-05
5.349703592359578e-05
5.076308928540377e-05
4.816497952075188e-05
4.569617849532724e-05
4.335045943491825e-05
4.112188370254179e-05
3.900478809153819e-05
3.699377267413357e-05
3.508368914700378e-05
3.326962963993166e-05
3.154691603123082e-05
2.991108967259194e-05
2.835790156087546e-05
2.688330293019213e-05
2.548343624137069e-05
2.41546265354443e-05
2.289337317721676e-05
2.169634194610865e-05
2.056035746216816e-05
1.9482395943002e-05
1.845957826180175e-05
1.748916331499701e-05
1.656854169131177e-05
1.569522959348665e-05
1.486686302240347e-05
1.408119225744046e-05
1.333607652522281e-05
1.262947895251548e-05
1.19594617016246e-05
1.13241813515535e-05
1.072188446545245e-05
1.015090336599745e-05
9.609652099297504e-06
9.096622584703336e-06
8.610380914062537e-06
8.149563849428076e-06
7.712875462784723e-06
7.299083930016597e-06
6.907018477079429e-06
6.535566450324534e-06
6.183670539728077e-06
5.850326120250723e-06
5.534578707984952e-06
5.235521548521015e-06
4.952293313622865e-06
4.684075884435455e-06
4.430092274339474e-06
4.189604626752301e-06
3.96191229525392e-06
3.746350035519907e-06
3.542286273276051e-06
3.349121454606053e-06
3.16628646569608e-06
2.99324114359556e-06
2.829472838972892e-06
2.674495075839603e-06
2.527846225964989e-06
2.389088311276266e-06
2.257805802082016e-06
2.133604507877843e-06
2.016110513587342e-06
1.904969170888444e-06
1.799844124259158e-06
1.700416401496322e-06
1.606383556160768e-06
1.517458806751019e-06
1.433370257078133e-06
1.353860148469671e-06
1.278684147604083e-06
1.207610664052227e-06
1.140420197021952e-06
1.076904727674959e-06
1.016867133863361e-06
9.60120623810866e-07
9.064882223327624e-07
8.558022628835941e-07
8.079039102773212e-07
7.626427067957251e-07
7.198761487661869e-07
6.794692602094045e-07
6.412942232500095e-07
6.05229992926414e-07
5.711619522058306e-07
5.389815781408736e-07
5.085861338295072e-07
4.798783590488184e-07
4.527661785685396e-07
4.271624520379414e-07
4.029846975321359e-07
3.801548598944644e-07
3.585990660827247e-07
3.38247418284366e-07
3.190337811681881e-07
3.008955825876729e-07
2.837736203904907e-07
2.676118914418912e-07
2.523574170455496e-07
2.379600959919505e-07
2.24372536717559e-07
2.115499239918303e-07
1.994498667250853e-07
1.880322953387249e-07
1.772593174958645e-07
1.670951061049698e-07
1.575057903765298e-07
1.484593513224129e-07
1.399255273085559e-07
1.318757067292085e-07
1.242828512284562e-07
1.171214011754762e-07
1.103672180330868e-07
1.039974741913336e-07
9.799061346799172e-08
9.232626546897842e-08
8.698517589213898e-08
8.194916331748855e-08
7.720105226096145e-08
7.272460953645988e-08
6.850450716221085e-08
6.452627408485385e-08
6.077623528704805e-08
5.724147962586488e-08
5.390981766443695e-08
5.076974084830782e-08
4.781038199449371e-08
4.502147979891697e-08
4.239334406709048e-08
3.991682929835406e-08
3.758331250054656e-08
3.538463401928411e-08
3.33131065576335e-08
3.136147035001769e-08
2.952287968007756e-08
2.779086800517562e-08
2.615933222652002e-08
2.462251627982602e-08
2.3174989362165e-08
2.181162858363136e-08
2.052759750922322e-08
1.931833585727345e-08
1.817954165669887e-08
1.710715861157706e-08
1.609736049455188e-08
1.514653865892703e-08
1.425128914449262e-08
1.34083997376731e-08
1.261485179210919e-08
1.18677832522161e-08
1.116451142829619e-08
1.0502497965219e-08
9.879346910492695e-09
9.292799764418047e-09
8.740735126859933e-09
8.22114359152027e-09
7.732137031256919e-09
7.271929388810041e-09
6.838845910604112e-09
6.431307017011371e-09
6.047813699384233e-09
5.686974762739493e-09
5.347454628997653e-09
5.028014891467411e-09
4.72747593482134e-09
4.444736784198475e-09
4.178752629579595e-09
3.928542508917491e-09
3.693182114649713e-09
3.471794288935316e-09
3.263564126358677e-09
3.067708675498829e-09
2.883506597106559e-09
2.710265727180185e-09
2.547345660690545e-09
2.394132231994486e-09
2.250052577720548e-09
2.114567184721106e-09
1.987170459895789e-09
1.867383346843365e-09
1.754754178875196e-09
1.648862619571535e-09
1.549303391696086e-09
1.455705295299199e-09
1.367714718301634e-09
1.285000227554414e-09
1.207246729148844e-09
1.134163601140803e-09
1.065468704379415e-09
1.00090396828687e-09
9.402252676492962e-10
8.831955135388722e-10
8.29602927952984e-10
7.792367397898539e-10
7.3190926541751e-10
6.874343937550881e-10
6.456336984137357e-10
6.063554969318951e-10
5.694440041782476e-10
5.347605323346416e-10
5.021697868460177e-10
4.71550497354512e-10
4.427834245705485e-10
4.157569800442717e-10
3.903715635664905e-10
3.66528005693768e-10
3.441358327309793e-10
3.231024310505262e-10
3.033462568100591e-10
2.847955847692823e-10
2.673697053106149e-10
2.510053670674099e-10
2.356339678173206e-10
2.211962261204079e-10
2.076333610489849e-10
1.948959735098189e-10
1.829331033702742e-10
1.716987596711131e-10
1.611451764469599e-10
1.512377350977607e-10
1.419343159327792e-10
1.332008292580025e-10
1.249949867252132e-10
1.172951534805419e-10
1.100685056624444e-10
1.032856255046088e-10
9.692405556775702e-11
9.095204494153189e-11
8.534871502597816e-11
8.009113813480959e-11
7.515613922799852e-11
7.052092619020489e-11
6.616600448151746e-11
6.207730922780726e-11
5.823747861897048e-11
5.463609506166942e-11
5.12524025578537e-11
4.807479596466522e-11
4.509186255713098e-11
4.229216352537105e-11
3.966202366511173e-11
3.719500025971958e-11
3.488589343976563e-11
3.272330836264323e-11
3.06922954782157e-11
2.879172182189576e-11
2.700511676223826e-11
2.533608387138542e-11
2.377036350280734e-11
2.229894023180836e-11
2.091502233929181e-11
1.961955964677176e-11
1.839911777569631e-11
1.725239602743768e-11
1.617269406584252e-11
1.515872900690094e-11
1.420471218360108e-11
1.331241851501449e-11
1.247586862424139e-11
1.169327802722316e-11
1.096142915241045e-11
1.02791691704907e-11
9.644254691406268e-12
9.044028281428861e-12
8.483476803537111e-12
7.959821793469166e-12
7.46582413021977e-12
7.003095294768771e-12
6.564771041289015e-12
6.153692196613948e-12
5.766701855655452e-12
5.401053387473919e-12
5.062999793469737e-12
4.741865614548482e-12
4.441887584324754e-12
4.16042151658732e-12
3.896679147256353e-12
3.649213372917412e-12
3.421832942499001e-12
3.207173623662321e-12
3.007505507900643e-12
2.822040147663662e-12
2.647055197080325e-12
2.489115928148954e-12
2.334590335620751e-12
2.186921867729114e-12
2.046861486112981e-12
1.91442818741184e-12
1.789104527585264e-12
1.671395554097674e-12
1.562380967265308e-12
1.464808247110472e-12
1.377250152293937e-12
1.290660094227356e-12
1.213570355762294e-12
1.139763013165327e-12
1.072461119788235e-12
1.008932116298613e-12
9.464942056692614e-13
8.881167987597414e-13
8.241276707217921e-13
7.654802682684704e-13
7.116281404929051e-13
6.627766364797004e-13
6.181652664253941e-13
5.807680396581789e-13
5.462667180148202e-13
5.121078969973787e-13
4.80375240250433e-13
4.519969072427439e-13
4.275875849776827e-13
4.090868574571792e-13
3.851114810540505e-13
3.661640262959858e-13
3.415471520082741e-13
3.211035484075957e-13
2.972551694923802e-13
2.740827386388301e-13
2.53106510129414e-13
2.338720225859991e-13
2.139223657711974e-13
1.942139137863788e-13
1.774894734533288e-13
1.656497210893134e-13
1.576974871100998e-13
1.503453643437869e-13
1.445309898512135e-13
1.381851174366621e-13
1.344443252216424e-13
1.296295666055943e-13
1.279933648159638e-13
1.228709937989576e-13
1.162882968187728e-13
1.108742468404684e-13
1.024823692590689e-13
9.315441544054227e-14
8.334639199266272e-14
7.078119898737007e-14
6.025164544076145e-14
5.00802468607693e-14
4.16228979388825e-14
3.604841355994076e-14
3.244462494040996e-14
2.818379633424052e-14
2.853690736857307e-14
3.252722190216311e-14
3.920326533506501e-14
4.667590372950275e-14
5.647046103092275e-14
6.323606674728959e-14
6.299018530674311e-14
5.729727060990059e-14
4.8366897540227e-14
3.577237793050407e-14
2.358180446298089e-14
1.240448949538146e-14
1.420396046347688e-15
-6.453164293430994e-15
-9.257894960733104e-15
-7.953254130402772e-15
-4.245938159554605e-15
-1.58791364809053e-15
7.555283029790353e-15
1.562610370703088e-14
2.598140354018646e-14
2.726378522305465e-14
3.064021794728206e-14
3.191005100533845e-14
2.987140958611499e-14
2.663488526733436e-14
1.992816441820321e-14
1.34190188376021e-14
8.180109358631046e-15
-3.705317782801907e-16
-5.351701927767887e-15
-1.082985476309756e-14
-1.467127811115908e-14
-1.450711982282126e-14
-1.485204308212115e-14
