-6.360836968526077e-13
-4.055635449072349e-13
-2.630166953724457e-13
-1.708418699942941e-13
-1.108132992322614e-13
-7.154126511677267e-14
-4.571200747921001e-14
-2.806898698301283e-14
-1.578782838201741e-14
-6.437181493023387e-15
1.197047930390984e-15
8.781965503963289e-15
1.75985517094661e-14
2.860692738277604e-14
4.310695218358653e-14
6.354435179281015e-14
9.226039926665575e-14
1.32406648481713e-13
1.881467141996508e-13
2.65710561253849e-13
3.722608665519888e-13
5.182963363840314e-13
7.172012599495009e-13
9.856082111863795e-13
1.348251795301559e-12
1.834769310824997e-12
2.484709253499339e-12
3.350497369634178e-12
4.49978560439049e-12
6.018708169702853e-12
8.021211109890837e-12
1.065212881657201e-11
1.40972279856743e-11
1.85954354862396e-11
2.444900552353769e-11
3.204491474893302e-11
4.187091609753773e-11
5.454494712170061e-11
7.084644375527388e-11
9.175391284584977e-11
1.184945499033819e-10
1.526058589203839e-10
1.960055570708066e-10
2.510796353940721e-10
3.207938895351807e-10
4.088230427544432e-10
5.197064682632574e-10
6.590456341580005e-10
8.337296791504605e-10
1.052214929543256e-09
1.324856372175861e-09
1.664301806705944e-09
2.085966358039169e-09
2.608595006123347e-09
3.254929195290462e-09
4.052500186072623e-09
5.03456709076553e-09
6.241220313361468e-09
7.720681355915875e-09
9.530837026870152e-09
1.174102516769839e-08
1.443413762187449e-08
1.770906492583072e-08
2.168355198164963e-08
2.649751627236793e-08
3.231690151591827e-08
3.933814096347423e-08
4.77933185000999e-08
5.795612657566765e-08
7.014872968939547e-08
8.474965967391987e-08
1.022028739883044e-07
1.23028143323949e-07
1.478329242344231e-07
1.773259268501052e-07
2.12332575995862e-07
2.538126086447431e-07
3.028800682453651e-07
3.608259777793057e-07
4.291440208326434e-07
5.095595659710699e-07
6.040624328931538e-07
7.149438084381781e-07
8.448377857537828e-07
9.967680164331984e-07
1.174200032947493e-06
1.381099829402218e-06
1.621999353218821e-06
1.902069598000694e-06
2.227202052467647e-06
2.604099322038096e-06
3.040375781543936e-06
3.544669202979753e-06
4.126764334880085e-06
4.797729502434768e-06
5.570067339342819e-06
6.457880822238777e-06
7.477055856764161e-06
8.645461698879025e-06
9.983170554606797e-06
1.151269774222185e-05
1.325926386832903e-05
1.525108079013897e-05
1.751966393167353e-05
2.010017242108846e-05
2.303177870685091e-05
2.635806959875525e-05
3.012748075980722e-05
3.439376674102406e-05
3.921650871109713e-05
4.466166209871409e-05
5.080214640483151e-05
5.771847948342518e-05
6.549945863908436e-05
7.424289089303901e-05
8.40563747855987e-05
9.505813609962881e-05
0.0001073779198510842
0.000121157940870603
0.0001365538952604427
0.0001537360349174843
0.0001728903072483717
0.000194219562062495
0.0002179448275054463
0.0002443066567092834
0.000273566546629753
0.0003060084303746046
0.000341940244596194
0.0003816955745998686
0.0004256353770613767
0.0004741497802932974
0.0005276599620257934
0.0005866201043291787
0.0006515194248304095
0.0007228842829030573
0.0008012803589427816
0.000887314904266332
0.0009816390584974821
0.001084950230714307
0.001197994541229756
0.001321569332056512
0.001456525746772085
0.001603771362443459
0.001764272855270984
0.001939058698876876
0.002129221895951286
0.002335922737361218
0.002560391576219258
0.002803931607668832
0.00306792164365443
0.003353818873920833
0.003663161602365624
0.003997571945005481
0.004358758478982554
0.004748518827046772
0.005168742165007083
0.005621411637749939
0.006108606666486493
0.00663250513441576
0.007195385431213813
0.007799628341345882
0.008447718759066369
0.009142247209539016
0.009885911162002187
0.01068151611219196
0.01153197641783712
0.01244031586863023
0.01340966796804198
0.01444327591328102
0.01554449224884475
0.01671677817812216
0.01796370251489093
0.01928894025183231
0.02069627073538852
0.02218957542230232
0.0237728352051325
0.02545012729120117
0.02722562161440908
0.02910357677518209
0.03108833548597924
0.03318431951526461
0.03539602411977408
0.03772801194894351
0.0401849064252581
0.0427713845826702
0.04549216936512214
0.04835202138314209
0.05135573011868479
0.05450810459301125
0.05781396348671251
0.06127812472556269
0.06490539454049141
0.06870055600037817
0.07266835704631708
0.07681349802460498
0.08114061874493243
0.08565428508376774
0.09035897514187841
0.09525906500043008
0.1003588140812666
0.1056623501508396
0.1111736539997918
0.1168965438178688
0.1228346593251484
0.1289914456725685
0.1353701371641194
0.1419737408438503
0.1488050199758092
0.1558664774913734
0.1631603394236011
0.170688538393202
0.1784526971983473
0.1864541125416871
0.1946937389804182
0.2031721731218641
0.2118896381379936
0.2208459686563587
0.2300405960612057
0.2394725342956182
0.249140366187346
0.2590422303782978
0.2691758089159864
0.2795383155353861
0.2901264847228975
0.3009365615792463
0.3119642925602139
0.3232049171486494
0.33465316047766
0.3463032269939359
0.3581487951652516
0.3701830133015214
0.3823984965321353
0.3947873249485623
0.4073410429952338
0.4200506600935551
0.432906652554215
0.445898966804997
0.4590170239251952
0.4722497255550557
0.4855854611445845
0.499012116579207
0.5125170841902715
0.5260872741247423
0.5397091271332973
0.5533686287089866
0.5670513245725566
0.5807423374902504
0.5944263854161123
0.6080878010579894
0.6217105527029951
0.6352782660523478
0.6487742470311156
0.6621815060844423
0.6754827849295898
0.6886605845956338
0.7016971921642147
0.7145747060135883
0.7272750628665992
0.7397800701940865
0.7520714406920617
0.7641308251084796
0.7759398430867801
0.7874801146211142
0.7987332934829343
0.8096811014814004
0.820305362792221
0.8305880382248596
0.8405112596118038
0.8500573644079302
0.8592089302803368
0.8679488095762039
0.8762601635792875
0.884126496462424
0.8915316889175611
0.8984600313134128
0.9048962563198829
0.9108255709157472
0.91623368766715
0.9211068552501368
0.9254318880849864
0.9291961950355535
0.9323878070995436
0.9349954039851387
0.9370083395519907
0.9384166660047961
0.9392111568119546
0.9393833282906223
0.9389254597642341
0.9378306122800295
0.9360926458001705
0.9337062348595944
0.9306668826513981
0.926970933466952
0.922615583495952
0.917598889924183
0.9119197783378018
0.9055780484171678
0.8985743778794181
0.8909103247004374
0.8825883275740269
0.873611704629213
0.8639846504120042
0.8537122311241271
0.8428003781721067
0.831255880007437
0.8190863722930539
0.8063003264247205
0.7929070364303362
0.7789166043211344
0.7643399238963751
0.7491886630533898
0.7334752446503537
0.7172128259623276
0.7004152768116788
0.6830971564035814
0.6652736889424973
0.646960738091197
0.6281747803193687
0.6089328772274206
0.589252646895951
0.5691522343439717
0.5486502811677856
0.5277658944245094
0.5065186148530588
0.4849283844894377
0.4630155137600806
0.4408006481294942
0.4183047343724272
0.3955489865611309
0.3725548518299432
0.3493439759976737
0.3259381691235594
0.3023593710692399
0.2786296171513759
0.2547710039452553
0.230805655312815
0.2067556887247923
0.1826431819430318
0.1584901401348203
0.134318463477298
0.1101499153168559
0.08600609094203082
0.0619083870241277
0.03787797178245517
0.0139357559250626
-0.009897635584294816
-0.0336018908876583
-0.05715703768000201
-0.08054346870106943
-0.103741966233895
-0.1267337255757532
-0.1495003774507944
-0.1720240093342805
-0.194287185664973
-0.2162729669209546
-0.2379649275414238
-0.259347172678723
-0.2804043537646111
-0.3011216828843312
-0.3214849459473438
-0.3414805146539994
-0.3610953572573949
-0.3803170481172961
-0.3991337760549367
-0.4175343515101928
-0.4355082125131624
-0.4530454294821171
-0.4701367088588031
-0.4867733956050142
-0.5029474745722617
-0.5186515707714887
-0.5338789485661979
-0.5486235098046958
-0.56287979092009
-0.5766429590233384
-0.589908807030881
-0.6026737478587755
-0.6149348077052336
-0.6266896184598766
-0.6379364092685207
-0.6486739972931024
-0.658901777703771
-0.6686197129393671
-0.6778283212888079
-0.6865286648175144
-0.6947223366726616
-0.7024114478062553
-0.7095986131607225
-0.716286937373495
-0.7224800000243786
-0.7281818404633174
-0.7333969422574054
-0.738130217295506
-0.742386989598809
-0.7461729788662174
-0.7494942837944386
-0.7523573652102133
-0.7547690290488011
-0.7567364092256096
-0.7582669504248393
-0.7593683908413682
-0.760048744908899
-0.7603162860424981
-0.7601795294330677
-0.7596472149183571
-0.758728289968675
-0.7574318928153839
-0.7557673357386331
-0.7537440885432318
-0.7513717622434499
-0.7486600929851484
-0.745618926227431
-0.7422582012012338
-0.7385879356722692
-0.7346182110190557
-0.7303591576488653
-0.7258209407670645
-0.7210137465046995
-0.7159477684159966
-0.7106331943610984
-0.705080193801967
-0.6992989055206364
-0.6932994257497718
-0.6870917967164766
-0.6806859956131099
-0.6740919240182373
-0.6673193977713908
-0.6603781372870651
-0.6532777583037925
-0.6460277630767275
-0.6386375320312293
-0.6311163158761406
-0.6234732281578118
-0.6157172382461046
-0.6078571647565898
-0.5999016694201926
-0.5918592513951744
-0.5837382420022126
-0.5755467998731554
-0.5672929065106709
-0.5589843622600353
-0.5506287826854378
-0.5422335953371034
-0.5338060369039258
-0.5253531507385834
-0.5168817847447814
-0.5083985896171738
-0.4999100174267743
-0.491422320548422
-0.4829415509123073
-0.474473559565677
-0.4660239965340833
-0.4575983109743191
-0.4492017516142133
-0.4408393674609636
-0.4325160087621538
-0.4242363282085682
-0.4160047823728238
-0.4078256333799069
-0.3997029507901388
-0.3916406136790574
-0.3836423129032216
-0.3757115535437442
-0.3678516575197628
-0.3600657663582384
-0.3523568441110303
-0.3447276804085608
-0.3371808936370569
-0.3297189342297914
-0.3223440880618395
-0.315058479939362
-0.3078640771741394
-0.3007626932351562
-0.293755991472002
-0.28684548889693
-0.2800325600142397
-0.2733184406890915
-0.2667042320509906
-0.2601909044277599
-0.2537793012988808
-0.2474701432591571
-0.2412640319861524
-0.235161454206702
-0.22916278565868
-0.2232682950396294
-0.2174781479357455
-0.2117924107259774
-0.2062110544568983
-0.2007339586850365
-0.1953609152806062
-0.1900916321880614
-0.1849257371396158
-0.179862781318183
-0.1749022429673402
-0.1700435309440564
-0.1652859882111554
-0.1606288952668544
-0.1560714735091861
-0.1516128885341331
-0.1472522533642516
-0.1429886316058543
-0.138821040533213
-0.1347484540983382
-0.1307698058657263
-0.1268839918704777
-0.1230898733987834
-0.1193862796901946
-0.1157720105615691
-0.1122458389531633
-0.1088065133958061
-0.105452760398945
-0.1021832867596532
-0.09899678179287287
-0.09589191948362734
-0.09286736056126223
-0.08992175449613181
-0.08705374141952657
-0.08426195396780092
-0.08154501905215454
-0.07890155955432943
-0.07633019594890932
-0.07382954785335862
-0.07139823550748456
-0.06903488118405327
-0.066738110531286
-0.06450655384823339
-0.06233884729452281
-0.06023363403592256
-0.05818956532733707
-0.05620530153461323
-0.0542795130966186
-0.05241088142914132
-0.05059809977227952
-0.04883987398315577
-0.04713492327519312
-0.04548198090548831
-0.04387979481187747
-0.0423271282012949
-0.04082276009108907
-0.03936548580480088
-0.03795411742403695
-0.0365874841980211
-0.03526443291225715
-0.03398382821791862
-0.03274455292346611
-0.03154550825021474
-0.03038561405328417
-0.02926380900913547
-0.02817905077100834
-0.02713031609383959
-0.02611660093030179
-0.02513692049933216
-0.02419030932817414
-0.02327582126916437
-0.0223925294926941
-0.02153952645770364
-0.0207159238608655
-0.01992085256564559
-0.01915346251242276
-0.01841292261069123
-0.01769842061436826
-0.01700916298127216
-0.0163443747178759
-0.01570329921044469
-0.01508519804339914
-0.01448935080572514
-0.01391505488640631
-0.01336162525976087
-0.01282839426159627
-0.01231471135687539
-0.01181994289958112
-0.01134347188557293
-0.01088469769921754
-0.01044303585449336
-0.01001791773119678
-0.009608790306771873
-0.009215115884323161
-0.008836371817542849
-0.008472050232988826
-0.008121657750288508
-0.007784715200696184
-0.007460757344462823
-0.007149332587510856
-0.006850002697777704
-0.006562342521673868
-0.006285939700991085
-0.006020394390675819
-0.005765318977646613
-0.005520337801042492
-0.005285086874174736
-0.005059213608473147
-0.004842376539667007
-0.004634245056494681
-0.004434499132039109
-0.004242829058022915
-0.004058935182107642
-0.003882527648418219
-0.00371332614146197
-0.003551059633597279
-0.00339546613613615
-0.003246292454243135
-0.003103293945639925
-0.002966234283304417
-0.002834885222218378
-0.002709026370264636
-0.002588444963209833
-0.002472935643941866
-0.00236230024591501
-0.002256347580906654
-0.002154893231098243
-0.002057759345439085
-0.001964774440395931
-0.001875773205009053
-0.001790596310263696
-0.001709090222811061
-0.001631107022936524
-0.001556504226863315
-0.001485144613289911
-0.001416896054147711
-0.001351631349567111
-0.001289228066950346
-0.001229568384177316
-0.001172538936847503
-0.00111803066957854
-0.001065938691267108
-0.001016162134219859
-0.0009686040171366028
-0.0009231711119032269
-0.0008797738141031413
-0.0008383260172250956
-0.00079874499045963
-0.0007609512600365486
-0.0007248684940268101
-0.0006904233905883581
-0.0006575455695283054
-0.0006261674671547804
-0.0005962242343389879
-0.0005676536376943182
-0.0005403959638492952
-0.0005143939267293892
-0.0004895925777566653
-0.00046593921893217
-0.0004433833186919905
-0.0004218764305192763
-0.0004013721141916629
-0.0003818258596481685
-0.000363195013377495
-0.0003454387072925955
-0.0003285177899546593
-0.0003123947601969581
-0.0002970337029717172
-0.0002824002274103743
-0.0002684614070698086
-0.0002551857222259155
-0.000242543004209875
-0.0002305043817454122
-0.0002190422291338202
-0.0002081301163623061
-0.0001977427609451873
-0.0001878559815747701
-0.0001784466534237053
-0.0001694926651059596
-0.000160972877210271
-0.0001528670823961795
-0.000145155966949332
-0.0001378210738090463
-0.0001308447669858692
-0.0001242101973100149
-0.0001179012694967975
-0.0001119026104970493
-0.0001061995390201047
-0.0001007780362682287
-9.56247178084933e-05
-9.072680654279398e-05
-8.607210673501621e-05
-8.164897906000583e-05
-7.744631664495467e-05
-7.34535220747938e-05
-6.966048528683006e-05
-6.605756240995836e-05
-6.263555539960388e-05
-5.938569252619567e-05
-5.629960967087552e-05
-5.336933234531214e-05
-5.058725848666392e-05
-4.79461419458896e-05
-4.543907667169972e-05
-4.305948152556935e-05
-4.080108576080927e-05
-3.865791509745735e-05
-3.662427837075035e-05
-3.469475476582896e-05
-3.286418158186663e-05
-3.112764249588152e-05
-2.948045634180794e-05
-2.791816637164839e-05
-2.643653002653224e-05
-2.503150912564099e-05
-2.369926043202217e-05
-2.243612662687121e-05
-2.123862769220083e-05
-2.010345270081165e-05
-1.902745196756438e-05
-1.800762950949536e-05
-1.704113588046789e-05
-1.612526127768614e-05
-1.525742899001643e-05
-1.443518912103233e-05
-1.365621260267466e-05
-1.291828547068298e-05
-1.221930339584371e-05
-1.155726647392053e-05
-1.093027423288592e-05
-1.033652088980279e-05
-9.774290790699342e-06
-9.241954111497532e-06
-8.737962701119641e-06
-8.260846143472543e-06
-7.809207996877442e-06
-7.381722211234786e-06
-6.977129698593021e-06
-6.594235086493077e-06
-6.231903580378486e-06
-5.889058031692377e-06
-5.56467608912349e-06
-5.257787522207793e-06
-4.967471637362599e-06
-4.692854837704481e-06
-4.433108300179961e-06
-4.187445753549972e-06
-3.955121361507465e-06
-3.735427716248451e-06
-3.527693921240906e-06
-3.331283756647998e-06
-3.145593966160137e-06
-2.970052574577837e-06
-2.804117329128192e-06
-2.647274202838109e-06
-2.499035968232303e-06
-2.35894084694054e-06
-2.226551213072088e-06
-2.101452372335758e-06
-1.98325139523249e-06
-1.871576000037602e-06
-1.766073514343965e-06
-1.666409867989698e-06
-1.572268626755703e-06
-1.483350098747798e-06
-1.399370459123421e-06
-1.320060960223369e-06
-1.245167132130504e-06
-1.17444804946715e-06
-1.107675622565788e-06
-1.044633952380838e-06
-9.851186669906002e-07
-9.289363507875629e-07
-8.759039598281402e-07
-8.258482732121336e-07
-7.786053917437968e-07
-7.340202399170795e-07
-6.919461065078675e-07
-6.522442079763933e-07
-6.147832738609947e-07
-5.794391413318629e-07
-5.460943789121148e-07
-5.146379247107811e-07
-4.849647746466233e-07
-4.569756344468034e-07
-4.305766388500923e-07
-4.056790347650306e-07
-3.821989256934037e-07
-3.600570145230292e-07
-3.39178355860192e-07
-3.194921113276669e-07
-3.009313336720104e-07
-2.834327683525304e-07
-2.669366462654809e-07
-2.513864996892846e-07
-2.36728979015441e-07
-2.229136868938198e-07
-2.098930151861637e-07
-1.976220021009623e-07
-1.860581769808714e-07
-1.751614413636593e-07
-1.648939222536235e-07
-1.552198576626743e-07
-1.461054847218727e-07
-1.375189304885949e-07
-1.294301023499606e-07
-1.21810593521617e-07
-1.146335912575751e-07
-1.078737862841985e-07
-1.015072860439226e-07
-9.551155527199969e-08
-8.986531516213568e-08
-8.454849170204364e-08
-7.954214477512438e-08
-7.482841291724635e-08
-7.039043841396602e-08
-6.621231655074267e-08
-6.227905109695867e-08
-5.857649838140944e-08
-5.509132115532319e-08
-5.181093415812811e-08
-4.872346899271135e-08
-4.581773628165597e-08
-4.308318449819381e-08
-4.0509868013409e-08
-3.808840839077297e-08
-3.580996364843996e-08
-3.3666202318224e-08
-3.164926334684043e-08
-2.975173747995625e-08
-2.796665643108878e-08
-2.62874384652093e-08
-2.470788972746031e-08
-2.322216901080159e-08
-2.182477422305278e-08
-2.051052079054438e-08
-1.927452142695883e-08
-1.811217904556845e-08
-1.701915716655626e-08
-1.599137402406724e-08
-1.502498375863583e-08
-1.411636075147839e-08
-1.326209289139387e-08
-1.245896710933802e-08
-1.17039604199275e-08
-1.099421744105062e-08
-1.032706131754901e-08
-9.69996622161209e-09
-9.110561262649523e-09
-8.556601911377989e-09
-8.035980383786637e-09
-7.546719118244173e-09
-7.08694239355571e-09
-6.654895732965455e-09
-6.248925493875607e-09
-5.867474207219834e-09
-5.509080691358378e-09
-5.172367215949733e-09
-4.856027682963367e-09
-4.558846871588755e-09
-4.279678050124233e-09
-4.01744181428018e-09
-3.771121748759009e-09
-3.53975701359382e-09
-3.322456364126658e-09
-3.118371813021291e-09
-2.926706328727398e-09
-2.746712175697694e-09
-2.577691925452257e-09
-2.418979551108817e-09
-2.269952787861025e-09
-2.130026344102875e-09
-1.998647130285813e-09
-1.875300087749592e-09
-1.759503168413194e-09
-1.650791376026261e-09
-1.5487384430767e-09
-1.452939540854645e-09
-1.363012188572711e-09
-1.278598112517232e-09
-1.199366656435887e-09
-1.125006391533246e-09
-1.055212841087403e-09
-9.897164072896926e-10
-9.282497502917696e-10
-8.705735611152123e-10
-8.164542246340177e-10
-7.656729863423275e-10
-7.180305860893366e-10
-6.733217220128924e-10
-6.313806632020355e-10
-5.920313325646666e-10
-5.551117858343744e-10
-5.204765686263475e-10
-4.879864424951396e-10
-4.575055412993329e-10
-4.289140154542262e-10
-4.020952052469422e-10
-3.769449206543372e-10
-3.533528603556147e-10
-3.312230740311924e-10
-3.104697274445983e-10
-2.910057884163671e-10
-2.727550784347179e-10
-2.556395181458658e-10
-2.395906942908693e-10
-2.245386312344211e-10
-2.104258491130085e-10
-1.97201759384035e-10
-1.848002753720677e-10
-1.731806753602253e-10
-1.622831683104046e-10
-1.520732014282635e-10
-1.424977828117366e-10
-1.335192378916345e-10
-1.251011288332367e-10
-1.172104901670909e-10
-1.098092877812174e-10
-1.028686428307512e-10
-9.636033099134704e-11
-9.026256161986647e-11
-8.454757590125461e-11
-7.919418253022949e-11
-7.417706683708014e-11
-6.948091210307671e-11
-6.508077129061153e-11
-6.095585896064855e-11
-5.709582698670017e-11
-5.347893710357778e-11
-5.009468588785042e-11
-4.692390518376734e-11
-4.39514251223142e-11
-4.116262318205947e-11
-3.854753241394571e-11
-3.60953360870326e-11
-3.37975946785191e-11
-3.164473319129818e-11
-2.962352305871888e-11
-2.772753682961984e-11
-2.595317730671799e-11
-2.429277424685266e-11
-2.27395985761787e-11
-2.128597955298189e-11
-1.992920378392624e-11
-1.865920748019524e-11
-1.747131630548044e-11
-1.636633173261951e-11
-1.532772416908575e-11
-1.435609044337433e-11
-1.34441233428424e-11
-1.258768804811844e-11
-1.178190083747025e-11
-1.102232945736888e-11
-1.031028695962749e-11
-9.645103172970604e-12
-9.017840328401237e-12
-8.432241727468578e-12
-7.887292742025335e-12
-7.381463538447666e-12
-6.91246074365303e-12
-6.474157234436413e-12
-6.062637066419896e-12
-5.674855386256622e-12
-5.312503925184155e-12
-4.969128072916271e-12
-4.645416448893093e-12
-4.34517278057608e-12
-4.063215304223552e-12
-3.80316340581039e-12
-3.560587519082014e-12
-3.332837152719116e-12
-3.12221071653539e-12
-2.923375043835612e-12
-2.736501277268179e-12
-2.56220974258832e-12
-2.392859613724094e-12
-2.239191530621663e-12
-2.094153640610991e-12
-1.955322171891513e-12
-1.823195448832217e-12
-1.701856028077761e-12
-1.587221735513562e-12
-1.483798437434086e-12
-1.384194231585504e-12
-1.298231464683362e-12
-1.216407451376844e-12
-1.142742215779208e-12
-1.072495980570149e-12
-1.008104819695958e-12
-9.449007787699079e-13
-8.879544495561322e-13
-8.323352892698726e-13
-7.795145418125969e-13
-7.266390926088189e-13
-6.757755349308929e-13
-6.250016012705874e-13
-5.820248711592142e-13
-5.40748014289457e-13
-5.034414257827897e-13
-4.711977925861572e-13
-4.41752514317204e-13
-4.109165380014644e-13
-3.806175038101644e-13
-3.553551460522923e-13
-3.324710515770687e-13
-3.117034425838261e-13
-2.970731074413297e-13
-2.872326616478218e-13
-2.717862362375374e-13
-2.571077054420246e-13
-2.410098007223819e-13
-2.254093616894641e-13
-2.113845875860128e-13
-1.933456370413959e-13
-1.792538627644795e-13
-1.644311298184298e-13
-1.477653090551762e-13
-1.365281221839587e-13
-1.228585054935401e-13
-1.118283749958755e-13
-1.014748996196046e-13
-9.502590947656796e-14
-9.063955796878493e-14
-8.962310203248997e-14
-8.407564035593589e-14
-8.065228301738414e-14
-8.107982247122806e-14
-8.053634115913947e-14
-8.0638988998288e-14
-7.886519737118629e-14
-7.703192991613455e-14
-7.075611788412822e-14
-6.403856206667009e-14
-5.50828962735388e-14
-4.534993831248473e-14
-3.817847882625908e-14
-2.999472360279525e-14
-2.288672547750952e-14
-1.793312690486745e-14
-1.240573702977818e-14
-1.045088829218151e-14
-1.021142190454154e-14
-1.523172582410896e-14
-2.349543397894644e-14
-2.971199984564706e-14
-3.491624062998971e-14
-3.865011070707887e-14
-4.300785412384845e-14
-3.909260682709195e-14
-3.487170602524775e-14
-2.74920104582152e-14
-1.717375245438518e-14
-5.387021277800184e-15
-2.152989299607767e-15
2.365387716799392e-15
6.626479914305472e-15
8.633236224419205e-15
8.798129610868058e-15
3.681518637239056e-15
-2.818701715637134e-15
-1.085741336683907e-14
-1.579727195188758e-14
-1.951850386211793e-14
-1.676123536348849e-14
-1.274473692048787e-14
-1.167931308954923e-14
-1.12177866850974e-14
-1.05741107222679e-14
-9.763910636019645e-15
-8.53563071247474e-15
-6.96949327538223e-15
-1.602826638896342e-15
2.497333086884827e-15
3.19805333323044e-15
3.358277983878861e-15
2.804190913069927e-15
4.544924794978918e-15
3.1197429671963e-15
1.946668871321489e-15
-7.933345611115081e-16
-7.914060854696986e-17
-1.336820927176795e-15
-1.312816148186199e-15
-2.175829996758708e-15
-4.586652798731859e-15
-9.078757719358373e-15
-1.120578190703267e-14
-9.634049539390935e-15
-8.760447368858782e-15
-5.974880573140614e-15
-5.265688222807028e-15
-2.127273595870737e-15
