-3.360090927746945e-12
-2.239453888097589e-12
-1.471410728799185e-12
-9.289223813909662e-13
-5.289655908043337e-13
-2.11180206989021e-13
6.919327013829411e-14
3.488310519667074e-13
6.604121129513798e-13
1.037229120108759e-12
1.517821366140089e-12
2.147728460146673e-12
2.984232061226272e-12
4.101162883715731e-12
5.593712266033572e-12
7.585718056226962e-12
1.023688495228201e-11
1.375650118001861e-11
1.841246000087372e-11
2.455186369781293e-11
3.261960669085815e-11
4.31878287057717e-11
5.698133779412215e-11
7.492740817210795e-11
9.819928917533116e-11
1.282789488605075e-10
1.670373571233927e-10
2.168250909684487e-10
2.805876944049875e-10
3.620082263418159e-10
4.65676313392774e-10
5.972999102457285e-10
7.639580844339676e-10
9.744064544370248e-10
1.239451809455506e-09
1.572395599153289e-09
1.989576357603214e-09
2.511012319444685e-09
3.16117908995849e-09
3.96993259229797e-09
4.973615248391605e-09
6.216368036598556e-09
7.751691860669193e-09
9.644294436417697e-09
1.197227735785464e-08
1.482971139429774e-08
1.832966582898372e-08
2.260776601209412e-08
2.782635708363019e-08
3.41793556459158e-08
4.189790901869493e-08
5.125695038798294e-08
6.258280169517597e-08
7.626199248351594e-08
9.275147052736555e-08
1.125903672213951e-07
1.364135470820654e-07
1.649671720322259e-07
1.991265429222549e-07
2.39916518720448e-07
2.885348361685605e-07
3.463786981512472e-07
4.150750149738293e-07
4.965147665559268e-07
5.928919476416928e-07
7.067476455069665e-07
8.410198314821749e-07
9.990995094451873e-07
1.184893924492711e-06
1.402897600234265e-06
1.658272034850331e-06
1.956934966627492e-06
2.305660192776033e-06
2.712189007727407e-06
3.185354412705969e-06
3.735219345848752e-06
4.373230260986505e-06
5.112387498593283e-06
5.967433954718307e-06
6.955063701034312e-06
8.094152309783457e-06
9.406010755583206e-06
1.091466485795879e-05
1.264716236766308e-05
1.463390990464113e-05
1.690904205447162e-05
1.951082507735182e-05
2.248209775218188e-05
2.587075201078603e-05
2.973025608829221e-05
3.412022300716275e-05
3.910702728187018e-05
4.476447276666573e-05
5.117451461653064e-05
5.842803829676808e-05
6.662569858390926e-05
7.587882139371951e-05
8.631037117113054e-05
9.805598640379188e-05
0.0001112650855734053
0.0001261020456001684
0.0001427474546537907
0.0001613994441056049
0.0001822751115811247
0.000205612033843852
0.0002316698696937796
0.0002607320552133203
0.0002931075936466797
0.0003291329419932622
0.000369173996097978
0.0004136281757442207
0.000462926610890706
0.000517536429826148
0.0005779631495570709
0.0006447531683149493
0.0007184963595167169
0.0007998287659357816
0.0008894353922566693
0.0009880530934629032
0.001096473555799028
0.00121554636623696
0.001346182165514512
0.001489355878890315
0.001646110017741835
0.001817558044076121
0.00200488778887881
0.002209364914302337
0.002432336412650009
0.002675234142860507
0.002939578385974914
0.003226981402620071
0.003539150977428949
0.003877893934236076
0.004245119604469377
0.004642843229690668
0.005073189277699965
0.005538394650003601
0.006040811756826726
0.006582911434696419
0.007167285688089571
0.007796650305983388
0.008473847357482689
0.009201847465813952
0.009983751763563945
0.01082279353859187
0.01172233959120368
0.01268589128636089
0.01371708525143188
0.01481969369310462
0.01599762430270005
0.0172549197339724
0.01859575662950011
0.02002444416102382
0.02154542206982843
0.02316325817165427
0.02488264531052482
0.02670839774027622
0.02864544690252925
0.03069883659587072
0.03287371750257038
0.03517534106503331
0.0376090526979092
0.04018028430999931
0.04289454614325132
0.04575741790049868
0.04877453916649415
0.05195159911911382
0.05529432551346378
0.05880847296250852
0.06249981049446433
0.06637410840752976
0.07043712443311591
0.07469458920203514
0.0791521910580794
0.08381556020923971
0.088690252254746
0.09378173111531343
0.09909535137527892
0.104636340104586
0.1104097781613447
0.1164205810324032
0.1226734792561739
0.1291729984495986
0.1359234390291088
0.142928855637172
0.1501930363526621
0.1577194817452846
0.16551138380531
0.173571604857504
0.1819026564791743
0.1905066785182102
0.1993854182836359
0.2085402099463372
0.2179719542755666
0.2276810987332585
0.2376676180324511
0.2479309952387892
0.258470203455288
0.2692836882280054
0.2803693506892667
0.2917245315467014
0.3033459959963473
0.3152299195967448
0.3273718752474951
0.3397668212752983
0.3524090907312487
0.365292381969169
0.3784097505280514
0.3917536024548731
0.4053156890532627
0.4190871031527948
0.4330582769529508
0.4472189814425195
0.4615583275171191
0.4760647687546836
0.4907261059267193
0.5055294932766495
0.5204614465356606
0.5355078527731912
0.5506539820157063
0.5658845006936508
0.5811834869209845
0.5965344475415619
0.6119203370120426
0.6273235780231382
0.6427260838927112
0.658109282704714
0.6734541430966582
0.688741201739411
0.7039505923765252
0.7190620764232933
0.7340550750695176
0.7489087027645945
0.7636018021078783
0.7781129799775433
0.7924206448687495
0.8065030453586014
0.8203383095520109
0.8339044855070635
0.8471795824509845
0.8601416127353124
0.8727686344279187
0.8850387943865601
0.896930371808937
0.9084218220407596
0.9194918205407319
0.9301193068895673
0.9402835287455851
0.9499640858243112
0.9591409735598562
0.9677946259956997
0.9759059578125587
0.9834564062285163
0.990427974134072
0.9968032725845206
1.002565558849118
1.007698769916546
1.012187556314664
1.016017321096347
1.01917425906744
1.02164539108567
1.023418593198489
1.024482624289646
1.024827154021544
1.024442789506417
1.023321099728693
1.021454637614266
1.018836960041648
1.015462645953107
1.011327312345466
1.006427628066094
1.000761325376583
0.9943272092488816
0.987125164449426
0.9791561603196032
0.9704222532703013
0.9609265869869472
0.950673390315645
0.9396679728977926
0.9279167185119428
0.9154270761766952
0.9022075490424933
0.8882676810736845
0.8736180416078012
0.8582702077926037
0.8422367449862843
0.8255311851765098
0.8081680034449225
0.7901625925793059
0.771531235870565
0.7522910782022083
0.7324600955105955
0.7120570626681424
0.6911015199056916
0.6696137378356343
0.6476146811926408
0.6251259713865067
0.6021698479440124
0.5787691289666514
0.5549471706778137
0.5307278261756289
0.5061354034946388
0.4811946230691127
0.4559305747254195
0.4303686742839125
0.404534619881649
0.3784543481197474
0.3521539901334814
0.3256598277045817
0.2989982494957394
0.2721957075097813
0.2452786738696975
0.218273598010022
0.1912068643808331
0.1641047507433353
0.1369933871480595
0.1098987156770141
0.08284645102479408
0.05586204199883639
0.0289706340077594
0.002197032608822646
-0.02443433182139234
-0.05089943823261723
-0.07717470780635964
-0.1032370355689978
-0.129063820664169
-0.1546329952408017
-0.1799230519152987
-0.2049130697764633
-0.2295827388982572
-0.2539123833342712
-0.2778829825711659
-0.3014761914208351
-0.3246743583460572
-0.3474605422020621
-0.3698185273893715
-0.3917328374159029
-0.4131887468668732
-0.4341722917980536
-0.4546702785530116
-0.4746702910242583
-0.4941606963757381
-0.5131306492376045
-0.5315700944031393
-0.5494697680467666
-0.566821197503004
-0.5836166996392761
-0.5998493778463782
-0.6155131176925112
-0.6306025812706597
-0.6451132002899131
-0.6590411679547983
-0.6723834296681063
-0.6851376726150088
-0.6973023142655717
-0.7088764898532384
-0.7198600388805595
-0.7302534906944934
-0.7400580491954326
-0.749275576721308
-0.7579085771701871
-0.7659601784154181
-0.7734341140566796
-0.7803347045717175
-0.7866668379112552
-0.7924359495968174
-0.7976480023749055
-0.8023094654743074
-0.8064272935319469
-0.8100089052259751
-0.8130621616768267
-0.815595344665728
-0.8176171347047323
-0.8191365890094051
-0.8201631194167107
-0.8207064703103205
-0.8207766965968737
-0.8203841417593298
-0.8195394160348713
-0.818253374748065
-0.8165370968423603
-0.8144018636458578
-0.8118591379043738
-0.8089205431314428
-0.8055978432876214
-0.8019029228119927
-0.797847767033306
-0.7934444429928582
-0.788705080721549
-0.7836418549745028
-0.7782669674412666
-0.7725926294499782
-0.7666310451815174
-0.7603943954192027
-0.7538948218372694
-0.7471444118423839
-0.7401551839786886
-0.7329390739027941
-0.7255079209466361
-0.7178734552628917
-0.7100472855591894
-0.7020408874236392
-0.6938655922396076
-0.6855325766955896
-0.6770528528839682
-0.6684372589947229
-0.6596964506000026
-0.6508408925160086
-0.6418808512393568
-0.6328263879481074
-0.6236873520646166
-0.614473375371676
-0.6051938666698965
-0.5958580069726692
-0.5864747452217074
-0.5770527945162129
-0.5676006288432862
-0.5581264802891506
-0.5486383367169565
-0.5391439399003782
-0.5296507841119077
-0.5201661151506994
-0.5106969297809105
-0.5012499755611383
-0.4918317510555085
-0.4824485064243744
-0.4731062443782774
-0.4638107214666539
-0.4545674496815162
-0.4453816983659257
-0.4362584964236202
-0.4272026348136068
-0.4182186693019639
-0.4093109234515264
-0.4004834918395118
-0.3917402434981652
-0.3830848255631683
-0.3745206671058083
-0.366050983132599
-0.357678778740865
-0.3494068534219754
-0.341237805498642
-0.3331740366796725
-0.3252177567214161
-0.3173709881809634
-0.3096355712485586
-0.3020131686477843
-0.2945052705939497
-0.287113199803849
-0.2798381165418402
-0.2726810236903634
-0.2656427718354397
-0.2587240643597546
-0.2519254625380485
-0.2452473906222237
-0.238690140905621
-0.232253878759161
-0.2259386476351441
-0.2197443740358563
-0.213670872435952
-0.2077178501502235
-0.2018849121412914
-0.1961715657633827
-0.1905772254390367
-0.1851012172625468
-0.1797427835267808
-0.1745010871693289
-0.1693752161330689
-0.1643641876381638
-0.1594669523623592
-0.1546823985273275
-0.1500093558888297
-0.1454465996291875
-0.1409928541521408
-0.1366467967763713
-0.1324070613251367
-0.1282722416112211
-0.1242408948179818
-0.1203115447776063
-0.1164826851444712
-0.1127527824626
-0.1091202791274877
-0.1055835962434235
-0.1021411363778376
-0.09879128621218312
-0.09553241908977107
-0.09236289746156118
-0.08928107523128644
-0.08628530000180336
-0.08337391522324711
-0.08054526224438445
-0.07779768226863407
-0.07512951821656275
-0.07253911649694411
-0.07002482868778118
-0.06758501312904321
-0.06521803642914711
-0.06292227488722478
-0.06069611583364346
-0.05853795889035524
-0.05644621715312299
-0.0544193182977645
-0.05245570561257069
-0.05055383895929208
-0.04871219566463327
-0.04692927134439753
-0.04520358066247146
-0.0435336580270347
-0.04191805822642117
-0.04035535700652403
-0.03884415159178446
-0.03738306115191962
-0.0359707272165476
-0.03460581403992075
-0.03328700891767689
-0.03201302245762391
-0.03078258880658553
-0.02959446583534212
-0.02844743528383962
-0.02734030286832773
-0.02627189835209224
-0.02524107558172752
-0.02424671249082856
-0.0232877110730869
-0.02236299732620665
-0.02147152116825431
-0.02061225632801419
-0.01978420021101843
-0.01898637374272935
-0.01821782119034087
-0.01747760996462731
-0.01676483040318784
-0.01607859553650391
-0.01541804083811675
-0.01478232396008818
-0.01417062445495957
-0.01358214348525546
-0.01301610352178205
-0.01247174803168139
-0.01194834115730039
-0.01144516738684001
-0.01096153121776659
-0.0104967568137646
-0.01005018765618838
-0.009621186190735109
-0.009209133470238471
-0.008813428794306093
-0.008433489346333631
-0.008068749828642294
-0.00771866209631933
-0.007382694790467416
-0.007060332971420336
-0.00675107775235535
-0.00645444593377127
-0.006169969639362413
-0.00589719595369388
-0.005635686562178548
-0.005385017393605241
-0.005144778265674984
-0.004914572533807325
-0.004694016743490319
-0.004482740286496213
-0.004280385061175299
-0.004086605137197558
-0.003901066424756103
-0.003723446348611665
-0.003553433526986854
-0.003390727455579012
-0.003235038196803611
-0.003086086074382757
-0.002943601373361638
-0.002807324045651364
-0.00267700342120672
-0.00255239792487084
-0.002433274799011363
-0.00231940983183944
-0.002210587091573591
-0.002106598666376169
-0.002007244410137296
-0.001912331694075715
-0.001821675164107994
-0.001735096504036583
-0.001652424204466783
-0.001573493337472017
-0.001498145336906841
-0.001426227784386441
-0.00135759420082593
-0.001292103843502103
-0.001229621508562529
-0.001170017338924845
-0.001113166637482308
-0.001058949685558486
-0.001007251566535713
-0.0009579619945433658
-0.0009109751481721782
-0.0008661895090710006
-0.0008235077053697487
-0.0007828363598291008
-0.0007440859426479715
-0.0007071706288165583
-0.0006720081598806118
-0.0006385197101052107
-0.000606629756897142
-0.0005762659553803602
-0.000547359017062954
-0.0005198425924656468
-0.0004936531576542341
-0.0004687299045025274
-0.0004450146347247185
-0.0004224516574322546
-0.0004009876902387885
-0.0003805717637946425
-0.0003611551295694246
-0.0003426911709452591
-0.0003251353174057731
-0.0003084449617825595
-0.0002925793804662633
-0.0002774996565174881
-0.0002631686055522575
-0.0002495507043417745
-0.0002366120220539356
-0.0002243201540124926
-0.0002126441579858232
-0.0002015544928120078
-0.0001910229593777898
-0.0001810226438305269
-0.0001715278629706439
-0.0001625141117403303
-0.0001539580127492867
-0.0001458372677515061
-0.0001381306110516311
-0.0001308177647224799
-0.0001238793956001339
-0.0001172970740076544
-0.0001110532340998929
-0.0001051311358403817
-9.951482848900992e-05
-9.418911558867325e-05
-8.913952138023102e-05
-8.435225857086132e-05
-7.981419748185013e-05
-7.551283643505772e-05
-7.143627339777905e-05
-6.7573178786306e-05
-6.39127694470719e-05
-6.044478370745484e-05
-5.715945748266637e-05
-5.40475014525154e-05
-5.110007913828667e-05
-4.830878598904464e-05
-4.56656293225839e-05
-4.316300916827907e-05
-4.079369992116071e-05
-3.855083281668047e-05
-3.642787915716582e-05
-3.441863428243355e-05
-3.251720226503902e-05
-3.071798125288178e-05
-2.901564949653324e-05
-2.740515198772293e-05
-2.58816876968113e-05
-2.444069738428712e-05
-2.307785198336739e-05
-2.178904146587011e-05
-2.057036427718804e-05
-1.94181171948545e-05
-1.832878567802393e-05
-1.729903468050294e-05
-1.632569985650896e-05
-1.540577918129402e-05
-1.453642497086525e-05
-1.371493627565055e-05
-1.293875162505612e-05
-1.220544209993105e-05
-1.151270475583205e-05
-1.085835633863411e-05
-1.024032731828146e-05
-9.656656180729871e-06
-9.105484003275067e-06
-8.585049294527466e-06
-8.093683083673074e-06
-7.629804224621457e-06
-7.191914964963026e-06
-6.778596688618645e-06
-6.38850589586131e-06
-6.02037035580082e-06
-5.672985483818197e-06
-5.345210839293382e-06
-5.035966847065347e-06
-4.74423165360204e-06
-4.469038144529635e-06
-4.209471124554995e-06
-3.964664601559504e-06
-3.733799244446879e-06
-3.516099940719064e-06
-3.310833495680691e-06
-3.117306431680054e-06
-2.934862926649268e-06
-2.762882812477113e-06
-2.600779700110731e-06
-2.447999197516069e-06
-2.304017216754678e-06
-2.168338373137895e-06
-2.040494452346758e-06
-1.920042974826203e-06
-1.806565820318308e-06
-1.699667925935467e-06
-1.598976040411395e-06
-1.504137577704136e-06
-1.414819483507431e-06
-1.330707196235286e-06
-1.251503644498805e-06
-1.176928310196217e-06
-1.106716314330689e-06
-1.040617595929494e-06
-9.783960808602431e-07
-9.198289242068387e-07
-8.647058034306131e-07
-8.128282218560343e-07
-7.640088518029144e-07
-7.180709549469052e-07
-6.748477687414596e-07
-6.341819755867283e-07
-5.959251650282551e-07
-5.599373514784278e-07
-5.260865100450162e-07
-4.942481349825372e-07
-4.643048111465817e-07
-4.361458372465215e-07
-4.096668422251788e-07
-3.847694212187564e-07
-3.613608299680439e-07
-3.39353636606881e-07
-3.186654566798721e-07
-2.99218634710672e-07
-2.809399985761841e-07
-2.637606056512185e-07
-2.476155062272526e-07
-2.324435048500706e-07
-2.181869563450882e-07
-2.047915641522669e-07
-1.922061984418414e-07
-1.803826978265658e-07
-1.692757117196712e-07
-1.588425425846946e-07
-1.490429882766477e-07
-1.398392034962566e-07
-1.311955537298213e-07
-1.230784980195874e-07
-1.154564695268691e-07
-1.082997637223858e-07
-1.015804182679774e-07
-9.527212443012121e-08
-8.935012659584294e-08
-8.379113974611399e-08
-7.85732524023609e-08
-7.367586001810314e-08
-6.907957016674193e-08
-6.476614951807663e-08
-6.071845989304757e-08
-5.692037181645315e-08
-5.335672599848408e-08
-5.001326227552261e-08
-4.687657345835261e-08
-4.393405973861468e-08
-4.117387312668891e-08
-3.858487660346117e-08
-3.61566031841834e-08
-3.387921849517092e-08
-3.174346845422223e-08
-2.974067650214276e-08
-2.786267355094474e-08
-2.61017900398978e-08
-2.445082681784128e-08
-2.290300950703179e-08
-2.145199402757266e-08
-2.009180197772424e-08
-1.881682799704821e-08
-1.762179964111046e-08
-1.650177680303495e-08
-1.545210738215295e-08
-1.446843033459487e-08
-1.354664425412009e-08
-1.26829124420018e-08
-1.187362106307357e-08
-1.111538452841679e-08
-1.040501859228209e-08
-9.739545760634546e-09
-9.116154537527479e-09
-8.53222197731917e-09
-7.98528153509033e-09
-7.473014625829578e-09
-6.993253518351809e-09
-6.543952247504037e-09
-6.123207525436711e-09
-5.729228845175595e-09
-5.360333334008652e-09
-5.014946355144155e-09
-4.691580470361105e-09
-4.388849435043632e-09
-4.105451150074886e-09
-3.840158876177369e-09
-3.59183602820679e-09
-3.35940627608541e-09
-3.141869153977463e-09
-2.938272794589532e-09
-2.747737184189327e-09
-2.569435197347747e-09
-2.402595187395918e-09
-2.24647899827416e-09
-2.100407438607298e-09
-1.963741525248383e-09
-1.835879906103017e-09
-1.716261612714539e-09
-1.604366233188098e-09
-1.499695419944289e-09
-1.401787835167599e-09
-1.310217639911191e-09
-1.224575654488472e-09
-1.144479787933077e-09
-1.069573820927988e-09
-9.995309777525811e-10
-9.340288891151417e-10
-8.727824016447649e-10
-8.155181248372608e-10
-7.619780671225932e-10
-7.119191622477621e-10
-6.651187282288732e-10
-6.213657661567605e-10
-5.804629881825777e-10
-5.422290275425272e-10
-5.064948302279534e-10
-4.730954237010352e-10
-4.418805757545414e-10
-4.127085871067317e-10
-3.854478151007893e-10
-3.59972285342067e-10
-3.361703114472372e-10
-3.139289450699e-10
-2.93148733781329e-10
-2.737309416885205e-10
-2.555874693602474e-10
-2.386374587219365e-10
-2.227986236480533e-10
-2.080052663590381e-10
-1.941867366803414e-10
-1.81273852031423e-10
-1.692176621714491e-10
-1.579557891541761e-10
-1.47440460812631e-10
-1.376166708261896e-10
-1.284467783245447e-10
-1.198764597814639e-10
-1.118772036913354e-10
-1.044091312936191e-10
-9.743748158372442e-11
-9.092806689444734e-11
-8.484925611390453e-11
-7.917363360978803e-11
-7.387661549857589e-11
-6.89308143055921e-11
-6.431455299805238e-11
-6.000105817036274e-11
-5.597446814588838e-11
-5.221474737206495e-11
-4.870355075443544e-11
-4.543153226478038e-11
-4.237317633915797e-11
-3.952400062537102e-11
-3.687153665980473e-11
-3.439554449691757e-11
-3.208573742867649e-11
-2.992710458432958e-11
-2.791037607439279e-11
-2.602906837229631e-11
-2.42676214260746e-11
-2.262701728331459e-11
-2.109558842980366e-11
-1.966850251999105e-11
-1.833898694013992e-11
-1.709637772784113e-11
-1.593988109432651e-11
-1.486130706852739e-11
-1.385387452318537e-11
-1.291732050080498e-11
-1.204092696776112e-11
-1.122719981604112e-11
-1.046747304657829e-11
-9.759844938897231e-12
-9.103950587968486e-12
-8.487939323553786e-12
-7.914251993423459e-12
-7.374387986208052e-12
-6.872714111639372e-12
-6.399414137416342e-12
-5.954037679079422e-12
-5.545262459676093e-12
-5.163627606678185e-12
-4.808321572603726e-12
-4.477354658937719e-12
-4.175153684351846e-12
-3.894066808763421e-12
-3.63367222429504e-12
-3.393598958864605e-12
-3.168907103052464e-12
-2.9549281493673e-12
-2.754917925614201e-12
-2.565055027696612e-12
-2.387060218018817e-12
-2.221892670656566e-12
-2.067701551771034e-12
-1.918480574434283e-12
-1.778765663763764e-12
-1.652888333494689e-12
-1.53842420254456e-12
-1.431869080918425e-12
-1.336591847549366e-12
-1.24777043229092e-12
-1.167015817652318e-12
-1.092101673606612e-12
-1.020995757298856e-12
-9.550237599597314e-13
-8.878324694577421e-13
-8.285986760638385e-13
-7.705312852149758e-13
-7.155796027363567e-13
-6.631248880031449e-13
-6.13123649843732e-13
-5.666633309068566e-13
-5.219380325725829e-13
-4.868701248896627e-13
-4.541074096662915e-13
-4.263902696110765e-13
-3.963886123750938e-13
-3.751607942231862e-13
-3.547230302050648e-13
-3.312006916149485e-13
-3.076044650080351e-13
-2.822471420209357e-13
-2.603194082216386e-13
-2.382448031474746e-13
-2.209649172813393e-13
-2.037503478569433e-13
-1.925981268467916e-13
-1.822065053823561e-13
-1.699557948958573e-13
-1.569298948329548e-13
-1.466152359535502e-13
-1.426906402378392e-13
-1.348258722399833e-13
-1.269089277312277e-13
-1.144451201379805e-13
-1.022812337858418e-13
-9.284464803459863e-14
-8.664728119216906e-14
-7.595526085180409e-14
-6.855336725320638e-14
-6.327933391476857e-14
-5.94397232243531e-14
-5.52751004983274e-14
-5.519987444579725e-14
-5.325881753138923e-14
-5.104325626176654e-14
-5.272038225360926e-14
-5.29918064052275e-14
-5.185581156717395e-14
-4.724738201349425e-14
-4.391375995877614e-14
-3.956479409749254e-14
-3.125566546097157e-14
-2.408011916852205e-14
-1.705039033736833e-14
-1.016927562111304e-14
-1.08660864898849e-14
-1.159904836567209e-14
-1.096933795023574e-14
-1.238207326103581e-14
-1.352347448614179e-14
-1.471101924608228e-14
-1.897930410616861e-14
-2.071401662240687e-14
-2.758609347166471e-14
-2.546339839985558e-14
-2.324545638410076e-14
-1.553338582671749e-14
-1.24812966325067e-14
-1.018330338735445e-14
-4.632252973981923e-15
-1.099586734224189e-15
1.959698538475404e-15
5.741339695051656e-15
6.544339487405428e-15
5.819998480301778e-15
4.307166415373961e-15
-1.325326710824543e-15
-5.057294860586072e-15
-1.198715274412032e-14
-1.277466536857609e-14
-1.638406802014618e-14
-1.935690024796615e-14
-1.915652980132352e-14
-1.266481174885625e-14
-8.855923805794153e-15
-1.153128273094426e-15
6.379160660367451e-15
1.459139728541419e-14
1.717925195307783e-14
1.46081364592054e-14
1.087190267684089e-14
2.341416370495588e-15
-1.724406382905307e-15
-5.052371106517566e-15
-8.948269352429649e-15
-1.224685296665083e-14
-1.48078070317715e-14
-1.606988705230064e-14
-1.624666668627357e-14
-1.005223181078353e-14
-4.971744213947317e-15
1.322256056820168e-15
1.253385087057425e-14
1.740572495178541e-14
2.007078584669186e-14
1.829187210492669e-14
9.756209819159508e-15
1.106642020129845e-15
-3.629382970109821e-15
-9.243627696708354e-15
-1.304957769030651e-14
-1.569458407405135e-14
-1.554174544527211e-14
-1.102903875832724e-14
-8.990497956071566e-15
-5.233126051651022e-15
2.540360497441331e-15
7.141515714051675e-15
1.193574715432363e-14
1.307359404052127e-14
1.313210254033931e-14
1.153969403370739e-14
8.281400181450232e-15
4.723222113717887e-15
-7.877687194727606e-16
-5.116152287518747e-15
-9.446080595679092e-15
-1.02268294998513e-14
-1.17134624109724e-14
-1.266283067952176e-14
-1.102032222168555e-14
-3.736704127826601e-15
1.609418123296763e-15
1.380211549346665e-15
4.335371430213596e-15
5.27211638144381e-15
4.685199892525623e-15
5.177574789338215e-15
9.021991764033236e-15
1.148142966857116e-14
1.154184420421466e-14
7.664696902738342e-15
5.615577854128562e-15
-5.68108812928284e-17
-6.270175098844282e-15
-1.267069113979858e-14
-1.40353096602475e-14
-1.750297906228141e-14
-1.419626780130908e-14
-1.000664985108821e-14
-1.042273466029856e-14
-7.318535819207637e-15
2.952697840151591e-15
1.114117450367883e-14
1.676490011140001e-14
2.375620270786172e-14
2.427131047464484e-14
