-7.584664624566478e-13
-6.902467166030197e-13
-7.206680540245336e-13
-8.415714733751303e-13
-1.062663334276531e-12
-1.405349651001867e-12
-1.903447309900248e-12
-2.605785752867612e-12
-3.579258483762082e-12
-4.915648838441825e-12
-6.7369802727264e-12
-9.205100461409461e-12
-1.253455870262832e-11
-1.700516723976483e-11
-2.298552966109066e-11
-3.095307988280907e-11
-4.152796951510737e-11
-5.551187510931962e-11
-7.393759343651357e-11
-9.812778367640029e-11
-1.297768261143139e-10
-1.710435045078801e-10
-2.246689559151945e-10
-2.941255559171731e-10
-3.837967730134906e-10
-4.992009303176343e-10
-6.47260514159223e-10
-8.366402070224385e-10
-1.078151324254924e-09
-1.385248357026527e-09
-1.774628529847455e-09
-2.266963280254679e-09
-2.887774285114391e-09
-3.668497479319899e-09
-4.647758113524531e-09
-5.872904537059981e-09
-7.401839573583289e-09
-9.305214509899837e-09
-1.166904233011668e-08
-1.459780891467325e-08
-1.821816415566651e-08
-2.268329340063848e-08
-2.817809246219134e-08
-3.492525386281843e-08
-4.319244856747258e-08
-5.330073740482371e-08
-6.563442233537944e-08
-8.065256310936155e-08
-9.890237103998324e-08
-1.210347757232719e-07
-1.478224468624668e-07
-1.801805958791808e-07
-2.191909613225642e-07
-2.661295154662266e-07
-3.224983580582126e-07
-3.900623149699221e-07
-4.70890850569914e-07
-5.67405968697142e-07
-6.824368516310974e-07
-8.192820540065124e-07
-9.817801724299918e-07
-1.174389974569072e-06
-1.402281096211766e-06
-1.671436497929418e-06
-1.988767990995756e-06
-2.362246267358293e-06
-2.801046974506576e-06
-3.315714537604865e-06
-3.918345548837458e-06
-4.622793693059937e-06
-5.444898361758836e-06
-6.402739236399259e-06
-7.51691931754348e-06
-8.810879049656898e-06
-1.031124436978015e-05
-1.204821171928652e-05
-1.405597322775007e-05
-1.63731854863199e-05
-1.904348543225087e-05
-2.211605720014025e-05
-2.564625395987925e-05
-2.969627897186755e-05
-3.43359302488568e-05
-3.96434134379102e-05
-4.570622767778656e-05
-5.26221293731047e-05
-6.050017894939852e-05
-6.946187577563809e-05
-7.964238653561753e-05
-9.119187235156893e-05
-0.0001042769200013982
-0.0001190820824865725
-0.0001358115341123909
-0.0001546908450528572
-0.000175968880080066
-0.0001999198257854871
-0.0002268453500973447
-0.0002570768973062136
-0.000290978120992121
-0.0003289474563437179
-0.0003714208322203937
-0.0004188745226916151
-0.000471828145968073
-0.0005308478393144328
-0.0005965495990668012
-0.0006696027790700858
-0.0007507337469486294
-0.0008407296972508227
-0.0009404426196321824
-0.001050793419216123
-0.001172776185214479
-0.001307462602701121
-0.00145600650118855
-0.001619648532320111
-0.001799720967569483
-0.001997652605299707
-0.002214973774961047
-0.002453321424467284
-0.002714444275027038
-0.003000208025782141
-0.003312600588627718
-0.003653737331496682
-0.004025866306183107
-0.004431373434489284
-0.004872787624074297
-0.005352785782940375
-0.005874197699681766
-0.006440010765263782
-0.007053374533175051
-0.007717605064247055
-0.008436189007804766
-0.009212787377172356
-0.01005123897587811
-0.01095556342861601
-0.01192996376869405
-0.01297882853132352
-0.01410673329974426
-0.01531844164890494
-0.01661890543053449
-0.01801326436192134
-0.01950684505666543
-0.02110515951612299
-0.0228139028389987
-0.02463894992267976
-0.02658635120022941
-0.02866232748455477
-0.03087326390052832
-0.03322570280662028
-0.03572633566762305
-0.03838199383220384
-0.04119963820740052
-0.04418634780521898
-0.04734930711330888
-0.05069579229407151
-0.05423315616753348
-0.05796881198332535
-0.06191021597605543
-0.06606484867749182
-0.07044019502218872
-0.07504372321917735
-0.07988286242485013
-0.08496497923930287
-0.09029735302385916
-0.09588715011467804
-0.1017413969282117
-0.1078669520302896
-0.1142704772242707
-0.1209584076836504
-0.1279369212461048
-0.1352119068906266
-0.1427889325089459
-0.1506732120613717
-0.1588695721713541
-0.1673824183203956
-0.1762157006876618
-0.1853728797806909
-0.1948568919785914
-0.2046701150686854
-0.2148143339795957
-0.2252907067709025
-0.2360997310553037
-0.2472412109981912
-0.2587142249910788
-0.2705170942297692
-0.2826473522651706
-0.2951017157253494
-0.3078760563656557
-0.3209653745418103
-0.3343637743485579
-0.3480644404858199
-0.3620596170571037
-0.3763405884522908
-0.390897662394152
-0.4057201553886378
-0.4207963806151229
-0.4361136384450832
-0.4516582097177996
-0.4674153518227813
-0.4833692978101278
-0.4995032585196492
-0.5157994278796079
-0.5322389914619234
-0.5488021382996726
-0.5654680761528257
-0.582215050151549
-0.5990203649161187
-0.6158604101837767
-0.6327106898855355
-0.6495458548006711
-0.6663397386525133
-0.683065397686947
-0.6996951536982512
-0.7162006403728078
-0.7325528530138463
-0.7487222014382434
-0.7646785660224156
-0.7803913567922866
-0.7958295753523011
-0.8109618796421365
-0.8257566512503768
-0.840182065206762
-0.8542061620839824
-0.8677969221335236
-0.8809223413801095
-0.8935505093486896
-0.9056496882912103
-0.9171883936915219
-0.9281354757264243
-0.9384602015623967
-0.9481323381198894
-0.9571222351267008
-0.9654009082046568
-0.972940121650899
-0.9797124707725261
-0.9856914633853513
-0.9908516002764031
-0.9951684543643218
-0.9986187482200071
-1.001180429798836
-1.002832746009724
-1.003556313926429
-1.003333189391868
-1.002146932714338
-0.9999826713404234
-0.9968271591512463
-0.992668832179665
-0.9874978605440597
-0.9813061964223606
-0.9740876180835752
-0.9658377695558621
-0.9565541954355198
-0.9462363707471103
-0.9348857265793289
-0.9225056727409612
-0.9091016155078183
-0.8946809669813272
-0.8792531463213537
-0.8628295774742277
-0.8454236874605831
-0.8270509005548607
-0.8077286240518561
-0.787476225857607
-0.766315007201419
-0.7442681719137803
-0.721360791044297
-0.6976197622027462
-0.673073763733216
-0.6477532041153228
-0.6216901668652188
-0.5949183509583521
-0.5674730069155471
-0.5393908687297614
-0.5107100818221085
-0.4814701272726962
-0.4517117424964561
-0.421476838603708
-0.3908084146789514
-0.3597504692071562
-0.3283479089247585
-0.2966464553298999
-0.2646925491307322
-0.2325332529013991
-0.2002161522112169
-0.1677892555200521
-0.1353008931088428
-0.1027996153369179
-0.07033409050721307
-0.03795300261693975
-0.005704949280815069
0.0263616598969257
0.05819870422320804
0.0897584518201527
0.1209936582649906
0.1518576637060504
0.1823044881975042
0.2122889250088668
0.2417666316726865
0.2706942185354304
0.2990293346005258
0.3267307504447539
0.3537584380136661
0.3800736471093334
0.4056389783877508
0.4304184527183033
0.4543775767391324
0.4774834044746901
0.4997045948909187
0.5210114652711337
0.5413760403383271
0.5607720970184402
0.5791752047791967
0.5965627614880699
0.6129140247388993
0.628210138639648
0.6424341560261652
0.6555710561139949
0.6676077576004918
0.6785331272254822
0.6883379838453837
0.6970150980517469
0.7045591874079823
0.7109669073777198
0.7162368380172842
0.7203694665500197
0.7233671659042535
0.7252341693389773
0.7259765412807473
0.7256021444935411
0.7241206037435511
0.7215432660837546
0.7178831579186679
0.71315493900944
0.7073748535799737
0.7005606787181164
0.6927316702228964
0.6839085060805173
0.6741132277504298
0.6633691794394574
0.6517009455669797
0.6391342865911815
0.6256960733945682
0.6114142204154349
0.5963176176991192
0.5804360620644429
0.5638001875606374
0.5464413954091809
0.5283917836092289
0.5096840763709205
0.490351553558227
0.4704279803011996
0.4499475369500499
0.4289447495300215
0.4074544208441087
0.3855115623803947
0.3631513271596495
0.3404089436658337
0.3173196509901046
0.2939186353082053
0.2702409678149226
0.2463215442213678
0.222195025923487
0.1978957829382632
0.1734578386939786
0.1489148167608539
0.1242998895945815
0.09964572936310551
0.07498446091788778
0.05034761696287393
0.025766095469792
0.00127011937785809
-0.02311080138852366
-0.04734790555892944
-0.07141321379364453
-0.0952795595843174
-0.1189206177711281
-0.1423109306776947
-0.1654259318709825
-0.1882419675560428
-0.2107363156236185
-0.2328872023713397
-0.2546738169269439
-0.276076323406106
-0.2970758708418049
-0.3176546009330157
-0.3377956536534391
-0.357483170767216
-0.3767022973039854
-0.3954391810520553
-0.4136809701387181
-0.4314158087527439
-0.4486328310729502
-0.4653221534698704
-0.4814748650490829
-0.497083016613628
-0.5121396081124088
-0.5266385746499063
-0.5405747711324026
-0.553943955624949
-0.5667427715032523
-0.5789687284698838
-0.5906201825129822
-0.6016963148840834
-0.6121971101684995
-0.6221233335288275
-0.6314765071928421
-0.6402588862674491
-0.6484734339527543
-0.656123796220129
-0.663214276027971
-0.6697498071413258
-0.6757359276279644
-0.6811787530973868
-0.6860849497444309
-0.6904617072671028
-0.6943167117129447
-0.6976581183175683
-0.7004945243919594
-0.7028349423036806
-0.7046887726018191
-0.7060657773387267
-0.7069760536521181
-0.707430007653019
-0.7074383286437136
-0.7070119636991908
-0.7061620926568636
-0.7049001035686183
-0.7032375686480968
-0.7011862207257072
-0.6987579302329179
-0.6959646827490356
-0.6928185571526462
-0.6893317043987865
-0.6855163269227066
-0.6813846586797513
-0.6769489458441794
-0.6722214281963331
-0.6672143212088016
-0.6619397988251305
-0.6564099769338142
-0.6506368975467403
-0.6446325136949546
-0.6384086750434218
-0.6319771142186145
-0.6253494338509292
-0.6185370943244997
-0.6115514022283667
-0.6044034995037587
-0.5971043532835054
-0.5896647464235614
-0.5820952687084496
-0.5744063087164182
-0.5666080463330849
-0.5587104459051349
-0.5507232500285069
-0.5426559739487304
-0.5345179005531513
-0.5263180759402178
-0.5180653055565383
-0.5097681508946519
-0.5014349267246723
-0.4930736988372573
-0.4846922822805562
-0.4762982400767965
-0.4678988824046113
-0.4595012662252371
-0.4511121953364642
-0.4427382208356957
-0.4343856419702303
-0.4260605073570283
-0.4177686165529005
-0.4095155219578147
-0.4013065310333055
-0.3931467088194686
-0.3850408807377274
-0.3769936356560594
-0.3690093291957274
-0.3610920872629013
-0.3532458097925927
-0.3454741746933316
-0.3377806419716186
-0.3301684580179943
-0.3226406600399286
-0.3152000806290766
-0.3078493524518726
-0.3005909130462723
-0.293427009710005
-0.2863597044676214
-0.279390879104618
-0.2725222402587645
-0.2657553245548646
-0.2590915037714663
-0.2525319900289604
-0.2460778409892321
-0.239729965058528
-0.233489126582904
-0.2273559510274577
-0.2213309301310621
-0.2154144270291622
-0.2096066813387186
-0.2039078141967415
-0.1983178332457842
-0.1928366375602401
-0.1874640225079396
-0.1821996845424098
-0.1770432259202805
-0.171994159339075
-0.1670519124914052
-0.162215832532442
-0.1574851904583363
-0.1528591853914362
-0.1483369487693152
-0.1439175484353025
-0.1395999926284819
-0.1353832338719028
-0.1312661727570357
-0.1272476616229725
-0.1233265081296513
-0.11950147872465
-0.1157713020038937
-0.1121346719651169
-0.1085902511535824
-0.1051366737002504
-0.101772548253509
-0.09849646080581088
-0.09530697741506046
-0.09220264682123175
-0.08918200295935449
-0.0862435673700726
-0.08338585150938749
-0.08060735895874459
-0.07790658753694414
-0.07528203131557902
-0.07273218253981102
-0.07025553345666233
-0.06785057805226669
-0.0655158136999173
-0.06324974272087378
-0.06105087386001482
-0.05891772367855986
-0.05684881786584628
-0.05484269247245635
-0.05289789506676799
-0.05101298581712917
-0.04918653850184744
-0.0474171414492812
-0.04570339841048365
-0.04404392936666054
-0.04243737127318909
-0.04088237874230242
-0.0393776246667995
-0.03792180078744965
-0.03651361820609683
-0.03515180784629622
-0.03383512086344677
-0.03256232900666416
-0.03133222493462798
-0.03014362248741529
-0.0289953569162423
-0.02788628507307244
-0.0268152855619216
-0.02578125885358184
-0.02478312736561368
-0.02381983550952738
-0.02289034970699698
-0.02199365837666052
-0.02112877189308444
-0.02029472251942515
-0.019490564315527
-0.01871537302301016
-0.01796824592864242
-0.01724830170737907
-0.01655468024639439
-0.01588654245155605
-0.01524307003776747
-0.01462346530421853
-0.01402695089563249
-0.01345276955071096
-0.01290018383883467
-0.01236847588622152
-0.01185694709245044
-0.01136491783829052
-0.01089172718575307
-0.01043673257128517
-0.009999309492924878
-0.009578851192217944
-0.009174768331720045
-0.008786488668754991
-0.008413456726103486
-0.008055133460190433
-0.007710995927474005
-0.007380536949642911
-0.00706326477816084
-0.006758702758676391
-0.006466388995826305
-0.006185876018823847
-0.005916730448278452
-0.005658532664596079
-0.005410876478417227
-0.005173368803421219
-0.004945629331868627
-0.004727290213039112
-0.004517995734970597
-0.004317402009688712
-0.004125176662285179
-0.003940998523920846
-0.00376455732900601
-0.003595553416669601
-0.003433697436755961
-0.003278710060442763
-0.003130321695668718
-0.002988272207413097
-0.002852310642992034
-0.002722194962390046
-0.002597691773732593
-0.002478576073905804
-0.002364630994456877
-0.002255647552717282
-0.002151424408267555
-0.002051767624678576
-0.001956490436560489
-0.001865413021927253
-0.0017783622798213
-0.001695171613255571
-0.001615680717397952
-0.001539735373012138
-0.001467187245038566
-0.001397893686297982
-0.001331717546271578
-0.001268526984985835
-0.0012081952918415
-0.001150600709342654
-0.001095626261671261
-0.001043159588037287
-0.0009930927807711713
-0.0009453222280218317
-0.0008997484610101535
-0.0008562760057669559
-0.000814813239258374
-0.0007752722498387815
-0.0007375687019191383
-0.0007016217048212783
-0.0006673536856371525
-0.0006346902661153812
-0.0006035601433912401
-0.0005738949745530366
-0.0005456292648922955
-0.0005187002598164719
-0.0004930478402952959
-0.0004686144217554644
-0.0004453448563409296
-0.000423186338473841
-0.0004020883135950627
-0.0003820023900257313
-0.000362882253891839
-0.0003446835869642161
-0.0003273639873858898
-0.0003108828931838081
-0.0002952015084796753
-0.0002802827323668831
-0.0002660910903093278
-0.000252592668028644
-0.0002397550478315035
-0.0002275472472245504
-0.0002159396598187268
-0.0002049039984151297
-0.0001944132402326835
-0.0001844415741793258
-0.0001749643501261882
-0.0001659580300885174
-0.0001574001413051747
-0.0001492692310956754
-0.000141544823463426
-0.0001342073773941705
-0.0001272382467843043
-0.000120619641943229
-0.0001143345926080983
-0.0001083669124409234
-0.0001027011649063899
-9.732263057050225e-05
-9.221727566194068e-05
-8.737172193598699e-05
-8.277321777372451e-05
-7.840961042069008e-05
-7.42693194095981e-05
-7.034131105096539e-05
-6.661507397742924e-05
-6.308059573063714e-05
-5.972834029855976e-05
-5.654922661075898e-05
-5.353460792798312e-05
-5.067625212491905e-05
-4.796632278039103e-05
-4.539736111285798e-05
-4.296226861616997e-05
-4.065429049954016e-05
-3.846699982166058e-05
-3.639428238665034e-05
-3.443032225823662e-05
-3.25695878401427e-05
-3.080681856324557e-05
-2.9137012213964e-05
-2.755541279968679e-05
-2.605749899196511e-05
-2.463897304890443e-05
-2.329575022793391e-05
-2.202394867782477e-05
-2.081987979042501e-05
-1.968003897982781e-05
-1.860109688322331e-05
-1.757989095930119e-05
-1.661341746351327e-05
-1.569882379705249e-05
-1.483340119351979e-05
-1.401457777283533e-05
-1.32399118655813e-05
-1.250708569080056e-05
-1.181389931088483e-05
-1.11582648646107e-05
-1.053820106205041e-05
-9.95182795071755e-06
-9.397361929421617e-06
-8.873110979024926e-06
-8.377470135734711e-06
-7.90891717376475e-06
-7.466008484647685e-06
-7.047375162167191e-06
-6.651719263450289e-06
-6.277810268479957e-06
-5.924481678602226e-06
-5.590627814922784e-06
-5.275200747355787e-06
-4.977207378522739e-06
-4.695706661628707e-06
-4.429806976961212e-06
-4.178663603609713e-06
-3.941476333665632e-06
-3.717487209579217e-06
-3.505978356292212e-06
-3.306269922231865e-06
-3.117718139422656e-06
-2.939713457253353e-06
-2.771678781110435e-06
-2.613067793034701e-06
-2.463363368379822e-06
-2.322076042128408e-06
-2.188742596838305e-06
-2.062924684756989e-06
-1.944207527683946e-06
-1.832198685886909e-06
-1.726526896890496e-06
-1.626840954507439e-06
-1.532808667229443e-06
-1.444115839743271e-06
-1.36046533550651e-06
-1.281576181917613e-06
-1.207182699908581e-06
-1.137033704767e-06
-1.070891728185485e-06
-1.008532294839728e-06
-9.497432203031245e-07
-8.943239692055824e-07
-8.420850270372731e-07
-7.928472992483065e-07
-7.464415677244791e-07
-7.027079509710935e-07
-6.614954009289085e-07
-6.226612318072342e-07
-5.860706727148932e-07
-5.515964140493282e-07
-5.191182413600103e-07
-4.885226229107074e-07
-4.597023543235062e-07
-4.32556215230205e-07
-4.069886412526071e-07
-3.829094139039085e-07
-3.60233376864801e-07
-3.388801441403106e-07
-3.187738500708827e-07
-2.99842894906738e-07
-2.820197068253184e-07
-2.652405372177556e-07
-2.494452284117512e-07
-2.345770244639025e-07
-2.205823916857927e-07
-2.074108231558869e-07
-1.950146885109312e-07
-1.833490608000058e-07
-1.723715615230347e-07
-1.620422395919083e-07
-1.523234117462967e-07
-1.431795496802445e-07
-1.345771549544576e-07
-1.26484653911825e-07
-1.188722744386026e-07
-1.11711957700216e-07
-1.049772549347579e-07
-9.864324467041206e-08
-9.268644023869072e-08
-8.708469748762088e-08
-8.181716159179998e-08
-7.686418116822793e-08
-7.220724075628087e-08
-6.782889037044561e-08
-6.371270150473139e-08
-5.984319556059013e-08
-5.620579856696616e-08
-5.278677926189232e-08
-4.957320622256664e-08
-4.655290359250175e-08
-4.371440205772943e-08
-4.104690737308285e-08
-3.854025251336367e-08
-3.618486290444762e-08
-3.397173519400372e-08
-3.18923866373125e-08
-2.993883386950549e-08
-2.810356496435327e-08
-2.637951088302154e-08
-2.476002732333521e-08
-2.323884328053815e-08
-2.181007086671375e-08
-2.046816581587817e-08
-1.920791144272098e-08
-1.802440023452086e-08
-1.691301523830399e-08
-1.586941673699001e-08
-1.488951818459736e-08
-1.396947349380446e-08
-1.310567546903585e-08
-1.229472562745842e-08
-1.153342776929466e-08
-1.081877353314108e-08
-1.014793900286565e-08
-9.518274204643796e-09
-8.927273798236907e-09
-8.372595811999929e-09
-7.85203627079231e-09
-7.363514286618011e-09
-6.905083526098011e-09
-6.474916509738244e-09
-6.071284172016396e-09
-5.692560918083685e-09
-5.337237913776909e-09
-5.003877449625565e-09
-4.691137473804167e-09
-4.397756022844248e-09
-4.122545559714143e-09
-3.864397901103893e-09
-3.622264436623019e-09
-3.395162581073258e-09
-3.182163118321977e-09
-2.982400956081638e-09
-2.795065540303444e-09
-2.619390812728857e-09
-2.454656473039872e-09
-2.300192000253874e-09
-2.155358370084819e-09
-2.01956695394258e-09
-1.892256066033527e-09
-1.77290303255928e-09
-1.661013086814187e-09
-1.556126228635523e-09
-1.457800489379706e-09
-1.365636388719296e-09
-1.279249490081392e-09
-1.19828046515979e-09
-1.122394692786015e-09
-1.051269658930485e-09
-9.846091303833035e-10
-9.221423031124045e-10
-8.636100657233638e-10
-8.087651276781048e-10
-7.573789160114749e-10
-7.092309344052433e-10
-6.641168173687084e-10
-6.218467825512168e-10
-5.822474183200595e-10
-5.451518417199456e-10
-5.104014892002074e-10
-4.778458043651377e-10
-4.473536421245257e-10
-4.187905854979517e-10
-3.920405068975704e-10
-3.669856514406397e-10
-3.435237123672658e-10
-3.215509647299287e-10
-3.009694783547538e-10
-2.816935475774273e-10
-2.636442576549591e-10
-2.467410806439405e-10
-2.309147868031507e-10
-2.160961186616623e-10
-2.022199280267086e-10
-1.89224980751786e-10
-1.770626240270147e-10
-1.656751172739198e-10
-1.550168045542683e-10
-1.45041221404311e-10
-1.357062074111199e-10
-1.269703038199437e-10
-1.187956985949584e-10
-1.111398197524749e-10
-1.039775468054808e-10
-9.7269237049319e-11
-9.099060698515038e-11
-8.511287767293811e-11
-7.960947760716672e-11
-7.446004930051632e-11
-6.964101733521753e-11
-6.512567029387028e-11
-6.090110262085731e-11
-5.695220561709558e-11
-5.326124854459588e-11
-4.981002003898079e-11
-4.658161374200552e-11
-4.356360913703606e-11
-4.074552891573103e-11
-3.810611270950808e-11
-3.563673983128235e-11
-3.332335403218921e-11
-3.115422988285476e-11
-2.912656568532782e-11
-2.723095727909059e-11
-2.545862552318128e-11
-2.379617687713293e-11
-2.224601012581683e-11
-2.079157415583298e-11
-1.943392082578174e-11
-1.816504435297363e-11
-1.697562440557544e-11
-1.586697140171366e-11
-1.483138761591156e-11
-1.386442151871562e-11
-1.296170009983772e-11
-1.211686935513073e-11
-1.132534430119291e-11
-1.058300871094386e-11
-9.889457544195255e-12
-9.242346770021614e-12
-8.638257418962404e-12
-8.077987018386387e-12
-7.553217278861144e-12
-7.060539821805628e-12
-6.597107593003871e-12
-6.162845272307062e-12
-5.754100649433099e-12
-5.372781184396215e-12
-5.015233865013898e-12
-4.68110727069505e-12
-4.367225961041712e-12
-4.079897072179957e-12
-3.811124638462983e-12
-3.560618551999814e-12
-3.330959794543813e-12
-3.112298322616059e-12
-2.910662035403783e-12
-2.72569543063648e-12
-2.553110197115539e-12
-2.386730314910682e-12
-2.2321848159479e-12
-2.082088966383474e-12
-1.945608225934778e-12
-1.814297976624532e-12
-1.687758761998989e-12
-1.570843048389347e-12
-1.461380939311441e-12
-1.361879824505079e-12
-1.269067221912372e-12
-1.184456158592016e-12
-1.108230174757156e-12
-1.040750834669423e-12
-9.776061677209792e-13
-9.115500569978191e-13
-8.549412557731655e-13
-8.033624129465444e-13
-7.541200553294869e-13
-7.03121712421792e-13
-6.528817189699074e-13
-6.073474027851038e-13
-5.622669579567998e-13
-5.191604022897164e-13
-4.83596937852226e-13
-4.531885099420834e-13
-4.277702194210163e-13
-4.005791647438444e-13
-3.749478645414219e-13
-3.514754654304358e-13
-3.320671492982064e-13
-3.083805829077775e-13
-2.839808206182416e-13
-2.604935265937738e-13
-2.399016638318298e-13
-2.228219857597575e-13
-2.074088357257513e-13
-1.938338049309669e-13
-1.832182562318585e-13
-1.703437507313855e-13
-1.619049454431355e-13
-1.5861807910117e-13
-1.529368289060109e-13
-1.461534044139182e-13
-1.347048755730954e-13
-1.273870603465256e-13
-1.148938920040964e-13
-1.042021856515222e-13
-9.103646842343132e-14
-8.127858993995617e-14
-7.138099017264694e-14
-5.994967166089655e-14
-5.745086428835073e-14
-5.850243358618536e-14
-5.528314531809835e-14
-5.510537343557938e-14
-5.331536484131724e-14
-5.355266591206433e-14
-5.083544850320049e-14
-4.968598270286147e-14
-5.068146013982654e-14
-5.00143488108041e-14
-4.936848913901081e-14
-4.528904623872839e-14
-3.84151352693889e-14
-3.40674820493821e-14
-2.40697437851641e-14
-1.273455059279572e-14
-5.424227826838039e-15
-4.79468325947086e-15
-8.3910355956993e-15
-1.343916928608914e-14
-2.048288565417081e-14
-2.289721279490555e-14
-2.075661362570513e-14
-1.56935805697697e-14
-1.179576816063418e-14
-1.229783728475711e-14
-1.578589987978338e-14
-1.567013481558889e-14
-1.477711136463821e-14
-1.337595536076014e-14
-1.427922245632658e-14
-1.245610344472098e-14
-9.81345086428139e-15
-1.067845022219789e-14
-1.135353461340467e-14
-6.770042734385908e-15
-4.272285034619981e-15
-1.372323877367787e-15
7.295079004021402e-15
1.198612310496201e-14
1.037655352202704e-14
9.378239555769632e-15
3.637058607006613e-15
-4.075269965850826e-15
-9.952591469330356e-15
-1.579532579152537e-14
-1.909597668374772e-14
-1.864644640165556e-14
-1.646861315757177e-14
-1.581964242382835e-14
-8.25904772534764e-15
-5.082703567555949e-15
2.571209982981924e-15
4.993938825298228e-15
8.859232180054175e-15
1.249321430129065e-14
1.491026142089704e-14
1.084914614096814e-14
8.712125665696368e-15
5.39313219894962e-15
4.28285304885223e-15
3.934713512372036e-17
-7.473163199297966e-15
-1.516753509473932e-14
-1.81721966830037e-14
-1.844491547327597e-14
