-6.833686908963629e-14
-4.224695705892687e-14
-2.77440248853702e-14
-1.62904686262839e-14
-6.885850114339104e-15
1.247793173784126e-15
9.659770411563382e-15
1.977585777727836e-14
3.26490110007108e-14
5.071635844476013e-14
7.569328859056939e-14
1.111022133074706e-13
1.609158250319317e-13
2.31373178335389e-13
3.294864221246555e-13
4.666551057844423e-13
6.570086327384552e-13
9.193196322262373e-13
1.27977883667046e-12
1.772088442813254e-12
2.440615474363404e-12
3.347019443578799e-12
4.566951937034498e-12
6.204344858813809e-12
8.393139873060536e-12
1.130695306519104e-11
1.517151617920032e-11
2.028046226430644e-11
2.700940893848894e-11
3.584276658864703e-11
4.739871874058833e-11
6.247025374246734e-11
8.206374619198106e-11
1.074569545959554e-10
1.40269138670535e-10
1.825417675064512e-10
2.368445744651979e-10
3.064047069668994e-10
3.952637689215424e-10
5.0846598328493e-10
6.522974396334251e-10
8.345700405245172e-10
1.064965843568927e-09
1.355459502744788e-09
1.720823359026379e-09
2.179240383313043e-09
2.753038197840293e-09
3.469567942429334e-09
4.362259223490148e-09
5.471878983012785e-09
6.848018914824612e-09
8.550873960225592e-09
1.065333255276259e-08
1.324346021411112e-08
1.642742702429256e-08
2.033295047747761e-08
2.511334138763863e-08
3.095224050379586e-08
3.806915629766015e-08
4.672593234230916e-08
5.723426352424412e-08
6.996444481375085e-08
8.535550018772206e-08
1.039269133239556e-07
1.262921737067816e-07
1.531743850857202e-07
1.854242269471725e-07
2.240405774522729e-07
2.701941459470499e-07
3.252545104222533e-07
3.908209856646935e-07
4.687578149643553e-07
5.612341937595913e-07
6.707697449702274e-07
8.002860602241675e-07
9.531650409650516e-07
1.133314816415529e-06
1.345244088990713e-06
1.594145841333859e-06
1.885991433976138e-06
2.227636190228639e-06
2.626937698099103e-06
3.092888122076122e-06
3.635761948856043e-06
4.267280696552233e-06
5.000796231532978e-06
5.851494453671753e-06
6.836621252103211e-06
7.975732744002304e-06
9.290971941337498e-06
1.080737413170511e-05
1.255320337889182e-05
1.456032267333396e-05
1.686460039583326e-05
1.950635586562739e-05
2.253084684907584e-05
2.598880198984396e-05
2.99370012146764e-05
3.443890719836478e-05
3.956535099452713e-05
4.539527495890906e-05
5.201653609207345e-05
5.952677409424404e-05
6.803435120248172e-05
7.765936633097399e-05
8.853474654983843e-05
0.0001008074198335872
0.000114639573040771
0.0001302099990983141
0.0001477155373335803
0.0001673726108052268
0.0001894188644177014
0.0002141149074578167
0.0002417461640183137
0.0002726248345871503
0.000307091971812164
0.0003455196731592685
0.0003883133928337214
0.0004359143749309085
0.0004888022093188359
0.0005474975112278222
0.0006125647249438116
0.000684615051306919
0.0007643094980197951
0.000852362050903974
0.0009495429633855222
0.001056682160595216
0.00117467275548454
0.001304474677656463
0.001447118406098926
0.001603708797029058
0.001775428998302407
0.001963544440609418
0.002169406894260614
0.002394458578838454
0.002640236311364506
0.002908375676930001
0.0032006152039197
0.003518800524363833
0.003864888502416505
0.004240951350404152
0.00464918072769068
0.005091891759833605
0.005571526914420922
0.0060906597262865
0.006651998370928064
0.007258389064306726
0.007912819247419061
0.008618420525650218
0.009378471329335688
0.01019639926946713
0.01107578315706072
0.01202035464735983
0.01303399948131715
0.0141207582831004
0.0152848268833703
0.01653055613402142
0.01786245117318529
0.01928517011459185
0.02080352211733202
0.02242246480756716
0.02414710101952604
0.02598267481538198
0.0279345667644254
0.03000828843925899
0.03220947610777601
0.03454388359513906
0.03701737428089768
0.03963591222379136
0.04240555237872847
0.04533242989793944
0.04842274850306259
0.05168276790458712
0.05511879028028084
0.05873714578864059
0.06254417712771189
0.06654622314403601
0.07074960148512524
0.07516059033250153
0.07978540920715074
0.08463019888148399
0.08970100042518719
0.09500373339852217
0.1005441732586749
0.1063279279905853
0.1123604140251899
0.1186468314979855
0.1251921388821609
0.1320010270916658
0.1390778930861765
0.1464268130701455
0.1540515153640911
0.161955353002713
0.1701412761851365
0.1786118046263719
0.187368999927068
0.1964144380611348
0.205749182053222
0.2153737549978458
0.2252881134796025
0.235491621528966
0.24598302522738
0.2567604280445528
0.2678212670791552
0.2791622902630445
0.2907795346724587
0.3026683060641446
0.3148231597173174
0.327237882757099
0.3399054780116371
0.3528181495462393
0.3659672899849062
0.3793434696849264
0.3929364279327352
0.4067350661917959
0.420727443531948
0.4349007743297362
0.4492414282755041
0.4637349328301442
0.4783659781320223
0.4931184244610165
0.5079753123163278
0.5229188751009426
0.5379305545199766
0.5529910186506286
0.5680801827524261
0.5831772328308474
0.5982606518999869
0.6133082490099273
0.6282971909436669
0.6432040366011595
0.658004774033333
0.6726748600249332
0.6871892622489271
0.7015225038395626
0.7156487103488901
0.7295416589979994
0.7431748300712484
0.7565214604262074
0.7695545989170842
0.7822471636475792
0.7945720009176512
0.8065019456746282
0.8180098834102776
0.8290688132460267
0.8396519120497155
0.8497325994116683
0.8592846033171982
0.8682820265078622
0.876699413136129
0.8845118152130153
0.891694858673888
0.8982248096408654
0.9040786420293707
0.9092341046801174
0.9136697844440507
0.9173651650354079
0.9203006859884859
0.9224578060229935
0.9238190662040028
0.924368148083601
0.9240899265255249
0.9229705204498642
0.9209973430046959
0.918159149633987
0.9144460830562468
0.9098497149641406
0.9043630846159175
0.8979807343663112
0.8906987418497512
0.8825147486645478
0.873427985444619
0.8634392932124152
0.8525511409916786
0.840767639534982
0.828094551123397
0.8145392953829718
0.8001109510478156
0.7848202536890174
0.7686795893432699
0.7517029840632571
0.7339060893970816
0.7153061637901963
0.6959220499815338
0.6757741484025482
0.6548843866649352
0.6332761852058438
0.6109744191451001
0.5880053764761637
0.5643967126696533
0.5401774018299925
0.5153776845298538
0.4900290124359094
0.4641639898932627
0.4378163126035105
0.4110207035768577
0.383812846528355
0.3562293168833123
0.3283075105945805
0.3000855709456368
0.2716023135449009
0.24289714971227
0.2140100084574827
0.1849812572705765
0.1558516219234096
0.1266621054995064
0.09745390686688178
0.06826833880761426
0.0391467460238353
0.01013042322694207
-0.01873946647616216
-0.04742197268974813
-0.07587643812121418
-0.104062578055583
-0.1319405587128119
-0.1594710742947797
-0.1866154225340969
-0.2133355785582762
-0.2395942668961643
-0.265355031451693
-0.2905823032853346
-0.3152414660489702
-0.3392989189228399
-0.3627221369259851
-0.3854797284614425
-0.4075414899798866
-0.4288784576510466
-0.4494629559360633
-0.4692686429815238
-0.4882705527413443
-0.506445133757961
-0.5237702845414977
-0.540225385491737
-0.5557913273389532
-0.5704505360564338
-0.5841869942265342
-0.5969862588492313
-0.6088354755868689
-0.619723389468676
-0.6296403520592941
-0.6385783251284461
-0.6465308808587236
-0.653493198624251
-0.6594620584033972
-0.6644358308781926
-0.6684144643041051
-0.671399468228108
-0.6733938941262697
-0.6744023130630243
-0.6744307904589316
-0.6734868580813359
-0.6715794833672216
-0.6687190361827142
-0.6649172531496296
-0.6601871996510851
-0.6545432296518016
-0.6480009434635933
-0.6405771435811211
-0.6322897887345369
-0.6231579462864926
-0.6132017431218346
-0.6024423151703311
-0.5909017556949346
-0.5786030624961048
-0.5655700841646638
-0.5518274655293262
-0.5374005924390526
-0.5223155360150601
-0.506598996518884
-0.4902782469628029
-0.4733810766022455
-0.455935734439559
-0.4379708728577992
-0.419515491511366
-0.4005988815928528
-0.3812505706021687
-0.3615002677298718
-0.3413778099550592
-0.3209131089657062
-0.3001360989977622
-0.2790766856909638
-0.2577646960517597
-0.2362298296082672
-0.2145016108428093
-0.1926093429701236
-0.1705820631299447
-0.1484484990596336
-0.1262370273084031
-0.1039756330503921
-0.08169187154047901
-0.05941283125613822
-0.03716509876386855
-0.01497472534355866
0.007132804600625595
0.02913260332091639
0.05100040767998856
0.07271260526536662
0.09424625865577187
0.1155791278368401
0.1366896907667648
0.157557162097205
0.1781615100590475
0.1984834715256547
0.218504565272266
0.2382071034515753
0.2575742013127973
0.2765897851932628
0.2952385988110787
0.3135062078940629
0.3313790031807277
0.3488442018350356
0.365889847317579
0.3825048077564893
0.3986787728686433
0.4144022494766056
0.4296665556747223
0.4444638136967085
0.4587869415325179
0.4726296433471127
0.4859863987580657
0.4988524510391367
0.5112237943079065
0.5230971597426797
0.5344700008805988
0.5453404780592255
0.5557074420730851
0.5655704171038859
0.574929582968092
0.5837857567329391
0.5921403737623159
0.599995468263705
0.6073536533918666
0.6142181009482044
0.6205925207218318
0.6264811395306832
0.6318886800286057
0.6368203393288392
0.6412817674782108
0.6452790458249913
0.6488186653291049
0.6519075048680006
0.6545528095811102
0.6567621692876234
0.6585434970207517
0.6599050077111662
0.6608551970541552
0.6614028205946757
0.6615568730661132
0.661326568022539
0.660721317784129
0.6597507137187471
0.6584245068849904
0.6567525890647867
0.6547449742166135
0.6524117803600107
0.6497632119033543
0.6468095424319765
0.6435610979797057
0.6400282408091507
0.6362213537009621
0.6321508247560245
0.6278270327194656
0.6232603328385287
0.6184610432656933
0.6134394320073572
0.6082057044245381
0.6027699912874249
0.5971423373804297
0.5913326906581203
0.5853508919497437
0.5792066652110245
0.5729096083199837
0.5664691844141935
0.5598947137713329
0.5531953662186195
0.5463801540585991
0.5394579255036476
0.532437358616511
0.525326955754597
0.5181350385009571
0.5108697430674874
0.5035390161596757
0.4961506112950272
0.4887120855683676
0.4812307968467068
0.4737139013792887
0.466168351810116
0.4586008955812301
0.4510180737167775
0.4434262199710009
0.4358314603257787
0.4282397128240986
0.4206566877261039
0.4130878879762402
0.4055386099652902
0.3980139445732885
0.3905187784797107
0.3830577957278419
0.3756354795324444
0.3682561143145497
0.3609237879497776
0.3536423942171749
0.3464156354356759
0.3392470252769886
0.3321398917410032
0.3250973802812002
0.3181224570681708
0.3112179123808076
0.3043863641158872
0.2976302614027874
0.2909518883121292
0.2843533676479651
0.2778366648135213
0.2714035917417633
0.2650558108802615
0.2587948392208761
0.2526220523657194
0.2465386886215609
0.2405458531163405
0.2346445219280834
0.2288355462178437
0.2231196563597093
0.217497466062574
0.2119694764790995
0.2065360802938893
0.2011975657844954
0.1959541208498606
0.1908058370014303
0.1857527133126633
0.1807946603220267
0.1759315038852793
0.1711629889732864
0.1664887834120444
0.1619084815625683
0.1574216079365784
0.153027620745045
0.148725915377102
0.1445158278070952
0.1403966379281109
0.1363675728098754
0.1324278098796943
0.1285764800251375
0.1248126706169971
0.121135428451781
0.1175437626129607
0.114036647251196
0.1106130242830363
0.1072718060068928
0.1040118776357828
0.1008320997475495
0.09773131065372447
0.09470832868728844
0.09176195440892641
0.08889097273197817
0.08609415496727348
0.08337026078916561
0.08071804012359844
0.07813623495903721
0.07562358108157957
0.07317880973504148
0.07080064920692915
0.06848782634166083
0.06623906798274637
0.06405310234573196
0.0619286603228817
0.05986447672086095
0.05785929143303063
0.05591185054807472
0.05402090739690363
0.05218522353904327
0.0504035696898352
0.04867472659009462
0.04699748582027493
0.04537065056111516
0.04379303630206111
0.0422634714986982
0.04078079818101334
0.03934387251430108
0.0379515653144548
0.03660276251917582
0.0352963656165883
0.03403129203294758
0.03280647548089991
0.03162086627007907
0.03047343158140164
0.029363155706749
0.02828904025546974
0.02725010432898727
0.02624538466482457
0.02527393575157097
0.02433482991632354
0.02342715738588991
0.02255002632306942
0.02170256283938927
0.0208839109853496
0.0200932327193736
0.01932970785668032
0.01859253399921345
0.01788092644791599
0.01719411809831244
0.01653135932034751
0.01589191782349188
0.01527507850827282
0.01468014330519874
0.01410643100196862
0.01355327705960884
0.01302003341849681
0.01250606829511705
0.01201076597036332
0.01153352657015981
0.01107376583910433
0.01063091490791
0.01020442005516353
0.009793742464040689
0.009398357974653462
0.009017756832587459
0.008651443434211438
0.008298936069251407
0.007959766661169159
0.007633480505759657
0.007319636008390738
0.007017804420325481
0.006727569574612652
0.006448527621982043
0.006180286767038847
0.005922467004929615
0.005674699858880032
0.005436628118972461
0.005207905582516979
0.004988196796193184
0.004777176800106174
0.004574530874034678
0.004379954286112977
0.004193152044189526
0.004013838649964646
0.00384173785607619
0.003676582426288545
0.003518113898885094
0.003366082353492125
0.003220246181376711
0.003080371859305959
0.002946233727062483
0.002817613768713114
0.002694301397648822
0.002576093245455346
0.002462792954750917
0.002354210975994143
0.00225016436826618
0.002150476604038356
0.002054977377954373
0.00196350241963791
0.001875893310529285
0.001791997304749914
0.001711667154031444
0.001634760936655317
0.0015611418903595
0.001490678249185837
0.001423243084299397
0.001358714148694546
0.001296973725780987
0.001237908481794653
0.001181409322034408
0.001127371250793179
0.001075693235033785
0.001026278071678486
0.0009790322584977938
0.0009338658685768497
0.0008906924282306703
0.0008494287983671262
0.0008099950592141054
0.0007723143983576399
0.0007363130020149344
0.0007019199495480051
0.0006690671110577503
0.0006376890480753769
0.0006077229172438292
0.0005791083769145197
0.0005517874966446545
0.0005257046694947212
0.0005008065270794225
0.0004770418573128082
0.0004543615247694891
0.0004327183935761094
0.0004120672528477067
0.0003923647445029152
0.000373569293505058
0.0003556410403878315
0.0003385417760274819
0.0003222348786242664
0.0003066852527693248
0.000291859270674255
0.0002777247153904343
0.0002642507259675403
0.0002514077443990114
0.000239167464388467
0.0002275027821898251
0.0002163877493605573
0.0002057975270654089
0.0001957083416406908
0.0001860974417496793
0.000176943057242654
0.0001682243597359078
0.0001599214245629377
0.0001520151940602238
0.0001444874421871395
0.0001373207404720017
0.000130498425260919
0.0001240045661815464
0.0001178239358180154
0.0001119419805110852
0.0001063447922890526
0.0001010190818764255
9.595215273001262e-05
9.113187610368287e-05
8.654666705756392e-05
8.218546143234536e-05
7.803769369193603e-05
7.409327566809653e-05
7.034257613810426e-05
6.677640121995808e-05
6.338597552670429e-05
6.016292411507239e-05
5.709925512178583e-05
5.418734314664163e-05
5.141991325419094e-05
4.879002568129182e-05
4.629106112565533e-05
4.39167066708092e-05
4.166094227090674e-05
3.95180278054282e-05
3.748249066804654e-05
3.55491138766507e-05
3.371292466248716e-05
3.196918357513473e-05
3.031337400636785e-05
2.874119217962387e-05
2.724853756214532e-05
2.583150367519207e-05
2.448636930895177e-05
2.320959010714616e-05
2.199779050133761e-05
2.084775602320492e-05
1.975642592340492e-05
1.872088612505775e-05
1.773836246621537e-05
1.680621425977492e-05
1.592192811620305e-05
1.508311206317111e-05
1.428748988266952e-05
1.353289574237115e-05
1.281726903299071e-05
1.213864946057684e-05
1.149517233223771e-05
1.088506406994799e-05
1.030663793455183e-05
9.758289898217315e-06
9.238494755607787e-06
8.745802380849465e-06
8.278834158496343e-06
7.836279595098526e-06
7.41689305712077e-06
7.019490651818139e-06
6.642947309613572e-06
6.28619392504643e-06
5.948214682912197e-06
5.628044491804318e-06
5.324766516639789e-06
5.037509861089357e-06
4.765447333929266e-06
4.507793313140756e-06
4.263801743326478e-06
4.032764186968154e-06
3.814008001276164e-06
3.606894571807465e-06
3.410817650570669e-06
3.225201769724529e-06
3.049500704940059e-06
2.883196053362445e-06
2.725795856397085e-06
2.576833275820841e-06
2.43586536283837e-06
2.302471864463766e-06
2.176254090523476e-06
2.056833845140505e-06
1.943852395416405e-06
1.836969501940886e-06
1.735862493333683e-06
1.640225370468613e-06
1.549767994380709e-06
1.464215254786573e-06
1.383306327118867e-06
1.3067939517369e-06
1.234443742668951e-06
1.16603354750672e-06
1.101352802852595e-06
1.040201963446007e-06
9.823919258915595e-07
9.277435119653872e-07
8.760869531663216e-07
8.272613990145194e-07
7.811144748060874e-07
7.375018394541748e-07
6.962867588099398e-07
6.573397389966241e-07
6.205381347921689e-07
5.857658045724578e-07
5.52912764677266e-07
5.218748776755006e-07
4.925535476916786e-07
4.648554315618641e-07
4.386921635041024e-07
4.1398009754016e-07
3.906400642172507e-07
3.685971267328489e-07
3.477803660407339e-07
3.281226638303179e-07
3.095605180935479e-07
2.920338466519137e-07
2.75485784392635e-07
2.598625478939594e-07
2.451132464201702e-07
2.311897522459631e-07
2.180465289282117e-07
2.056405220785754e-07
1.939310022471168e-07
1.828794526882554e-07
1.724494512347128e-07
1.626065526520276e-07
1.533182044699639e-07
1.445536078456266e-07
1.362836618928923e-07
1.284808451434833e-07
1.211191495117752e-07
1.141739884175692e-07
1.076221284384239e-07
1.014416102522212e-07
9.561167411741673e-08
9.011270934703485e-08
8.492618448353431e-08
8.003459006328298e-08
7.542138518020936e-08
7.107093055159753e-08
6.6968463884616e-08
6.310003181147233e-08
5.945246471045696e-08
5.601332154563751e-08
5.277085059474684e-08
4.97139499877636e-08
4.683212662580723e-08
4.411547675386343e-08
4.155465080353179e-08
3.914082781347601e-08
3.686567213933807e-08
3.472131934057915e-08
3.270034004793258e-08
3.079572387230173e-08
2.900085168140413e-08
2.730947604515599e-08
2.571569936700055e-08
2.421395599699436e-08
2.279899847578972e-08
2.146586762152917e-08
2.020988575120419e-08
1.902663905875227e-08
1.791196205173254e-08
1.686192624141265e-08
1.587282722845518e-08
1.494116284615045e-08
1.406363789980487e-08
1.323714259118284e-08
1.245874154002979e-08
1.172567045949767e-08
1.103531948797985e-08
1.038522446806429e-08
9.773062140521586e-09
9.196640855693818e-09
8.653897176412091e-09
8.142888766711449e-09
7.661777120215622e-09
7.208830178939625e-09
6.782413158641099e-09
6.380993200518836e-09
6.003110525109875e-09
5.647405350831835e-09
5.312583669309639e-09
4.99743893201616e-09
4.700821576482467e-09
4.421650310846413e-09
4.158912402356654e-09
3.911652782471799e-09
3.678965315727961e-09
3.46000494486701e-09
3.253966926139604e-09
3.060099432490575e-09
2.877689960791738e-09
2.706064043607856e-09
2.544592763823374e-09
2.392676341796259e-09
2.249752752943495e-09
2.115294247060424e-09
1.988805470025898e-09
1.869819427022777e-09
1.757894307825726e-09
1.652617086353271e-09
1.553590039129819e-09
1.460450730848874e-09
1.372849547929121e-09
1.290465121724929e-09
1.21298588264278e-09
1.140125396409037e-09
1.071610299331464e-09
1.007182310888863e-09
9.466024821585567e-10
8.896398092093421e-10
8.36081205401882e-10
7.857231393863912e-10
7.383800682164804e-10
6.938641971355999e-10
6.520108828054449e-10
6.12663624144509e-10
5.756721814562928e-10
5.40896557101169e-10
5.082042917800554e-10
4.774744650314724e-10
4.485886805824904e-10
4.214414265206863e-10
3.959283883611431e-10
3.719485414189621e-10
3.494141058995523e-10
3.282381979433011e-10
3.083388451417823e-10
2.896371925815816e-10
2.720582500524649e-10
2.555417782140334e-10
2.400206258358907e-10
2.254361187919733e-10
2.11728293608982e-10
1.988479125757502e-10
1.867452648107692e-10
1.75376115612262e-10
1.646945432438268e-10
1.546642575104611e-10
1.452420386787809e-10
1.36390347697858e-10
1.280741843185812e-10
1.202589296752605e-10
1.129147969773523e-10
1.060231749448237e-10
9.954916786587653e-11
9.346173306053154e-11
8.774975701356613e-11
8.237846513518121e-11
7.733549796067603e-11
7.259919289481151e-11
6.815337164309956e-11
6.39817164604165e-11
6.006468341745145e-11
5.638657740065066e-11
5.293199339887823e-11
4.968912787278999e-11
4.664601762320564e-11
4.378639764262376e-11
4.109979620144595e-11
3.857264429490731e-11
3.619907092438722e-11
3.396865683627329e-11
3.187243866066462e-11
2.990656702334327e-11
2.80650797896673e-11
2.633875379810476e-11
2.471917908588238e-11
2.319649341383465e-11
2.176846982181727e-11
2.043129699755134e-11
1.91773045857394e-11
1.799848345815269e-11
1.688758141264628e-11
1.585000728869387e-11
1.487537573966979e-11
1.395322841077743e-11
1.309063542484956e-11
1.227576992543715e-11
1.151463680851188e-11
1.079936541680065e-11
1.012621929482721e-11
9.500560924462684e-12
8.911437690855406e-12
8.363419337847152e-12
7.848978425097827e-12
7.362492568893652e-12
6.908783946855099e-12
6.480031076570226e-12
6.080845248330932e-12
5.701320728746699e-12
5.348662511472441e-12
5.016608963815036e-12
4.706406880760145e-12
4.412709207368649e-12
4.139394749470579e-12
3.882577074472141e-12
3.642318039760764e-12
3.415749831334484e-12
3.203406411545111e-12
3.006469505004049e-12
2.819125432824258e-12
2.641162712721692e-12
2.473527649193814e-12
2.319312344342764e-12
2.173219550049018e-12
2.035827918482341e-12
1.908531228490918e-12
1.790150233956376e-12
1.679332727863382e-12
1.577465666639247e-12
1.479775744869989e-12
1.39039390299789e-12
1.303955182377816e-12
1.22173208942987e-12
1.145902148220474e-12
1.073548608870078e-12
1.010261531441162e-12
9.520960055121031e-13
8.949667508443462e-13
8.36168630323328e-13
7.798644536534411e-13
7.237901836568484e-13
6.76463409838568e-13
6.321354451374565e-13
5.897850746173349e-13
5.524005322270345e-13
5.170966755428726e-13
4.836485832086002e-13
4.547991710384506e-13
4.311221843736836e-13
4.094377076563496e-13
3.902164280525677e-13
3.721576444456103e-13
3.513902285793669e-13
3.297673579366104e-13
3.081049831692002e-13
2.824473525178739e-13
2.569686641750187e-13
2.358796153574671e-13
2.186160560074959e-13
2.035391768396774e-13
1.89972797998196e-13
1.807894432229483e-13
1.67564491099308e-13
1.567384332328843e-13
1.463417305354065e-13
1.388943700385867e-13
1.33416252944777e-13
1.281561917070554e-13
1.253724960152852e-13
1.194564574286204e-13
1.173133991739369e-13
1.092406833929309e-13
1.021965393271762e-13
9.473185797823112e-14
8.496815781300611e-14
7.686377691621253e-14
6.627984376613927e-14
5.789846824678736e-14
5.36257515278967e-14
4.878266952676772e-14
4.287385696913172e-14
4.02812395216295e-14
3.866578604355142e-14
3.681390128585961e-14
4.058279994856133e-14
4.268611159967807e-14
4.424108472141342e-14
4.133267964359995e-14
3.861266878837849e-14
4.271486260103824e-14
