-4.964658067895445e-12
-3.286968204223011e-12
-2.164766255109683e-12
-1.391977108623716e-12
-8.403118779076981e-13
-4.227827053164489e-13
-7.623943655366878e-14
2.482605986451243e-13
5.911407825277919e-13
9.93900641305324e-13
1.49905971697335e-12
2.158723177296154e-12
3.036317895991987e-12
4.215344698773689e-12
5.802246599657522e-12
7.935725108883871e-12
1.079993422103532e-11
1.463251493672686e-11
1.974363617556787e-11
2.653551106495018e-11
3.553022593882851e-11
4.739696048780053e-11
6.300142489235788e-11
8.344785657246489e-11
1.101481190211487e-10
1.448998923549651e-10
1.899832494798114e-10
2.482830360537536e-10
3.234385054048423e-10
4.200245500575073e-10
5.437820614595697e-10
7.018896883888751e-10
9.033005708625793e-10
1.159153295712837e-09
1.48327117543342e-09
1.892759607748891e-09
2.408744266278174e-09
3.057242550296338e-09
3.870227364085748e-09
4.886896780487297e-09
6.155197777341809e-09
7.733645684103706e-09
9.693496590452742e-09
1.212133441383222e-08
1.512212914101357e-08
1.882287609783717e-08
2.337688047575495e-08
2.896881105669112e-08
3.582063847668918e-08
4.419859093744045e-08
5.442128133463743e-08
6.686917710549614e-08
8.199561287620399e-08
1.003396122591307e-07
1.225407760826373e-07
1.493564996141142e-07
1.816818706085359e-07
2.205725893180739e-07
2.672713303534749e-07
3.232380094624583e-07
3.901844418814796e-07
4.701139799780697e-07
5.653667326784583e-07
6.786710639542969e-07
8.132021432226031e-07
9.726483629055577e-07
1.161286559483039e-06
1.384067050127669e-06
1.646709577448605e-06
1.955811382532758e-06
2.318968721431569e-06
2.744913250743663e-06
3.243664849228326e-06
3.826702559941482e-06
4.50715547079492e-06
5.300015519437422e-06
6.222374329512454e-06
7.293686358311302e-06
8.536060755061004e-06
9.974584546777976e-06
1.163767993691338e-05
1.355749866886352e-05
1.577035658500806e-05
1.831721169379741e-05
2.124418923855279e-05
2.46031574251234e-05
2.845235765092469e-05
3.285709324519831e-05
3.789048085107997e-05
4.363426875022203e-05
5.017972654101241e-05
5.762861063282151e-05
6.609421014036699e-05
7.570247773024912e-05
8.65932499645016e-05
9.892156161431026e-05
0.000112859058246832
0.0001285955111914495
0.000146340438656003
0.0001663248363652118
0.000188803020583344
0.0002140545860679723
0.0002423864857284914
0.0002741352495050293
0.0003096693400986492
0.0003493916452249844
0.0003937421091359361
0.0004432005059699624
0.0004982893570292219
0.0005595769934859612
0.0006276807654520534
0.0007032703976171508
0.0007870714909001544
0.0008798691687514515
0.0009825118657923349
0.001095915255504271
0.001221066312586891
0.001359027504442921
0.001510941104979206
0.001678033622559013
0.001861620332486599
0.002063109902850556
0.002284009100882989
0.002525927565231656
0.002790582627653177
0.003079804165667317
0.003395539466093044
0.00373985808369306
0.004114956690908378
0.00452316388496902
0.004966944920838394
0.005448906341248097
0.005971800473241342
0.006538529758414636
0.007152150881703722
0.007815878661184893
0.00853308965888697
0.009307325470166871
0.01014229564753487
0.01104188022499064
0.0120101319158695
0.01305127798560657
0.01416972163943313
0.01537004277094287
0.0166569980820976
0.01803552060284696
0.01951071858235542
0.02108787367320907
0.02277243836622101
0.02457003262753616
0.02648643971327
0.02852760112559855
0.03069961065857721
0.03300870751489512
0.03546126844261162
0.0380637988726705
0.04082292303054481
0.04374537298125299
0.04683797660820023
0.05010764448408734
0.05356135563322837
0.0572061421763297
0.06104907283251574
0.0650972353052733
0.06935771752643222
0.07383758778387489
0.07854387374855429
0.08348354039665144
0.08866346688616983
0.09409042238323881
0.09977104089593694
0.1057117951607083
0.1119189696028037
0.1183986324687862
0.1251566071490313
0.1321984427814958
0.1395293842128432
0.147154341366337
0.1550778581552589
0.1633040809812
0.1718367269418563
0.1806790518537396
0.1898338181626636
0.1993032629155566
0.2090890658515773
0.2191923177688274
0.2296134892958689
0.2403524001544414
0.2514081891125786
0.262779284696386
0.2744633768383751
0.2864573896046003
0.2987574550909437
0.3113588887039445
0.3242561658900828
0.3374429004964532
0.3509118249035497
0.3646547720129687
0.3786626593082731
0.3929254750320825
0.4074322666489369
0.4221711317168013
0.4371292112284695
0.4522926856288419
0.467646773513255
0.4831757331483137
0.4988628669041006
0.5146905286178384
0.5306401340592247
0.5466921744557925
0.5628262331809175
0.5790210056459262
0.5952543223605543
0.6115031752845419
0.6277437473688944
0.6439514453380336
0.6601009356959697
0.676166183854241
0.692120496440806
0.7079365666289446
0.7235865224858105
0.739041978261584
0.75427408844618
0.7692536045894953
0.7839509346618384
0.7983362048953991
0.8123793239669485
0.8260500492901102
0.839318055358098
0.8521530038556053
0.8645246154208535
0.8764027428665284
0.8877574455878982
0.898559065059553
0.9087783010925133
0.9183862886887696
0.9273546752657088
0.9356556979502705
0.9432622608113937
0.9501480116837578
0.9562874183968525
0.9616558441667926
0.966229621852069
0.9699861269458313
0.9729038489431581
0.9749624608592919
0.9761428866658542
0.9764273664342547
0.9757995191619415
0.9742444028195159
0.9717485710664294
0.9683001264743583
0.9638887709259721
0.9585058544225883
0.9521444202974968
0.9447992431236251
0.9364668593784445
0.9271455955634585
0.9168355981098485
0.9055388601791653
0.8932592406194507
0.8800024750863688
0.8657761827399675
0.8505898700379725
0.8344549302017414
0.8173846375455002
0.7993941366510243
0.7805004267002101
0.7607223411521523
0.7400805226569278
0.7185973932325211
0.696297119771675
0.6732055749579464
0.6493502937428731
0.624760425440625
0.5994666815842077
0.5735012796805424
0.5468978829952192
0.5196915365662147
0.4919185995864508
0.4636166743607404
0.4348245320325597
0.4055820352700282
0.3759300581505893
0.3459104034453907
0.3155657175506156
0.2849394033011347
0.2540755308953874
0.2230187471937528
0.1918141836304195
0.1605073630047434
0.1291441054068778
0.09777043352818497
0.06643247762262068
0.03517638037237534
0.004048201919491177
-0.02690617468323812
-0.05764113735110929
-0.08811143792747948
-0.1182722839810757
-0.1480794292021885
-0.1774892621659948
-0.2064588932346414
-0.2349462393868356
-0.2629101067585624
-0.2903102706949803
-0.3171075531212694
-0.3432638970463766
-0.3687424380420488
-0.3935075725229971
-0.4175250226803036
-0.4407618979288894
-0.4631867527355657
-0.4847696407275673
-0.5054821649639615
-0.5252975242890598
-0.5441905556904918
-0.562137772583029
-0.5791173989787164
-0.5951093994873629
-0.6100955051286806
-0.6240592349403542
-0.6369859133682092
-0.6488626834661941
-0.6596785159062017
-0.6694242138371568
-0.6780924136359329
-0.6856775815940729
-0.692176006624273
-0.6975857890402692
-0.7019068254992714
-0.7051407902002381
-0.7072911124345682
-0.7083629506228888
-0.7083631629327046
-0.7073002746065487
-0.7051844421326818
-0.7020274143906556
-0.6978424909341614
-0.6926444775432302
-0.686449639211239
-0.6792756507246677
-0.6711415449829773
-0.6620676592338173
-0.6520755793805965
-0.6411880825453345
-0.6294290780565864
-0.6168235470197968
-0.6033974806516321
-0.5891778175387012
-0.5741923800005365
-0.5584698097252313
-0.5420395028357092
-0.5249315445613888
-0.5071766436677612
-0.4888060668101203
-0.4698515729670648
-0.4503453480992248
-0.4303199401894059
-0.4098081947998184
-0.3888431912914725
-0.367458179838867
-0.345686519362516
-0.3235616165080024
-0.3011168657831873
-0.2783855909682723
-0.2554009879039711
-0.2321960687548277
-0.2088036078451784
-0.1852560891495577
-0.1615856555204556
-0.137824059725937
-0.1140026173607272
-0.0901521616927439
-0.06630300049923138
-0.04248487494225556
-0.01872692052326455
0.004942369850617951
0.02849518065935275
0.05190440639959255
0.07514368203428322
0.09818741125189241
0.1210107925304715
0.1435898430099331
0.1659014201778938
0.1879232413791027
0.2096339011641195
0.2310128864992594
0.2520405898691726
0.2726983202989994
0.2929683123299603
0.3128337329864146
0.3322786867760205
0.3512882187727789
0.3698483158281006
0.3879459059628452
0.4055688559949619
0.4227059674589332
0.4393469708823856
0.4554825184761189
0.471104175301974
0.4862044089834354
0.5007765780228079
0.5148149187962227
0.528314531291441
0.5412713636636444
0.5536821956794693
0.5655446211122367
0.5768570291606465
0.5876185849579039
0.5978292092448679
0.60748955727664
0.6166009970288332
0.6251655867777866
0.633186052115894
0.6406657624730786
0.6476087072090979
0.654019471332157
0.6599032109038395
0.6652656281936105
0.6701129466575093
0.6744518857988262
0.6782896359491377
0.6816338330168217
0.6844925332611179
0.6868741881594804
0.6887876194162137
0.6902419941405845
0.691246800231248
0.6918118220153912
0.6919471162001596
0.6916629881735453
0.6909699686716869
0.6898787908378018
0.6884003677111493
0.68654577019142
0.6843262055051467
0.6817529961828641
0.6788375595650756
0.6755913878611721
0.6720260287892379
0.6681530668133336
0.6639841049858797
0.6595307474116499
0.6548045823389115
0.6498171658852544
0.6445800064052818
0.6391045495089643
0.6334021637432921
0.6274841269299694
0.6213616131559401
0.6150456804160238
0.6085472589097423
0.6018771399973238
0.5950459658010138
0.5880642194397845
0.5809422158908395
0.5736900934771217
0.5663178059820341
0.5588351153706294
0.5512515851004691
0.5435765740106934
0.5358192307808903
0.5279884889512968
0.5200930624867702
0.5121414418727835
0.5041418907285206
0.4961024429181823
0.4880309001455855
0.4799348300155588
0.4718215645468872
0.4636981991208112
0.4555715918499832
0.4474483633570345
0.4393348969393566
0.4312373390988999
0.4231616004204963
0.415113356786723
0.407098050917949
0.3991208942152806
0.3911868688867424
0.3833007303407736
0.3754670098336127
0.3676900173586141
0.3599738447579094
0.3523223690396211
0.3447392558858201
0.3372279633374726
0.3297917456444451
0.3224336572639787
0.3151565569933615
0.3079631122235879
0.3008558033013514
0.2938369279885431
0.2869086060053183
0.2800727836448858
0.2733312384487757
0.2666855839320825
0.2601372743499987
0.2536876094937127
0.2473377395056768
0.2410886697051596
0.2349412654152382
0.2288962567838901
0.2229542435901854
0.2171157000278033
0.2113809794588411
0.2057503191318819
0.2002238448594666
0.1948015756474484
0.1894834282704093
0.1842692217880295
0.1791586819975686
0.1741514458188006
0.1692470656065067
0.1644450133866155
0.1597446850126104
0.1551454042395716
0.1506464267140616
0.1462469438761925
0.141946086770992
0.1377429297672531
0.1336364941830757
0.1296257518178232
0.1257096283881336
0.1218870068666836
0.1181567307229806
0.1145176070659588
0.1109684096883674
0.1075078820126546
0.1041347399384114
0.100847674591725
0.09764535497705508
0.09452643053279892
0.09148953359071629
0.08853328173990251
0.08565628009643675
0.0828571234798164
0.08013439849758038
0.07748668553935358
0.074912560681875
0.07241059750647791
0.06997936883050875
0.06761744835443653
0.06532341222635875
0.06309584052614106
0.06093331867094731
0.05883443874349702
0.05679780074473471
0.05482201377316783
0.05290569713342826
0.05104748137591295
0.0492460092690777
0.04749993670614936
0.04580793354855921
0.04416868440838056
0.04258088937176048
0.04104326466523237
0.03955454326704796
0.03811347546534863
0.03671882936495266
0.03536939134474231
0.03406396646782359
0.03280137884648682
0.03158047196367707
0.03040010895267107
0.02925917283682114
0.02815656673123998
0.02709121400837052
0.02606205842895709
0.02506806423989029
0.02410821624066006
0.02318151982016031
0.02228700096561017
0.02142370624484643
0.02059070276337919
0.01978707809765393
0.01901194020601571
0.01826441731880025
0.01754365780879334
0.01684883004332008
0.016179122219171
0.01553374218156662
0.01491191722836304
0.01431289390055756
0.01373593776023893
0.01318033315696514
0.01264538298349603
0.01213040842172734
0.01163474867986339
0.0111577607217244
0.01069881898897352
0.01025731511713604
0.009832657646111777
0.009424271725939692
0.00903159881836982
0.008654096395005879
0.008291237632596062
0.007942511106158472
0.007607420480408172
0.007285484200045138
0.006976235179330104
0.006679220491541762
0.006394001058767643
0.006120151342383249
0.005857259034606602
0.005604924751428595
0.005362761727380728
0.00513039551238273
0.0049074636710225
0.004693615484569387
0.004488511655897118
0.004291824017617799
0.00410323524356748
0.003922438563888371
0.0037491374838855
0.003583045506832189
0.003423885860856853
0.003271391230051606
0.003125303489903657
0.002985373447165951
0.002851360584214205
0.002723032808019821
0.00260016620388195
0.002482544793861198
0.002369960299956929
0.002262211912060364
0.002159106060759169
0.002060456195023295
0.001966082564775457
0.001875812008262859
0.00178947774427984
0.001706919169232048
0.001627981659017617
0.001552516375735014
0.001480380079075356
0.001411434942489746
0.001345548374000497
0.001282592841640047
0.001222445703497454
0.001164989042275522
0.001110109504334885
0.00105769814307204
0.00100765026671542
0.000959865290344426
0.000914246592130116
0.0008707013737506712
0.0008291405248213389
0.000789478491355483
0.0007516331481254849
0.0007155256748360739
0.0006810804360946307
0.0006482248650438713
0.0006168893506342555
0.0005870071284202692
0.0005585141747923502
0.0005313491046095231
0.0005054530720780971
0.0004807696748869477
0.0004572448614877576
0.0004348268413940445
0.0004134659985169146
0.0003931148073747022
0.0003737277521484288
0.0003552612484859004
0.0003376735679927519
0.000320924765344657
0.0003049766079336209
0.0002897925079670607
0.000275337456979182
0.0002615779626551266
0.000248481987919566
0.0002360188922334519
0.0002241593750178826
0.0002128754211101976
0.0002021402482599713
0.0001919282565415723
0.0001822149796283147
0.0001729770379263892
0.0001641920934511394
0.0001558388063924831
0.0001478967933518854
0.0001403465871588663
0.0001331695982388494
0.0001263480774640255
0.0001198650804653773
0.0001137044332969001
0.0001078506994886524
0.0001022891483649536
9.700572463861314e-05
9.198701919239061e-05
8.722024107295979e-05
8.26931905576814e-05
7.83942332903626e-05
7.431227545472617e-05
7.043674004332484e-05
6.67575441376241e-05
6.326507708837928e-05
5.995017947908175e-05
5.680412294822337e-05
5.381859092452096e-05
5.098566018112312e-05
4.829778320405414e-05
4.574777121816824e-05
4.332877797616587e-05
4.10342842073279e-05
3.88580827329374e-05
3.679426424118432e-05
3.483720364766126e-05
3.298154706348891e-05
3.122219927921359e-05
2.955431187433468e-05
2.797327175200857e-05
2.647469023624809e-05
2.505439263961009e-05
2.370840824925062e-05
2.243296081667375e-05
2.122445941010472e-05
2.007948971307021e-05
1.899480568695247e-05
1.796732161624487e-05
1.699410452883905e-05
1.60723669176205e-05
1.519945980383921e-05
1.437286615718974e-05
1.359019454667809e-05
1.28491731294577e-05
1.214764389044674e-05
1.148355716479123e-05
1.085496639179952e-05
1.026002312652649e-05
9.696972261132413e-06
9.164147500244563e-06
8.659967017875443e-06
8.182929334304238e-06
7.731609371204937e-06
7.304654706514684e-06
6.900781994600652e-06
6.518773557438896e-06
6.157474138086911e-06
5.815787817060652e-06
5.492675058228893e-06
5.187149905458996e-06
4.898277313938835e-06
4.625170599137778e-06
4.366989020842205e-06
4.122935482509738e-06
3.892254337336799e-06
3.674229288148058e-06
3.468181407384775e-06
3.273467255887876e-06
3.089477071762859e-06
2.915633070608536e-06
2.751387808201092e-06
2.596222653279513e-06
2.449646285487301e-06
2.311193330530859e-06
2.180423003876035e-06
2.056917865776961e-06
1.940282612933858e-06
1.830142940066686e-06
1.726144452164632e-06
1.627951648744385e-06
1.535246914002787e-06
1.447729621779258e-06
1.365115232745921e-06
1.287134462624925e-06
1.213532483667611e-06
1.144068166548673e-06
1.078513367492949e-06
1.016652243759558e-06
9.5828060764548e-07
9.032053169463235e-07
8.51243695857541e-07
8.022229686906165e-07
7.559797392498539e-07
7.123595044186203e-07
6.712161833873891e-07
6.324116508156074e-07
5.958153332486871e-07
5.613037956140808e-07
5.287603683038208e-07
4.980747710536916e-07
4.691427930430589e-07
4.418659350749361e-07
4.16151132427507e-07
3.919104567889416e-07
3.690608241333368e-07
3.475237498000452e-07
3.272250874553381e-07
3.080948015396483e-07
2.900667442986565e-07
2.730784481097318e-07
2.570709127346202e-07
2.419884151376701e-07
2.27778367043538e-07
2.143910911387732e-07
2.017797025577646e-07
1.898999293513124e-07
1.787099891776776e-07
1.681704412543247e-07
1.582440614834672e-07
1.488957194883068e-07
1.40092264593755e-07
1.318024098690648e-07
1.239966442562581e-07
1.16647112012617e-07
1.097275421556449e-07
1.032131448192991e-07
9.70805376528103e-08
9.130766660903272e-08
8.587372407316207e-08
8.07590990624532e-08
7.594529448044092e-08
7.141486854271051e-08
6.715136126320039e-08
6.31392682244388e-08
5.936397013055612e-08
5.581167971640442e-08
5.24694009590563e-08
4.932488497189953e-08
4.636658811666342e-08
4.358362130399416e-08
4.096573364322271e-08
3.850326269456559e-08
3.618710216830603e-08
3.40086693079566e-08
3.19598833159561e-08
3.00331211072738e-08
2.822121219338979e-08
2.651739500376504e-08
2.491530296155056e-08
2.340893034539983e-08
2.199263309820445e-08
2.066108897920069e-08
1.940929460384426e-08
1.823252352659834e-08
1.712633593238863e-08
1.608654524646039e-08
1.510921677580027e-08
1.419064157761566e-08
1.33273278493975e-08
1.251599209537992e-08
1.175354072261013e-08
1.103706428294677e-08
1.036382029646863e-08
9.731232597523918e-09
9.136870864461894e-09
8.578449641316807e-09
8.05382101517572e-09
7.560957748195072e-09
7.097962884570205e-09
6.66304310297125e-09
6.254520505872783e-09
5.870802722752882e-09
5.510400412880003e-09
5.171913207798706e-09
4.854022248041853e-09
4.555482619730066e-09
4.275135314463822e-09
4.011881547721002e-09
3.764687967875561e-09
3.532588280312728e-09
3.31467165856797e-09
3.110077757021201e-09
2.918002518462472e-09
2.737686440191031e-09
2.56841662380249e-09
2.409519043124747e-09
2.260363642869552e-09
2.120359178134086e-09
1.988950456657638e-09
1.865615921887612e-09
1.749866185194342e-09
1.641232595969768e-09
1.53928654745746e-09
1.443619403012251e-09
1.353844285615865e-09
1.269609434374477e-09
1.190579094341361e-09
1.116427217235675e-09
1.046859382227806e-09
9.815982870074213e-10
9.2037139697551e-10
8.629324158693883e-10
8.090451699168168e-10
7.584933860273142e-10
7.110758428750848e-10
6.66600231551315e-10
6.24884416992298e-10
5.857583683881008e-10
5.490672500005899e-10
5.146546255346676e-10
4.823831740502084e-10
4.521176955647489e-10
4.237418485630241e-10
3.971324000771933e-10
3.721809363228305e-10
3.487858328957217e-10
3.268499306665278e-10
3.062864296226641e-10
2.87005969683842e-10
2.689323664896723e-10
2.519888203266257e-10
2.361077253164752e-10
2.21221719839275e-10
2.07268460463788e-10
1.941884806204751e-10
1.819242503074671e-10
1.704271110730431e-10
1.596519625047892e-10
1.495522387548107e-10
1.400832320765202e-10
1.31207834432979e-10
1.228913186199238e-10
1.151031371235725e-10
1.078073630700974e-10
1.009770731582526e-10
9.458076286872982e-11
8.858973563658411e-11
8.297059357921382e-11
7.770611657232883e-11
7.277371595064345e-11
6.814854844906397e-11
6.381213354766072e-11
5.974770414948111e-11
5.593812618098455e-11
5.236239894354034e-11
4.901860427292994e-11
4.588889264410183e-11
4.296221081232711e-11
4.02246375943273e-11
3.766544623742046e-11
3.526692531896194e-11
3.30194049434203e-11
3.091678315553939e-11
2.894553832649016e-11
2.710023934752072e-11
2.537022358728417e-11
2.37485426729963e-11
2.222379273978088e-11
2.079533975347287e-11
1.94568284745197e-11
1.820205047791788e-11
1.702659904778223e-11
1.5932130088339e-11
1.491207366476735e-11
1.395865267744661e-11
1.306813654632486e-11
1.223432855386342e-11
1.145269369879905e-11
1.072124875721181e-11
1.00328635263582e-11
9.388970956163124e-12
8.783820742552631e-12
8.22003300024439e-12
7.684452415875122e-12
7.189664246715735e-12
6.724385682390778e-12
6.287052692437608e-12
5.879984742338767e-12
5.498078116366631e-12
5.141525511647594e-12
4.813664577300166e-12
4.503646901625654e-12
4.216418630062111e-12
3.945349463085823e-12
3.691817634946173e-12
3.454464430973718e-12
3.230326842495746e-12
3.020404185817631e-12
2.828931521552414e-12
2.646115220997143e-12
2.472073315030618e-12
2.312839698529646e-12
2.163691134976096e-12
2.017698712865782e-12
1.886186034985075e-12
1.764002722963657e-12
1.649652320711379e-12
1.544611644141033e-12
1.442814412995876e-12
1.348869710911899e-12
1.262033001637433e-12
1.179705672925762e-12
1.102698400960764e-12
1.03149508097157e-12
9.664531172246034e-13
9.050731883862345e-13
8.474442524309548e-13
7.925608744772723e-13
7.434914280673632e-13
6.96820300017131e-13
6.522430609822247e-13
6.022336204480845e-13
5.603456021540811e-13
5.206264037866199e-13
4.852001644586493e-13
4.545903959262286e-13
4.237977689902835e-13
3.985122581589072e-13
3.77630910348788e-13
3.54450794499808e-13
3.334575681095561e-13
3.095952741430015e-13
2.916436286946487e-13
2.724656197878566e-13
2.581692626824922e-13
2.373510273506156e-13
2.176108150589346e-13
2.002463090938312e-13
1.864394418703263e-13
1.735874971666071e-13
1.659285503606495e-13
1.544677214991711e-13
1.460437617635408e-13
1.342878269103366e-13
1.268371858529251e-13
1.190966196046911e-13
1.107765825470044e-13
1.057957397258635e-13
1.03298946626991e-13
9.59613584495496e-14
8.855846370457667e-14
8.042207190122606e-14
7.202259796976215e-14
6.558896915138131e-14
6.168095771219196e-14
5.768548497504638e-14
5.508580136431189e-14
5.072119318162194e-14
4.817461863407055e-14
4.406576330538711e-14
4.27171796586926e-14
4.078600438092958e-14
3.849343531348997e-14
3.883114389761606e-14
3.806717203482236e-14
3.770117320242465e-14
3.084852227623002e-14
2.573863363134456e-14
1.90904619392344e-14
1.337067445801271e-14
1.465277005789402e-14
1.793154535740537e-14
2.154627098736757e-14
2.335628152279449e-14
2.16990479584378e-14
2.140228979341684e-14
1.585737133647256e-14
1.42011788963447e-14
9.555611385007574e-15
6.199745421716785e-15
3.450975469835217e-15
7.858503448692484e-15
1.109820847435016e-14
1.452356620694216e-14
1.639145569629851e-14
1.096543198612581e-14
6.057971030732707e-15
1.16940185947023e-15
2.723240230488553e-15
4.572735222207656e-15
5.520046736164474e-15
5.877264922788717e-15
7.054117939558154e-15
8.115753530747714e-15
7.309335193138111e-15
3.93647278313778e-15
5.003279761120123e-15
1.887656966051328e-15
-1.883474351874596e-15
-3.30832382712883e-15
-3.882823739866787e-15
-4.141029170165321e-16
