-2.613554017576979e-12
-1.733063976619664e-12
-1.162235870015063e-12
-7.935525272090743e-13
-5.598424679045241e-13
-4.169778526128551e-13
-3.385198199989743e-13
-3.096207050571876e-13
-3.228594509533149e-13
-3.778555589797907e-13
-4.788542688312307e-13
-6.354021784645527e-13
-8.634073896110135e-13
-1.185395380669932e-12
-1.632358022554069e-12
-2.246525849150906e-12
-3.086314479901515e-12
-4.226935839490317e-12
-5.767478537615855e-12
-7.842163336098148e-12
-1.062199468911419e-11
-1.43347554988931e-11
-1.927110059580116e-11
-2.581162038965756e-11
-3.444656412537638e-11
-4.580449076392837e-11
-6.06928630100502e-11
-8.014236249250703e-11
-1.054650901347647e-10
-1.383294947955908e-10
-1.808453778001729e-10
-2.356767476544634e-10
-3.06178382626506e-10
-3.965617188270554e-10
-5.120981339658313e-10
-6.593734327081039e-10
-8.465891524553967e-10
-1.083934836558932e-09
-1.384040486465659e-09
-1.762520258463954e-09
-2.238634030152593e-09
-2.836079774144013e-09
-3.583953500890562e-09
-4.517889494885631e-09
-5.681437964369243e-09
-7.127700073740432e-09
-8.921278489613684e-09
-1.11405898743308e-08
-1.388061340506968e-08
-1.725612562936772e-08
-2.14055179180103e-08
-2.649528083447662e-08
-3.272525444444975e-08
-4.033479367169122e-08
-4.960997750182778e-08
-6.089201142285988e-08
-7.458700921150247e-08
-9.117734883825262e-08
-1.112348297009234e-07
-1.354358952815916e-07
-1.645791902653216e-07
-1.996057885167372e-07
-2.416224445218076e-07
-2.919282660122166e-07
-3.520452541627194e-07
-4.237532078157625e-07
-5.091295350664128e-07
-6.105945833307418e-07
-7.309631561075419e-07
-8.735029474744193e-07
-1.042000719766682e-06
-1.240837102824327e-06
-1.475070994961141e-06
-1.750534637939084e-06
-2.07394052865042e-06
-2.453001430367845e-06
-2.896564879537327e-06
-3.414763665242123e-06
-4.019183888729615e-06
-4.723052357998021e-06
-5.54144518690319e-06
-6.491519630129566e-06
-7.592771313433956e-06
-8.867319172870916e-06
-1.034022057128452e-05
-1.203981921299001e-05
-1.399812863828059e-05
-1.625125423869789e-05
-1.883985687501784e-05
-2.180966135305271e-05
-2.521201313498043e-05
-2.910448681288274e-05
-3.355154997329118e-05
-3.862528620613802e-05
-4.440618107119235e-05
-5.098397489108282e-05
-5.845858625553896e-05
-6.694111010449615e-05
-7.655489415197494e-05
-8.743669730519921e-05
-9.973793353596097e-05
-0.0001136260045358756
-0.0001292857268188587
-0.0001469208647749943
-0.0001667557708127907
-0.0001890371348200244
-0.0002140358468558594
-0.0002420489769345622
-0.0002734018755740283
-0.0003084503984968096
-0.000347583258597255
-0.0003912245079035146
-0.0004398361518751952
-0.000493920897878265
-0.0005540250391873709
-0.0006207414752285068
-0.0006947128681444014
-0.0007766349349915514
-0.0008672598741047745
-0.0009673999232227556
-0.001077931046027427
-0.001199796742638143
-0.001334011978486123
-0.001481667224672814
-0.00164393260159364
-0.001822062116143975
-0.002017397981500374
-0.002231375010713315
-0.002465525082012359
-0.002721481655829407
-0.003000984324252126
-0.003305883374755924
-0.003638144348422073
-0.00399985257090154
-0.004393217632362972
-0.004820577790553898
-0.005284404268837909
-0.005787305418877368
-0.006332030715749725
-0.006921474558852729
-0.007558679918310739
-0.00824684182243156
-0.008989310579749301
-0.009789594630358707
-0.01065136302358156
-0.01157844753013895
-0.01257484436119496
-0.01364471543337788
-0.01479238914098369
-0.01602236059184005
-0.01733929127771391
-0.01874800814213882
-0.02025350199749193
-0.02186092526387311
-0.02357558898052612
-0.02540295906065455
-0.0273486517549935
-0.02941842827943939
-0.03161818858887824
-0.03395396425069135
-0.03643191039838687
-0.03905829673997003
-0.04183949758420538
-0.044781980882933
-0.04789229625164304
-0.05117706196557351
-0.05464295092182768
-0.05829667554431883
-0.06214497165252163
-0.06619458127087625
-0.07045223439953699
-0.07492462975894473
-0.07961841450458991
-0.08454016296308389
-0.08969635438495767
-0.09509334976243398
-0.1007373677508999
-0.1066344597148018
-0.1127904839841914
-0.11921107933816
-0.1259016377943301
-0.1328672767715855
-0.1401128106710978
-0.1476427219963433
-0.1554611320501493
-0.1635717713210513
-0.1719779496537679
-0.1806825262689107
-0.189687879783491
-0.1989958782885946
-0.2086078496250094
-0.2185245519738294
-0.2287461448422103
-0.2392721606219977
-0.2501014767867019
-0.2612322888855252
-0.2726620844640553
-0.2843876179991223
-0.2964048870429373
-0.3087091096386397
-0.3212947031702703
-0.3341552647767435
-0.3472835534135468
-0.3606714737623599
-0.3743100620333175
-0.3881894738140788
-0.4022989740813125
-0.4166269294367045
-0.4311608027525481
-0.4458871502434757
-0.4607916210989096
-0.4758589597632165
-0.4910730108889014
-0.5064167271192196
-0.5218721796740093
-0.5374205718386298
-0.5530422554010219
-0.5687167500110684
-0.5844227655712015
-0.6001382275837536
-0.6158403055143749
-0.6315054441652096
-0.6471093979707224
-0.6626272682715769
-0.6780335434346227
-0.6933021418251921
-0.7084064575682504
-0.7233194089531236
-0.7380134894839202
-0.7524608213826895
-0.7666332114906717
-0.7805022094478867
-0.7940391679568874
-0.8072153050864144
-0.820001768363835
-0.8323697005482895
-0.8442903069154805
-0.8557349238149708
-0.8666750884097671
-0.8770826093078422
-0.8869296379370429
-0.8961887404589552
-0.904832969960509
-0.9128359388157959
-0.9201718908889218
-0.9268157733699312
-0.9327433080230173
-0.9379310616418656
-0.9423565156813061
-0.9459981346128566
-0.9488354324511448
-0.9508490372647032
-0.9520207542931983
-0.9523336288740734
-0.9517720072104444
-0.9503215912413246
-0.9479694875366487
-0.9447042548222526
-0.9405159545387489
-0.9353961995607663
-0.9293381961788497
-0.9223367791842666
-0.9143884434452594
-0.9054913735123232
-0.8956454697316926
-0.884852369940254
-0.8731154666278397
-0.8604399198064867
-0.8468326657000932
-0.8323024210469543
-0.8168596829469515
-0.800516724225919
-0.783287584301006
-0.7651880556120295
-0.7462356655732582
-0.7264496540978537
-0.7058509467385965
-0.6844621234785212
-0.6623073832866768
-0.6394125044814982
-0.6158048010236608
-0.5915130748485894
-0.5665675643397142
-0.5409998891097485
-0.5148429912065857
-0.4881310729240054
-0.4608995313832948
-0.4331848900425885
-0.4050247273420639
-0.3764576026611355
-0.3475229798084767
-0.3182611482526368
-0.2887131422940851
-0.2589206584145128
-0.2289259710173561
-0.1987718468003534
-0.1685014579920006
-0.1381582946804669
-0.1077860764807438
-0.07742866376969344
-0.04712996873116277
-0.01693386644773989
0.01311589372660535
0.04297577627810111
0.0726025469014188
0.1019533588972577
0.1309858383774021
0.1596581680593789
0.1879291694459252
0.2157583831813777
0.2431061473887712
0.2699336737979888
0.2962031214802546
0.3218776680251659
0.3469215779887265
0.371300268464662
0.3949803716363677
0.4179297941668834
0.4401177733133713
0.4615149296427553
0.482093316254004
0.5018264644171946
0.52068942554255
0.5386588094273416
0.5557128187087215
0.5718312794839544
0.5869956680646448
0.6011891338345344
0.6143965182169895
0.6266043697346283
0.6378009551763436
0.6479762668931637
0.6571220262499485
0.6652316832961847
0.6723004126866563
0.6783251059169854
0.6833043599440305
0.6872384622643645
0.6901293725555918
0.6919807009594344
0.6927976831205714
0.6925871520912183
0.6913575072039738
0.6891186800460186
0.6858820976527619
0.6816606430689975
0.6764686134154468
0.6703216755890676
0.6632368197536661
0.6552323107587761
0.6463276376487604
0.6365434614157534
0.6259015611413719
0.6144247786948013
0.6021369621331402
0.5890629079690292
0.5752283024623347
0.5606596620842235
0.5453842733181964
0.5294301319420658
0.5128258819498676
0.4956007542621861
0.4777845053634324
0.4594073560165644
0.440499930187402
0.4210931943186236
0.4012183970853519
0.3809070097565805
0.3601906672925386
0.3391011102891068
0.3176701278873953
0.2959295017554069
0.2739109512382596
0.2516460797763207
0.2291663226821676
0.2065028963678548
0.1836867491011059
0.1607485133593778
0.137718459852028
0.1146264532710538
0.09150190982831509
0.06837375662963351
0.04527039293006736
0.02221965331011218
-0.0007512271972164823
-0.02361564600108546
-0.04634766384678083
-0.0689220336922987
-0.091314227558469
-0.1135004613476662
-0.1354577176305659
-0.1571637664053161
-0.1785971838381126
-0.1997373690012457
-0.2205645586255713
-0.2410598398905327
-0.2612051612785863
-0.2809833415240346
-0.3003780766943728
-0.3193739454387929
-0.3379564124453746
-0.3561118301510462
-0.373827438749215
-0.3910913645471285
-0.4078926167222005
-0.4242210825358422
-0.4400675210613127
-0.4554235554779887
-0.4702816639926419
-0.4846351694458473
-0.4984782276679893
-0.5118058146475066
-0.5246137125725424
-0.5368984948148876
-0.5486575099156609
-0.5598888646409557
-0.5705914061719392
-0.5807647034862627
-0.5904090279925953
-0.5995253334836708
-0.6081152354843551
-0.6161809900574786
-0.6237254721131826
-0.630752153275442
-0.6372650793703525
-0.643268847610183
-0.6487685835302315
-0.6537699177172167
-0.6582789623760725
-0.6623022877932819
-0.6658468987642073
-0.6689202110334309
-0.6715300277774341
-0.6736845161671386
-0.6753921840605965
-0.6766618568833812
-0.6775026547363803
-0.6779239697532103
-0.6779354437383812
-0.6775469461233472
-0.6767685522818254
-0.6756105222341081
-0.6740832797616284
-0.6721973919613522
-0.6699635492587982
-0.6673925459000755
-0.6644952609430629
-0.6612826397692128
-0.6577656761414096
-0.6539553948128989
-0.649862834695672
-0.6454990325995287
-0.6408750075554198
-0.6360017457396231
-0.630890185995458
-0.625551205950755
-0.6199956087345079
-0.6142341103021611
-0.6082773273809339
-0.6021357660227932
-0.5958198107566671
-0.5893397143365054
-0.5827055880849715
-0.575927392832196
-0.5690149304388044
-0.5619778358984054
-0.5548255700109261
-0.5475674126134686
-0.5402124563592976
-0.5327696010335585
-0.5252475483951945
-0.5176547975335108
-0.5099996407284652
-0.5022901598081011
-0.4945342229823463
-0.4867394821342814
-0.4789133705550368
-0.4710631011130086
-0.4631956648488899
-0.4553178299749452
-0.4474361412599309
-0.4395569197845899
-0.4316862630556257
-0.4238300454670813
-0.41599391908928
-0.4081833147683726
-0.4004034435213441
-0.3926592982124685
-0.3849556554990503
-0.3772970780284751
-0.3696879168713038
-0.362132314175848
-0.3546342060303454
-0.3471973255205286
-0.3398252059668123
-0.3325211843273176
-0.3252884047535434
-0.3181298222863312
-0.3110482066815833
-0.3040461463511606
-0.2971260524067709
-0.2902901627952278
-0.2835405465139364
-0.2768791078968341
-0.270307590959201
-0.2638275837908614
-0.257440522988176
-0.2511476981163396
-0.2449502561948138
-0.2388492061954289
-0.2328454235446655
-0.2269396546223083
-0.221132521249155
-0.2154245251576083
-0.2098160524375215
-0.2043073779508033
-0.1988986697089526
-0.1935899932084525
-0.1883813157201411
-0.183272510526122
-0.178263361098893
-0.1733535652185726
-0.1685427390254203
-0.1638304210055242
-0.1592160759047491
-0.1546990985675308
-0.1502788176978616
-0.1459544995401844
-0.1417253514785111
-0.13759052555147
-0.1335491218816618
-0.1296001920179537
-0.1257427421897445
-0.1219757364729752
-0.1182980998663488
-0.114708721277051
-0.111206456415677
-0.1077901306001725
-0.1044585414690646
-0.1012104616039293
-0.09804464106158352
-0.09495980981647163
-0.0919546801136342
-0.08902794873313488
-0.0861782991667529
-0.08340440370850714
-0.08070492545999003
-0.07807852025095838
-0.07552383847612654
-0.07303952684993048
-0.0706242300814111
-0.06827659247059971
-0.06599525942727638
-0.06377887891345953
-0.06162610281156803
-0.0595355882203405
-0.05750599868020201
-0.05553600532963977
-0.05362428799460246
-0.05176953621246007
-0.04997045019208149
-0.04822574171197656
-0.04653413495856626
-0.04489436730669563
-0.04330519004395559
-0.04176536904045611
-0.04027368536596161
-0.03882893585633268
-0.0374299336313609
-0.03607550856547866
-0.03476450771295837
-0.03349579568934711
-0.0322682550111451
-0.03108078639576174
-0.02993230902299988
-0.02882176075962923
-0.02774809834869887
-0.02671029756528644
-0.02570735334037606
-0.02473827985436633
-0.02380211060149579
-0.0228978984268314
-0.022024715537163
-0.02118165348726167
-0.02036782314282807
-0.01958235462155859
-0.01882439721351852
-0.0180931192820124
-0.01738770814604251
-0.01670736994562144
-0.01605132949112598
-0.01541883009785011
-0.01480913340669731
-0.01422151919217062
-0.01365528515847379
-0.01310974672468176
-0.01258423679985971
-0.01207810554908211
-0.01159072015119557
-0.0111214645491667
-0.0106697391935488
-0.01023496078003731
-0.009816561981664274
-0.009413991176558421
-0.009026712171721823
-0.008654203923333628
-0.008295960254269215
-0.007951489569324972
-0.007620314568766058
-0.007301971960621914
-0.006996012172257536
-0.006701999061670376
-0.006419509628813248
-0.006148133727404254
-0.005887473777560118
-0.005637144479649836
-0.00539677252965181
-0.005165996336341378
-0.004944465740570874
-0.004731841736894171
-0.004527796197750416
-0.00433201160047951
-0.004144180757314465
-0.003964006548721856
-0.003791201660089019
-0.003625488321912204
-0.003466598053635497
-0.003314271411299595
-0.003168257739191389
-0.003028314925521506
-0.002894209162203522
-0.002765714708775928
-0.002642613660610323
-0.002524695721451416
-0.002411757980372964
-0.002303604693056375
-0.002200047067544277
-0.002100903054402957
-0.002005997141401726
-0.001915160152645218
-0.001828229052179085
-0.001745046752055313
-0.001665461924830763
-0.001589328820462898
-0.001516507087619254
-0.001446861599363963
-0.001380262283180888
-0.001316583955297284
-0.001255706159236806
-0.001197513008571236
-0.00114189303382406
-0.001088739033461307
-0.001037947928931051
-0.0009894206237107163
-0.0009430618662627945
-0.0008987801168648296
-0.0008564874181907526
-0.0008160992696756296
-0.0007775345054984202
-0.0007407151761895573
-0.0007055664337588033
-0.0006720164202804242
-0.0006399961598658393
-0.0006094394539449836
-0.0005802827797994282
-0.0005524651922610921
-0.0005259282285204296
-0.0005006158159632688
-0.0004764741829586991
-0.0004534517725361289
-0.000431499158884475
-0.0004105689665988549
-0.0003906157926049939
-0.0003715961306826759
-0.000353468298557672
-0.0003361923674420967
-0.0003197300939838027
-0.0003040448545541427
-0.000289101581832871
-0.0002748667035701591
-0.0002613080835395969
-0.0002483949645564254
-0.0002360979135198032
-0.000224388768407918
-0.000213240587232328
-0.0002026275987775034
-0.0001925251551843513
-0.0001829096862523238
-0.000173758655427743
-0.0001650505174098142
-0.0001567646773776743
-0.0001488814517332048
-0.000141382030312224
-0.0001342484399549866
-0.0001274635094765819
-0.0001210108360812553
-0.0001148747531827793
-0.0001090402993929398
-0.0001034931885382404
-9.821978079459836e-05
-9.320705508442772e-05
-8.844258263472647e-05
-8.391450157757676e-05
-7.961149251762825e-05
-7.55227550389233e-05
-7.163798519872077e-05
-6.794735389203534e-05
-6.444148614383558e-05
-6.111144120759939e-05
-5.794869346208449e-05
-5.494511414078965e-05
-5.209295376583828e-05
-4.938482532886884e-05
-4.681368816939427e-05
-4.437283251823936e-05
-4.205586469154478e-05
-3.985669291363224e-05
-3.776951371958092e-05
-3.578879894296108e-05
-3.390928326046842e-05
-3.212595225842037e-05
-3.043403101674724e-05
-2.882897317320253e-05
-2.730645045986668e-05
-2.586234271015545e-05
-2.44927282718151e-05
-2.319387485939198e-05
-2.196223078911639e-05
-2.079441660401879e-05
-1.968721706900983e-05
-1.863757351688576e-05
-1.764257653552158e-05
-1.669945896219876e-05
-1.58055892344768e-05
-1.49584649687065e-05
-1.415570690049314e-05
-1.339505304034215e-05
-1.267435310785689e-05
-1.199156324465515e-05
-1.134474092136033e-05
-1.07320401193453e-05
-1.015170669796894e-05
-9.60207399782799e-06
-9.08155862109918e-06
-8.588656437534578e-06
-8.121938743102631e-06
-7.680048620965956e-06
-7.261697446177628e-06
-6.865661578398739e-06
-6.490779196445642e-06
-6.135947261480416e-06
-5.800118664942925e-06
-5.482299474577734e-06
-5.18154632782804e-06
-4.896963932836231e-06
-4.627702704675868e-06
-4.372956508594504e-06
-4.131960503152846e-06
-3.903989098136604e-06
-3.688353985949039e-06
-3.484402308544502e-06
-3.291514867585026e-06
-3.109104450502589e-06
-2.93661422543447e-06
-2.773516223172997e-06
-2.619309869635881e-06
-2.473520618473675e-06
-2.335698636560115e-06
-2.205417542783479e-06
-2.082273234537467e-06
-1.965882749730857e-06
-1.855883182228033e-06
-1.751930679556306e-06
-1.653699456841852e-06
-1.560880879383923e-06
-1.473182576406648e-06
-1.390327613432898e-06
-1.312053699080488e-06
-1.238112421680265e-06
-1.168268551616323e-06
-1.102299338316036e-06
-1.039993887202314e-06
-9.811525221719106e-07
-9.255862268836973e-07
-8.731160724602468e-07
-8.235727076769412e-07
-7.767958408588041e-07
-7.326337899305078e-07
-6.909429984679179e-07
-6.515876426682299e-07
-6.144392022699856e-07
-5.793760970955388e-07
-5.462833058022737e-07
-5.150520207728226e-07
-4.855793257570701e-07
-4.577678887241068e-07
-4.31525662418114e-07
-4.067655906240403e-07
-3.83405356861426e-07
-3.613671345171596e-07
-3.405773403275965e-07
-3.209664048138531e-07
-3.02468564020204e-07
-2.850216603409871e-07
-2.685669347271339e-07
-2.530488665402574e-07
-2.384149766409519e-07
-2.246156822868289e-07
-2.116041222955022e-07
-1.993360237829736e-07
-1.877695641081729e-07
-1.768652190897619e-07
-1.665856625069261e-07
-1.568956414554442e-07
-1.477618448093269e-07
-1.391528155201842e-07
-1.310388522997207e-07
-1.233918938297517e-07
-1.161854573579984e-07
-1.093945311423262e-07
-1.029954951251009e-07
-9.696605865326426e-08
-9.128518124721911e-08
-8.593298504548295e-08
-8.089072072119044e-08
-7.614069217211928e-08
-7.166619654121012e-08
-6.745146654327218e-08
-6.34816309440596e-08
-5.974264987691084e-08
-5.622127640431436e-08
-5.290501858570014e-08
-4.97820850701055e-08
-4.684135022567585e-08
-4.407232490280541e-08
-4.146511065842281e-08
-3.901037195714006e-08
-3.669931099580334e-08
-3.452361830177864e-08
-3.247546353011759e-08
-3.054746853663653e-08
-2.873266693904058e-08
-2.702449527739893e-08
-2.541676515290341e-08
-2.390365120633487e-08
-2.247965008352673e-08
-2.113957752296415e-08
-1.987854611982523e-08
-1.869194634326903e-08
-1.757543380351476e-08
-1.652491800278321e-08
-1.553654500033012e-08
-1.460668055901066e-08
-1.373190468191359e-08
-1.290898955547241e-08
-1.213488532399258e-08
-1.140673919014558e-08
-1.072184898677585e-08
-1.007767590643734e-08
-9.471826505822802e-09
-8.902043751620052e-09
-8.366203312019987e-09
-7.862305169220407e-09
-7.388464379357166e-09
-6.942911067402071e-09
-6.523971584321753e-09
-6.130078075213401e-09
-5.759740701603106e-09
-5.411568980224401e-09
-5.084247705833837e-09
-4.776541108019727e-09
-4.487293396742895e-09
-4.215405298376606e-09
-3.959843855721477e-09
-3.719638087742348e-09
-3.493875275380088e-09
-3.281697417010158e-09
-3.082289887971944e-09
-2.894891618011453e-09
-2.718787177149982e-09
-2.553303724050033e-09
-2.39780556034185e-09
-2.251696726210421e-09
-2.11441487164315e-09
-1.985435679137406e-09
-1.864254466566208e-09
-1.750412282091198e-09
-1.643463245167577e-09
-1.542998992636316e-09
-1.448628185048447e-09
-1.35998154367304e-09
-1.276717816561952e-09
-1.198510154312802e-09
-1.125054445003534e-09
-1.056062875773472e-09
-9.91268699595517e-10
-9.304228112479469e-10
-8.732833301262225e-10
-8.196224700934585e-10
-7.692350014428325e-10
-7.219208437012982e-10
-6.774960861409466e-10
-6.357827064095179e-10
-5.966194794284348e-10
-5.598532007504318e-10
-5.253381177733971e-10
-4.929331390895322e-10
-4.625118502601374e-10
-4.339536319683447e-10
-4.071502294798744e-10
-3.819891972422852e-10
-3.583738597224253e-10
-3.362070344768486e-10
-3.154002871224857e-10
-2.958707663921848e-10
-2.775386264183608e-10
-2.603350038383408e-10
-2.441892400124525e-10
-2.290393164253148e-10
-2.148290176628088e-10
-2.014967679928201e-10
-1.889881956987102e-10
-1.772484945490424e-10
-1.662361215066521e-10
-1.559013783145727e-10
-1.462037103718817e-10
-1.371012539717342e-10
-1.285614617444002e-10
-1.205506398237813e-10
-1.130343636698017e-10
-1.059825468883967e-10
-9.937033375318019e-11
-9.317033231538341e-11
-8.73537295190932e-11
-8.189825852225336e-11
-7.67801078928244e-11
-7.198122515680866e-11
-6.74843978353766e-11
-6.326938065723255e-11
-5.931597033170994e-11
-5.560324744880276e-11
-5.212181835977039e-11
-4.885702764614614e-11
-4.579594554368586e-11
-4.292379609336335e-11
-4.023230444045488e-11
-3.770807041807612e-11
-3.533871285513758e-11
-3.31166350863131e-11
-3.103329892775364e-11
-2.908068878469057e-11
-2.72486794558377e-11
-2.55308804256782e-11
-2.392537630077481e-11
-2.242010490529552e-11
-2.101526980648911e-11
-1.970130932440658e-11
-1.846567123819351e-11
-1.730511618259429e-11
-1.621762285796245e-11
-1.518963404738731e-11
-1.423070168122353e-11
-1.333164505463433e-11
-1.248746167239251e-11
-1.169576697060301e-11
-1.095460463445355e-11
-1.02609757264741e-11
-9.60994291000091e-12
-9.001977287834972e-12
-8.431414515921333e-12
-7.899266790031147e-12
-7.400822127257695e-12
-6.931790510439869e-12
-6.495988439580881e-12
-6.084557291311329e-12
-5.700042828712331e-12
-5.34240997295989e-12
-5.004396109115236e-12
-4.68642929749815e-12
-4.393064576058629e-12
-4.115534150687797e-12
-3.852232917666119e-12
-3.604099041080239e-12
-3.372654363223641e-12
-3.157866864072524e-12
-2.955895980789329e-12
-2.769640513026805e-12
-2.589931252776685e-12
-2.423691185476211e-12
-2.269309011309889e-12
-2.123690116328854e-12
-1.985569476068242e-12
-1.858670830320468e-12
-1.741974004687211e-12
-1.638184551698282e-12
-1.536882162769995e-12
-1.44308046250796e-12
-1.352221022218756e-12
-1.267140271558792e-12
-1.185165259853871e-12
-1.110411633521176e-12
-1.037493924825099e-12
-9.67884115734149e-13
-8.98307227939146e-13
-8.351993383889801e-13
-7.820442793499861e-13
-7.323070858662898e-13
-6.871799038178751e-13
-6.460198835558077e-13
-6.092539114064962e-13
-5.747324235530778e-13
-5.38866904026933e-13
-5.038705838247826e-13
-4.672461367366089e-13
-4.327704645506106e-13
-4.047994917264797e-13
-3.80925573876325e-13
-3.563737258022853e-13
-3.349071928579443e-13
-3.189178694087952e-13
-2.989010628073802e-13
-2.808019699651938e-13
-2.642732008353224e-13
-2.45694480124965e-13
-2.278436639034937e-13
-2.090260226011176e-13
-1.920586284500715e-13
-1.763103695198096e-13
-1.633691076311808e-13
-1.516801891882653e-13
-1.444195563490465e-13
-1.398865940688516e-13
-1.311480629114498e-13
-1.276527789707735e-13
-1.227239562829824e-13
-1.133048103896918e-13
-1.067518846884503e-13
-9.717197471333112e-14
-8.9182922305265e-14
-8.227841069037759e-14
-7.872795601878438e-14
-7.70458596796631e-14
-7.122101248783751e-14
-6.466063626649491e-14
-6.065606123533759e-14
-5.394613107370807e-14
-5.060046128597003e-14
-4.721033123415649e-14
-4.415133798086586e-14
-3.772218496084548e-14
-3.231908210716906e-14
-2.821843823221022e-14
-2.697690169274629e-14
-2.65275769060247e-14
-2.68503339065696e-14
-2.945746647349135e-14
-3.207989401016079e-14
-3.42614221396743e-14
-3.730211474371868e-14
-3.611693245635367e-14
-3.511757201860118e-14
-3.099475311178441e-14
-2.361204581971747e-14
-1.732815775084629e-14
-9.377872047049045e-15
1.125552231285978e-16
5.215566501844983e-15
4.808418903970943e-15
4.66768873033196e-15
3.419277426349825e-15
-2.801922010165739e-15
-1.260590625651785e-14
-2.243626258368954e-14
-2.408915949642108e-14
-2.44042056457567e-14
