-1.297561888777055e-14
-6.632300527840856e-15
-3.570195956488795e-15
-4.11292479520937e-16
2.391802115036454e-15
4.726516548720884e-15
6.86438079821816e-15
8.762380160880072e-15
1.082499479615122e-14
1.296688815035766e-14
1.549370522655304e-14
1.793927070068992e-14
2.066826733065739e-14
2.379814484768252e-14
2.72622806672822e-14
3.113642157923162e-14
3.57064740561308e-14
4.1518655984797e-14
4.932905502471739e-14
5.997388232007387e-14
7.555337013303608e-14
9.746689460550434e-14
1.289072271146237e-13
1.745571547838542e-13
2.385843050038066e-13
3.286809784936836e-13
4.54736332261132e-13
6.27386342669886e-13
8.64722250687444e-13
1.186709599188158e-12
1.623048365198548e-12
2.207789059552773e-12
2.991023193488475e-12
4.033112862902701e-12
5.417493820256219e-12
7.247698496618879e-12
9.6573910348327e-12
1.282146523844611e-11
1.696449443212896e-11
2.237178404615417e-11
2.94073913332094e-11
3.853650322861822e-11
5.034740836562163e-11
6.558735884720436e-11
8.519856953815057e-11
1.103663378305071e-10
1.425816540529303e-10
1.837114566889341e-10
2.360876287045161e-10
3.026177211785758e-10
3.869165899839263e-10
4.934663537263518e-10
6.278110020264848e-10
7.967916344722181e-10
1.00883063207372e-09
1.274270365395462e-09
1.605785046732479e-09
2.01886836377666e-09
2.532416681233889e-09
3.169427402228319e-09
3.957827743572456e-09
4.931454302445986e-09
6.131217757699175e-09
7.606475902889969e-09
9.416650837931828e-09
1.163313622910359e-08
1.434152935352055e-08
1.764425170891288e-08
2.166360913829518e-08
2.65453680306036e-08
3.246291262482127e-08
3.962208283854168e-08
4.826678987538095e-08
5.868551092369427e-08
7.121880403878923e-08
8.626797534595781e-08
1.04305064658689e-07
1.258843192823452e-07
1.516553702152998e-07
1.823783208569932e-07
2.189410007743572e-07
2.623786722267281e-07
3.138964801872623e-07
3.748950035823789e-07
4.469992677544172e-07
5.320916585997657e-07
6.32349162252234e-07
7.502854695306432e-07
8.887984760562782e-07
1.051223780807173e-06
1.241394854794655e-06
1.463710586675997e-06
1.723210980684744e-06
2.025661870050982e-06
2.377649521793245e-06
2.786686141572288e-06
3.261327315226618e-06
3.811302507014946e-06
4.447659817594366e-06
5.182926260191135e-06
6.031284900322078e-06
7.00877026662932e-06
8.133483697555574e-06
9.425830723185025e-06
1.090878212682556e-05
1.260816044609495e-05
1.455295390536751e-05
1.677565988008224e-05
1.931266010267742e-05
2.220462990050036e-05
2.549698389073981e-05
2.924036062377514e-05
3.349114879265946e-05
3.831205767233265e-05
4.377273459967375e-05
4.995043231017122e-05
5.693072906985042e-05
6.480830456992494e-05
7.368777460896038e-05
8.368458759138928e-05
9.49259859299912e-05
0.0001075520353813026
0.0001217167253533037
0.0001375891431550766
0.0001553547250826018
0.0001752165871204057
0.0001973969379475745
0.0002221385771024392
0.0002497064818745212
0.0002803894847108607
0.0003145020428996906
0.0003523861022705376
0.000394413056326865
0.0004409858018817819
0.0004925408917894275
0.0005495507849111519
0.0006125261928954203
0.0006820185227328664
0.000758622413444438
0.0008429783654875053
0.0009357754691230792
0.001037754232871921
0.00114970950024699
0.001272493441649647
0.001407018620098218
0.001554261130631305
0.001715263808226106
0.001891139493910859
0.002083074350729507
0.00229233121961505
0.002520253006351864
0.002768266088744661
0.003037883730529987
0.003330709490448857
0.003648440610627765
0.003992871370205119
0.004365896388195144
0.004769513856762232
0.005205828689021801
0.005677055559699671
0.006185521819947455
0.00673367026542578
0.007324061733496093
0.007959377509898955
0.008642421517917095
0.009376122267638952
0.01016353454060278
0.01100784078125168
0.01191235217344578
0.01288050937095865
0.01391588285785332
0.0150221729120618
0.01620320914130023
0.01746294957020329
0.01880547924570046
0.02023500833738615
0.02175586970715826
0.02337251591799572
0.02508951566516388
0.02691154959799224
0.02884340551362728
0.03088997290174661
0.0330562368142626
0.03534727105160212
0.03776823063876616
0.04032434358215121
0.04302090189515215
0.04586325187429368
0.04885678363009056
0.0520069198549239
0.0553191038328436
0.05879878669250806
0.06245141389679206
0.06628241099069238
0.0702971686020562
0.07450102671730223
0.07889925824987838
0.08349705191038688
0.08829949442140579
0.09331155208583455
0.09853805175033324
0.1039836612002461
0.1096528690125347
0.115549963933457
0.1216790138047147
0.12804384410025
0.1346480161291343
0.1414948049474674
0.148587177067813
0.1559277680045416
0.163518859737791
0.1713623581687296
0.1794597706224119
0.1878121835063303
0.19642024017362
0.2052841190901252
0.2144035123907724
0.223777604888928
0.2334050536588732
0.2432839682466149
0.2534118916206884
0.2637857819546379
0.2744019953041952
0.2852562693047259
0.2963437079414847
0.3076587675064644
0.3191952438306869
0.330946260847739
0.3429042606121158
0.355060994811734
0.3674075178779568
0.3799341817693269
0.3926306324707983
0.405485808322637
0.41848794019414
0.4316245535860418
0.4448824727156179
0.4582478266009157
0.471706057235463
0.4852419298388205
0.4988395452389424
0.5124823544103684
0.5261531751559696
0.5398342110019869
0.5535070722461565
0.5671527991594997
0.5807518873290372
0.5942843151315224
0.60772957343221
0.621066697335568
0.6342742997259161
0.6473306065485478
0.6602134943230861
0.672900530832242
0.6853690177900198
0.697596032882736
0.7095584709629933
0.721233087652308
0.7325965488325252
0.7436254827039948
0.7542965306680463
0.7645863966693262
0.7744718975230623
0.7839300155100499
0.7929379520511519
0.8014731816451648
0.8095135058811885
0.8170371076415418
0.8240226055131361
0.8304491081228088
0.836296268216191
0.8415443363213596
0.8461742138348115
0.850167505437858
0.8535065706247414
0.8561745742096775
0.8581555356584935
0.8594343770640168
0.8599969696663551
0.8598301787207334
0.8589219065980117
0.8572611339787236
0.8548379589758319
0.8516436341002337
0.8476706009028862
0.8429125222081421
0.8373643118270921
0.8310221616118827
0.8238835657893612
0.8159473424503
0.8072136521454416
0.7976840135151509
0.787361315855113
0.7762498285936963
0.7643552076033477
0.7516844983347036
0.7382461357448955
0.7240499409777074
0.7091071148181286
0.6934302278894935
0.677033207619301
0.6599313219931088
0.6421411601115
0.6236806096180597
0.6045688310157259
0.5848262289374216
0.564474420437002
0.5435362003684207
0.5220355039626862
0.4999973666655289
0.4774478813406151
0.4544141529447123
0.430924250781916
0.4070071584745969
0.3826927217607468
0.3580115942602395
0.332995181346742
0.3076755822584163
0.2820855306051539
0.2562583334144623
0.2302278088777139
0.2040282229546485
0.1776942249928265
0.1512607825322034
0.1247631154515392
0.09823662962505347
0.07171685025496105
0.04523935504430578
0.01883970737824953
-0.007446610324969945
-0.03358426292927214
-0.05953812840107892
-0.08527336297584634
-0.11075546551704
-0.1359503409149897
-0.1608243623771491
-0.1853444324655205
-0.209478042739826
-0.2331933318761353
-0.2564591421278731
-0.2792450740087741
-0.3015215390810138
-0.323259810731874
-0.3444320728375107
-0.3650114662108884
-0.384972132749075
-0.4042892571966504
-0.422939106441061
-0.4408990662761758
-0.4581476755651764
-0.4746646577546042
-0.4904309496930573
-0.5054287277083575
-0.5196414309193009
-0.5330537817497482
-0.5456518036345958
-0.5574228359090159
-0.5683555458725614
-0.5784399380426393
-0.5876673606015862
-0.5960305090647334
-0.6035234271967257
-0.6101415052011522
-0.6158814752318895
-0.6207414042632905
-0.6247206843762488
-0.6278200205181229
-0.6300414157952219
-0.6313881543768706
-0.6318647820745416
-0.6314770846822439
-0.6302320641601918
-0.628137912737036
-0.625203985023588
-0.6214407682288321
-0.6168598505880756
-0.6114738881021272
-0.6052965696769625
-0.5983425807725666
-0.5906275656602759
-0.5821680883995199
-0.5729815926420597
-0.5630863603714364
-0.5525014696988682
-0.541246751811243
-0.5293427471763904
-0.5168106611147617
-0.5036723188500513
-0.489950120157858
-0.4756669937052303
-0.4608463511839028
-0.4455120413397853
-0.4296883039986826
-0.4133997241928073
-0.3966711864776141
-0.379527829533815
-0.3619950011451098
-0.3440982136381128
-0.3258630998741082
-0.3073153698680692
-0.2884807681136866
-0.2693850316886753
-0.2500538492095501
-0.2305128207054243
-0.21078741847204
-0.1909029489683443
-0.170884515810325
-0.1507569839105737
-0.1305449448123137
-0.1102726832609734
-0.08996414505436551
-0.06964290620702081
-0.04933214346005874
-0.02905460616521903
-0.008832589566006195
0.01131209050363189
0.03135812148717156
0.05128471652739717
0.07107163543232034
0.09069920417891174
0.1101483329540844
0.129400532735891
0.1484379304177433
0.1672432824810931
0.1857999872272849
0.2040920955862602
0.2221043205201172
0.2398220450364501
0.2572313288300782
0.2743189135781917
0.2910722269218295
0.3074793851635468
0.3235291947051452
0.3392111522535816
0.3545154438311961
0.3694329426340404
0.3839552057764927
0.3980744699532364
0.4117836460550502
0.4250763127805653
0.4379467092910102
0.4503897269510455
0.4624009001947677
0.4739763965631064
0.4851130059531525
0.495808129122497
0.5060597654927343
0.5158665002988908
0.5252274911362389
0.5341424539422622
0.5426116484539911
0.55063586318448
0.5582163999645805
0.5653550581007972
0.5720541181834805
0.5783163255810873
0.584144873660841
0.589543386782407
0.594515903114133
0.5990668572999401
0.6032010630075465
0.6069236953937774
0.6102402735256035
0.6131566427958821
0.615678957362281
0.6178136626435672
0.6195674779035564
0.6209473789471098
0.6219605809565926
0.6226145214940054
0.6229168436950185
0.6228753796788835
0.622498134198708
0.6217932685611891
0.6207690848273113
0.6194340103062139
0.6177965823596731
0.6158654335395661
0.6136492770810751
0.6111568927573071
0.608397113102788
0.6053788100168289
0.6021108817610568
0.5986022403657262
0.5948617994465188
0.5908984624361435
0.5867211112361108
0.5823385952948325
0.577759721119674
0.5729932422210631
0.568047849489305
0.5629321620045759
0.5576547182804793
0.5522239679428979
0.5466482638392477
0.5409358545750952
0.5350948774747244
0.5291333519624505
0.5230591733633834
0.5168801071147374
0.5106037833811048
0.5042376920673071
0.4977891782217858
0.4912654378251743
0.4846735139539661
0.4780202933105585
0.471312503111101
0.4645567083236085
0.4577593092505683
0.4509265394429615
0.4440644639355487
0.4371789777933823
0.4302758049595435
0.423360497395562
0.4164384345024162
0.4095148228111398
0.4025946959326933
0.3956829147576494
0.3887841678976934
0.3819029723555724
0.3750436744111075
0.3682104507130738
0.3614073095687199
0.3546380924236842
0.3479064755189498
0.3412159717136283
0.3345699324637302
0.3279715499474152
0.3214238593281046
0.3149297411450984
0.3084919238224519
0.3021129862870835
0.2957953606878096
0.2895413352082087
0.2833530569631867
0.2772325349706711
0.2711816431904453
0.2652021236224479
0.2592955894576171
0.2534635282735594
0.2477073052683881
0.2420281665260199
0.2364272423059264
0.2309055503513576
0.2254639992100218
0.2201033915630111
0.2148244275562886
0.2096277081276348
0.2045137383232498
0.1994829306003949
0.1945356081134691
0.1896720079791692
0.1848922845148349
0.1801965124456141
0.1755846900776349
0.1710567424349379
0.1666125243570241
0.1622518235536784
0.1579743636149646
0.1537798069731625
0.1496677578137298
0.1456377649333443
0.1416893245438764
0.1378218830214852
0.1340348395983176
0.1303275489950057
0.1266993239928546
0.1231494379451831
0.1196771272276501
0.1162815936260151
0.112962006660047
0.1097175058432188
0.1065472028786833
0.1034501837921529
0.1004255110005957
0.09747222531618822
0.09458934788565337
0.09177588206577297
0.08903081523568164
0.08635312054607817
0.0837417586055923
0.08119567910503706
0.07871382238013125
0.0762951209136561
0.07393850077762627
0.07164288301671187
0.06940718497366517
0.06723032155726112
0.06511120645345798
0.06304875328114457
0.06104187669382712
0.05908949342837972
0.05719052330182616
0.05534389015764286
0.05354852276237192
0.05180335565357028
0.05010732994028272
0.04845939405754374
0.04685850447636988
0.04530362637014482
0.04379373423854319
0.04232781249014463
0.04090485598540851
0.03952387054148895
0.03818387339977104
0.03688389365709587
0.03562297266188747
0.0344001643766296
0.03321453570794899
0.03206516680546985
0.03095115133073507
0.02987159669737053
0.02882562428342229
0.02781236961690658
0.0268309825358634
0.02588062732402583
0.02496048282318739
0.02406974252328374
0.02320761463122604
0.02237332211943488
0.02156610275495444
0.02078520911009955
0.02002990855581423
0.0192994832389041
0.01859323004368574
0.0179104605386611
0.0172505009090519
0.01661269187640072
0.0159963886061354
0.01540096060369462
0.01482579159966461
0.0142702794247402
0.0137338358753409
0.01321588657067658
0.01271587080179298
0.01223324137309142
0.01176746443693925
0.01131801932206091
0.01088439835627702
0.0104661066841267
0.0100626620798252
0.00967359475602864
0.009298447168897762
0.00893677381975763
0.008588141053962198
0.008252126857426479
0.007928320651191659
0.007616323084322301
0.007315745825435045
0.007026211353228541
0.006747352746314255
0.006478813472688483
0.006220247179120608
0.005971317480863917
0.005731697751790603
0.005501070915171264
0.005279129235304303
0.005065574110258883
0.004860115865965695
0.004662473551770238
0.004472374737717256
0.004289555313590774
0.004113759289989923
0.003944738601442303
0.003782252911770578
0.003626069421817173
0.003475962679613839
0.003331714393126501
0.003193113245562691
0.003059954713440731
0.002932040887395359
0.002809180295836097
0.002691187731548044
0.002577884081220374
0.002469096157981983
0.002364656536917201
0.002264403393610681
0.002168180345763283
0.002075836297899005
0.001987225289236517
0.001902206344585859
0.001820643328391112
0.001742404801851564
0.001667363883144182
0.001595398110730393
0.001526389309738659
0.001460223461442185
0.001396790575692769
0.001335984566408886
0.001277703129996214
0.001221847626873997
0.001168322966003447
0.001117037492108268
0.001067902875236956
0.001020834003154939
0.0009757488775547356
0.0009325685137470976
0.0008912168424877295
0.0008516206129099355
0.0008137092978653895
0.0007774150027475446
0.0007426723775725929
0.0007094185314331391
0.0006775929489570277
0.0006471374090726242
0.0006179959061997664
0.0005901145737945959
0.0005634416101712688
0.0005379272064954826
0.0005135234769140574
0.0004901843908275262
0.0004678657072067186
0.0004465249109294405
0.0004261211511058005
0.0004066151813262205
0.0003879693017720369
0.0003701473031586327
0.0003531144124747516
0.0003368372404664679
0.0003212837308103721
0.0003064231109700603
0.0002922258446103294
0.0002786635856384034
0.0002657091337084115
0.0002533363912913087
0.0002415203220981942
0.0002302369109769695
0.0002194631251435357
0.000209176876744702
0.0001993569867015739
0.0001899831498313666
0.0001810359011415888
0.0001724965833375919
0.0001643473154523167
0.0001565709625926235
0.0001491511067615994
0.0001420720187137825
0.0001353186308304197
0.0001288765109714758
0.0001227318372644977
0.0001168713738329082
0.00011128244738728
0.0001059529246877323
0.0001008711908502818
9.602612843567803e-05
9.140709733721765e-05
8.70039154184284e-05
8.280683984418266e-05
7.880654917364877e-05
7.4994126091241e-05
7.136104079929056e-05
6.789913505413593e-05
6.460060682700427e-05
6.145799551498385e-05
5.846416776600086e-05
5.561230383269322e-05
5.289588446676928e-05
5.03086783081556e-05
4.784472979863399e-05
4.549834754159108e-05
4.326409314661358e-05
4.113677049916677e-05
3.911141546159075e-05
3.718328599862731e-05
3.534785268279259e-05
3.360078958780854e-05
3.193796554384181e-05
3.03554357524769e-05
2.8849433746239e-05
2.741636367649247e-05
2.605279290249197e-05
2.475544490075302e-05
2.352119246020839e-05
2.234705114420741e-05
2.123017306214982e-05
2.01678408418886e-05
1.915746191576234e-05
1.819656299828668e-05
1.728278481356738e-05
1.64138770484836e-05
1.558769351283394e-05
1.480218750068097e-05
1.405540735306372e-05
1.334549221443306e-05
1.267066795004792e-05
1.202924326004053e-05
1.141960596326286e-05
1.084021940705565e-05
1.02896190656278e-05
9.76640927519535e-06
9.269260101474483e-06
8.796904355075205e-06
8.348134736696391e-06
7.921801097135996e-06
7.516807826714808e-06
7.132111341507292e-06
6.766717715753027e-06
6.419680380621278e-06
6.090097943465976e-06
5.777112105851798e-06
5.47990566356241e-06
5.197700605887877e-06
4.929756282017764e-06
4.675367678475719e-06
4.433863750927081e-06
4.204605828776286e-06
3.986986114258977e-06
3.78042622479639e-06
3.584375809791613e-06
3.39831124175614e-06
3.221734352381956e-06
3.054171227264952e-06
2.895171054450781e-06
2.744305041973437e-06
2.601165366156905e-06
2.465364173827517e-06
2.336532632336596e-06
2.214320020405215e-06
2.098392867189938e-06
1.988434121522259e-06
1.884142376026295e-06
1.785231092456152e-06
1.691427911778954e-06
1.602473957206482e-06
1.518123185539385e-06
1.438141775470454e-06
1.362307531336866e-06
1.290409308541723e-06
1.222246489195742e-06
1.157628476732348e-06
1.096374185494845e-06
1.038311593973445e-06
9.832773058237265e-07
9.311161132718402e-07
8.816806077105975e-07
8.348307936884434e-07
7.904337197325432e-07
7.483631370720151e-07
7.084991763316739e-07
6.707280231391452e-07
6.349416205742343e-07
6.010373729947016e-07
5.689178947832233e-07
5.384907362316601e-07
5.096682059462163e-07
4.823670777892906e-07
4.565083498056616e-07
4.320169867360863e-07
4.088217632271312e-07
3.868551164938645e-07
3.660529682110808e-07
3.463545341318719e-07
3.277021462752901e-07
3.100410899189712e-07
2.93319461657527e-07
2.774880273081311e-07
2.625000921148479e-07
2.483113761728968e-07
2.348798726501724e-07
2.221657551837786e-07
2.101312581519375e-07
1.987405677082051e-07
1.879597297584789e-07
1.777565447071072e-07
1.681004973457517e-07
1.589626473762415e-07
1.503155671750693e-07
1.421332587741572e-07
1.343910773109152e-07
1.270656687781289e-07
1.201348939212431e-07
1.135777739654843e-07
1.073744268673573e-07
1.015060186173184e-07
9.59546983176003e-08
9.070355742784854e-08
8.573656593263213e-08
8.103854056809548e-08
7.659510481922362e-08
7.239263059473804e-08
6.841820984080928e-08
6.465962663452542e-08
6.110529911669957e-08
5.77442671851565e-08
5.456614324902014e-08
5.156108768779266e-08
4.87197943343476e-08
4.603344355282144e-08
4.349368856564533e-08
4.109261493618652e-08
3.882274166273302e-08
3.667698917565703e-08
3.464864385520372e-08
3.273135538353683e-08
3.091909888818079e-08
2.920619426813956e-08
2.758725110464585e-08
2.605717550995287e-08
2.461114742482183e-08
2.324459606743546e-08
2.195320018010209e-08
2.07328739816462e-08
1.95797426536652e-08
1.84901454065849e-08
1.746062354439485e-08
1.648789134741237e-08
1.556885438967913e-08
1.470057994004522e-08
1.388028824518604e-08
1.31053654857073e-08
1.237331909603707e-08
1.16818043843771e-08
1.102859725015755e-08
1.041159890361809e-08
9.828822417403213e-09
9.278388150204568e-09
8.75851137572418e-09
8.267516412454951e-09
7.80381538266119e-09
7.36590164015453e-09
6.952351345415006e-09
6.561824425472524e-09
6.193047978508384e-09
5.844829160237249e-09
5.516031083268307e-09
5.20558200944484e-09
4.912469503119814e-09
4.635734974099014e-09
4.374466762272039e-09
4.127813468767192e-09
3.894957116159684e-09
3.675136816215086e-09
3.467628775025374e-09
3.271748305693472e-09
3.086848105051686e-09
2.912315210260905e-09
2.747571517070739e-09
2.592076491629358e-09
2.445312019450506e-09
2.306797532836166e-09
2.176074234744179e-09
2.052705378513437e-09
1.936280983226232e-09
1.82641193154964e-09
1.722734713808435e-09
1.624905622713212e-09
1.532593954800097e-09
1.445491328676664e-09
1.363308357915126e-09
1.285765847063173e-09
1.212600415438435e-09
1.143572528622074e-09
1.078445314455819e-09
1.016995473136105e-09
9.590254631419994e-10
9.043371601520744e-10
8.527475484188747e-10
8.040809511406172e-10
7.581740268075161e-10
7.148691990973593e-10
6.74026559218461e-10
6.355028242927563e-10
5.991670225818056e-10
5.64898630194196e-10
5.325779791012836e-10
5.02096579427902e-10
4.733480618014314e-10
4.462336431615463e-10
4.206644467044048e-10
3.965531763365215e-10
3.738143555292234e-10
3.523691364139717e-10
3.321470358886955e-10
3.130782269057415e-10
2.950947665519995e-10
2.781386002417329e-10
2.62151983906603e-10
2.470792949619714e-10
2.328733508731586e-10
2.194782485203572e-10
2.068499146854189e-10
1.949415317662166e-10
1.837171548579894e-10
1.731316790398664e-10
1.631577006273149e-10
1.537539147011893e-10
1.448889623211553e-10
1.365350690021311e-10
1.286609364436727e-10
1.21237295122284e-10
1.142394307174698e-10
1.076395727430154e-10
1.014160711598076e-10
9.555093527325288e-11
9.002665798991806e-11
8.481797242968257e-11
7.99132453660438e-11
7.528946004183337e-11
7.093305002158073e-11
6.682621354202576e-11
6.295720004768678e-11
5.930792285184382e-11
5.587034024522498e-11
5.263186989434495e-11
4.958511182522486e-11
4.671325181806278e-11
4.400745329536836e-11
4.145617906286916e-11
3.904731479493257e-11
3.67781106342415e-11
3.464041978556648e-11
3.262643729219154e-11
3.07274790466235e-11
2.894272963930831e-11
2.725650331517518e-11
2.566816957411505e-11
2.417118515307307e-11
2.276531575745104e-11
2.144081790221601e-11
2.019319218936762e-11
1.902160522179887e-11
1.791808269004441e-11
1.687726905845642e-11
1.589732649121695e-11
1.497052485188255e-11
1.409970386735589e-11
1.327639920905056e-11
1.250156152127191e-11
1.177096197687272e-11
1.107964037222232e-11
1.042677724400494e-11
9.811855521612717e-12
9.236154430046672e-12
8.697159050546146e-12
8.187820778373216e-12
7.71250781642551e-12
7.264493909897174e-12
6.844847437401606e-12
6.448557932212068e-12
6.075291588262595e-12
5.72295663302241e-12
5.391078051692793e-12
5.073132341944464e-12
4.772931133193718e-12
4.487590443255473e-12
4.220380378008435e-12
3.971418010204732e-12
3.735915380076045e-12
3.514103773799995e-12
3.309523830896273e-12
3.116050993506038e-12
2.934302514843739e-12
2.765135620556094e-12
2.603977984401159e-12
2.455234794197387e-12
2.313701299843772e-12
2.179197223409954e-12
2.053222925340037e-12
1.932907684552816e-12
1.816610981098367e-12
1.707549644220143e-12
1.601904509087634e-12
1.50420943340751e-12
1.414069739064766e-12
1.330868998715614e-12
1.252177789548168e-12
1.181001398314492e-12
1.114870722776787e-12
1.051754798091246e-12
9.917361088682774e-13
9.35690702160951e-13
8.824667135223958e-13
8.309001931147945e-13
7.782752215905055e-13
7.286410403119129e-13
