-6.71363802541457e-12
-4.347501719907792e-12
-2.653780371651165e-12
-1.354406116286923e-12
-2.706481274348054e-13
7.396421841379722e-13
1.798990409435069e-12
3.025153897732037e-12
4.544404262043636e-12
6.503113691851278e-12
9.081358586260887e-12
1.250695637068663e-11
1.707280422038136e-11
2.315732870411567e-11
3.125040495723536e-11
4.19870157133655e-11
5.618536463570177e-11
7.489906687833024e-11
9.948030073645695e-11
1.316598631308613e-10
1.736415291628364e-10
2.282298279529144e-10
2.989764768850071e-10
3.90364519337099e-10
5.080425901502425e-10
6.591000928318981e-10
8.524111894399531e-10
1.099053428140438e-09
1.412816165122522e-09
1.810819307669585e-09
2.31425910724214e-09
2.949314001412557e-09
3.748234554248201e-09
4.750651903761857e-09
6.005153548060269e-09
7.571166145692559e-09
9.521207880517767e-09
1.194357289561763e-08
1.49455257893146e-08
1.865709302194143e-08
2.323556102023387e-08
2.887078432298451e-08
3.579145217210894e-08
4.427246428325879e-08
5.464358783142928e-08
6.729959929089254e-08
8.271213330595363e-08
1.014434915645938e-07
1.241626934413153e-07
1.516640759490338e-07
1.848887858209135e-07
2.249495415998957e-07
2.731591181968167e-07
3.310632002509022e-07
4.004781228155837e-07
4.835341005900868e-07
5.827246379319698e-07
7.009628916667545e-07
8.416458350768938e-07
1.008727165900782e-06
1.206799980696801e-06
1.441190356680214e-06
1.718063063950038e-06
2.044540766488083e-06
2.428838188064131e-06
2.880412827277973e-06
3.410133981303886e-06
4.030471935610354e-06
4.755709376278836e-06
5.602177204468409e-06
6.588517121053817e-06
7.735973516755634e-06
9.068717392495923e-06
1.061420521754631e-05
1.240357583412062e-05
1.447208871912161e-05
1.685960711472512e-05
1.961112973261977e-05
2.277737484534389e-05
2.641542092453142e-05
3.058940817337385e-05
3.537130546979107e-05
4.084174744821316e-05
4.709094660281799e-05
5.421968547700214e-05
6.234039416121561e-05
7.157831840999777e-05
8.207278382099155e-05
9.397856155330603e-05
0.0001074673410714982
0.0001227293153827364
0.0001399748841048176
0.0001594364795527855
0.0001813705207405554
0.0002060594998744711
0.0002338142053902462
0.000264976085030382
0.0002999197516644711
0.0003390556336564263
0.0003828327704520057
0.0004317417528072452
0.0004863178063023324
0.0005471440263537694
0.000614854796832616
0.000690139378477854
0.0007737456582201973
0.0008664840576885863
0.000969231598730071
0.00108293612280799
0.001208620660008412
0.00134738794219228
0.001500425053530167
0.00166900821029474
0.00185450766032858
0.00205839269104337
0.002282236733182277
0.002527722545837462
0.00279664746640282
0.003090928707217667
0.003412608678646041
0.003763860316248874
0.004146992387469294
0.004564454750985196
0.005018843539449336
0.005512906233882214
0.006049546595391712
0.006631829418181807
0.007262985077767377
0.00794641387232096
0.008685690098175344
0.009484565806939233
0.01034697419921166
0.01127703260831464
0.01227904502522447
0.01335750411362552
0.01451709266169517
0.01576268441497867
0.01709934423251886
0.01853232750785484
0.02006707881746398
0.0217092299555139
0.02346459737984602
0.02533917880348325
0.02733914868545243
0.02947085267619931
0.0317408011032221
0.03415566148153452
0.03672224994610346
0.03944752157029434
0.04233855952597533
0.04540256308353867
0.04864683443142356
0.05207876426934391
0.05570581618731496
0.05953550978861043
0.06357540256997175
0.06783307056013707
0.07231608769492935
0.07703200397640642
0.08198832239334061
0.08719247464865455
0.09265179572514499
0.09837349729386194
0.1043646400535175
0.1106321050026608
0.1171825637289431
0.1240224477815416
0.1311579171597659
0.1385948280499831
0.1463386998388968
0.1543946815279307
0.1627675176499555
0.1714615137502131
0.180480501608766
0.1898278042542472
0.1995062009282884
0.2095178921321272
0.2198644648425739
0.2305468581151153
0.2415653291372662
0.2529194199189724
0.2646079247726427
0.2766288586824027
0.2889794268054065
0.3016559951724425
0.3146540627941005
0.3279682353329323
0.3415922004351633
0.3555187049720112
0.3697395342471237
0.3842454933779199
0.3990263910015074
0.4140710253777241
0.4293671731316218
0.4449015806603718
0.460659958390477
0.4766269780067087
0.4927862726900621
0.5091204405826271
0.5256110514532271
0.5422386567060049
0.5589828028061187
0.5758220481107321
0.5927339832828278
0.6096952551948001
0.6266815944072044
0.6436678462353828
0.6606280053251368
0.6775352538519668
0.6943620031818708
0.7110799390178372
0.7276600699758754
0.7440727794367636
0.7602878807203988
0.7762746753469207
0.7920020143425419
0.8074383624633377
0.8225518651070759
0.8373104178847035
0.8516817385549115
0.8656334412256207
0.8791331126324911
0.8921483901966478
0.9046470417703095
0.9165970467224622
0.9279666782166822
0.9387245864426542
0.9488398824617106
0.9582822225343058
0.9670218925452807
0.9750298923381177
0.9822780196917339
0.988738953590293
0.9943863366394154
0.9991948562307356
1.003140324251126
1.006199755067187
1.008351441445026
1.009575028257996
1.009851583607945
1.009163667169435
1.0074953955126
1.004832504109601
1.001162405918417
0.9964742461995395
0.9907589533748706
0.98400928573738
0.9762198738496732
0.9673872586633977
0.957509924955583
0.9465883296079691
0.9346249246615694
0.9216241758843032
0.9075925780942906
0.8925386653437097
0.8764730125673219
0.8594082290085248
0.8413589479973554
0.8223418170548265
0.8023754837432439
0.7814805730951377
0.7596796569136129
0.7369972181922788
0.7134596120723575
0.6890950221682355
0.6639334116959714
0.6380064695452048
0.6113475517052416
0.583991618336732
0.5559751665412651
0.5273361589963964
0.4981139486575382
0.4683491997388088
0.4380838052373813
0.4073608011955966
0.3762242779595529
0.3447192886865278
0.3128917553496973
0.2807883725310385
0.248456509254681
0.2159441091516921
0.1832995892381654
0.1505717375845009
0.117809610175799
0.08506242724246114
0.052379469356949
0.01980997358256562
-0.01259697004312299
-0.04479252140356561
-0.07672819229886911
-0.1083559472668052
-0.1396283029627391
-0.1704984258334562
-0.200920227832997
-0.230848459928393
-0.2602388031617719
-0.2890479570420535
-0.3172337250411489
-0.344755096997959
-0.3715723282229493
-0.3976470151246687
-0.4229421671871587
-0.4474222751313418
-0.4710533751321282
-0.493803108941502
-0.5156407798033276
-0.5365374040551342
-0.5564657583196455
-0.5754004222341547
-0.5933178166316979
-0.6101962371302294
-0.62601588309518
-0.6407588819461348
-0.6544093088232737
-0.66695320159908
-0.6783785712699341
-0.6886754077612344
-0.6978356811752541
-0.7058533385582892
-0.7127242962382599
-0.7184464278272948
-0.7230195479824371
-0.7264453920162891
-0.7287275914939865
-0.7298716459164167
-0.7298848906307449
-0.7287764611086447
-0.7265572537296303
-0.7232398832463272
-0.7188386370708713
-0.7133694265556543
-0.7068497354413712
-0.6992985656439908
-0.690736380585224
-0.6811850462269102
-0.6706677700003936
-0.6592090378198666
-0.6468345493640837
-0.6335711518347464
-0.6194467723663576
-0.6044903492890171
-0.5887317624333701
-0.5722017626535852
-0.5549319007642519
-0.5369544560664963
-0.5183023646563606
-0.4990091476919613
-0.4791088397815551
-0.4586359176701665
-0.4376252293806987
-0.416111923976551
-0.3941313820988129
-0.3717191474191766
-0.348910859157718
-0.3257421857941166
-0.3022487601064049
-0.2784661156590589
-0.2544296248517369
-0.2301744386420699
-0.2057354280390222
-0.1811471274643831
-0.1564436800682712
-0.1316587850747793
-0.1068256472324826
-0.08197692843169253
-0.05714470154724802
-0.03236040655654446
-0.007654808974953556
0.01694203935498684
0.04140083709326143
0.06569306782937993
0.08979103209279243
0.1136678769378677
0.1372976231010422
0.1606551897333908
0.1837164167214556
0.2064580846138841
0.2288579321731306
0.2508946715804688
0.272548001324178
0.2937986168088408
0.3146282187273727
0.3350195192410415
0.3549562460244363
0.3744231442229058
0.3934059763765662
0.4118915203703079
0.4298675654754817
0.4473229065593115
0.4642473365219612
0.4806316370304455
0.4964675676213259
0.511747853245286
0.5264661703354202
0.5406171314695062
0.5541962687049254
0.5672000156642407
0.579625688448057
0.5914714654618639
0.6027363662274519
0.6134202292584436
0.6235236890775255
0.6330481524492784
0.6419957739096219
0.6503694306627621
0.6581726969273654
0.665409817804969
0.6720856827335199
0.6782057985983037
0.6837762625649157
0.68880373470523
0.6932954104806544
0.6972589931421199
0.7007026661141698
0.7036350654144289
0.7060652521696014
0.7080026852814211
0.7094571942844529
0.7104389524424665
0.7109584501328324
0.7110264685795586
0.7106540539764724
0.7098524920210755
0.7086332828888102
0.7070081166889243
0.7049888494520983
0.7025874796790398
0.6998161254585294
0.6966870021727478
0.6932124008192769
0.6894046669880411
0.6852761805106891
0.6808393357790974
0.6761065227395231
0.6710901085809409
0.6658024201438374
0.6602557270562461
0.6544622255872543
0.6484340232176059
0.6421831239331049
0.6357214142505353
0.6290606499746348
0.6222124436769528
0.6151882528959109
0.6079993690476128
0.6006569070389933
0.5931717955754009
0.5855547681561787
0.57781635475569
0.5699668741697038
0.5620164270106599
0.5539748893389046
0.5458519069193095
0.5376568900959534
0.5293990092609462
0.5210871908958884
0.5127301141695985
0.5043362080815335
0.4959136491423242
0.4874703595637401
0.4790140059347858
0.4705519983656627
0.4620914900844475
0.4536393774717644
0.4452023005111672
0.4367866436385155
0.4283985369712839
0.4200438578958294
0.4117282329945307
0.4034570402936672
0.3952354118145935
0.3870682364102481
0.3789601628704907
0.3709156032833429
0.3629387366293224
0.3550335125881763
0.3472036555418088
0.3394526687610499
0.3317838387647715
0.3242002398311775
0.3167047386436504
0.3092999990568283
0.3019884869709989
0.2947724753042192
0.2876540490456879
0.2806351103765219
0.2737173838457449
0.2669024215905653
0.2601916085916076
0.2535861679501323
0.2470871661765513
0.2406955184804156
0.234411994052714
0.2282372213329138
0.2221716932509163
0.2162157724358241
0.2103696963840964
0.2046335825803051
0.199007433565307
0.1934911419440765
0.1880844953272807
0.1827871812012999
0.1775987917216558
0.1725188284261843
0.1675467068629389
0.1626817611288544
0.1579232483158565
0.1532703528618451
0.1487221908049399
0.1442778139373396
0.139936213856567
0.1356963259123148
0.1315570330473999
0.1275171695321998
0.1235755245909893
0.1197308459194066
0.1159818430926553
0.112327190864481
0.1087655323577431
0.1052954821458617
0.1019156292250341
0.0986245398779217
0.09542076043020632
0.09230281990162303
0.08926923255177344
0.08631850032153576
0.08344911517146322
0.0806595613187505
0.0779483173745366
0.07531385838299634
0.07275465776400777
0.07026918916122535
0.06785592819760612
0.06551335414074871
0.06323995147963869
0.06103421141485886
0.05889463326434088
0.05681972578688556
0.05480800842579914
0.05285801247470486
0.05096828216795009
0.04913737569772973
0.04736386616029816
0.04564634243337155
0.04398340998714372
0.04237369163144034
0.04081582820117256
0.03930847918197357
0.03785032327816181
0.03644005892533016
0.03507640475020044
0.0337580999798067
0.03248390480178063
0.03125260067772207
0.03006299061185305
0.02891389937718182
0.02780417370107397
0.02673268241215986
0.02569831655052275
0.02469998944288689
0.02373663674452515
0.02280721644964355
0.02191070887214683
0.02104611659853723
0.02021246441439623
0.01940879920599245
0.01863418983855701
0.01788772701275266
0.01716852310090489
0.01647571196423305
0.01580844875231668
0.01516590968613871
0.01454729182600793
0.01395181282572956
0.01337871067399996
0.01282724342403257
0.01229668891254525
0.01178634446911045
0.01129552661697008
0.01082357076613422
0.01036983089967467
0.009933679254029092
0.009514505994166875
0.009111718884386029
0.008724742955460508
0.008353020168858395
0.007996009078707353
0.007653184492031386
0.007324037127869567
0.007008073275811386
0.006704814454569387
0.006413797071026225
0.006134572080235269
0.005866704646822409
0.005609773808178138
0.005363372139738197
0.005127105422781511
0.00490059231505889
0.004683464024560629
0.004475363986707143
0.004275947545146955
0.004084881636477427
0.003901844479056147
0.003726525266184366
0.003558623863731629
0.003397850512421093
0.003243925534844451
0.003096579047377889
0.002955550677121905
0.002820589283929405
0.002691452687665484
0.00256790740068564
0.002449728365658943
0.002336698698698519
0.002228609437885558
0.002125259297183123
0.002026454425795673
0.001932008172931365
0.001841740857975861
0.001755479546062461
0.001673057829030814
0.001594315611674308
0.001519098903343222
0.001447259614846191
0.001378655360555425
0.001313149265672622
0.001250609778607953
0.00119091048839753
0.00113392994713463
0.001079551497346995
0.001027663104193922
0.0009781571924148836
0.0009309304880178496
0.0008858838645443844
0.0008429221939305733
0.0008019542017670093
0.0007628923269489813
0.0007256525856057769
0.0006901544392270125
0.0006563206669214571
0.0006240772416678563
0.0005933532105125188
0.0005640805786245492
0.0005361941970708218
0.0005096316542743769
0.0004843331710601932
0.0004602414991897948
0.0004373018232948728
0.0004154616661189372
0.0003946707970156702
0.0003748811435393681
0.0003560467061622901
0.0003381234758903946
0.0003210693548450487
0.0003048440796149677
0.0002894091473651539
0.0002747277445685261
0.0002607646783342995
0.0002474863102329002
0.0002348604925107572
0.0002228565067201758
0.0002114450045635402
0.0002005979509856412
0.0001902885693797419
0.0001804912888684512
0.0001711816935915916
0.0001623364739272746
0.0001539333795860617
0.000145951174531671
0.0001383695936357617
0.0001311693010131981
0.000124331850043436
0.0001178396449076792
0.0001116759037101665
0.0001058246230308801
0.0001002705439152137
9.499911922706242e-05
8.999648233289746e-05
8.524941704100012e-05
8.074532877949477e-05
7.6472216968149e-05
7.241864851145033e-05
6.857373240190301e-05
6.492709537906651e-05
6.146885858470277e-05
5.818961522723538e-05
5.508040917454649e-05
5.213271444812067e-05
4.933841560163884e-05
4.668978891699756e-05
4.417948442651101e-05
4.180050870727691e-05
3.954620840848444e-05
3.741025447126188e-05
3.538662704714736e-05
3.346960110116269e-05
3.165373267589974e-05
2.993384573614664e-05
2.830501954165625e-05
2.676257658299881e-05
2.530207107902041e-05
2.391927800195097e-05
2.261018259910623e-05
2.137097038156511e-05
2.019801753929663e-05
1.908788180412053e-05
1.803729373573815e-05
1.704314839712261e-05
1.610249740508645e-05
1.521254135220429e-05
1.43706225937256e-05
1.357421832373357e-05
1.282093401531602e-05
1.210849713319344e-05
1.143475118110331e-05
1.079764996975323e-05
1.019525220868061e-05
9.625716306847916e-06
9.087295448230881e-06
8.578332888929306e-06
8.097257488135294e-06
7.642579422789819e-06
7.212886144752904e-06
6.806838505238282e-06
6.423167072088129e-06
6.060668621973621e-06
5.718202808100973e-06
5.394688972309757e-06
5.089103147604889e-06
4.800475163012128e-06
4.527885913099317e-06
4.270464755974041e-06
4.027387057053423e-06
3.797871808813888e-06
3.581179410927268e-06
3.376609541061246e-06
3.183499129898976e-06
3.001220436750249e-06
2.829179241323101e-06
2.666813081525129e-06
2.513589634105414e-06
2.369005122103162e-06
2.232582841441294e-06
2.103871756249249e-06
1.982445137886505e-06
1.867899310840905e-06
1.759852419203958e-06
1.657943308319796e-06
1.561830415505295e-06
1.47119074351757e-06
1.385718872380562e-06
1.305126035177378e-06
1.22913922761176e-06
1.157500375860242e-06
1.089965545637982e-06
1.026304176915479e-06
9.66298382306079e-07
9.097422524885685e-07
8.564412283111687e-07
8.062114803628763e-07
7.588793456668876e-07
7.142807682224973e-07
6.722607886909847e-07
6.326730445294655e-07
5.953793020181233e-07
5.602490269093696e-07
5.27158961990931e-07
4.959927260105342e-07
4.666404327897852e-07
4.389983569041496e-07
4.129685884329629e-07
3.884587041690224e-07
3.653814857967611e-07
3.436546117752515e-07
3.232004027950322e-07
3.039455653705306e-07
2.858209484264281e-07
2.687613092847857e-07
2.527051010092381e-07
2.375942650910689e-07
2.233740428356084e-07
2.099927859542197e-07
1.974017958201315e-07
1.855551321389781e-07
1.744094951221797e-07
1.639240451902945e-07
1.540602858153849e-07
1.447819266310148e-07
1.360547513264953e-07
1.278465198765591e-07
1.20126843607458e-07
1.128670817119692e-07
1.060402461497624e-07
9.962089121541806e-08
9.358506323449005e-08
8.791018163318196e-08
8.257497586097246e-08
7.755941411065261e-08
7.284461460911046e-08
6.841279825235903e-08
6.424722231274221e-08
6.033210978839553e-08
5.665261948612352e-08
5.319476186699131e-08
4.994537259640445e-08
4.689205261371191e-08
4.402313098918243e-08
4.132762343842405e-08
3.879518632402008e-08
3.641608361058517e-08
3.418115771966578e-08
3.208179096619035e-08
3.010986298361837e-08
2.825773846676643e-08
2.651823438987581e-08
2.488459188520556e-08
2.335045041418687e-08
2.190982603741696e-08
2.055709026152367e-08
1.928694251347498e-08
1.809441186889134e-08
1.697480286418196e-08
1.592371784953028e-08
1.493700567746497e-08
1.401076952837114e-08
1.314135103745838e-08
1.232530916396027e-08
1.155940107984771e-08
1.08405894672986e-08
1.016601241663777e-08
9.532971629060998e-09
8.938951308318209e-09
8.38156503460705e-09
7.858583347920974e-09
7.367904980808972e-09
6.907561611684004e-09
6.47569839960931e-09
6.070566349384297e-09
5.690529689135484e-09
5.334047644607865e-09
4.99967579170706e-09
4.686057462260124e-09
4.391923803144767e-09
4.11607683386454e-09
3.857389441101706e-09
3.614806338836947e-09
3.387332286545959e-09
3.174040225988933e-09
2.974052261662754e-09
2.78655461710776e-09
2.610776463247166e-09
2.445985903534988e-09
2.291501095548625e-09
2.146689490310664e-09
2.0109446714023e-09
1.883712350167662e-09
1.764456505648458e-09
1.652683959816343e-09
1.547928871672751e-09
1.449758002729673e-09
1.357757436150878e-09
1.271544320657074e-09
1.19075678153072e-09
1.115057088411846e-09
1.044128533519103e-09
9.776729142137068e-10
9.154158759496318e-10
8.570881254644106e-10
8.024511561487146e-10
7.512719287746581e-10
7.033283995114296e-10
6.584205695539795e-10
6.16355983395657e-10
5.769612191903775e-10
5.400658168581275e-10
5.055157444649372e-10
4.731604131938985e-10
4.428560891084175e-10
4.144782129312215e-10
3.878919908283295e-10
3.629979751631793e-10
3.396880780931959e-10
3.178651595992764e-10
2.974355376933162e-10
2.783112078975061e-10
2.604075827257761e-10
2.436455221826708e-10
2.279562040564954e-10
2.132716559569191e-10
1.995306101090059e-10
1.866710233511468e-10
1.746388296960273e-10
1.633745317997179e-10
1.528319842570739e-10
1.42963950366281e-10
1.337270605671176e-10
1.250784258202412e-10
1.169795710819836e-10
1.093999385557708e-10
1.023076044078053e-10
9.567341416069992e-11
8.946213163966592e-11
8.365669475463655e-11
7.822560344703601e-11
7.314802136765476e-11
6.839707096728979e-11
6.395750163561636e-11
5.98114070133313e-11
5.593347471303527e-11
5.230239705732244e-11
4.890621304095315e-11
4.572746799597145e-11
4.274836041750791e-11
3.995860429978788e-11
3.734856856186535e-11
3.490923793226477e-11
3.262586978940138e-11
3.04883888651027e-11
2.849322662448569e-11
2.662688218373156e-11
2.488660966406659e-11
2.325824873158928e-11
2.173752926047677e-11
2.031629318752391e-11
1.899027961357514e-11
1.775285182416081e-11
1.659178872060405e-11
1.550977196033355e-11
1.449580112935615e-11
1.354617071809046e-11
1.266019624863489e-11
1.183469360197847e-11
1.105869154034751e-11
1.033128077037411e-11
9.647743231854383e-12
9.003238047952377e-12
8.402680184149853e-12
7.84333625623216e-12
7.322526763885135e-12
6.837656179794857e-12
6.389266744829642e-12
5.975096380115554e-12
5.583877703236742e-12
5.217331323130148e-12
4.880517052365544e-12
4.564617628188659e-12
4.272119782240392e-12
3.996038913537939e-12
3.731410978552514e-12
3.481446008839254e-12
3.246537279464266e-12
3.022983388073565e-12
2.815000224889744e-12
2.623032548697322e-12
2.445855758222355e-12
2.284889947266657e-12
2.137397078919281e-12
1.997391039112726e-12
1.866979002442626e-12
1.743855727897208e-12
1.632312246337879e-12
1.528958470228411e-12
1.429991139804777e-12
1.337149758901158e-12
1.248788566481768e-12
1.163903223378294e-12
1.082247650671546e-12
1.008962367079409e-12
9.396770564694579e-13
8.785758810527937e-13
8.160931146248178e-13
7.624129942382435e-13
7.099384738540419e-13
6.643906677700189e-13
6.220745764824268e-13
5.798873754983782e-13
5.452321481860618e-13
5.097260788910071e-13
4.76230675482188e-13
4.450701759000965e-13
4.142607824834204e-13
3.82554831800913e-13
3.535917304895526e-13
3.241196911274434e-13
2.999334536557524e-13
2.838422303062687e-13
2.727783560320816e-13
2.58347466012195e-13
2.451949264464778e-13
2.323157332446464e-13
2.169996308522787e-13
1.980546490475888e-13
1.860219217250942e-13
1.70758910620284e-13
1.543686268538856e-13
1.402303982742377e-13
1.29909387506773e-13
1.184278012941067e-13
1.108585738631343e-13
1.010444090429505e-13
9.797461602265041e-14
9.564163317992505e-14
8.449029199643038e-14
8.124307962345652e-14
7.874161022811498e-14
7.772972673572347e-14
7.694081828216266e-14
7.39130709529873e-14
7.207719100230626e-14
6.655522209026477e-14
5.975723905916256e-14
5.01835697158782e-14
4.064307348012391e-14
3.14230653429044e-14
2.407596398349087e-14
2.314701588563212e-14
2.514374962576678e-14
3.016542655312113e-14
3.354737909908435e-14
2.999167346766618e-14
2.625883191469599e-14
2.304349500826338e-14
2.390264243825513e-14
2.144484754262692e-14
1.76175661033878e-14
2.129249657052667e-14
2.085571240005518e-14
1.922874467947003e-14
1.702503289327883e-14
1.615743910539945e-14
1.553107010919254e-14
1.799195425302778e-14
1.830781937636599e-14
1.524267785497261e-14
1.137474868007934e-14
7.490851624034638e-15
-3.087234826456788e-16
-3.248660704599751e-15
-6.716928875765907e-15
-9.19192206444834e-15
-4.571935883375916e-15
-6.064030846963809e-16
1.308696382288514e-15
7.135984074678155e-15
1.50582790500212e-14
2.03289834459017e-14
2.451631861991097e-14
2.697721697176467e-14
2.362302228574466e-14
1.629469301385202e-14
7.177030888687322e-15
-2.187208545750386e-15
-1.091314943001872e-14
-1.689134593583945e-14
-2.328818916720488e-14
-2.402593333637716e-14
-1.668091766929237e-14
-9.848405159260734e-15
3.307963344651079e-16
8.230050580818177e-15
1.75881204989299e-14
2.090441684105238e-14
2.103826147492941e-14
1.714021324474207e-14
1.195033237868543e-14
8.913921366880471e-15
5.951732379252747e-15
2.721675773373975e-15
-3.468942627130606e-15
-4.904806169210901e-15
-7.67514770512506e-15
-1.265057309309619e-14
-1.235266496608292e-14
-1.186478568982671e-14
-1.005013375882131e-14
