-8.867607630884276e-12
-5.908412523250937e-12
-3.874918468374636e-12
-2.434403392792394e-12
-1.365644552719556e-12
-5.089953343093209e-13
2.543820931929716e-13
1.021602450988243e-12
1.882177017683917e-12
2.927552644900185e-12
4.262182942574335e-12
6.012129518473715e-12
8.336338644858186e-12
1.143786594412835e-11
1.557965781444266e-11
2.110332150911665e-11
2.844978691240328e-11
3.819348377515459e-11
5.107090161209447e-11
6.803408831931404e-11
9.030214890079222e-11
1.194346897186558e-10
1.574186571317924e-10
2.067781823392267e-10
2.707091933318388e-10
3.532480412089302e-10
4.594745568215741e-10
5.957643027668229e-10
7.70099644094456e-10
9.924418811031484e-10
1.275190009185543e-09
1.633739738516487e-09
2.087153685412083e-09
2.658977449449927e-09
3.37822355276586e-09
4.280550822965577e-09
5.40968784305548e-09
6.81913015761137e-09
8.57417653368688e-09
1.075435417863008e-08
1.345630519916555e-08
1.679721859901214e-08
2.091888994762563e-08
2.599252871113765e-08
3.222442174903421e-08
3.986260026302102e-08
4.920466536577621e-08
6.060694374757001e-08
7.449518652705922e-08
9.137701464822194e-08
1.118563749792844e-07
1.366502668667517e-07
1.666080718384666e-07
2.027339415190967e-07
2.46212621789443e-07
2.984391582831969e-07
3.610529980215214e-07
4.359770538619785e-07
5.254623668538163e-07
6.321390659779472e-07
7.590744055202597e-07
9.098387224908045e-07
1.088580267262042e-06
1.30010992744696e-06
1.549996979478225e-06
1.844677106936289e-06
2.191574026315615e-06
2.599236187330415e-06
3.077490157805e-06
3.637612400489983e-06
4.292521335256857e-06
5.056991697797569e-06
5.947893375131649e-06
6.984457074023143e-06
8.188569333620462e-06
9.585099579687294e-06
1.120226211205525e-05
1.307201607343051e-05
1.523050659248109e-05
1.771855058138031e-05
2.058217083574284e-05
2.387318227608507e-05
2.764983437942258e-05
3.197751400652918e-05
3.692951303119528e-05
4.258786535844812e-05
4.904425804521765e-05
5.640102140648338e-05
6.477220307237511e-05
7.428473107759407e-05
8.507967107366604e-05
9.731358278972924e-05
0.0001111599807950305
0.0001268109045129568
0.0001444786022361426
0.0001643973336394533
0.0001868252948896034
0.0002120466699835716
0.0002403738113095955
0.0002721495516697596
0.0003077496491048286
0.0003475853652992844
0.0003921061851810746
0.0004418027025146162
0.0004972096636818673
0.0005589091652432466
0.0006275340059059582
0.0007037711931968941
0.0007883656044007928
0.0008821238004193825
0.0009859179903056216
0.001100690143173286
0.001227456243091436
0.001367310681374112
0.001521430779413099
0.001691081433821995
0.00187761987420796
0.002082500522331034
0.002307279939777351
0.002553621849512304
0.002823302214835618
0.003118214357316813
0.0034403740932348
0.003791924865874361
0.004175142848775897
0.004592441992701439
0.005046378987287633
0.005539658115501341
0.006075135996983522
0.006655826172688236
0.007284903487567086
0.00796570823306531
0.008701750009506831
0.009496711266069333
0.01035445047372441
0.01127900488404929
0.01227459282442969
0.01334561547775398
0.01449665809353351
0.0157324905931293
0.01705806768506925
0.0184785285028145
0.0199991955486712
0.02162557274009571
0.02336334259041163
0.02521836258038125
0.02719666069767685
0.02930443005135494
0.03154802252073748
0.03393394139086427
0.03646883296032823
0.03915947709215693
0.04201277665773394
0.04503574586988285
0.04823549745768291
0.05161922867978173
0.05519420616316189
0.05896774953563763
0.06294721387663996
0.06713997095387476
0.07155338926917573
0.07619481292561736
0.08107153930606044
0.08619079562263812
0.09155971432602072
0.09718530743173054
0.1030744398065084
0.1092338014310554
0.1156698787383486
0.1223889250413445
0.1293969301451231
0.1366995892201741
0.144302270981656
0.1522099853173606
0.1604273504015022
0.168958559424794
0.1778073470493597
0.1869769556611042
0.1964701016041105
0.2062889414524761
0.2164350384813634
0.2269093294719134
0.2377120919411335
0.2488429120121347
0.260300652991725
0.2720834248432965
0.2841885547057067
0.2966125585529109
0.3093511142262409
0.3223990359057458
0.3357502502198494
0.3493977741451431
0.3633336947817301
0.3775491512395107
0.3920343186827125
0.4067783947223212
0.4217695882915217
0.4369951110664853
0.4524411716557639
0.4680929725674745
0.4839347101134471
0.4999495773506598
0.5161197700848891
0.5324264961311281
0.5488499877850275
0.5653695176194008
0.5819634176557555
0.5986091018787554
0.615283092236009
0.6319610480165077
0.6486177986690137
0.6652273800490882
0.6817630739942173
0.6981974513089827
0.7145024179837411
0.7306492646463292
0.7466087191683065
0.7623510022508395
0.7778458859998562
0.7930627552513893
0.8079706715913574
0.8225384399261633
0.8367346773576858
0.8505278843068168
0.8638865175879176
0.8767790653213535
0.8891741234842643
0.9010404738016379
0.9123471628727251
0.9230635821872052
0.9331595488670136
0.9426053868937944
0.9513720084992668
0.9594309955863357
0.9667546808056074
0.973316228093876
0.9790897124161401
0.9840501983797075
0.9881738175730703
0.9914378442580077
0.993820769218496
0.9953023715148349
0.9958637878375538
0.9954875793383539
0.9941577955772818
0.9918600353729592
0.9885815043386283
0.9843110689133172
0.9790393068899628
0.9727585540021139
0.9654629460514759
0.9571484564620786
0.9478129299691885
0.937456113687246
0.9260796835943865
0.9136872628666897
0.9002844322646034
0.8858787372347596
0.8704796958879367
0.8540988030954371
0.8367495262490625
0.8184472928544478
0.7992094733027786
0.7790553602939914
0.7580061436207719
0.7360848796362498
0.713316455478147
0.6897275484211897
0.6653465806066413
0.6402036691332902
0.6143305716189829
0.5877606273791804
0.5605286943810899
0.532671082193747
0.504225481073219
0.4752308873973067
0.4457275256580556
0.4157567672156069
0.385361046071197
0.354583771869662
0.3234692403925783
0.2920625417939229
0.2604094668254302
0.2285564113333514
0.1965502792799091
0.1644383845725697
0.1322683519733742
0.1000880173561795
0.06794532759630761
0.03588824036288311
0.003964624093335914
-0.02777784158026043
-0.05929176468577749
-0.09053013878046644
-0.1214464395743876
-0.1519947200544844
-0.1821297038633777
-0.2118068766890779
-0.2409825754395426
-0.2696140749719469
-0.2976596721658196
-0.3250787671364218
-0.3518319413890365
-0.3778810327448026
-0.4031892068540961
-0.4277210251416802
-0.4514425090366241
-0.474321200347568
-0.4963262176826915
-0.5174283087868614
-0.537599898704794
-0.5568151336882795
-0.575049920771436
-0.5922819629788298
-0.6084907901063086
-0.6236577850592537
-0.6377662057340241
-0.6508012024255198
-0.6627498307884384
-0.6736010603584379
-0.683345778680561
-0.6919767910935294
-0.6994888162182316
-0.7058784772432845
-0.711144289067265
-0.7152866413984798
-0.7183077779143799
-0.7202117715815199
-0.721004496277749
-0.7206935948228809
-0.719288443560072
-0.7168001136311567
-0.7132413290906726
-0.7086264220379961
-0.7029712849049489
-0.6962933200690565
-0.6886113869626117
-0.6799457468450448
-0.6703180054332319
-0.6597510535516015
-0.648269005994011
-0.6358971387787757
-0.6226618249661011
-0.6085904692306399
-0.5937114413620911
-0.5780540088882049
-0.5616482689991514
-0.5445250799384516
-0.5267159920450409
-0.5082531786091692
-0.4891693667195479
-0.4694977682660521
-0.4492720112506872
-0.4285260715712897
-0.407294205420742
-0.385610882453527
-0.3635107198594437
-0.3410284174738294
-0.3181986940592191
-0.2950562248745863
-0.2716355806528397
-0.2479711680950502
-0.2240971719796804
-0.2000474989865213
-0.1758557233203097
-0.1515550342181377
-0.1271781854154254
-0.1027574466371051
-0.07832455717724671
-0.05391068161836883
-0.02954636773848246
-0.005261506645011738
0.01891470483235846
0.04295379946223529
0.06682807262476381
0.09051061300429887
0.1139753309556232
0.1371969845416879
0.1601512032478238
0.1828145093814069
0.2051643371730513
0.2271790496003732
0.248837952960019
0.270121309224069
0.2910103462121582
0.3114872656167382
0.3315352489244059
0.3511384612825912
0.3702820533711205
0.3889521613267968
0.4071359047774809
0.42482138304567
0.4419976695837444
0.4586548047116645
0.4747837867191997
0.4903765614028382
0.5054260101080797
0.5199259363475259
0.5338710510749811
0.5472569566824556
0.5600801297956312
0.5723379029424406
0.5840284451666669
0.5951507416658125
0.6057045725238964
0.6156904906203149
0.6251097987888958
0.6339645262918902
0.6422574046833097
0.6499918431291822
0.6571719032585601
0.6638022736136777
0.6698882437632179
0.6754356781505737
0.6804509897341667
0.6849411134866338
0.688913479812389
0.6923759879323563
0.6953369792895918
0.6978052110319932
0.6997898296399268
0.7013003447480453
0.7023466031901664
0.7029387633047647
0.7030872695504357
0.7028028274894397
0.7020963791771428
0.7009790789743083
0.6994622698085534
0.6975574599226534
0.6952763001564924
0.6926305617885741
0.6896321149423527
0.6862929075716397
0.682624945052164
0.6786402704135307
0.6743509452265463
0.6697690311436998
0.6649065720998568
0.6597755771863555
0.6543880042156309
0.6487557439821207
0.6428906052167682
0.6368043002414621
0.6305084313188906
0.6240144776957858
0.6173337833373613
0.6104775453523525
0.6034568031118891
0.5962824280469544
0.5889651141127523
0.5815153689116367
0.5739435054685875
0.5662596346565825
0.5584736582513138
0.550595262597116
0.5426339128712301
0.5345988479391192
0.526499075795816
0.5183433695677804
0.5101402640539648
0.5018980527900806
0.493624785623015
0.4853282667826568
0.4770160534302265
0.4686954546677787
0.4603735309909385
0.4520570941636013
0.4437527074972283
0.4354666865161422
0.4272050999916907
0.4189737713276485
0.4107782802804175
0.402623965001398
0.3945159243780405
0.3864590206521767
0.3784578822988718
0.3705169071531323
0.3626402657726525
0.354831905015128
0.3470955518113113
0.3394347171184341
0.3318527000411434
0.3243525921084876
0.3169372816888071
0.3096094585272743
0.3023716183924968
0.2952260678198113
0.288174928940706
0.2812201443835939
0.274363482233664
0.2676065410403344
0.2609507548615934
0.2543973983361281
0.2479475917715722
0.2416023062391963
0.235362368665787
0.2292284669144593
0.223201154847582
0.2172808573623119
0.2114678753911247
0.2057623908603815
0.2001644716003891
0.1946740762016279
0.1892910588105826
0.1840151738596249
0.1788460807261006
0.1737833483166377
0.1688264595737709
0.1639748158996667
0.1592277414932836
0.1545844875978916
0.1500442366561052
0.145606106370662
0.1412691536680017
0.1370323785627192
0.132894727921316
0.1288550991243093
0.1249123436264597
0.1210652704133312
0.1173126493530247
0.1136532144428412
0.1100856669514389
0.1066086784574665
0.103220893783917
0.09992093382829385
0.09670739828922623
0.09357886829039622
0.09053390890301449
0.08757107156763361
0.08468889641643891
0.08188591449740272
0.07916064990186387
0.07651162179741736
0.07393734636731986
0.07143633865791074
0.06900711433593705
0.0666481913575685
0.06435809155114229
0.06213534211552594
0.05997847703616736
0.05788603842084978
0.05585657775715085
0.05388865709375423
0.05198085014773789
0.05013174334035501
0.04833993676334725
0.04660404507760951
0.0449226983460927
0.0432945428034362
0.04171824156490198
0.0401924752766943
0.03871594270937882
0.03728736129640948
0.03590546762001821
0.03456901784676468
0.03327678811475927
0.03202757487450843
0.0308201951854222
0.02965348696982176
0.02852630922622301
0.02743754220380487
0.02638608754007046
0.02537086836357771
0.02439082936346535
0.02344493682721691
0.02253217864850257
0.02165156430676509
0.02080212482025173
0.01998291267387929
0.019193001723376
0.01843148707705783
0.01769748495687044
0.01699013254021009
0.0163085877835724
0.01565202922930692
0.0150196557966316
0.01441068655822812
0.01382436050359138
0.01325993629015079
0.01271669198323515
0.01219392478582525
0.0116909507591717
0.01120710453511648
0.01074173902107158
0.01029422509849841
0.009863951315731052
0.009450323575761799
0.009052764819791908
0.008670714707197425
0.008303629292692396
0.00795098070125546
0.007612256801435717
0.007286960877604629
0.006974611301685445
0.006674741204776885
0.006386898149181066
0.006110643801291206
0.005845553605790224
0.005591216461514732
0.00534723439931929
0.005113222262244064
0.004888807388390602
0.004673629296834079
0.004467339376691862
0.004269600579710493
0.004080087116483305
0.003898484156579691
0.003724487532752597
0.003557803449429447
0.003398148195627008
0.003245247862409174
0.003098838065028414
0.002958663669798653
0.002824478525865489
0.002696045201890148
0.002573134727792689
0.002455526341501961
0.002343007240891233
0.002235372340769603
0.002132424035091266
0.002033971964289071
0.001939832787821701
0.001849829961906604
0.001763793522445517
0.00168155987305826
0.001602971578209974
0.001527877161438043
0.001456130908665107
0.001387592676532263
0.001322127705641649
0.001259606438721856
0.001199904343633147
0.001142901741192944
0.001088483637701835
0.001036539562126588
0.0009869634079054022
0.0009396532791928526
0.0008945113416185525
0.0008514436773812043
0.0008103601446360994
0.0007711742410975432
0.0007338029717305823
0.000698166720505104
0.0006641891261102661
0.0006317969615357632
0.0006009200174616798
0.0005714909893370474
0.0005434453681219076
0.0005167213344998339
0.0004912596565991434
0.0004670035910501045
0.0004438987873458959
0.0004218931954202302
0.0004009369763190514
0.0003809824159489355
0.0003619838417556037
0.0003438975422671639
0.0003266816894862525
0.0003102962639544186
0.0002947029825064182
0.000279865228554579
0.0002657479849027525
0.0002523177689687788
0.0002395425703441119
0.0002273917906455627
0.0002158361856043886
0.0002048478092414203
0.0001943999601709269
0.0001844671298776524
0.0001750249529624335
0.0001660501592614643
0.0001575205277831112
0.0001494148424406341
0.0001417128494436957
0.0001343952163749005
0.0001274434928455689
0.0001208400726842487
0.0001145681576243821
0.0001086117224267756
0.0001029554813752499
9.758485612658216e-05
9.248594483085646e-05
8.764549250876467e-05
8.305086263492394e-05
7.86900098606e-05
7.455145386095709e-05
7.062425425099338e-05
6.689798655338475e-05
6.336271912744812e-05
6.000899108414737e-05
5.682779113138146e-05
5.381053729107353e-05
5.094905743255131e-05
4.823557067200269e-05
4.566266954041216e-05
4.322330302531983e-05
4.091076024142482e-05
3.871865478641623e-05
3.66409097317881e-05
3.467174330586309e-05
3.280565523257335e-05
3.103741368597749e-05
2.936204275966843e-05
2.777481051107649e-05
2.627121750123345e-05
2.484698589787928e-05
2.349804901881493e-05
2.222054135260161e-05
2.101078903063989e-05
1.986530071875875e-05
1.878075892323222e-05
1.775401169013272e-05
1.678206468272615e-05
1.586207361073669e-05
1.49913370050413e-05
1.416728935001932e-05
1.338749447509319e-05
1.264963930706882e-05
1.195152788845696e-05
1.129107565379748e-05
1.066630400690472e-05
1.007533512313549e-05
9.516387013052151e-06
8.987768803471987e-06
8.487876251812731e-06
8.015187459609859e-06
7.568258808431444e-06
7.14572105137197e-06
6.746275630584628e-06
6.368691149041859e-06
6.011800009627735e-06
5.674495237867526e-06
5.35572740938285e-06
5.054501792513222e-06
4.769875561259647e-06
4.500955193777669e-06
4.246893967699696e-06
4.006889586371319e-06
3.780181929781441e-06
3.566050896974802e-06
3.363814369329373e-06
3.172826270495136e-06
2.992474716069154e-06
2.822180259840639e-06
2.661394224112633e-06
2.509597116865019e-06
2.366297123231463e-06
2.23102867908076e-06
2.103351103382381e-06
1.982847307418084e-06
1.869122571499884e-06
1.761803376292981e-06
1.660536293321502e-06
1.564986932764498e-06
1.474838962039187e-06
1.389793132632147e-06
1.309566409138708e-06
1.233891086036444e-06
1.1625139949296e-06
1.095195743942084e-06
1.031709966478725e-06
9.718426509384768e-07
9.153914728144521e-07
8.621651656967398e-07
8.119829543806674e-07
7.646739754361964e-07
7.200767553628891e-07
6.78038699537841e-07
6.38415625759617e-07
6.010712994103985e-07
5.658770191856451e-07
5.327112006844274e-07
5.014589988357457e-07
4.720119364510852e-07
4.442675653722134e-07
4.181291307863095e-07
3.935052758518973e-07
3.703097314916154e-07
3.484610527841904e-07
3.278823524208791e-07
3.085010359660691e-07
2.902485938370203e-07
2.730603566985326e-07
2.568752914679584e-07
2.416357984211009e-07
2.272875216646525e-07
2.137791775500286e-07
2.010623836859057e-07
1.890914857594913e-07
1.778234257704386e-07
1.672175753568744e-07
1.572356258029437e-07
1.478414413102996e-07
1.390009346288936e-07
1.306819694383764e-07
1.228542391961432e-07
1.154891647998795e-07
1.085598109069617e-07
1.020407803963649e-07
9.590813153536536e-08
9.0139298661329e-08
8.471300919062996e-08
7.960921521000935e-08
7.480902192190394e-08
7.029462318959089e-08
6.604924771678184e-08
6.205708195400786e-08
5.830323433120652e-08
5.47736766393402e-08
5.145519559518441e-08
4.833533064714416e-08
4.540236166688322e-08
4.264523893896197e-08
4.005355775979332e-08
3.761753138797503e-08
3.532792831371125e-08
3.317607030581771e-08
3.115376697334912e-08
2.925331318626096e-08
2.746746971423089e-08
2.578940944262209e-08
2.421271127928533e-08
2.273132601805905e-08
2.133956627974527e-08
2.00320772143884e-08
1.880381955387469e-08
1.765005285917627e-08
1.656631259311726e-08
1.554840384579205e-08
1.459237139288177e-08
1.369449823912206e-08
1.285128809559933e-08
1.205945354526201e-08
1.131589605841258e-08
1.061771059963725e-08
9.962160482955128e-09
9.346669037165919e-09
8.768819520301427e-09
8.226330409601151e-09
7.717065379815069e-09
7.239011357743664e-09
6.790277247889333e-09
6.369085691099333e-09
5.973763890624014e-09
5.602740911158753e-09
5.25453930962621e-09
4.927768822254344e-09
4.621127276529327e-09
4.333390606592747e-09
4.063406984520177e-09
3.810087964942284e-09
3.572413961942392e-09
3.349429746710806e-09
3.140233290255316e-09
2.94397927909573e-09
2.759879392201446e-09
2.587189470736905e-09
2.425203435491707e-09
2.273269765738523e-09
2.130772095916857e-09
1.99712550957488e-09
1.871793705332343e-09
1.754260191405884e-09
1.644041198314754e-09
1.540690107841463e-09
1.443780189246713e-09
1.352914463550173e-09
1.267718463302407e-09
1.187841427434753e-09
1.112951264896142e-09
1.04274979757454e-09
9.769394229028072e-10
9.152508595337927e-10
8.574264703117693e-10
8.032230895064684e-10
7.524207872132419e-10
7.048074097185898e-10
6.601815772743475e-10
6.1836132707515e-10
5.791664676322751e-10
5.424381965384938e-10
5.0801709880539e-10
4.757593683049288e-10
4.455379658849964e-10
4.172188177589756e-10
3.906904106441534e-10
3.658369064967194e-10
3.425537673202891e-10
3.207441748064993e-10
3.003146040617806e-10
2.811764638945201e-10
2.632464899047419e-10
2.464516936139164e-10
2.307206437853104e-10
2.159868322950396e-10
2.021824337341842e-10
1.892604178312625e-10
1.771545292279847e-10
1.658245909703789e-10
1.552060021655463e-10
1.452651335919906e-10
1.359556735130739e-10
1.272354710155228e-10
1.190722604308962e-10
1.114285773103047e-10
1.0427281647147e-10
9.757668173361703e-11
9.130672787697951e-11
8.543901243898344e-11
7.994704378225781e-11
7.480684668875262e-11
6.999627663614689e-11
6.549282919819469e-11
6.127559936627924e-11
5.732860294748347e-11
5.36344996837232e-11
5.01760095391495e-11
4.693724078242382e-11
4.390446786770825e-11
4.106685389381188e-11
3.840464419929455e-11
3.591568492207015e-11
3.358641863656561e-11
3.141113874053341e-11
2.938107500213113e-11
2.748110196867658e-11
2.570458153683936e-11
2.404492703103916e-11
2.248787124190814e-11
2.103297347153756e-11
1.967287293748819e-11
1.840455427957707e-11
1.721128905981321e-11
1.609275080454095e-11
1.504300433893555e-11
1.406145992265647e-11
1.314309081204601e-11
1.22828792955817e-11
1.147760239758323e-11
1.072582092277246e-11
1.002362415514928e-11
9.372275947278336e-12
8.764034891396319e-12
8.19702196500455e-12
7.666925826749081e-12
7.177300347959019e-12
6.711398933571746e-12
6.27282991730678e-12
5.862951603059539e-12
5.477154447051173e-12
5.113403371859086e-12
4.77646920639795e-12
4.463379675913151e-12
4.167683728257194e-12
3.89729025675737e-12
3.644973213798708e-12
3.409646684268997e-12
3.187921773132679e-12
2.980850192375419e-12
2.779991385253117e-12
2.595260590435235e-12
2.426668982543744e-12
2.270300418320484e-12
2.121371262091644e-12
1.980657142693782e-12
1.848088342472803e-12
1.720180891715505e-12
1.603658591765714e-12
1.496209397813005e-12
1.401398993227145e-12
1.312964855456804e-12
1.234916412188831e-12
1.160677903219214e-12
1.087857145824336e-12
1.0192605387769e-12
9.526408588700323e-13
8.909503069295087e-13
8.265474319433265e-13
7.62976160996874e-13
7.053578655543207e-13
6.497394904489492e-13
6.031187663050826e-13
5.601520220531527e-13
5.243968638125789e-13
4.903493540266604e-13
4.635727976305642e-13
4.408808095075163e-13
4.197892767673853e-13
3.97992414961558e-13
3.774058965095807e-13
3.584425750996922e-13
3.382203657105298e-13
3.139293402392969e-13
2.864377949317039e-13
2.593021140928479e-13
2.354818520612801e-13
2.143711872436761e-13
1.918151707014975e-13
1.692181829590572e-13
1.533262850114043e-13
1.468966296578376e-13
1.40305402847851e-13
1.417987099824316e-13
1.431635789813892e-13
1.43358426242618e-13
1.39312789032128e-13
1.319915647864352e-13
1.230860897728589e-13
1.101926110245584e-13
9.935566910619351e-14
8.906620699818938e-14
7.910772019886091e-14
7.275297307816572e-14
6.695981612599114e-14
6.06486648646531e-14
5.204579163349429e-14
4.300941514654315e-14
3.609626903923146e-14
2.945383737388082e-14
3.07348328659056e-14
3.662466190703173e-14
4.117611786350762e-14
4.769374393047586e-14
4.829052282490323e-14
4.628993236516442e-14
4.342910127115776e-14
4.037960939779512e-14
3.571470301158187e-14
3.461179298559875e-14
2.979757851698184e-14
2.379930202126542e-14
1.358387389839514e-14
4.526763289648337e-15
1.952408574100288e-15
3.695964461616704e-16
9.002005820090114e-16
5.51516729947773e-15
1.120023394957326e-14
1.598717289591608e-14
2.037940379169195e-14
2.037057948397013e-14
1.538556017523086e-14
1.371984342965985e-14
1.476038912530285e-14
1.441156079309783e-14
1.194919915861632e-14
8.139357980153941e-15
5.922172145628036e-15
3.228241744441282e-15
4.539322409903615e-15
2.924716736811515e-15
3.173898780196814e-15
2.978653689547961e-15
2.397739550518688e-15
1.424566068008064e-15
1.037408451766062e-15
8.255371956621548e-16
2.156234672066336e-17
-1.944938804314255e-16
4.863591155957148e-16
1.591822615905147e-15
3.318387413067419e-15
5.392144567126876e-15
7.585327158450358e-15
9.623015527439655e-15
9.70559673489784e-15
6.511752824356839e-15
2.359004516473009e-15
2.875435040342917e-16
-2.065649699613703e-15
-8.119831652539887e-17
3.456858960770917e-15
5.804104035250526e-15
3.925826076759986e-15
