6.802651068072594e-12
4.36292915144544e-12
2.56494072825712e-12
1.160193786241827e-12
-4.74303084335774e-14
-1.217155481421857e-12
-2.486766557467709e-12
-3.992650027521043e-12
-5.884748457673409e-12
-8.341224479906047e-12
-1.158328367973994e-11
-1.589212090986176e-11
-2.163018072106986e-11
-2.926421751106123e-11
-3.940042886994095e-11
-5.281950013300523e-11
-7.052839580306902e-11
-9.382027376581351e-11
-1.243504942938765e-10
-1.642328023111335e-10
-2.161575983928176e-10
-2.835354372873833e-10
-3.706800908210414e-10
-4.830267169922764e-10
-6.274073235473507e-10
-8.12381667431397e-10
-1.048645398526237e-09
-1.349521633307376e-09
-1.731565535456136e-09
-2.215294112306344e-09
-2.826063220211242e-09
-3.595135063654559e-09
-4.560954247001802e-09
-5.770685353307036e-09
-7.282053301368428e-09
-9.165543503258153e-09
-1.150702905952166e-08
-1.441089224080193e-08
-1.800374237136841e-08
-2.243881439174243e-08
-2.790117618706088e-08
-3.461387567835726e-08
-4.284517882974141e-08
-5.291707308479889e-08
-6.521524128254187e-08
-8.020071860092256e-08
-9.842350176854871e-08
-1.205383758739546e-07
-1.473232843763223e-07
-1.79700588565881e-07
-2.187615881450788e-07
-2.657947315717101e-07
-3.223180165005785e-07
-3.901163091303369e-07
-4.712841532039944e-07
-5.682747382472797e-07
-6.839557814836273e-07
-8.216731841195251e-07
-9.853233971956212e-07
-1.179435523673332e-06
-1.40926429702206e-06
-1.6808951630392e-06
-2.00136282890263e-06
-2.37878474412293e-06
-2.822511121268595e-06
-3.343293245405581e-06
-3.953471940315769e-06
-4.667188256920178e-06
-5.500618557548251e-06
-6.472236387502781e-06
-7.60310366854469e-06
-8.917193951657822e-06
-1.044175064093246e-05
-1.22076833221357e-05
-1.425000550536406e-05
-1.660831732682515e-05
-1.93273369471333e-05
-2.245748457018753e-05
-2.605552314027863e-05
-3.018526009518178e-05
-3.491831477898918e-05
-4.033495626280566e-05
-4.652501652690384e-05
-5.35888841169671e-05
-6.163858356244512e-05
-7.079894595889739e-05
-8.120887623901421e-05
-9.302272271772728e-05
-0.0001064117545393422
-0.0001215657526165601
-0.0001386947195976325
-0.0001580307142243047
-0.0001798298152344229
-0.0002043742196285681
-0.0002319744796959219
-0.0002629718826278197
-0.0002977409758618557
-0.000336692240419314
-0.0003802749134758367
-0.000428979960133924
-0.0004833431929642348
-0.0005439485370342889
-0.0006114314488710572
-0.0006864825244449803
-0.0007698512798374812
-0.0008623500938374937
-0.0009648583097216654
-0.001078326493064153
-0.001203780841322258
-0.001342327739757961
-0.001495158456931016
-0.001663553971659063
-0.001848889921832494
-0.002052641663956076
-0.0022763894306236
-0.002521823571422839
-0.002790749860937844
-0.003085094855596895
-0.003406911279149553
-0.003758383414412906
-0.004141832476784948
-0.0045597219427112
-0.005014662803941957
-0.005509418715922554
-0.006046911006128143
-0.006630223505532525
-0.007262607164692069
-0.007947484427079331
-0.008688453358709705
-0.009489291470912091
-0.01035395918047237
-0.0112866028598767
-0.01229155742891066
-0.01337334843672451
-0.01453669358124412
-0.01578650361059614
-0.01712788254903581
-0.01856612718778863
-0.02010672578091631
-0.02175535590934582
-0.02351788168921209
-0.02540035035480866
-0.02740898793164972
-0.02955019373755013
-0.03183053377670889
-0.03425673312429844
-0.03683566728967573
-0.03957435245196307
-0.04247993453442118
-0.04555967707505493
-0.0488209478970431
-0.05227120456241775
-0.05591797856526098
-0.05976885828301094
-0.06383147064652413
-0.06811346154881021
-0.07262247499922943
-0.07736613100534466
-0.08235200223890525
-0.08758758946698691
-0.09308029580246126
-0.09883739981244831
-0.1048660274944076
-0.1111731232190578
-0.11776541964654
-0.124649406710067
-0.1318312997415029
-0.1393170067777865
-0.1471120951921784
-0.1552217576832003
-0.1636507777564883
-0.1724034948092618
-0.1814837688848595
-0.1908949452867173
-0.2006398191053189
-0.2107205998273108
-0.2211388761656417
-0.2318955812022871
-0.2429909580722782
-0.2544245262538333
-0.266195048659266
-0.2783004996844108
-0.2907380343179362
-0.3035039585618679
-0.3165937012291837
-0.3300017873298074
-0.3437218132074255
-0.3577464235185599
-0.3720672903089101
-0.3866750942381705
-0.4015595081624636
-0.4167091832229793
-0.4321117375069408
-0.4477537475239716
-0.4636207425131685
-0.4796972017635823
-0.4959665550630393
-0.5124111863018952
-0.5290124404461082
-0.5457506338392454
-0.5626050679681046
-0.5795540467551595
-0.596574897351773
-0.6136439946020167
-0.6307367890663479
-0.6478278386789407
-0.6648908440372145
-0.6818986872273873
-0.698823474289612
-0.7156365811405629
-0.73230870296398
-0.7488099069964944
-0.76510968853602
-0.7811770302069254
-0.7969804642252863
-0.8124881376076437
-0.8276678801797344
-0.8424872751365668
-0.8569137321122962
-0.8709145624442893
-0.8844570565216041
-0.8975085630129083
-0.9100365696592327
-0.9220087855291141
-0.9333932243721763
-0.9441582889125879
-0.9542728558321715
-0.9637063610909191
-0.9724288854450815
-0.9804112397677148
-0.987625049976193
-0.9940428412934613
-0.9996381214867509
-1.004385462934152
-1.00826058311629
-1.011240423327933
-1.013303225339425
-1.014428605667522
-1.014597627311042
-1.013792868578912
-1.011998488824592
-1.009200290848085
-1.005385779676797
-1.000544217627323
-0.9946666753122483
-0.9877460784118772
-0.9797772500307662
-0.9707569484897361
-0.9606839005977084
-0.9495588300141882
-0.9373844802468296
-0.9241656322345061
-0.9099091172635226
-0.8946238264567358
-0.8783207149708934
-0.8610127975763762
-0.842715135971369
-0.8234448223618506
-0.803220963206183
-0.782064658619553
-0.7599989733836073
-0.7370488998966156
-0.7132413162696358
-0.688604940962969
-0.6631702828402241
-0.636969586114698
-0.6100367703515921
-0.5824073659488492
-0.5541184454014243
-0.5252085504243321
-0.4957176151210038
-0.465686885416063
-0.4351588349816486
-0.4041770779353001
-0.3727862785211172
-0.3410320580461824
-0.3089608993378283
-0.2766200489835706
-0.2440574176537602
-0.211321478771266
-0.1784611658270799
-0.1455257686314751
-0.1125648287866407
-0.07962803468436568
-0.04676511631396259
-0.01402574017818372
0.01854059539516786
0.05088466426093872
0.08295761549901962
0.1147110752131651
0.1460972468153407
0.1770690095332016
0.2075800148790152
0.2375847808356073
0.2670387835129363
0.2958985460509428
0.3241217245509815
0.3516671908195467
0.3784951117398632
0.4045670250741004
0.429845911530924
0.4542962629401663
0.4778841463808015
0.5005772641497659
0.5223450094350609
0.5431585175948609
0.5629907129533037
0.5818163510317186
0.5996120561807735
0.6163563545428471
0.6320297023176928
0.6466145093135944
0.6600951577713712
0.6724580164942557
0.6836914502853167
0.6937858247438875
0.7027335064710769
0.7105288587290732
0.7171682326472686
0.7226499540412632
0.7269743059546566
0.7301435070315152
0.7321616858249509
0.7330348511926134
0.7327708588912207
0.7313793745242152
0.7288718329944902
0.7252613946108756
0.7205628980357803
0.7147928102228331
0.7079691735270973
0.7001115501689216
0.6912409642310597
0.6813798414000707
0.6705519466187913
0.658782319846363
0.6460972101193385
0.6325240081022824
0.6180911773390012
0.6028281843818016
0.5867654280016634
0.5699341676694385
0.5523664514844659
0.5340950437457397
0.5151533523401216
0.495575356138344
0.4753955325729176
0.4546487855573794
0.4333703739206079
0.4115958405083476
0.3893609421138899
0.3667015803856966
0.3436537338479794
0.3202533911767431
0.29653648585387
0.2725388323261524
0.2482960637838407
0.2238435716628864
0.1992164469760515
0.1744494235618446
0.1495768233401958
0.1246325036523511
0.09964980675303846
0.07466151152043386
0.04969978743762674
0.02479615089528385
-1.857614365440817e-05
-0.02471430508360011
-0.04926171721324402
-0.07363229778072314
-0.09779836761436647
-0.1217331122838164
-0.145410608800369
-0.1688058498626872
-0.1918947656589696
-0.2146542432470874
-0.2370621435378373
-0.2590973159074945
-0.2807396104752601
-0.3019698880822966
-0.3227700280170641
-0.3431229335350767
-0.363012535224382
-0.382423792280218
-0.4013426917411189
-0.4197562457456863
-0.437652486874337
-0.4550204616465067
-0.4718502222541947
-0.4881328165951894
-0.5038602766784803
-0.5190256054773198
-0.5336227623057972
-0.5476466468037824
-0.5610930816025685
-0.5739587937518241
-0.5862413949877172
-0.5979393609200958
-0.6090520092269291
-0.6195794769269527
-0.6295226968108109
-0.6388833731086087
-0.6476639564674304
-0.6558676183201682
-0.6634982247155927
-0.6705603096910868
-0.6770590482600897
-0.683000229075722
-0.68839022684172
-0.6932359745337853
-0.6975449355005914
-0.7013250755070425
-0.7045848347771129
-0.7073331001016515
-0.7095791770599882
-0.71133276241435
-0.7126039167278387
-0.7134030372452697
-0.7137408310810966
-0.7136282887609895
-0.7130766581750787
-0.7120974189815725
-0.7107022574781199
-0.7089030419679208
-0.7067117986588631
-0.7041406881428497
-0.7012019824816411
-0.6979080429046527
-0.6942712981336876
-0.6903042233611103
-0.6860193199167876
-0.6814290956383185
-0.676546045938674
-0.6713826355748211
-0.6659512811333863
-0.6602643342566891
-0.6543340656133489
-0.6481726496013172
-0.6417921497804786
-0.6352045050381745
-0.6284215164948781
-0.6214548351464331
-0.6143159502314909
-0.6070161783213801
-0.599566653120011
-0.5919783159636285
-0.5842619070104841
-0.5764279571124704
-0.5684867803643179
-0.5604484673086781
-0.5523228787795703
-0.5441196403695442
-0.5358481375089328
-0.5275175111483655
-0.5191366540197824
-0.5107142074534139
-0.502258558733558
-0.4937778389815008
-0.4852799215561218
-0.4767724209439696
-0.4682626921150134
-0.4597578303252773
-0.4512646713506943
-0.4427897921369308
-0.4343395118427349
-0.4259198932597218
-0.417536744589376
-0.4091956215552299
-0.4009018298320579
-0.3926604277729834
-0.3844762294170263
-0.3763538077592611
-0.3682974982671733
-0.360311402630308
-0.3523993927207813
-0.3445651147443807
-0.3368119935663064
-0.3291432371994094
-0.3215618414437071
-0.3140705946575523
-0.3066720826432645
-0.2993686936334063
-0.2921626233662118
-0.2850558802399259
-0.2780502905301622
-0.2711475036571115
-0.2643489974908282
-0.257656083684251
-0.2510699130250781
-0.2445914807942472
-0.2382216321208022
-0.2319610673240264
-0.2258103472341399
-0.2197698984845975
-0.2138400187667686
-0.2080208820395033
-0.2023125436866746
-0.1967149456165558
-0.191227921298292
-0.1858512007283851
-0.1805844153217737
-0.1754271027227728
-0.1703787115314798
-0.1654386059422894
-0.1606060702901927
-0.1558803135013432
-0.1512604734450979
-0.146745621185397
-0.1423347651302722
-0.1380268550763937
-0.1338207861468148
-0.129715402620594
-0.1257095016532077
-0.1218018368874714
-0.1179911219538346
-0.1142760338596412
-0.1106552162672497
-0.1071272826615127
-0.1036908194075723
-0.1003443886986765
-0.09708653139426691
-0.09391576974924022
-0.09083061003599828
-0.08782954506124958
-0.08491105657796896
-0.08207361759368696
-0.07931569457668528
-0.07663574956178075
-0.07403224215781298
-0.07150363145831021
-0.06904837785733253
-0.06666494477254553
-0.06435180027754095
-0.06210741864603276
-0.05993028180953845
-0.05781888073077102
-0.05577171669490183
-0.05378730252101551
-0.05186416369608534
-0.05000083943376982
-0.04819588366028905
-0.04644786592978859
-0.04475537227133339
-0.0431170059699243
-0.04153138828382982
-0.03999715910076963
-0.03851297753521516
-0.03707752246860571
-0.03568949303468493
-0.03434760905226617
-0.03305061140800208
-0.03179726239118004
-0.03058634598236598
-0.02941666809786115
-0.0282870567920647
-0.02719636242002992
-0.02614345776200061
-0.02512723811182434
-0.02414662133119186
-0.02320054787133505
-0.02228798076388602
-0.02140790558264035
-0.02055933037796356
-0.01974128558564195
-0.01895282391154144
-0.01819302019359732
-0.01746097124254284
-0.01675579566294039
-0.01607663365594452
-0.01542264680502526
-0.01479301784586164
-0.01418695042156488
-0.01360366882464184
-0.01304241772689
-0.01250246189814085
-0.01198308591491005
-0.01148359385990598
-0.01100330901341814
-0.01054157353760605
-0.0100977481544219
-0.009671211818100928
-0.009261361382886394
-0.00886761126688361
-0.008489393112663788
-0.008126155445370905
-0.007777363328950565
-0.007442498021122632
-0.00712105662763197
-0.006812551756264286
-0.006516511171194345
-0.006232477448179587
-0.005960007631022059
-0.005698672889718006
-0.005448058180743385
-0.005207761909739633
-0.004977395596990711
-0.00475658354593615
-0.004544962515095917
-0.004342181393668171
-0.004147900880990131
-0.003961793170113128
-0.003783541635707287
-0.003612840526387059
-0.003449394661840671
-0.003292919134722615
-0.003143139017482219
-0.002999789074213821
-0.002862613477669561
-0.002731365531551072
-0.002605807398067291
-0.00248570983091844
-0.002370851913682899
-0.002261020803672673
-0.002156011481250603
-0.002055626504630824
-0.001959675770201248
-0.001867976278322723
-0.001780351904642456
-0.001696633176831532
-0.001616657056801871
-0.001540266728269301
-0.001467311389709281
-0.001397646052591895
-0.001331131344944995
-0.001267633320082938
-0.001207023270514907
-0.001149177546856762
-0.001093977381808357
-0.001041308719068887
-0.0009910620471183891
-0.0009431322377864966
-0.0008974183894867217
-0.0008538236751410628
-0.0008122551945743683
-0.0007726238314107487
-0.000734844114335595
-0.0006988340826017522
-0.0006645151557589828
-0.0006318120074675047
-0.0006006524433210434
-0.0005709672826174783
-0.0005426902439304539
-0.0005157578344380449
-0.0004901092428778109
-0.0004656862360794981
-0.0004424330589660238
-0.0004202963379432873
-0.0003992249875830737
-0.0003791701205107532
-0.0003600849604022718
-0.0003419247580396715
-0.0003246467102954746
-0.0003082098820012425
-0.0002925751306036548
-0.0002777050335144857
-0.0002635638181135158
-0.0002501172942645527
-0.0002373327893475819
-0.000225179085621461
-0.0002136263599959437
-0.0002026461259788
-0.0001922111778495533
-0.0001822955369346181
-0.0001728743999087449
-0.0001639240890982902
-0.0001554220046740089
-0.000147346578725036
-0.0001396772310773395
-0.0001323943268639377
-0.0001254791357660812
-0.0001189137928580541
-0.0001126812610039899
-0.000106765294779061
-0.0001011504057943335
-9.582182948005118e-05
-9.076549315569365e-05
-8.596798543556626e-05
-8.141652688116654e-05
-7.709894184843414e-05
-7.30036315162114e-05
-6.911954801266216e-05
-6.543616963578777e-05
-6.194347710498714e-05
-5.863193080908195e-05
-5.549244901619391e-05
-5.251638701076582e-05
-4.969551710303757e-05
-4.702200952678825e-05
-4.448841412272352e-05
-4.208764281625357e-05
-3.981295287069911e-05
-3.765793086473562e-05
-3.56164773511014e-05
-3.368279219549373e-05
-3.185136052352436e-05
-3.011693935314829e-05
-2.847454482354956e-05
-2.691943997837558e-05
-2.544712303762985e-05
-2.405331621661547e-05
-2.273395503120586e-05
-2.148517813540002e-05
-2.030331761844676e-05
-1.918488968750052e-05
-1.812658583419774e-05
-1.712526435114615e-05
-1.617794228550363e-05
-1.528178771632781e-05
-1.443411242030193e-05
-1.363236486050977e-05
-1.287412350728852e-05
-1.215709048016087e-05
-1.147908544946848e-05
-1.083803987823465e-05
-1.023199148031966e-05
-9.659078976178831e-06
-9.117537075978705e-06
-8.605691725090955e-06
-8.121955530663639e-06
-7.664823452354043e-06
-7.232868685364587e-06
-6.824738729082572e-06
-6.439151641902179e-06
-6.07489249135059e-06
-5.730809975259287e-06
-5.405813201326784e-06
-5.098868613810381e-06
-4.808997087614938e-06
-4.535271148863837e-06
-4.276812345514812e-06
-4.032788739036316e-06
-3.80241251499117e-06
-3.584937709535401e-06
-3.379658067090711e-06
-3.185904986110334e-06
-3.003045581131062e-06
-2.830480823457371e-06
-2.667643781743402e-06
-2.51399797679578e-06
-2.369035761669763e-06
-2.232276843311772e-06
-2.10326682686151e-06
-1.981575889067528e-06
-1.866797458252808e-06
-1.75854700941447e-06
-1.656460906769664e-06
-1.560195279793896e-06
-1.46942499629024e-06
-1.383842659466553e-06
-1.303157681774656e-06
-1.227095370472105e-06
-1.155396086380949e-06
-1.087814458431785e-06
-1.024118595011383e-06
-9.640893719053625e-07
-9.075197560879288e-07
-8.542141502886865e-07
-8.039877690158389e-07
-7.566660666772367e-07
-7.120841871664147e-07
-6.70086421633347e-07
-6.305257339907596e-07
-5.93263265780865e-07
-5.581679236289396e-07
-5.251159292014784e-07
-4.939904268256581e-07
-4.646811213377473e-07
-4.37083890758389e-07
-4.111004624301912e-07
-3.866381015461758e-07
-3.636092909285033e-07
-3.419314562260634e-07
-3.215266845949268e-07
-3.023214730748566e-07
-2.842464771584266e-07
-2.672362966738544e-07
-2.512292328706638e-07
-2.361670972574618e-07
-2.219950116174656e-07
-2.086612319711845e-07
-1.961169594628457e-07
-1.843162007606118e-07
-1.732155772113073e-07
-1.627742005004844e-07
-1.529535320030276e-07
-1.437172433401436e-07
-1.350310927154238e-07
-1.268628163950721e-07
-1.191820037577031e-07
-1.119600027195527e-07
-1.051698206241642e-07
-9.878601881826925e-08
-9.278463537536432e-08
-8.71430960321846e-08
-8.184013440183234e-08
-7.685573107722877e-08
-7.217101895565935e-08
-6.776823516614102e-08
-6.363065876027262e-08
-5.974253497215882e-08
-5.608903805338903e-08
-5.265620349962463e-08
-4.943088986660639e-08
-4.640072737546649e-08
-4.3554066474596e-08
-4.087994680305695e-08
-3.836804801557117e-08
-3.600866238144553e-08
-3.379264810297324e-08
-3.171140881325262e-08
-2.975684976185839e-08
-2.792135928993058e-08
-2.619778187730796e-08
-2.457938019487825e-08
-2.305982450274287e-08
-2.163315333653426e-08
-2.029375616819555e-08
-1.903636422709699e-08
-1.785601736704208e-08
-1.674805509831775e-08
-1.570808825770259e-08
-1.473199944725933e-08
-1.381590744037183e-08
-1.295616932455133e-08
-1.214936146318674e-08
-1.139226581970156e-08
-1.068184616142936e-08
-1.001526375609997e-08
-9.389838434521852e-09
-8.803071150812736e-09
-8.252598717481892e-09
-7.736194741393671e-09
-7.251773284326222e-09
-6.79738342666808e-09
-6.371179268593457e-09
-5.971435668585978e-09
-5.596524701622492e-09
-5.24492834637976e-09
-4.915200885094076e-09
-4.606004178981837e-09
-4.316067056478254e-09
-4.044204299371757e-09
-3.789298148516207e-09
-3.550304117018591e-09
-3.326241033826524e-09
-3.116190238424978e-09
-2.919284118137916e-09
-2.734704184810476e-09
-2.561690295213276e-09
-2.399525276642339e-09
-2.247533481816672e-09
-2.105086455284156e-09
-1.971585737661444e-09
-1.846475036650741e-09
-1.729225970004757e-09
-1.619356081441232e-09
-1.516409737302892e-09
-1.419950301388971e-09
-1.329578207363689e-09
-1.244906210636476e-09
-1.16557939660869e-09
-1.091263714929855e-09
-1.021649935831575e-09
-9.56437228938848e-10
-8.953557102620201e-10
-8.381423823113332e-10
-7.845522622810787e-10
-7.343637410800171e-10
-6.873614319258073e-10
-6.4334340254492e-10
-6.021197104041455e-10
-5.635176007980396e-10
-5.273645835053567e-10
-4.935138922609191e-10
-4.618243275009679e-10
-4.321539255085622e-10
-4.043754676583726e-10
-3.783692634305117e-10
-3.540209913903595e-10
-3.312249227878269e-10
-3.09886092395094e-10
-2.899101345568596e-10
-2.712153640093717e-10
-2.537191396662059e-10
-2.373478019250633e-10
-2.220194070146432e-10
-2.076757942356255e-10
-1.942487250951999e-10
-1.816851093982564e-10
-1.699293168219289e-10
-1.589224885106628e-10
-1.486261428143198e-10
-1.389938085221792e-10
-1.299834224313298e-10
-1.215543151978804e-10
-1.136674328608894e-10
-1.062911881422816e-10
-9.939121302270396e-11
-9.293439864767365e-11
-8.689129823598443e-11
-8.12402101120092e-11
-7.595334787470535e-11
-7.100358980721045e-11
-6.637350578610909e-11
-6.204385518581957e-11
-5.799772841239616e-11
-5.421358795447894e-11
-5.067176280138594e-11
-4.736535509263116e-11
-4.427671525236562e-11
-4.138687336980427e-11
-3.868708811476336e-11
-3.616031441503014e-11
-3.379598038616271e-11
-3.158732428469038e-11
-2.951932407185228e-11
-2.758584845883701e-11
-2.577855615989732e-11
-2.408662000226884e-11
-2.250196141191876e-11
-2.102415219148068e-11
-1.963815207014291e-11
-1.834285257079217e-11
-1.713480815438278e-11
-1.600644595904014e-11
-1.495452360362165e-11
-1.397433752227398e-11
-1.306246998368304e-11
-1.220466215627264e-11
-1.140275065273609e-11
-1.065914417233552e-11
-9.96064427766288e-12
-9.307320618833286e-12
-8.696099644393884e-12
-8.119937620067692e-12
-7.580269563270048e-12
-7.076538619936462e-12
-6.602677324246899e-12
-6.156332987057929e-12
-5.744782343740368e-12
-5.359561414962802e-12
-5.003507931829263e-12
-4.677641163662441e-12
-4.372061467446823e-12
-4.08909896027354e-12
-3.824844547654844e-12
-3.575720810115844e-12
-3.343499576370008e-12
-3.124811935926772e-12
-2.914125638345064e-12
-2.718507820749975e-12
-2.535755904777553e-12
-2.364614162045902e-12
-2.204749576829689e-12
-2.055642054365526e-12
-1.919311821354935e-12
-1.789220810127441e-12
-1.669405886577792e-12
-1.560663487128907e-12
-1.454844150267671e-12
-1.356493448477866e-12
-1.267217876818231e-12
-1.180081266648117e-12
-1.102630112688282e-12
-1.030735751848321e-12
-9.631705702211362e-13
-9.033192223729311e-13
-8.46180972841529e-13
-7.930513571139488e-13
-7.413896503493652e-13
-6.917472689642369e-13
-6.478066019951229e-13
-6.033347395301507e-13
-5.629294966841279e-13
-5.206992266613803e-13
-4.801282852772283e-13
-4.43499426905419e-13
-4.102482633894792e-13
-3.758086162134587e-13
-3.52542357975899e-13
-3.30082037501749e-13
-3.117174545078586e-13
-2.945172985885588e-13
-2.787350653287753e-13
-2.647540641830686e-13
-2.514514695736731e-13
-2.369885091062971e-13
-2.250581518134573e-13
-2.10368541101281e-13
-1.936204576086096e-13
-1.758387223610618e-13
-1.626218756321606e-13
-1.446379052419702e-13
-1.291213554874657e-13
-1.171649071928869e-13
-1.080805941325722e-13
-1.000112671197405e-13
-9.681403134028759e-14
-9.091121830481962e-14
-8.874483453323905e-14
-8.859109916787011e-14
-8.756582981804473e-14
-8.211057656224976e-14
-7.466992148629089e-14
-6.678344390716452e-14
-6.145534337720611e-14
-5.847351822607996e-14
-5.326239047457099e-14
-5.255338932158029e-14
-4.928010331784325e-14
-4.544259042805282e-14
-4.255556079281369e-14
-3.514733488739866e-14
-3.182873391096898e-14
-2.911536191099792e-14
-2.687706107878892e-14
-2.118029880142007e-14
-1.944639291928631e-14
-1.87838887580562e-14
-1.927172425030445e-14
-1.708139865603299e-14
-1.615185688471619e-14
-1.92892167494596e-14
-2.076037169539054e-14
-1.942296570077932e-14
-2.277836615663205e-14
-2.357381820675363e-14
-2.059511994497844e-14
-1.572401522032309e-14
-1.126070137732078e-14
-9.526256271538e-15
-1.309532463590869e-14
-9.614075673639693e-15
-8.143530836268793e-15
-2.192239482602283e-15
-2.842941399684673e-16
3.510868652227894e-15
5.929994997630038e-15
3.837823158954346e-15
1.559987110610621e-15
-4.409030746723612e-15
-1.170802150725508e-14
-1.569964326436302e-14
-1.807000587310501e-14
-1.648193451437527e-14
-1.29913551222167e-14
-9.213275180790415e-15
-3.511543461736291e-15
2.111009551005326e-15
1.647470494571513e-15
2.281450274723566e-15
8.464701578466482e-16
1.875467348683564e-15
5.040005783955864e-15
8.730422893585826e-15
4.010982733136635e-15
2.026655867818265e-15
-1.089528720043609e-15
-6.217065100298955e-15
-9.975068312690876e-15
-1.259369836209998e-14
-1.078242439563559e-14
-4.207119316367186e-15
1.448070226109227e-15
5.247154671539048e-15
4.938707943655823e-15
1.312288741109929e-15
1.737071390218416e-16
1.073533623313321e-15
-2.282532441230307e-15
-4.129162082841566e-15
-4.561733451715929e-15
-3.717465484371188e-15
-2.45924336458293e-15
-2.398275058869255e-15
