-1.110713366744474e-12
-3.925051646844616e-13
2.643904072951463e-13
9.222695979037416e-13
1.662584131246428e-12
2.570035770891569e-12
3.738427387395744e-12
5.281866888947684e-12
7.344500219384561e-12
1.011294551924504e-11
1.382946616645772e-11
1.881137145917871e-11
2.546767520597779e-11
3.433434735978457e-11
4.610449744043113e-11
6.167427992840725e-11
8.219620242523931e-11
1.091534180196281e-10
1.44438073184504e-10
1.904690055028408e-10
2.50314169970908e-10
3.278639899882477e-10
4.280288135488498e-10
5.569905182176643e-10
7.225059893134208e-10
9.342828350744038e-10
1.204433914343578e-09
1.548031133495953e-09
1.98377922684593e-09
2.534828949552161e-09
3.229759469558234e-09
4.103761382598625e-09
5.200065278349627e-09
6.571643442738263e-09
8.283255982319613e-09
1.041389295485924e-08
1.305967758361657e-08
1.633733244885167e-08
2.038827733588975e-08
2.538349479777871e-08
3.15292689955907e-08
3.907396413854053e-08
4.831598779446256e-08
5.961314733262642e-08
7.339360188658564e-08
9.016866354151923e-08
1.105477098613688e-07
1.352555229554191e-07
1.651523902809358e-07
2.012573344728803e-07
2.447748916398268e-07
2.971258762881203e-07
3.599826826138962e-07
4.353099095305314e-07
5.25410915018298e-07
6.329810226695058e-07
7.611681640603654e-07
9.136419186600568e-07
1.094671895958468e-06
1.309216597511815e-06
1.56302394350789e-06
1.86274478568456e-06
2.216060834144186e-06
2.63182857595255e-06
3.120240863739955e-06
3.693008032807947e-06
4.363560528527255e-06
5.147275198883764e-06
6.061727570841632e-06
7.12697260183862e-06
8.365856578509995e-06
9.804363041940021e-06
1.147199577161011e-05
1.340220213145663e-05
1.563284021463618e-05
1.82066934990188e-05
2.117203690190502e-05
2.4583258321079e-05
2.850153986319387e-05
3.299560330679859e-05
3.814252456108312e-05
4.402862203764935e-05
5.075042402198134e-05
5.841572033272222e-05
6.714470367402991e-05
7.707120622058466e-05
8.834403709028372e-05
0.0001011284263681585
0.0001156075814095755
0.0001319843610608733
0.0001504830733689307
0.0001713514021283808
0.0001948624673939684
0.0002213170246755942
0.0002510458070763804
0.0002844120140037662
0.0003218139493313167
0.0003636878109276032
0.0004105106323612101
0.0004628033762187378
0.0005211341769737769
0.0005861217304469177
0.0006584388384315395
0.0007388161458094311
0.0008280460518969472
0.0009269867839381273
0.001036566629238687
0.001157788322084024
0.001291733580364826
0.001439567785640641
0.001602544798958848
0.001782011903327018
0.001979414862212371
0.002196303081828249
0.002434334863250015
0.00269528272864075
0.002981038803964547
0.003293620238621554
0.00363517464036251
0.00400798550170784
0.004414477591851485
0.004857222285715621
0.005338942799371696
0.005862519298576422
0.006430993844533133
0.007047575138400333
0.007715643024335558
0.008438752722902829
0.009220638794804592
0.01006521876891894
0.0109765963766662
0.01195906434395221
0.0130171066905368
0.01415540048459466
0.01537881699803978
0.01669242220605057
0.01810147657210149
0.01961143405784526
0.0212279402970171
0.02295682989711021
0.02480412305743027
0.02677602153775204
0.0288789036798766
0.03111931820883577
0.03350397688585146
0.03603974611912355
0.03873363752318658
0.04159279731835447
0.0446244945384397
0.04783610800567032
0.05123511208022587
0.05482906117069732
0.05862557296327926
0.06263231039298973
0.0668569623194006
0.0713072229315586
0.07599076989292876
0.08091524121143687
0.08608821089738823
0.09151716339297354
0.09720946683353504
0.1031723451843539
0.109412849266324
0.1159378267772032
0.1227538913180507
0.1298673905260148
0.1372843733935756
0.1450105568171901
0.1530512915274568
0.1614115274368243
0.1700957785472072
0.1791080875328957
0.1884519900698741
0.1981304791090208
0.2081459691491303
0.2185002606853675
0.2291945049769291
0.2402291692280704
0.2516040024185284
0.2633180018489034
0.2753693806007207
0.2877555360721289
0.3004730196913518
0.3135175080647174
0.3268837756236389
0.3405656689850231
0.3545560831883014
0.3688469398986966
0.3834291678345773
0.398292685465996
0.4134263861940464
0.4288181261575332
0.4444547147283626
0.4603219079386481
0.4764044048476463
0.4926858470287271
0.5091488212861772
0.5257748656208386
0.5425444786559159
0.5594371324725567
0.5764312889841795
0.5935044199050041
0.6106330302764933
0.6277926857160658
0.6449580432647272
0.66210288589941
0.6792001606985186
0.6962220205524143
0.7131398695147615
0.7299244115987988
0.7465457030193956
0.762973207797167
0.7791758565388116
0.7951221084192993
0.8107800160951312
0.8261172934821625
0.8411013862433142
0.8556995447247905
0.8698788992908105
0.8836065377283199
0.8968495846030345
0.9095752823519748
0.9217510737868686
0.9333446858987745
0.9443242145896128
0.9546582101652811
0.9643157633326866
0.9732665913404367
0.9814811241188693
0.9889305900173948
0.9955871009398817
1.001423736600816
1.006414627542359
1.01053503676119
1.013761439540086
1.016071601278788
1.017444653054363
1.017861164571237
1.01730321435881
1.015754456846497
1.013200186134134
1.009627396223238
1.005024837425843
0.9993830688589642
0.9926945066956491
0.98495346800026
0.9761562099763831
0.9663009644870825
0.9553879679007662
0.9434194858843139
0.9303998327011377
0.9163353849774359
0.9012345906906767
0.8851079746176799
0.8679681383998535
0.8498297519504637
0.8307095365824055
0.8106262443553768
0.7896006374868797
0.7676554633773816
0.7448154212748305
0.721107120942592
0.6965590365046437
0.6712014568454709
0.6450664314739225
0.6181877113535704
0.5906006848782772
0.562342309423456
0.5334510387865422
0.503966746607206
0.4739306459664175
0.4433852053948978
0.4123740615311718
0.3809419287157461
0.3491345057443777
0.3169983800608058
0.2845809296627976
0.2519302229917452
0.219094917111273
0.1861241544467
0.153067458388764
0.1199746280558018
0.08689563250491995
0.05388050469737048
0.02097923550674459
-0.01175833193191547
-0.04428260724388439
-0.07654435692165763
-0.1084948072345178
-0.1400857456632854
-0.1712696205929915
-0.2019996390045052
-0.232229861906393
-0.2619152972684649
-0.291011990215074
-0.3194771102607342
-0.347269035377185
-0.3743474326820612
-0.4006733355737533
-0.4262092171225062
-0.4509190595618497
-0.4747684197314767
-0.4977244903270294
-0.519756156855242
-0.5408340501673971
-0.5609305944836926
-0.58002005083014
-0.5980785558175781
-0.6150841557403668
-0.631016835934495
-0.6458585453797275
-0.659593216539517
-0.6722067804370353
-0.6836871770124352
-0.6940243607735755
-0.7032103018031048
-0.7112389821828826
-0.7181063878909548
-0.7238104962746806
-0.7283512591762684
-0.7317305818305432
-0.7339522976524158
-0.7350221390287884
-0.7349477042743678
-0.7337384208721255
-0.7314055051603562
-0.727961918625915
-0.7234223209593561
-0.7178030200662281
-0.711121919189129
-0.7033984613292132
-0.6946535711530206
-0.6849095945691479
-0.6741902361896855
-0.6625204948469574
-0.6499265973650638
-0.6364359307824676
-0.6220769732161392
-0.6068792235797246
-0.5908731303344648
-0.5740900194761289
-0.5565620219481822
-0.5383220006574057
-0.5194034772862192
-0.4998405590749604
-0.4796678657631508
-0.4589204568614255
-0.4376337594116915
-0.4158434964058605
-0.3935856160125499
-0.3708962217697807
-0.347811503887651
-0.3243676717930709
-0.300600888054309
-0.2765472038036836
-0.2522424957800037
-0.2277224051003539
-0.2030222778602751
-0.1781771076617762
-0.1532214801528375
-0.1281895196613684
-0.1031148379952211
-0.07803048547078494
-0.05296890422943054
-0.02796188388985914
-0.00304051957983709
0.02176482761773734
0.04642456777665255
0.0709099167764199
0.09519292847476483
0.1192465243972165
0.1430445209441344
0.1665616541192758
0.1897736017916034
0.2126570035067235
0.2351894778750577
0.25734963756699
0.2791171019455614
0.3004725073772991
0.3213975152620695
0.3418748178312556
0.3618881417663916
0.381422249693637
0.4004629396214361
0.418997042376938
0.4370124171033879
0.4544979448859518
0.4714435205794849
0.4878400429221632
0.5036794030001827
0.5189544711384693
0.5336590822945445
0.5477880200332554
0.561336999169196
0.5743026471498235
0.586682484261571
0.5984749027392944
0.6096791448580692
0.6202952800957594
0.6303241814379638
0.639767500905471
0.648627644382194
0.6569077458171477
0.6646116408811339
0.6717438401479583
0.6783095018807441
0.684314404494697
0.6897649187568244
0.6946679797925587
0.699031058961499
0.7028621356699457
0.7061696691817735
0.7089625704833397
0.7112501742662164
0.7130422110752538
0.7143487796788703
0.7151803197109167
0.7155475846214383
0.7154616149786209
0.7149337121667838
0.7139754125364685
0.7125984620432966
0.7108147913910327
0.7086364917038602
0.7060757907640753
0.7031450298605976
0.699856641272297
0.6962231263898809
0.6922570344891225
0.6879709421802374
0.68337743356652
0.6784890811250585
0.6733184273015944
0.6678779668215147
0.6621801297311287
0.6562372651907077
0.6500616260218448
0.6436653539952802
0.6370604658548782
0.6302588400794369
0.6232722043881019
0.6161121239841999
0.6087899905249282
0.6013170118126087
0.5937042021940219
0.5859623736562972
0.5781021276084184
0.5701338473391456
0.5620676911458543
0.553913586111815
0.5456812225133946
0.5373800488417934
0.5290192674267356
0.52060783065262
0.5121544377416265
0.5036675320807942
0.4951552990752967
0.4866256645157526
0.4780862934493854
0.4695445895267021
0.4610076947995095
0.4524824899512034
0.4439755949434204
0.4354933700634775
0.4270419173500603
0.4186270823799222
0.4102544563963172
0.4019293787570952
0.3936569396843266
0.3854419832964184
0.37728911090524
0.3692026845605973
0.361186830825698
0.3532454447708163
0.3453821941629995
0.3376005238317946
0.3299036601952975
0.3222946159346088
0.3147761948055938
0.3073509965687037
0.3000214220201264
0.2927896781106669
0.2856577831412184
0.2786275720248134
0.2717007015998647
0.2648786559817143
0.2581627519412085
0.2515541443002337
0.2450538313357461
0.2386626601803755
0.2323813322099271
0.226210408408907
0.220150314705912
0.2142013472721739
0.2083636777744816
0.2026373585754286
0.1970223278744034
0.1915184147836047
0.1861253443346373
0.1808427424090912
0.1756701405879811
0.1706069809157391
0.1656526205746306
0.1608063364666738
0.156067329699041
0.1514347299697703
0.1469075998512903
0.1424849389699725
0.1381656880807237
0.133948733033908
0.1298329086330079
0.1258170023820016
0.1218997581216171
0.1180798795544201
0.1143560336579188
0.1107268539854242
0.1071909438548749
0.1037468794262535
0.1003932126688214
0.09712847421800019
0.09395117612246105
0.09085981448236116
0.08785287198066265
0.08492882030947152
0.08208612249207237
0.07932323510192382
0.07663861038038748
0.0740306982549547
0.07149794826012129
0.06903881136266098
0.0666517416932416
0.06433519818655714
0.06208764613216132
0.05990755863859785
0.05779341801255812
0.05574371705532123
0.05375696027874532
0.05183166504310045
0.04996636261923414
0.048159599177246
0.04640993670411202
0.04471595385256807
0.04307624672351483
0.04148942958429328
0.03995413552514802
0.03846901705641982
0.03703274664870451
0.03564401721785226
0.03430154255693863
0.03300405771755425
0.0317503193429195
0.03053910595489281
0.02936921819659823
0.0282394790327066
0.02714873390944409
0.02609585087645376
0.02507972067242355
0.02409925677628675
0.02315339542587937
0.02224109560570869
0.02136133900552159
0.02051312995127926
0.01969549531038431
0.01890748437278671
0.01814816870939439
0.01741664200921463
0.01671201989663237
0.01603343973034038
0.01538006038528584
0.01475106201887273
0.0141456458225088
0.0135630337597715
0.0130024682923739
0.01246321209519074
0.01194454776125219
0.01144577749760055
0.01096622281307289
0.01050522419887828
0.01006214080301068
0.009636350099192186
0.009227247551198805
0.008834246273270062
0.008456776687380553
0.008094286178058361
0.007746238745354437
0.007412114656655188
0.007091410097852485
0.006783636824420348
0.006488321812821815
0.006205006912843656
0.005933248501221424
0.005672617137097001
0.005422697219603999
0.005183086647998111
0.004953396484672121
0.004733250621256842
0.004522285448210765
0.00432014952811614
0.004126503272957485
0.003941018625597695
0.003763378745616748
0.003593277699719572
0.003430420156865608
0.003274521088347599
0.003125305472875631
0.002982508006734241
0.002845872819195337
0.002715153193216133
0.002590111291500313
0.002470517888044635
0.002356152105112427
0.002246801155796194
0.002142260092075123
0.002042331558419344
0.001946825550954525
0.001855559182175109
0.001768356451200022
0.001685048019533157
0.001605470992320001
0.001529468705048461
0.00145689051562954
0.00138759160185292
0.001321432764152773
0.001258280233619129
0.00119800548522539
0.00114048505613168
0.001085600369037394
0.001033237560532449
0.0009832873143145538
0.0009356446992715808
0.0008902090122874296
0.0008468836256612583
0.0008055758391457639
0.0007661967364241849
0.0007286610460243756
0.0006928870064995744
0.0006587962358595238
0.0006263136050811221
0.0005953671156864795
0.0005658877812665211
0.0005378095128123618
0.0005110690078831512
0.0004856056433457142
0.0004613613717691529
0.0004382806212517599
0.0004163101986812843
0.000395399196296254
0.0003754989014721117
0.0003565627096272754
0.0003385460401887279
0.0003214062555244363
0.0003051025827344565
0.0002895960382523247
0.0002748493551770219
0.0002608269132243555
0.0002474946712353093
0.0002348201021926969
0.0002227721305739888
0.0002113210721229133
0.0002004385757956653
0.0001900975679664922
0.0001802721986836725
0.0001709377900260486
0.0001620707864263119
0.000153648706877943
0.0001456500990403671
0.0001380544951149453
0.0001308423694542736
0.0001239950978265077
0.0001174949183315852
0.0001113248938273569
0.0001054688759014462
9.991147025816715e-05
9.463800353228678e-05
8.963449144498581e-05
8.488760825712756e-05
8.038465745241289e-05
7.611354366965669e-05
7.2062745781211e-05
6.822129106796939e-05
6.457873051352206e-05
6.112511510108008e-05
5.785097312976482e-05
5.474728847836343e-05
5.180547979406496e-05
4.90173805775993e-05
4.637522011450265e-05
4.387160522915119e-05
4.149950282584603e-05
3.925222319248144e-05
3.712340400770154e-05
3.510699510274994e-05
3.319724382845545e-05
3.1388681084015e-05
2.967610795364867e-05
2.805458296696108e-05
2.65194099633851e-05
2.506612643860405e-05
2.369049243662979e-05
2.238847985141568e-05
2.115626231914308e-05
1.999020553858035e-05
1.888685804666835e-05
1.784294238491498e-05
1.685534669065044e-05
1.592111666887389e-05
1.503744792551638e-05
1.420167866591469e-05
1.341128271771087e-05
1.266386290433145e-05
1.195714469982549e-05
1.128897019172473e-05
1.065729233205686e-05
1.006016944129972e-05
9.495760000821931e-06
8.962317661594552e-06
8.458186514399495e-06
7.98179656777952e-06
7.531659445276588e-06
7.106364299476173e-06
6.704573892815475e-06
6.325020919514615e-06
5.966504453285926e-06
5.627886597441193e-06
5.308089280582295e-06
5.006091217700563e-06
4.720925015463877e-06
4.451674436899935e-06
4.197471755247e-06
3.957495296926134e-06
3.730967047748975e-06
3.517150423867279e-06
3.315348130676698e-06
3.124900125521916e-06
2.945181695174229e-06
2.775601624197112e-06
2.615600437313517e-06
2.46464877117804e-06
2.322245774607928e-06
2.187917640872461e-06
2.061216175692068e-06
1.941717453739668e-06
1.8290205450328e-06
1.722746304950165e-06
1.622536214242933e-06
1.528051295243352e-06
1.438971082565487e-06
1.354992627157378e-06
1.275829571969496e-06
1.201211262284873e-06
1.130881901956155e-06
1.064599783597182e-06
1.002136516317206e-06
9.432763059158447e-07
8.878152873165346e-07
8.355608761100052e-07
7.863311651975974e-07
7.399543448324824e-07
6.962681562502818e-07
6.551193760538416e-07
6.163633202170487e-07
5.798633755704816e-07
5.454905803900997e-07
5.131231801815399e-07
4.826462589895608e-07
4.539513455892975e-07
4.269360704878501e-07
4.01503827698902e-07
3.775634629781446e-07
3.55028958654264e-07
3.338191730017665e-07
3.13857541641951e-07
2.950718482449398e-07
2.773939747215883e-07
2.607596719671621e-07
2.451083521871243e-07
2.303828790008862e-07
2.165293681017795e-07
2.034970229103156e-07
1.912379415902264e-07
1.797069736508353e-07
1.688615566527799e-07
1.586615718922806e-07
1.490692056425086e-07
1.400488188336323e-07
1.315668284460698e-07
1.235915986064718e-07
1.160933045824383e-07
1.090438550208347e-07
1.024167863307081e-07
9.618716869710019e-08
9.033150967828936e-08
8.482768809651851e-08
7.965487493396037e-08
7.479344448962558e-08
7.022492744590254e-08
6.593192532048899e-08
6.189805773963414e-08
5.810790800971057e-08
5.454695123240863e-08
5.120152463994582e-08
4.805875756981948e-08
4.510654272815222e-08
4.233348263840038e-08
3.972885067614649e-08
3.728255570991884e-08
3.498510209577313e-08
3.282755013792951e-08
3.080148900120215e-08
2.889901598594168e-08
2.711268969384054e-08
2.543550913051238e-08
2.386089554564926e-08
2.238265535995899e-08
2.099496500618859e-08
1.969234545411211e-08
1.846964682980894e-08
1.732202749717827e-08
1.624493016845863e-08
1.523407339995217e-08
1.428543006007618e-08
1.339522460855313e-08
1.255989225572896e-08
1.177610170177085e-08
1.104069942970398e-08
1.035074388292887e-08
9.703451337785216e-09
9.096217110084315e-09
8.526589362560415e-09
7.992269542961009e-09
7.49109285376797e-09
7.021033360892261e-09
6.580165916530043e-09
6.166707330866439e-09
5.778964904516822e-09
5.41536545813784e-09
5.074417764143375e-09
4.754727891832836e-09
4.454984501569152e-09
4.173954710819594e-09
3.910481510431348e-09
3.663476715885363e-09
3.431925972820052e-09
3.214871673362343e-09
3.011419202072994e-09
2.820723362507817e-09
2.641992528489398e-09
2.474486337118135e-09
2.317503928918704e-09
2.170391801354331e-09
2.032535826949898e-09
1.903354397062665e-09
1.782308312074042e-09
1.668891417730263e-09
1.562632022837669e-09
1.463081191743399e-09
1.369818513768591e-09
1.282450580369983e-09
1.200603167027711e-09
1.123935354764283e-09
1.052120442168708e-09
9.848536532356821e-10
9.218553125785968e-10
8.628493422421931e-10
8.075920139751408e-10
7.558466537061081e-10
7.073862846717746e-10
6.620099875763696e-10
6.195214616682936e-10
5.797401058322767e-10
5.424922520691043e-10
5.076142740884048e-10
4.749654517459721e-10
4.444009486412013e-10
4.157880988373216e-10
3.890045946946616e-10
3.639314506740018e-10
3.404593657363851e-10
3.184912801869171e-10
2.979319852071838e-10
2.78689129471626e-10
2.606741309525931e-10
2.438153677245874e-10
2.28039977908451e-10
2.132766337254455e-10
1.994641392478983e-10
1.865470721987837e-10
1.744573955372953e-10
1.631446340430158e-10
1.525592508704234e-10
1.426566720637585e-10
1.333969118271366e-10
1.247309901803256e-10
1.166262271516873e-10
1.090426321813741e-10
1.019481352152323e-10
9.531040652878453e-11
8.909612468622363e-11
8.328666831788231e-11
7.785387847304661e-11
7.27768755366268e-11
6.802758245258427e-11
6.358375886438336e-11
5.942830145710894e-11
5.554712453163362e-11
5.19170701488708e-11
4.852939235360656e-11
4.536256818725313e-11
4.239806268114809e-11
3.962006046913487e-11
3.702186574430645e-11
3.45936418730339e-11
3.231931083253961e-11
3.01969743236537e-11
2.821381562521741e-11
2.636165101477602e-11
2.463057070001374e-11
2.301604167716849e-11
2.15038186730711e-11
2.009141723928152e-11
1.876787654275607e-11
1.753476381982481e-11
1.637831704655342e-11
1.529604170363665e-11
1.428707298691977e-11
1.334559834893757e-11
1.246450394522228e-11
1.164325186905265e-11
1.08781741546669e-11
1.016137999087687e-11
9.493756630332304e-12
8.871952505631255e-12
8.291088707488999e-12
7.736235406373456e-12
7.218018244036711e-12
6.733318010952677e-12
6.285384622200164e-12
5.869935260110223e-12
5.483773023350228e-12
5.122705474591959e-12
4.781409708042738e-12
4.463494536706082e-12
4.164889865841735e-12
3.88952857260144e-12
3.632435464967538e-12
3.392022461897223e-12
3.172499246941971e-12
2.967740470084323e-12
2.775585314737498e-12
2.593090574622542e-12
2.415540333874391e-12
2.252679057935645e-12
2.096442618195825e-12
1.947071670582681e-12
1.810875166103006e-12
1.689576897253533e-12
1.577775608951351e-12
1.476307398952255e-12
1.383753282475588e-12
1.296428268778546e-12
1.212186925751766e-12
1.134032509261291e-12
1.059550679277275e-12
9.887036122127715e-13
9.221620198217384e-13
8.606660415326778e-13
8.019988846322564e-13
7.478701272436921e-13
6.947292419810336e-13
6.440606862996953e-13
5.984157666092833e-13
5.542050807105466e-13
5.171264959793684e-13
4.821306581443493e-13
4.515418653555113e-13
4.2371768943754e-13
3.984143590797105e-13
3.750752961585716e-13
3.545491171613558e-13
3.329800029644219e-13
3.093974936936965e-13
2.881296977007641e-13
2.676149457579202e-13
2.469114187888591e-13
2.277189474455156e-13
2.072970609466719e-13
1.922172540703118e-13
1.800556857029716e-13
1.66713442291697e-13
1.591824076766841e-13
1.484729517315152e-13
1.397072431115723e-13
1.311261076174994e-13
1.229437018220828e-13
1.137566833768652e-13
1.084121043425906e-13
1.036195983051135e-13
9.878732247490192e-14
8.997507981553523e-14
8.398291828938256e-14
7.744882268871862e-14
7.158907483650485e-14
6.413178749944998e-14
5.056135392682093e-14
4.52770036103634e-14
4.338449508282866e-14
4.460934952962289e-14
4.386202097699819e-14
4.555957433104327e-14
4.483440371198946e-14
4.783814535974402e-14
4.768219235840397e-14
4.349664866171718e-14
3.506750646376299e-14
2.992502479918456e-14
1.958999702078973e-14
1.300721999463431e-14
8.002717470390968e-15
9.115857904039281e-15
1.059823364340947e-14
1.29076077615806e-14
1.664179171470433e-14
2.161458434963686e-14
2.387520870721628e-14
2.593985796577542e-14
2.531842722599054e-14
2.280902954171798e-14
1.789605382143263e-14
1.189013311316078e-14
7.367414463820066e-15
5.349262744767818e-15
4.781609269001206e-15
-1.888285610725039e-15
-4.302657704360592e-15
-5.187105569496935e-15
-3.531840788947186e-15
-1.742288104117535e-15
2.820475218981939e-15
8.453849448578467e-15
1.23372361700653e-14
1.517634223321886e-14
1.908415998687898e-14
1.895027414439049e-14
1.468856273473174e-14
9.040074731443048e-15
5.052195870245788e-15
9.667697374037507e-16
-4.825825700535119e-15
-4.876933102054378e-15
-9.035132278432235e-15
-9.373092939512969e-15
-8.175692117507877e-15
-7.051749032883904e-15
-4.469253403596058e-15
-5.037162824998739e-15
1.210814251781683e-15
1.015762707129778e-14
1.658628641646489e-14
1.669735987824089e-14
1.798438540351908e-14
1.205283845914841e-14
3.195576786301736e-15
-3.122636820501206e-15
-3.611672038743831e-15
-3.546684125513509e-15
-4.462051584045203e-15
-6.341307739073104e-15
-4.055650046669767e-15
-2.145606042341175e-15
-3.070289408773377e-15
-5.536998979271982e-15
-7.906749836299942e-15
-9.125006555197357e-15
-6.213337625249332e-15
-1.13385427366766e-15
