-1.067414549766687e-13
-6.783359164741292e-14
-4.198477447443633e-14
-2.664528736158059e-14
-1.778009378961605e-14
-1.244703850075296e-14
-9.67508303494251e-15
-8.449218693779003e-15
-8.478551351632486e-15
-9.803992595491523e-15
-1.248162999417538e-14
-1.68414185584116e-14
-2.340402940225595e-14
-3.342273547502941e-14
-4.816885234726335e-14
-6.91388548782512e-14
-9.954666904865968e-14
-1.422761066827705e-13
-2.027092741980919e-13
-2.870876941994757e-13
-4.044915809548131e-13
-5.664646856901306e-13
-7.890538053130252e-13
-1.09331368045659e-12
-1.507317563406262e-12
-2.069262557830502e-12
-2.829427932719634e-12
-3.854124458700545e-12
-5.230826443051504e-12
-7.07300803270786e-12
-9.531434028409852e-12
-1.279932459402266e-11
-1.712908377792593e-11
-2.284733298298699e-11
-3.037241900413939e-11
-4.02441488665765e-11
-5.315417794631049e-11
-6.99822739436786e-11
-9.18531901093985e-11
-1.201924031587541e-10
-1.568037236913498e-10
-2.039705041353713e-10
-2.645616574364713e-10
-3.421886239901926e-10
-4.413712854175114e-10
-5.677633162230128e-10
-7.284094713351147e-10
-9.320729090648909e-10
-1.189623683171538e-09
-1.514512857831186e-09
-1.923342871375736e-09
-2.436556987652268e-09
-3.079262944229788e-09
-3.882228537246041e-09
-4.883063323593008e-09
-6.127636948017874e-09
-7.671764628126915e-09
-9.583210017348813e-09
-1.194405549573468e-08
-1.485351530749508e-08
-1.843124123079782e-08
-2.28212207526338e-08
-2.819636693806568e-08
-3.476388408144291e-08
-4.277155208810546e-08
-5.251506317996541e-08
-6.434657458357739e-08
-7.868464507690699e-08
-9.602577548424161e-08
-1.169577669308885e-07
-1.42175166401731e-07
-1.724970916957226e-07
-2.088877440037406e-07
-2.524800029809341e-07
-3.046024852928207e-07
-3.668105328091927e-07
-4.40921640270442e-07
-5.290558756214734e-07
-6.336819195893596e-07
-7.576694059999204e-07
-9.043483342890307e-07
-1.077576376179235e-06
-1.281815000297073e-06
-1.522215430684478e-06
-1.804715525020151e-06
-2.136148790936115e-06
-2.524366827301004e-06
-2.978376646549909e-06
-3.508494378300531e-06
-4.126517054073129e-06
-4.845914240336665e-06
-5.682041466478151e-06
-6.652377489904558e-06
-7.776787624359772e-06
-9.077815449109334e-06
-1.058100539620697e-05
-1.231525881714735e-05
-1.4313226290593e-05
-1.661173901791141e-05
-1.925228230495745e-05
-2.228151417530545e-05
-2.575183233611731e-05
-2.972199330502111e-05
-3.425778911353537e-05
-3.943278481364639e-05
-4.532912045664185e-05
-5.203838167282815e-05
-5.966254317483562e-05
-6.831498960239563e-05
-7.812161820519737e-05
-8.922202794419205e-05
-0.0001017707996345697
-0.0001159388717898947
-0.0001319150168026864
-0.0001499074220862921
-0.0001701453807120341
-0.0001928810959869847
-0.0002183916042574528
-0.0002469808200186878
-0.0002789817071808384
-0.0003147585800104839
-0.0003547095369237051
-0.0003992690298502925
-0.0004489105713979301
-0.0005041495814489902
-0.0005655463741654335
-0.0006337092856979823
-0.0007092979432969239
-0.0007930266783306256
-0.0008856680798477165
-0.0009880566849515716
-0.001101092802073658
-0.001225746462080147
-0.001363061490857913
-0.001514159695608852
-0.001680245155567207
-0.001862608606190518
-0.002062631904143142
-0.002281792558690152
-0.002521668316035372
-0.002783941806264211
-0.003070405246884548
-0.003382965158501625
-0.003723647045689143
-0.004094600031995748
-0.004498101441673868
-0.004936561306467678
-0.005412526761592211
-0.00592868630176969
-0.006487873864755537
-0.007093072713976441
-0.00774741908728251
-0.008454205572753112
-0.009216884179310825
-0.0100390690594002
-0.01092453884769899
-0.01187723857610202
-0.01290128111935887
-0.01400094813577851
-0.01518069045367847
-0.01644512786453162
-0.0177990482800776
-0.0192474062042689
-0.02079532048555865
-0.02244807129782588
-0.02421109631327737
-0.02608998602696121
-0.02809047818546485
-0.03021845129270578
-0.03247991714461859
-0.03488101236527777
-0.03742798891335181
-0.04012720352006321
-0.04298510604735523
-0.04600822672812106
-0.04920316227754689
-0.05257656086124638
-0.05613510589791228
-0.05988549870965282
-0.06383443999898254
-0.06798861016612895
-0.07235464847679199
-0.07693913108107077
-0.08174854792795569
-0.08678927857833853
-0.09206756696308994
-0.09758949512717649
-0.1033609559878627
-0.1093876251876313
-0.1156749320731956
-0.1222280298841599
-0.1290517652264009
-0.1361506468884597
-0.1435288141211864
-0.1511900044403316
-0.159137521071723
-0.1673742001472806
-0.1759023777397863
-0.1847238568952052
-0.1938398747459409
-0.20325106985534
-0.2129574499291861
-0.2229583600061794
-0.2332524513184447
-0.2438376509199407
-0.2547111322551525
-0.2658692868209726
-0.2773076970444373
-0.2890211105839559
-0.3010034161555226
-0.3132476210667706
-0.3257458306144739
-0.3384892294624515
-0.3514680652087226
-0.364671634229374
-0.3780882699745586
-0.39170533385667
-0.4055092088221823
-0.4194852957941363
-0.4336180130433809
-0.4478907986412369
-0.4622861160993957
-0.4767854632430501
-0.4913693844647582
-0.5060174863680789
-0.5207084569079796
-0.5354200880814246
-0.5501293021559794
-0.5648121815304846
-0.5794440021701235
-0.5939992706573562
-0.6084517648450606
-0.6227745780345217
-0.6369401667098383
-0.6509204016928276
-0.6646866226857235
-0.6782096961137613
-0.6914600761153487
-0.7044078686372294
-0.7170228984234794
-0.7292747787907192
-0.7411329840284031
-0.7525669242060407
-0.7635460222860561
-0.774039793248538
-0.7840179250229419
-0.7934503610013711
-0.8023073839113178
-0.8105597009653039
-0.8181785298376827
-0.8251356849160149
-0.8314036635742997
-0.8369557329139388
-0.8417660179425916
-0.8458095893890485
-0.8490625477225856
-0.8515021031090444
-0.8531066552359585
-0.8538558768827725
-0.853730796816331
-0.8527138774330199
-0.8507890867750868
-0.8479419678128745
-0.8441597062643909
-0.8394311954190038
-0.8337470969459432
-0.8270998974074336
-0.8194839605285615
-0.8108955751640025
-0.8013329985998574
-0.7907964949586956
-0.7792883685156758
-0.7668129917461577
-0.7533768280071627
-0.7389884486510798
-0.7236585444691697
-0.7073999313583924
-0.6902275501006333
-0.6721584602301272
-0.6532118278991201
-0.6334089077379674
-0.6127730187020827
-0.5913295138966301
-0.56910574444599
-0.5461310174320605
-0.5224365480002633
-0.4980554057277576
-0.4730224553478221
-0.4473742919890567
-0.4211491710642524
-0.3943869330025703
-0.3671289230157165
-0.3394179060912072
-0.3112979774558284
-0.2828144687383093
-0.2540138501019226
-0.2249436286185517
-0.1956522431617435
-0.166188956128244
-0.1366037422873495
-0.1069471750836789
-0.07727031072207977
-0.0476245703693129
-0.01806162082062902
0.01136674602475909
0.04060873452405637
0.06961266713073801
0.09832710635534066
0.1267009764918939
0.1546836847519342
0.1822252414510971
0.209276378896579
0.2357886686256807
0.2617146366609638
0.2870078764419434
0.3116231591123083
0.3355165408474002
0.3586454669084068
0.3809688721363663
0.402447277594236
0.4230428830933706
0.4427196553495724
0.4614434115213674
0.4791818979192707
0.4959048636635679
0.5115841291043201
0.5261936488290713
0.5397095690942925
0.5521102795572814
0.5633764591728001
0.573491116157175
0.5824396219374206
0.5902097390177496
0.5967916427384458
0.6021779368830267
0.6063636631307264
0.609346304366712
0.6111257818756376
0.6117044464835446
0.6110870637004618
0.609280792958385
0.606295161046269
0.6021420298478427
0.5968355585255254
0.590392160291042
0.5828304539393434
0.5741712103235563
0.5644372939497526
0.5536535999043115
0.5418469863191981
0.5290462026096148
0.5152818137189739
0.5005861206070105
0.4849930772422297
0.4685382043488933
0.4512585001803819
0.4331923485890631
0.4143794246614972
0.3948605982045194
0.3746778353554867
0.3538740986044316
0.3324932455099612
0.3105799263855841
0.2881794812426781
0.2653378362636848
0.2421014000845781
0.218516960158714
0.1946315794679606
0.170492493847552
0.1461470101771346
0.1216424056902149
0.09702582864361103
0.07234420057870933
0.04764412040222273
0.02297177050384402
-0.001627174880017257
-0.02610763886018537
-0.05042522846019092
-0.07453631837623165
-0.09839813176561536
-0.1219688179091113
-0.1452075266044532
-0.1680744791597236
-0.1905310358709173
-0.2125397598743493
-0.2340644772769647
-0.2550703334803845
-0.2755238456286946
-0.2953929511273064
-0.3146470521811155
-0.3332570563156727
-0.3511954128569773
-0.3684361453569382
-0.3849548799676881
-0.4007288697702214
-0.4157370150785982
-0.4299598797503584
-0.4433797035425667
-0.4559804105699232
-0.4677476139185431
-0.4786686164848469
-0.4887324081161134
-0.4979296591349516
-0.5062527103437209
-0.5136955596048273
-0.5202538451089559
-0.5259248254436355
-0.5307073565731901
-0.5346018658551682
-0.537610323218249
-0.5397362096372642
-0.5409844830410654
-0.5413615417899277
-0.5408751858697542
-0.5395345759418413
-0.5373501903981062
-0.5343337805688441
-0.5304983242239603
-0.52585797751498
-0.5204280255089108
-0.514224831474797
-0.5072657850700441
-0.499569249559124
-0.4911545082049165
-0.4820417099813014
-0.4722518147607323
-0.4618065381144641
-0.4507282958478731
-0.4390401483994228
-0.4267657452373744
-0.4139292693914461
-0.4005553822398171
-0.3866691686570339
-0.3722960826322462
-0.3574618934717374
-0.3421926326992998
-0.3265145417527455
-0.3104540205624903
-0.2940375771002819
-0.2772917779851794
-0.2602432002309243
-0.242918384208492
-0.225343787890066
-0.207545742439862
-0.1895504092086827
-0.1713837381856408
-0.1530714279560515
-0.1346388872100087
-0.1161111978418613
-0.09751307967100052
-0.07886885681173406
-0.06020242571644584
-0.04153722491186759
-0.02289620644337589
-0.004301809035522407
0.01422406702579547
0.03266008328730582
0.05098548480082651
0.06918012008194895
0.08722445936608149
0.1050996111752014
0.1227873372121881
0.1402700656036123
0.1575309025159971
0.1745536421719259
0.191322775296525
0.2078234960268283
0.2240417073177395
0.2399640248813474
0.255577779698229
0.2708710191416912
0.2858325067576237
0.3004517207450013
0.3147188511865329
0.3286247960731176
0.3421611561666514
0.3553202287495043
0.3680950003130751
0.3804791382406703
0.3924669815312173
0.4040535306118325
0.4152344362900566
0.4260059878991491
0.4363651006921146
0.4463093025315009
0.4558367199239969
0.4649460634498543
0.4736366126378463
0.4819082003383208
0.4897611966394348
0.4971964923733669
0.5042154822589129
0.5108200477267145
0.517012539474176
0.5227957597912378
0.5281729446988396
0.5331477459412822
0.5377242128731063
0.5419067742826533
0.545700220186185
0.5491096836278057
0.5521406225196666
0.5547988015553325
0.5570902742302292
0.5590213649969564
0.5605986515834087
0.5618289475009448
0.5627192847699412
0.5632768968910621
0.563509202081095
0.5634237867940377
0.563028389547291
0.562330885071291
0.5613392688019931
0.5600616417294813
0.5585061956162979
0.5566811985985685
0.5545949811828202
0.55225592265262
0.5496724378901978
0.5468529646182693
0.5438059510689308
0.5405398440881992
0.5370630776852281
0.5333840620251052
0.5295111728657595
0.5254527414404896
0.5212170447867579
0.5168122965223872
0.5122466380662372
0.5075281303011657
0.5026647456763431
0.4976643607459362
0.4925347491424689
0.4872835749768882
0.4819183866589925
0.4764466111318901
0.4708755485135202
0.4652123671390309
0.4594640989952179
0.4536376355393862
0.4477397238940288
0.4417769634074654
0.4357558025714358
0.4296825362861141
0.4235633034654103
0.4174040849724263
0.4112107018710432
0.4049888139817517
0.3987439187331135
0.3924813503020732
0.3862062790322557
0.37992371111579
0.3736384885266702
0.3673552891962674
0.3610786274225136
0.3548128545019885
0.3485621595734018
0.3423305706632256
0.3361219559212884
0.3299400250348498
0.3237883308109991
0.3176702709191057
0.3115890897852699
0.305547880627165
0.2995495876186611
0.2935970081750401
0.2876927953509064
0.2818394603435536
0.2760393750913236
0.2702947749568387
0.2646077614871656
0.2589803052448065
0.2534142487039401
0.2479113092020742
0.2424730819384812
0.2371010430124747
0.2317965524960829
0.2265608575355764
0.2213950954747699
0.2163002969938359
0.2112773892579981
0.2063271990708288
0.2014504560273963
0.196647795662054
0.1919197625870407
0.1872668136172937
0.1826893208760529
0.1781875748765772
0.1737617875771228
0.1694120954064385
0.1651385622565255
0.16094118243946
0.1568198836059931
0.1527745296225215
0.1488049234033242
0.1449108096959174
0.141091877818116
0.1373477643455922
0.1336780557474892
0.1300822909679141
0.1265599639520814
0.1231105261167602
0.1197333887649857
0.1164279254429653
0.1131934742375866
0.1100293400140043
0.1069347965933535
0.1039090888704683
0.1009514348712531
0.09806102775004005
0.0952370377267721
0.09247861396360378
0.0897848863808359
0.0871549674127462
0.0845879537040234
0.08208292774720292
0.0796389594614562
0.07725510771342131
0.07493042178051562
0.07266394275700042
0.0704547049037056
0.06830173694294463
0.06620406330032196
0.06416070529321846
0.06217068226604684
0.06023301267330343
0.05834671511248973
0.05651080930874969
0.05472431705132209
0.05298626308223225
0.05129567593832528
0.04965158874850618
0.04805303998770084
0.04649907418820686
0.04498874260921309
0.04352110386569015
0.0420952245181744
0.04071017962482405
0.03936505325669707
0.03805893897735056
0.03679094028787864
0.03556017103841191
0.03436575580702936
0.03320683024748208
0.0320825414072585
0.03099204801709818
0.02993452075260015
0.02890914246889085
0.02791510840951434
0.02695162639056522
0.02601791696111873
0.02511321354116719
0.02423676253829521
0.02338782344373604
0.02256566890852027
0.02176958480062725
0.02099887024426831
0.0202528376422422
0.01953081268212389
0.01883213432721993
0.01815615479307256
0.01750223951018242
0.01686976707378625
0.01625812918138192
0.01566673055885981
0.0150949888759432
0.01454233465148072
0.01400821114925003
0.01349207426493016
0.01299339240489034
0.01251164635739184
0.01204632915679631
0.01159694594145843
0.01116301380567494
0.01074406164602887
0.01033963000263148
0.009949270895975972
0.009572547659819363
0.009209034770542782
0.008858317673223466
0.008519992604910624
0.008193666415429277
0.007878956386088284
0.007575490046651332
0.007282904990964525
0.007000848691462394
0.006728978312840934
0.006466960524996845
0.006214471315725429
0.005971195803942284
0.005736828053523729
0.005511070886613997
0.005293635694915427
0.00508424225195457
0.004882618531243943
0.004688500529490082
0.004501632088327927
0.004321764709706633
0.00414865737180079
0.003982076351116175
0.003821795050208087
0.003667593826784762
0.003519259822752647
0.003376586794867941
0.0032393749481017
0.003107430771633154
0.002980566877212364
0.002858601839907475
0.002741360041253864
0.002628671515013424
0.002520371795517755
0.0024163017686328
0.002316307525414443
0.002220240218444
0.002127955920816861
0.002039315487850784
0.001954184421506069
0.00187243273759294
0.001793934835679894
0.001718569371734451
0.001646219133495356
0.001576770918486515
0.00151011541483354
0.00144614708469283
0.001384764050388889
0.001325867983195479
0.001269363994716723
0.001215160530902374
0.001163169268628843
0.001113305014831809
0.001065485608153061
0.001019631823066514
0.0009756672764958961
0.0009335183367815109
0.0008931140350890178
0.0008543859791361807
0.000817268269238459
0.0007816974166284747
0.000747612264005859
0.0007149539082752728
0.0006836656254652593
0.0006536927977318084
0.0006249828424543378
0.0005974851433673679
0.0005711509836716452
0.0005459334810851207
0.0005217875248409056
0.0004986697145179215
0.0004765383007271611
0.00045535312756926
0.0004350755768529896
0.0004156685140101886
0.0003970962356697865
0.0003793244188815183
0.0003623200719147917
0.0003460514865941926
0.0003304881921707496
0.0003156009106397902
0.0003013615135131192
0.0002877429799773975
0.0002747193564095327
0.0002622657172279261
0.0002503581270229321
0.0002389736039367459
0.0002280900842782314
0.0002176863883010592
0.0002077421871646264
0.0001982379709662889
0.0001891550179126944
0.000180475364510862
0.0001721817767964511
0.0001642577225548412
0.0001566873445127232
0.0001494554344614124
0.0001425474082797465
0.0001359492818531542
0.0001296476478346746
0.0001236296532435312
0.000117882977847894
0.0001123958133356903
0.000107156843236906
0.0001021552235692093
9.738056419415736e-05
9.282291083621399e-05
8.847272777864874e-05
8.432088120716136e-05
8.035862313963212e-05
7.65775759756376e-05
7.296971760936685e-05
6.952736711124031e-05
6.624317094229784e-05
6.311008968169891e-05
6.012138527119809e-05
5.727060872665859e-05
5.455158833550146e-05
5.195841829625363e-05
4.948544779139006e-05
4.712727049337526e-05
4.487871448414553e-05
4.273483251994723e-05
4.069089272234206e-05
3.874236961910699e-05
3.688493554200517e-05
3.511445233941074e-05
3.342696344561868e-05
3.18186862434202e-05
3.028600474398339e-05
2.88254625438115e-05
2.743375607722967e-05
2.610772812983198e-05
2.48443616238907e-05
2.364077363818158e-05
2.249420967085356e-05
2.140203816840795e-05
2.036174522448008e-05
1.937092953111604e-05
1.842729752487531e-05
1.752865874478731e-05
1.66729213554417e-05
1.585808788180531e-05
1.508225108957872e-05
1.434359008178901e-05
1.364036650953231e-05
1.297092097307583e-05
1.233366955602693e-05
1.172710051541714e-05
1.114977109725131e-05
1.060030450351803e-05
1.007738698630229e-05
9.579765035545633e-06
9.106242733358487e-06
8.655679163621258e-06
8.226986000801006e-06
7.819125141524168e-06
7.431106462125439e-06
7.061985679969235e-06
6.710862276853005e-06
6.376877564429229e-06
6.059212816274818e-06
5.757087422873871e-06
5.46975711738928e-06
5.196512317277288e-06
4.936676772291188e-06
4.68960625046094e-06
4.454686910629281e-06
4.23133349222295e-06
4.018987750026597e-06
3.81711753133217e-06
3.62521596740089e-06
3.442800408893071e-06
3.269411114914484e-06
3.104610080163964e-06
2.947980033826138e-06
2.799123524096411e-06
2.657662012557508e-06
2.523234996440165e-06
2.395499156287733e-06
2.274127565775885e-06
2.158808927398471e-06
2.0492468442524e-06
1.94515912898164e-06
1.846277137917767e-06
1.752345128580346e-06
1.663119671940489e-06
1.57836905833211e-06
1.497872754412128e-06
1.421420877665204e-06
1.348813697176765e-06
1.279861137494127e-06
1.214382346583727e-06
1.152205237527275e-06
1.09316608696881e-06
1.037109141092947e-06
9.838862131467464e-07
9.333563578383169e-07
8.853854920519601e-07
8.398460888162969e-07
7.966168641875228e-07
7.555824744477019e-07
7.166332170845675e-07
6.796647902068496e-07
6.44578004394268e-07
6.112785508123607e-07
5.796767646020576e-07
5.496873959659744e-07
5.21229409033825e-07
4.942257672318982e-07
4.686032391282523e-07
4.442922224744399e-07
4.212265641211845e-07
3.993433831708808e-07
3.785829283629082e-07
3.588884149555229e-07
3.402058875976932e-07
3.224840743606017e-07
3.056742592086954e-07
2.897301587310537e-07
2.746077977424313e-07
2.602653977432158e-07
2.46663281334835e-07
2.337637468184877e-07
2.215309931852623e-07
2.099310064514e-07
1.9893148719437e-07
1.885017587050523e-07
1.786126850473063e-07
1.692366000340541e-07
1.603472289596208e-07
1.519196332355196e-07
1.439301186154751e-07
1.363561982255566e-07
1.291765270956895e-07
1.223708306534774e-07
1.159198721489957e-07
1.09805382704593e-07
1.040100268858887e-07
9.851734816716339e-08
9.331172361161718e-08
8.837833161948486e-08
8.370309958809567e-08
7.927267417168462e-08
7.507438610930323e-08
7.109621408248747e-08
6.732674823665675e-08
6.37551634708491e-08
6.037118651301914e-08
5.716507097346014e-08
5.412757077533878e-08
5.124991488626173e-08
4.852378733637079e-08
4.594129660761279e-08
4.349495622022002e-08
4.117766578354186e-08
3.898268396486571e-08
3.690362954294518e-08
3.493444443321303e-08
3.306937901808389e-08
3.130298429322017e-08
2.963009804653144e-08
2.804581334872289e-08
2.654548369691989e-08
2.512470905866475e-08
2.377931583741973e-08
2.250534113411421e-08
2.129902779175791e-08
2.015682077133385e-08
1.90753521287808e-08
1.80514229687457e-08
1.708199627865841e-08
1.616420030659136e-08
1.529531000050142e-08
1.447274209632209e-08
1.369404681757457e-08
1.295690667758419e-08
1.225912477000003e-08
1.159862208653128e-08
1.097342645569632e-08
1.038166587616362e-08
9.821568601755377e-09
9.291449776600369e-09
8.789722625889144e-09
8.314880414339763e-09
7.865497709355061e-09
7.44021798311308e-09
7.037759021649181e-09
6.656910951358915e-09
6.296515298558671e-09
5.955489605891265e-09
5.6328028859058e-09
5.327475789438028e-09
5.038584190412199e-09
4.765246296917985e-09
4.50662934067962e-09
4.261948111377602e-09
4.030456936655776e-09
3.811448734490685e-09
3.604257710927052e-09
3.40824470295427e-09
3.222819720325563e-09
3.047415767327082e-09
2.881492119846323e-09
2.724544900376135e-09
2.576089264518308e-09
2.435669900845399e-09
2.302862038992631e-09
2.177249156084255e-09
2.058447328578921e-09
1.946090124852851e-09
1.839825142555173e-09
1.739327221481881e-09
1.64427795689651e-09
1.55438848354964e-09
1.469382441563276e-09
1.388994227640319e-09
1.312978253056399e-09
1.241090471159374e-09
1.173116990078915e-09
1.108844565126092e-09
1.048069855220361e-09
9.906075056551129e-10
9.36280125444791e-10
8.849140536477345e-10
8.363526030946994e-10
7.904425377230821e-10
7.470412913742689e-10
7.060153158308224e-10
6.672308322255827e-10
6.305609944208937e-10
5.958939186454154e-10
5.631213923978333e-10
5.32139992666412e-10
5.028523174118008e-10
4.751638439672714e-10
4.489900915756665e-10
4.242475871890295e-10
4.008608852063778e-10
3.787575143931533e-10
3.578687749719746e-10
3.381290077652845e-10
3.194742510125357e-10
3.018444163328335e-10
2.851830977603741e-10
2.694423138542006e-10
2.545657481248291e-10
2.405044066502854e-10
2.272143910250733e-10
2.146564223268453e-10
2.027843402562217e-10
1.915661177376107e-10
1.809641277334742e-10
1.709451526912715e-10
1.614814645935442e-10
1.525376354185353e-10
1.440865405514612e-10
1.361027497009016e-10
1.285564128695419e-10
1.214287010990133e-10
1.146949617522342e-10
1.083290193733825e-10
1.023142650156435e-10
9.663108461544317e-11
9.126517063149342e-11
8.620126722253692e-11
8.142079125048239e-11
7.690733564588818e-11
7.264119104094939e-11
6.86080739748812e-11
6.479520625133508e-11
6.118907087233401e-11
5.778139015750548e-11
5.456386790449678e-11
5.1526498999319e-11
4.865537183424959e-11
4.59449689979474e-11
4.338296020059598e-11
4.096290968096814e-11
3.867748832446792e-11
3.651953646419054e-11
3.448362208543215e-11
3.256040758501143e-11
3.07468005161763e-11
2.903228606570699e-11
2.741959325505415e-11
2.589592658096878e-11
2.4456825631114e-11
2.309191565442596e-11
2.180362345474629e-11
2.058556499919354e-11
1.943409159971861e-11
1.834578632225392e-11
1.731394555953011e-11
1.634364252826108e-11
1.542803896448019e-11
1.456411416111043e-11
