-9.261124823335183e-13
-5.949832079103756e-13
-3.857365776414112e-13
-2.532301569747449e-13
-1.704392229101783e-13
-1.194666687985154e-13
-8.959295989063945e-14
-7.482398074495931e-14
-7.166703528883464e-14
-7.911378208508812e-14
-9.73215974566941e-14
-1.282962462298128e-13
-1.752056961320419e-13
-2.435866236500307e-13
-3.410994120108382e-13
-4.787398421987751e-13
-6.705412656054418e-13
-9.367137280514167e-13
-1.304220169220381e-12
-1.809423019873018e-12
-2.499600062040039e-12
-3.439352562887729e-12
-4.713651249174327e-12
-6.433170855467937e-12
-8.746060274260833e-12
-1.184465972081278e-11
-1.597842178502617e-11
-2.147373794668251e-11
-2.875370904322633e-11
-3.83629889242163e-11
-5.100300486357255e-11
-6.757630553037771e-11
-8.923553113810951e-11
-1.174499142158362e-10
-1.540892582023215e-10
-2.015271627146825e-10
-2.627607521446752e-10
-3.4157112083472e-10
-4.427147538465621e-10
-5.721575595805463e-10
-7.373621821333154e-10
-9.476416289369102e-10
-1.214585792578378e-09
-1.552590365526857e-09
-1.979480596870114e-09
-2.517282125551846e-09
-3.193145085069246e-09
-4.040453991538422e-09
-5.100163148982709e-09
-6.422394463439565e-09
-8.068336610423812e-09
-1.011251728447983e-08
-1.2645494921909e-08
-1.577704953082303e-08
-1.963996625879277e-08
-2.43944981251962e-08
-3.023362026319771e-08
-3.738920814248251e-08
-4.613927360965959e-08
-5.681644008055992e-08
-6.9817827947808e-08
-8.56165775812106e-08
-1.047752398607996e-07
-1.279613129858503e-07
-1.559652279062538e-07
-1.897211372521697e-07
-2.303308767469762e-07
-2.790915470481912e-07
-3.375271937145673e-07
-4.07425132853512e-07
-4.908775023934574e-07
-5.903287364333765e-07
-7.086296707861784e-07
-8.490991215534831e-07
-1.015593825552481e-06
-1.212587742898092e-06
-1.445261809636889e-06
-1.719605347646837e-06
-2.042530421783388e-06
-2.422000588752388e-06
-2.867175592721907e-06
-3.388573708311655e-06
-3.998253562651445e-06
-4.710017434622218e-06
-5.539638175717191e-06
-6.505112059185878e-06
-7.626940056587991e-06
-8.928440173392025e-06
-1.043609371174147e-05
-1.217992845248864e-05
-1.419394196779324e-05
-1.65165684472814e-05
-1.919119258385472e-05
-2.226671424939756e-05
-2.579816783844594e-05
-2.984740030540181e-05
-3.448381202278737e-05
-3.978516472079043e-05
-4.583846077600949e-05
-5.274089818795731e-05
-6.060090551911929e-05
-6.953926113005895e-05
-7.969030251356216e-05
-9.120323526944009e-05
-0.0001042435451491445
-0.000118994517256925
-0.000135658867615248
-0.0001544604923322666
-0.0001756463395545595
-0.000199488409242807
-0.0002262858857121189
-0.0002563674075888665
-0.0002900934796487672
-0.0003278590306243459
-0.0003700961207191147
-0.0004172768020810143
-0.00046991613500228
-0.0005285753619563014
-0.0005938652409329308
-0.0006664495387456137
-0.0007470486840740331
-0.0008364435790928484
-0.0009354795673968023
-0.001045070554766402
-0.001166203278003377
-0.001299941715625345
-0.001447431632857877
-0.001609905254459782
-0.001788686063324633
-0.001985193709503339
-0.002200949014148741
-0.002437579052975384
-0.002696822301934173
-0.002980533825674025
-0.003290690487042583
-0.003629396153492961
-0.003998886873722594
-0.004401535995251735
-0.004839859191294779
-0.005316519368571686
-0.005834331477763811
-0.006396267214980967
-0.007005459523093869
-0.007665206800259223
-0.008378976800440766
-0.009150410219272192
-0.009983323930304294
-0.01088171380962668
-0.01184975710302311
-0.01289181428517757
-0.01401243037107857
-0.01521633563267631
-0.01650844566421126
-0.01789386075556623
-0.01937786451478857
-0.02096592169660236
-0.02266367518889927
-0.02447694210045703
-0.026411708914972
-0.02847412565261288
-0.03067049900252985
-0.03300728438501607
-0.03549107689251523
-0.03812860108834584
-0.04092669961215824
-0.0438923205712871
-0.04703250369217277
-0.05035436519515761
-0.05386508139472038
-0.05757187099050798
-0.06148197605351281
-0.06560264170617651
-0.06994109448273508
-0.07450451940557115
-0.07930003576660789
-0.08433467165097498
-0.08961533723414805
-0.09514879687003057
-0.1009416400479301
-0.1070002512368853
-0.1133307786942819
-0.1199391023079183
-0.1268308005236102
-0.1340111164812754
-0.1414849234111281
-0.1492566894114543
-0.1573304417169186
-0.1657097305422762
-0.174397592668235
-0.1833965148524025
-0.1927083972284187
-0.2023345168377226
-0.2122754914072328
-0.2225312435790454
-0.2331009656972963
-0.243983085345981
-0.255175231807277
-0.2666742035726877
-0.2784759371418681
-0.2905754772216305
-0.3029669485334709
-0.3156435294082328
-0.3285974273042901
-0.3418198564963698
-0.3553010180359413
-0.3690300821877821
-0.3829951735106786
-0.3971833586991952
-0.4115806374193888
-0.4261719362102185
-0.4409411056331136
-0.4558709208052637
-0.4709430853910255
-0.4861382392486674
-0.5014359697523213
-0.5168148269262952
-0.5322523424730968
-0.5477250527043338
-0.5632085255093189
-0.5786773913150051
-0.5941053781151221
-0.6094653505780621
-0.6247293531598521
-0.6398686572804752
-0.6548538124352565
-0.6696547012404327
-0.684240598338697
-0.6985802330051818
-0.7126418554304746
-0.7263933064621787
-0.739802090714012
-0.7528354528816986
-0.7654604570268984
-0.7776440687285457
-0.789353239795235
-0.8005549953639268
-0.8112165231455126
-0.8213052645047534
-0.8307890071993295
-0.839635979405681
-0.8478149447900418
-0.8552952983251985
-0.8620471624946734
-0.8680414836692291
-0.8732501282253547
-0.8776459780884623
-0.8812030253690962
-0.883896465773068
-0.8857027906294376
-0.8865998769801138
-0.8865670750837599
-0.8855852930347663
-0.8836370789527516
-0.8807067017243564
-0.8767802283192571
-0.8718455941043054
-0.8658926660209219
-0.8589133027812402
-0.8509014159537586
-0.8418530272935579
-0.8317663177627845
-0.8206416680687406
-0.8084816937264614
-0.7952912759231402
-0.7810775867241673
-0.7658501077296154
-0.74962064203253
-0.7324033196472983
-0.714214596467468
-0.6950732465445381
-0.675000347613211
-0.6540192598355546
-0.6321555977579398
-0.6094371955528646
-0.5858940655384266
-0.5615583500615796
-0.5364642668357702
-0.5106480478291329
-0.4841478718750135
-0.4570037911327726
-0.4292576516000816
-0.4009530078803326
-0.3721350324150846
-0.3428504194498131
-0.3131472839773313
-0.2830750559574006
-0.2526843701111946
-0.2220269515947492
-0.1911554978963127
-0.1601235572927947
-0.1289854042334576
-0.0977959120179859
-0.0666104231416686
-0.03548461770160034
-0.004474380254884254
0.02636433446728831
0.05697563658670261
0.08730383643937803
0.1172935798635845
0.1468899830052594
0.1760387662352578
0.2046863867761356
0.2327801696369506
0.2602684364721916
0.2871006319727964
0.3132274474155874
0.3386009410056687
0.3631746546540581
0.3869037268648725
0.4097450013910089
0.4316571313485208
0.4526006784930703
0.4725382073724903
0.491434374109288
0.5092560095549092
0.5259721966020039
0.5415543414514274
0.5559762386374167
0.5692141296622137
0.5812467550839724
0.5920553999479582
0.6016239324638262
0.6099388358435999
0.6169892332658761
0.6227669059155395
0.6272663040971945
0.630484551434636
0.6324214421810743
0.6330794317138259
0.6324636202697672
0.6305817300226515
0.6274440756179147
0.6230635282950818
0.6174554737715114
0.6106377640372339
0.6026306632521459
0.5934567879491075
0.5831410417564575
0.5717105448883216
0.5591945586341974
0.5456244051157719
0.5310333825801249
0.5154566764978323
0.498931266763573
0.4814958312886228
0.4631906463002765
0.4440574836572281
0.4241395054854822
0.4034811564606374
0.382128054050011
0.3601268770437133
0.33752525269677
0.3143716427983028
0.290715228994369
0.2666057976760917
0.2420936247513571
0.2172293606089676
0.1920639155757807
0.1666483461685093
0.1410337424267706
0.1152711166125522
0.08941129354904463
0.06350480286083907
0.03760177337159173
0.01175182990113777
-0.01399600730462691
-0.03959342029065042
-0.06499288804790047
-0.09014777791141101
-0.1150124335182307
-0.1395422591565951
-0.1636938003510926
-0.1874248205394036
-0.2106943737117697
-0.2334628728970213
-0.255692154398405
-0.2773455376938384
-0.2983878809238089
-0.3187856319096152
-0.3385068746537176
-0.357521371291843
-0.375800599478403
-0.3933177851992875
-0.4100479310274801
-0.4259678398338121
-0.4410561339810938
-0.455293270044452
-0.4686615491155701
-0.4811451227674517
-0.4927299947460871
-0.5034040184733112
-0.5131568904558388
-0.5219801397036428
-0.529867113277001
-0.5368129580757507
-0.542814598999793
-0.5478707136149045
-0.5519817034625072
-0.5551496621670453
-0.5573783404837436
-0.5586731084432228
-0.5590409147516009
-0.5584902436053033
-0.5570310690898004
-0.5546748073252231
-0.551434266534057
-0.5473235952003344
-0.5423582284829793
-0.5365548330558031
-0.5299312505411911
-0.5225064397102213
-0.5143004176166242
-0.5053341998280744
-0.4956297399236266
-0.4852098684128614
-0.4740982312385336
-0.4623192280167485
-0.4498979501591742
-0.4368601190233167
-0.4232320242360559
-0.4090404623388583
-0.3943126758868917
-0.3790762931187889
-0.3633592683169962
-0.3471898229814355
-0.3305963879383094
-0.3136075464893525
-0.2962519786925824
-0.2785584068671728
-0.2605555424157077
-0.2422720340542851
-0.2237364175258771
-0.2049770668601923
-0.1860221472433336
-0.1668995695599004
-0.1476369466652791
-0.1282615514336849
-0.1088002766186612
-0.08927959656129453
-0.06972553077757368
-0.05016360945083347
-0.03061884084740884
-0.01111568066797822
0.008321996656745647
0.02767092472292951
0.04690846996412533
0.0660126545209373
0.08496217718020961
0.1037364323996386
0.1223155274364858
0.140680297602399
0.1588123196701375
0.176693923462568
0.1943082016596444
0.2116390178580131
0.2286710129202529
0.2453896096547897
0.2617810158727253
0.2778322258731293
0.2935310204019487
0.308865965132087
0.3238264077160461
0.3384024734661868
0.3525850597201576
0.3663658289454418
0.3797372006415879
0.3926923420978549
0.4052251580617972
0.4173302793775184
0.4290030506515294
0.4402395170052937
0.4510364099734256
0.4613911326072227
0.4713017438476623
0.4807669422197081
0.4897860489002043
0.498358990215069
0.5064862796259249
0.5141689992673547
0.5214087810821068
0.528207787602603
0.5345686924295457
0.5404946604607602
0.5459893279241932
0.5510567822570379
0.5557015418745497
0.5599285358723332
0.563743083706151
0.5671508748940103
0.5701579487759495
0.5727706743680828
0.5749957303466103
0.5768400851965394
0.578310977560471
0.579415896815238
0.5801625639049165
0.5805589124574095
0.5806130702111965
0.5803333407797293
0.5797281857720453
0.5788062072893332
0.5775761308163585
0.5760467885249744
0.5742271030076163
0.572126071452563
0.5697527502728426
0.5671162401999097
0.5642256718534947
0.5610901917999919
0.5577189491022391
0.5541210823656531
0.5503057072849784
0.5462819046947934
0.5420587091279224
0.537645097880219
0.5330499805808822
0.5282821892670487
0.5233504689617305
0.518263468755373
0.5130297333830998
0.507657695290349
0.5021556671812945
0.4965318350465018
0.4907942516668751
0.4849508305818622
0.4790093405119906
0.472977400226777
0.4668624738490554
0.460671866587152
0.4544127208832677
0.4480920129674369
0.4417165498060234
0.4352929664342022
0.4288277236632122
0.4223271061480556
0.4157972208031116
0.4092439955535266
0.4026731784101521
0.3960903368565314
0.389500857534903
0.3829099462192204
0.3763226280628811
0.369743748108026
0.3631779720444511
0.3566297872058017
0.3501035037933909
0.3436032563153018
0.3371330052260057
0.3306965387533784
0.3242974749033646
0.3179392636340476
0.3116251891878047
0.3053583725676781
0.2991417741462453
0.2929781963977864
0.2868702867453582
0.280820540512787
0.2748313039712774
0.2689047774722279
0.2630430186558815
0.2572479457260451
0.2515213407824528
0.245864853203974
0.240280003076204
0.2347681846542641
0.2293306698527203
0.223968611755702
0.2186830481414337
0.2134749050161183
0.2083450001495174
0.2032940466052814
0.1983226562606731
0.1934313433118443
0.1886205277612671
0.183890538880929
0.1792416186457531
0.1746739251331729
0.170187535885914
0.165782451235069
0.161458597579404
0.1572158306175349
0.1530539385301846
0.1489726451099241
0.1449716128362891
0.1410504458939289
0.137208693132306
0.1334458509651233
0.1297613662069317
0.1261546388450643
0.1226250247463055
0.1191718382977598
0.1157943549811372
0.1124918138795101
0.1092634201165174
0.1061083472269812
0.103025739458209
0.100014714001917
0.09707436315726237
0.09420375642546697
0.09140194253575999
0.08866795140256907
0.08600079601437079
0.08339947425540363
0.08086297066146181
0.07839025810968445
0.0759802994424942
0.07363204902664214
0.07134445424859526
0.06911645694735319
0.06694699478572728
0.06483500256131224
0.06277941345833057
0.06077916024102741
0.05883317638972308
0.05694039718093256
0.05509976071297665
0.05331020887840336
0.05157068828438308
0.04988015112243572
0.04823755598871276
0.04664186865588486
0.04509206279807082
0.04358712067062701
0.04212603374665944
0.04070780331091454
0.03933144101182594
0.03799596937311732
0.03670042226696714
0.03544384535053715
0.0342252964666222
0.03304384600921477
0.03189857725537008
0.0307885866650525
0.0297129841504176
0.02867089331555638
0.02766145166759586
0.02668381080043402
0.02573713655245035
0.02482060913956744
0.02393342326450903
0.02307478820345703
0.02224392787110002
0.02144008086504862
0.02066250049055448
0.01991045476665209
0.01918322641504463
0.01848011283255976
0.01780042604789327
0.0171434926634554
0.01650865378330434
0.01589526492788627
0.01530269593653491
0.01473033085853424
0.01417756783373158
0.01364381896321062
0.01312851017058628
0.01263108105463502
0.01215098473398935
0.01168768768466086
0.01124066957085033
0.01080942306975041
0.01039345369084704
0.009992279590207268
0.009605431380285393
0.009232451935752079
0.008872896195861906
0.008526330963806603
0.008192334703404075
0.007870497333580367
0.007560420020976536
0.007261714971129751
0.006974005218527924
0.006696924415931129
0.006430116623325015
0.006173236096692629
0.005925947076837852
0.005687923578513577
0.005458849180210236
0.005238416814873849
0.005026328561732349
0.004822295439375087
0.004626037200303421
0.004437282127139667
0.004255766830599403
0.004081236049478829
0.003913442452780635
0.00375214644407184
0.003597115968187311
0.003448126320297634
0.003304959957587695
0.003167406313874607
0.003035261617171321
0.002908328709566032
0.002786416868582986
0.00266934163156089
0.002556924625584965
0.002448993402460711
0.002345381275247865
0.002245927153771866
0.00215047538270983
0.002058875585093834
0.001970982510947817
0.0018866558886994
0.001805760278649889
0.001728164929305222
0.001653743637031801
0.001582374609062536
0.001513940329538739
0.001448327428638023
0.001385426554709939
0.001325132249487116
0.001267342826283431
0.00121196025122857
0.001158890027433042
0.001108041082088007
0.001059325656421521
0.00101265919852996
0.0009679602589804874
0.0009251503892279882
0.000884154042746691
0.0008448984788448728
0.0008073136691076191
0.0007713322064404461
0.0007368892166566238
0.0007039222725771187
0.0006723713105766144
0.0006421785495468443
0.0006132884122145394
0.0005856474487784768
0.0005592042627965757
0.0005339094393228211
0.0005097154751787002
0.0004865767113692761
0.0004644492675583798
0.0004432909785804793
0.0004230613329056022
0.0004037214130760208
0.0003852338379871212
0.000367562707024205
0.0003506735459980438
0.0003345332547870868
0.0003191100567514973
0.00030437344974667
0.0002902941587719641
0.0002768440901783037
0.0002639962874257853
0.0002517248882935785
0.0002400050835696546
0.0002288130771085574
0.0002181260472839045
0.0002079221097650455
0.0001981802815450645
0.0001888804462612498
0.0001800033207024262
0.0001715304225042824
0.0001634440389725269
0.00015572719703114
0.0001483636342282348
0.000141337770782534
0.0001346346826448417
0.0001282400755265431
0.0001221402598827729
0.0001163221267858714
0.0001107731247370228
0.000105481237259989
0.0001004349613861001
9.562328690623049e-05
9.103567641962575e-05
8.666204611446934e-05
8.249274727793746e-05
7.851854852206624e-05
7.473061864695664e-05
7.112051020710871e-05
6.768014365812574e-05
6.440179214975316e-05
6.127806689467154e-05
5.830190309473301e-05
5.546654643312853e-05
5.276554007293162e-05
5.019271219095339e-05
4.774216397205634e-05
4.540825810355772e-05
4.31856077087609e-05
4.106906573489825e-05
3.905371474648169e-05
3.71348571400607e-05
3.530800574922211e-05
3.356887483249507e-05
3.19133714112886e-05
3.03375869813918e-05
2.883778953910764e-05
2.741041595088827e-05
2.605206461657054e-05
2.475948846133996e-05
2.352958819262957e-05
2.235940584124286e-05
2.124611857213428e-05
2.018703275567071e-05
1.9179578283544e-05
1.822130312313059e-05
1.730986810000031e-05
1.644304189152593e-05
1.561869625803586e-05
1.483480143253521e-05
1.408942175322113e-05
1.338071144055109e-05
1.270691059007946e-05
1.206634130975637e-05
1.145740403364888e-05
1.087857398698733e-05
1.032839782016936e-05
9.805490376990836e-06
9.308531601797936e-06
8.836263573692931e-06
8.387487688845697e-06
7.961061955326081e-06
7.555898403738502e-06
7.170960609930116e-06
6.805261338213134e-06
6.457860284964394e-06
6.127861907595988e-06
5.814413360853771e-06
5.516702525503365e-06
5.23395613791981e-06
4.96543795653646e-06
4.710447064689103e-06
4.468316221150826e-06
4.238410295577812e-06
4.020124756845597e-06
3.812884255844143e-06
3.616141241702613e-06
3.429374674946065e-06
3.252088756654861e-06
3.083811756741698e-06
2.92409487487394e-06
2.772511158554253e-06
2.628654464121029e-06
2.492138465287228e-06
2.36259571588205e-06
2.239676772212879e-06
2.123049316761685e-06
2.012397306342921e-06
1.907420205288895e-06
1.807832306849738e-06
1.713362117437805e-06
1.623751597194439e-06
1.538755350824644e-06
1.458139946614287e-06
1.381683427106689e-06
1.309174911623087e-06
1.240414082307379e-06
1.175210619257451e-06
1.113383650634845e-06
1.054761305214444e-06
9.991802889831606e-07
9.464854696305648e-07
8.965294707490723e-07
8.49172303585636e-07
8.042809924536571e-07
7.617292350545616e-07
7.213970793342022e-07
6.831706029655756e-07
6.469416309823183e-07
6.126074408065203e-07
5.800704952385081e-07
5.492381884890964e-07
5.200225965880339e-07
4.92340251347156e-07
4.661119127682938e-07
4.412623740316666e-07
4.17720241861589e-07
3.954177602521378e-07
3.742906184507967e-07
3.542777901681983e-07
3.353213665775054e-07
3.173663938081388e-07
3.003607286297899e-07
2.842548970590704e-07
2.690019663380339e-07
2.54557409518932e-07
2.408789798764187e-07
2.279266155635645e-07
2.156623061230702e-07
2.040500033531119e-07
1.930555147836954e-07
1.826464166521783e-07
1.727919605711941e-07
1.634629878946589e-07
1.546318429286664e-07
1.462723084260944e-07
1.383595323333852e-07
1.308699416271431e-07
1.237811982871519e-07
1.170721272190662e-07
1.107226488891948e-07
1.047137404543334e-07
9.902735775639355e-08
9.36464085647703e-08
8.855468346416364e-08
8.373683127500588e-08
7.917829676271219e-08
7.486528686029547e-08
7.078473958320817e-08
6.692428024315364e-08
6.32721740748208e-08
5.981730790721097e-08
5.654915627332534e-08
5.345774302178885e-08
5.053362308011078e-08
4.776784338030282e-08
4.515193213283919e-08
4.267785633772529e-08
4.033801262387178e-08
3.812519693177034e-08
3.603259495529722e-08
3.405374115638323e-08
3.218251884916914e-08
3.041314149741763e-08
2.87401254634902e-08
2.715827869766645e-08
2.566268310437994e-08
2.424868429123235e-08
2.291188234060767e-08
2.164810361697673e-08
2.045340053498158e-08
1.932403794380388e-08
1.825647396791646e-08
1.724736744616123e-08
1.629354131232092e-08
1.539200235059819e-08
1.453991421900367e-08
1.373458918528834e-08
1.297348252114284e-08
1.225419333657193e-08
1.157444841289014e-08
1.093208991788793e-08
1.032508121705364e-08
9.751497646020361e-09
9.20951444989458e-09
8.697406602396844e-09
8.213542067468088e-09
7.756376022137452e-09
7.324454628860565e-09
6.916395361193982e-09
6.530888182053128e-09
6.166699500493265e-09
5.822661143655567e-09
5.49766944169012e-09
5.190682336366081e-09
4.900703376748372e-09
4.626798298436321e-09
4.368088490240576e-09
4.123735113494261e-09
3.892943178374356e-09
3.67497347975338e-09
3.469118916327889e-09
3.274708635166741e-09
3.091109190323545e-09
2.91773362348376e-09
2.754010955555567e-09
2.599414115392194e-09
2.453436699992728e-09
2.315600035901078e-09
2.185454183175281e-09
2.062572820235641e-09
1.946553380138335e-09
1.83701559145425e-09
1.733597737467591e-09
1.635964043994789e-09
1.543789623051733e-09
1.456772714792553e-09
1.374629128181328e-09
1.297080822950233e-09
1.223882137491657e-09
1.154784233302036e-09
1.089562379039821e-09
1.0280042480976e-09
9.699060039168592e-10
9.1506848757883e-10
8.633159175993846e-10
8.144693169265559e-10
7.683707864061866e-10
7.248658731140403e-10
6.838112167419001e-10
6.450687766962178e-10
6.085022451198092e-10
5.739961508321929e-10
5.414330072134686e-10
5.107009624129478e-10
4.817078322142187e-10
4.543490219073537e-10
4.285362422425102e-10
4.041824351110212e-10
3.812060868242152e-10
3.595335635979492e-10
3.390873136125447e-10
3.197970085673318e-10
3.015983092226829e-10
2.844281091258195e-10
2.682270296008779e-10
2.529403083346849e-10
2.385186779718224e-10
2.249168579047551e-10
2.120890596614557e-10
1.99988303801034e-10
1.885773131091584e-10
1.778124983960617e-10
1.676544391943913e-10
1.58075213668623e-10
1.490423726125513e-10
1.405256535719976e-10
1.324917586534081e-10
1.249134282472612e-10
1.17770170741089e-10
1.110340579177635e-10
1.046772253160073e-10
9.868419257282496e-11
9.303108623497854e-11
8.770082731521913e-11
8.267111459332649e-11
7.792957463883664e-11
7.345973272729654e-11
6.92449400140762e-11
6.527113578403598e-11
6.152521250660237e-11
5.799426622347725e-11
5.466434203611795e-11
5.152516995695928e-11
4.856495880326767e-11
4.57744468620439e-11
4.31466509376949e-11
4.066639752283895e-11
3.832726014744026e-11
3.611980241697049e-11
3.40386073058822e-11
3.207644287739389e-11
3.022610231947268e-11
2.848316954786639e-11
2.684423096751437e-11
2.529950524164612e-11
2.384569484016143e-11
2.247401036520565e-11
2.118064290184085e-11
1.996145730518185e-11
1.880826566814589e-11
1.771962949025056e-11
1.669303636427042e-11
1.572822647975704e-11
1.48173932765934e-11
1.395942422869174e-11
1.315525363004789e-11
1.238956978450574e-11
1.167400734852138e-11
1.100282930732946e-11
1.036617917787977e-11
9.769379567457436e-12
9.205004124492767e-12
8.676116029511846e-12
8.177092972356655e-12
7.706681500352032e-12
7.258823565429677e-12
6.837802463531692e-12
6.437633178592376e-12
6.05840242823667e-12
5.704368965433845e-12
5.371932494864112e-12
5.059918592176738e-12
4.767684257222486e-12
4.490658573130208e-12
4.232002001717473e-12
3.986519758889211e-12
3.758410960008214e-12
3.542665856319542e-12
3.337638519284591e-12
3.14608713726597e-12
