-4.296935152612509e-13
-2.764877824974858e-13
-1.733037046634324e-13
-1.1175493637786e-13
-7.500368663850604e-14
-5.325940216524705e-14
-4.114324344883214e-14
-3.577036726341425e-14
-3.510605436546934e-14
-3.868777894750622e-14
-4.634015094380537e-14
-5.896233099541437e-14
-7.756906305851882e-14
-1.047019038016097e-13
-1.436484440879713e-13
-1.989170296772545e-13
-2.77028148170722e-13
-3.866318363665563e-13
-5.397553547616256e-13
-7.514392783802063e-13
-1.043584739005665e-12
-1.444496790912931e-12
-1.991573136859492e-12
-2.735332579353465e-12
-3.742363778586481e-12
-5.099292133387257e-12
-6.923283683311675e-12
-9.364417888093008e-12
-1.261975672822524e-11
-1.694663655787546e-11
-2.267771752684057e-11
-3.024292846431141e-11
-4.019578996206709e-11
-5.324508465439794e-11
-7.030192659814475e-11
-9.252518778486741e-11
-1.213920250988935e-10
-1.587736957034549e-10
-2.070404184012675e-10
-2.691818187555882e-10
-3.489619745032833e-10
-4.51105257199666e-10
-5.815250846289277e-10
-7.476079289112572e-10
-9.585543761964983e-10
-1.225795218768709e-09
-1.563498429984959e-09
-1.989182936374143e-09
-2.524454443575577e-09
-3.195898309129787e-09
-4.036143675315074e-09
-5.085143832787386e-09
-6.391699063524244e-09
-8.015279002248479e-09
-1.002818667722456e-08
-1.251812964299358e-08
-1.559126412357058e-08
-1.937578622753428e-08
-2.402617207502572e-08
-2.972815843905944e-08
-3.670459142232325e-08
-4.522227227601895e-08
-5.559996040649008e-08
-6.821770396094578e-08
-8.352769737719382e-08
-1.020668902589997e-07
-1.244716042239768e-07
-1.514944361443431e-07
-1.840237767039037e-07
-2.231062870392519e-07
-2.699727644044689e-07
-3.260678152908658e-07
-3.930838538961781e-07
-4.729999901957906e-07
-5.681263977331269e-07
-6.811548887848808e-07
-8.152164176201018e-07
-9.739463701189291e-07
-1.161558550135198e-06
-1.382928878753445e-06
-1.64368991413621e-06
-1.95033740346711e-06
-2.310350205195613e-06
-2.732325008195677e-06
-3.226127432292525e-06
-3.803061201752968e-06
-4.476057232665139e-06
-5.259884619304845e-06
-6.171385652610943e-06
-7.229737155253184e-06
-8.456740583275745e-06
-9.877143494906147e-06
-1.151899515303006e-05
-1.341403918849508e-05
-1.559814641036105e-05
-1.811179097448775e-05
-2.100057330656178e-05
-2.431579324888906e-05
-2.811507704682074e-05
-3.246306184745148e-05
-3.743214146177606e-05
-4.31032772078459e-05
-4.956687865737123e-05
-5.692376154229818e-05
-6.52861863456708e-05
-7.477898164864985e-05
-8.554075702634852e-05
-9.772521041289527e-05
-0.000111502534896104
-0.0001270609299079964
-0.000144608221773553
-0.0001643735985056714
-0.0001866094636632684
-0.0002115934139322379
-0.0002396303449371034
-0.0002710546895270898
-0.0003062327925214258
-0.0003455654255263483
-0.0003894904450502636
-0.0004384855966316736
-0.0004930714671560574
-0.0005538145868937486
-0.0006213306820464501
-0.0006962880777979521
-0.0007794112509145847
-0.0008714845299452427
-0.000973355940051535
-0.001085941190164875
-0.001210227803001419
-0.001347279379469248
-0.001498239988655116
-0.00166433867445987
-0.001846894068392393
-0.002047319096364046
-0.002267125765417706
-0.002507930014381134
-0.00277145661032088
-0.003059544070455169
-0.00337414958715289
-0.003717353935430878
-0.004091366376984685
-0.004498529551536023
-0.004941324290204021
-0.005422374283279142
-0.005944450588366537
-0.006510475970589635
-0.007123529046183514
-0.007786848180998354
-0.008503835106093451
-0.009278058208552882
-0.01011325546257773
-0.01101333696009489
-0.01198238699246585
-0.01302466564555278
-0.01414460985647765
-0.01534683389097857
-0.0166361291959845
-0.01801746357485982
-0.01949597964795948
-0.02107699254285839
-0.02276598677418975
-0.02456861226882251
-0.02649067948434525
-0.02853815359013283
-0.03071714765747451
-0.03303391482700839
-0.03549483941751622
-0.03810642693139026
-0.04087529294075459
-0.04380815081021993
-0.04691179824125004
-0.0501931026187933
-0.05365898513101967
-0.0573164036706633
-0.06117233449073587
-0.06523375262430033
-0.06950761107359603
-0.07400081876343838
-0.07872021730091915
-0.08367255653789676
-0.08886446897862366
-0.09430244306963427
-0.0999927953963867
-0.1059416418676051
-0.112154867913409
-0.1186380977793022
-0.1253966629896865
-0.1324355700367847
-0.1397594674173632
-0.1473726120747423
-0.1552788353690973
-0.1634815086861993
-0.1719835087716526
-0.1807871829544142
-0.1898943143442371
-0.1993060871615235
-0.2090230523409762
-0.2190450935224497
-0.2293713936286552
-0.2400004021320367
-0.2509298031941145
-0.2621564848391269
-0.2736765092915649
-0.2854850847016277
-0.2975765383644329
-0.3099442916274688
-0.3225808366533167
-0.3354777151646538
-0.3486254993985679
-0.3620137753647574
-0.3756311285978041
-0.3894651325570259
-0.4035023397779509
-0.4177282759863695
-0.432127437237282
-0.4466832902432963
-0.4613782760115228
-0.4761938168479091
-0.491110326897911
-0.5061072262377746
-0.5211629586395358
-0.536255013075247
-0.5513599489541103
-0.566453425202542
-0.5815102331343662
-0.5965043331706135
-0.611408895404529
-0.6261963439312861
-0.6408384049827884
-0.6553061587337261
-0.6695700947578269
-0.6836001710503971
-0.6973658764611506
-0.7108362965049395
-0.7239801823298255
-0.7367660227392119
-0.7491621191038427
-0.7611366629296061
-0.7726578159706209
-0.7836937925923947
-0.7942129442069857
-0.8041838455453673
-0.8135753824731295
-0.8223568411858213
-0.8304979984144213
-0.8379692123721708
-0.8447415141558784
-0.8507866993221428
-0.8560774195110882
-0.860587273602488
-0.8642908977905437
-0.8671640542896906
-0.8691837191174586
-0.8703281699315758
-0.8705770720037987
-0.8699115587788793
-0.8683143068018661
-0.8657696090894929
-0.8622634508541916
-0.8577835829905225
-0.8523195886940901
-0.8458629429233531
-0.8384070676758995
-0.8299473843588401
-0.8204813617285797
-0.8100085584225825
-0.7985306598553911
-0.7860515095801512
-0.7725771351056112
-0.758115767870291
-0.7426778572094883
-0.7262760781951128
-0.7089253332458696
-0.6906427474872109
-0.6714476577478721
-0.6513615951779942
-0.6304082614747811
-0.6086134987026132
-0.5860052527775724
-0.5626135306315224
-0.5384703511522151
-0.5136096899960497
-0.4880674183732134
-0.46188123597379
-0.4350905981703829
-0.4077366376987248
-0.3798620810165962
-0.3515111595443633
-0.3227295160448665
-0.2935641063839758
-0.2640630969603934
-0.2342757580919431
-0.2042523536503804
-0.1740440272734189
-0.1437026854747094
-0.1132808780007432
-0.08283167578414086
-0.05240854684845023
-0.02206523053641123
0.008144389570014289
0.03816641365776617
0.06794705423865476
0.09743276486983851
0.1265703686575113
0.155307186159965
0.1835911623098364
0.2113709919787108
0.2385962438099746
0.2652174819640424
0.2911863854102847
0.3164558644179158
0.3409801739063842
0.3647150233222436
0.3876176827381365
0.4096470848601201
0.4307639226626279
0.4509307423787141
0.4701120315776665
0.4882743021006835
0.5053861676189529
0.5214184156172921
0.5363440736173278
0.5501384694649122
0.5627792855511048
0.5742466068224187
0.5845229624801479
0.5935933612820119
0.6014453203717166
0.6080688876084168
0.6134566573530115
0.6176037797114629
0.6205079632507228
0.6221694712183943
0.6225911113416935
0.6217782192598893
0.6197386356869444
0.6164826774158366
0.6120231022881782
0.6063750682913503
0.5995560869304462
0.591585971063282
0.5824867773909678
0.5722827437990079
0.5610002217780601
0.548667604148366
0.5353152483436594
0.520975395508113
0.5056820856584111
0.4894710691915332
0.4723797150089109
0.4544469155506187
0.4357129890301729
0.4162195791579206
0.3960095526594349
0.375126894882254
0.353616603798652
0.3315245827066171
0.3088975319261459
0.2857828397971229
0.2622284732709986
0.23828286839505
0.21399482097863
0.1894133777224976
0.1645877280939159
0.139567097216518
0.114400640041957
0.08913733706011828
0.06382589179512806
0.03851463032773993
0.01325140307088364
-0.01191651098245304
-0.03694249733255924
-0.06178069617170333
-0.08638608952296006
-0.1107145851457463
-0.134723097049331
-0.1583696224681302
-0.1816133151625426
-0.2044145549239699
-0.2267350131732959
-0.2485377145573975
-0.2697870944607205
-0.2904490523614581
-0.3104910009812486
-0.3298819111790036
-0.3485923525543494
-0.3665945297404851
-0.3838623143812797
-0.4003712728065033
-0.4160986894141203
-0.4310235857862322
-0.4451267355767992
-0.4583906752196618
-0.4707997105221388
-0.4823399192076525
-0.4929991494871985
-0.5027670147469693
-0.5116348844462257
-0.519595871336365
-0.5266448151048789
-0.5327782625632298
-0.5379944445026033
-0.5422932493444955
-0.5456761937256399
-0.5481463901532998
-0.549708511881532
-0.5503687551563848
-0.5501347989736448
-0.5490157625050219
-0.5470221603458121
-0.5441658557453428
-0.5404600119788112
-0.5359190420174587
-0.53055855666218
-0.524395311294333
-0.5174471514063914
-0.509732957069468
-0.5012725864866765
-0.4920868187851765
-0.4821972962011375
-0.4716264658183116
-0.4603975210054636
-0.4485343426824764
-0.4360614405502961
-0.4230038944254111
-0.4093872958216226
-0.3952376899049506
-0.3805815179322883
-0.3654455602883573
-0.3498568802382332
-0.3338427685129094
-0.3174306888287567
-0.3006482244279402
-0.2835230257286235
-0.266082759175597
-0.2483550573790315
-0.2303674706150092
-0.2121474197504325
-0.1937221506551281
-0.1751186901614398
-0.1563638036269347
-0.1374839541466904
-0.118505263454566
-0.09945347455055026
-0.08035391608376918
-0.06123146851695324
-0.04211053209335819
-0.02301499662232108
-0.00396821309450819
0.01500703286856171
0.0338885457292242
0.05265474291502062
0.07128467587367668
0.08975804931404983
0.1080552386482369
0.1261573056527441
0.1440460123702403
0.1617038332786882
0.1791139657599369
0.1962603388982488
0.2131276206418938
0.229701223364332
0.2459673078657519
0.2619127858589458
0.2775253209823867
0.2927933283877292
0.3077059729497499
0.322253166145851
0.3364255616558136
0.3502145497325827
0.3636122503969754
0.3766115055097725
0.3892058697760973
0.4013896007417782
0.4131576478317321
0.4245056404813104
0.4354298754149949
0.4459273031311642
0.4559955136536384
0.4656327215989829
0.4748377506099145
0.4836100172076558
0.4919495141186182
0.4998567931321379
0.5073329475357
0.5143795941754442
0.5209988551907364
0.5271933394716399
0.5329661238895765
0.5383207343427959
0.5432611266594983
0.5477916674010659
0.5519171146068635
0.5556425985230996
0.5589736023508832
0.5619159430497825
0.5644757522316624
0.5666594571791872
0.5684737620245643
0.5699256291150736
0.5710222605933744
0.5717710802197454
0.5721797154614887
0.5722559798757256
0.5720078558054922
0.5714434774090547
0.5705711140418194
0.5693991540099915
0.5679360887164049
0.5661904972091308
0.5641710311455123
0.5618864001833076
0.5593453578095886
0.5565566876185982
0.5535291900441509
0.550271669552585
0.5467929223014903
0.5431017242699709
0.5392068198668837
0.5351169110152433
0.530840646711096
0.5263866130568511
0.5217633237710386
0.5169792111768259
0.5120426176621551
0.5069617876059994
0.5017448597663583
0.4963998601252327
0.4909346951859982
0.485357145715353
0.4796748609225911
0.4738953530685794
0.4680259924969563
0.4620740030813816
0.4560464580769904
0.4499502763658985
0.4437922190868869
0.4375788866389432
0.4313167160491806
0.4250119786935215
0.4186707783597341
0.4122990496417096
0.4059025566528777
0.3994868920476656
0.3930574763395201
0.3866195575065227
0.3801782108727455
0.3737383392505669
0.3673046733307625
0.3608817723108616
0.3544740247536626
0.3480856496643732
0.3417206977719057
0.3353830530018721
0.329076434131739
0.3228043966192409
0.3165703345933974
0.3103774829967806
0.3042289198699977
0.2981275687667804
0.2920762012887037
0.2860774397301417
0.2801337598255245
0.2742474935915107
0.268420832253413
0.2626558292464212
0.2569544032833163
0.2513183414817109
0.2457493025445754
0.2402488199847396
0.2348183053848648
0.2294590516860894
0.224172236500275
0.2189589254413382
0.2138200754674425
0.2087565382269755
0.2037690634027923
0.1988583020504601
0.1940248099263195
0.1892690507997434
0.1845913997448526
0.1799921464074128
0.1754714982431314
0.1710295837238707
0.1666664555080696
0.1623820935727709
0.1581764083041221
0.1540492435424062
0.1500003795784666
0.1460295360998359
0.1421363750850098
0.138320503643975
0.1345814768029457
0.1309188002323224
0.1273319329156606
0.1238202897579512
0.1203832441321139
0.1170201303634211
0.1137302461515271
0.1105128549289144
0.1073671881546829
0.1042924475434798
0.1012878072300157
0.09835241586988532
0.09548539867574173
0.09268585938826028
0.08995288218214983
0.08728553350799932
0.08468286387058979
0.08214390954399324
0.07966769422451875
0.07725323062195867
0.07489952198947829
0.07260556359273032
0.07037034411930071
0.06819284702961205
0.06607205185027867
0.06400693541072573
0.06199647302421035
0.06003963961416743
0.0581354107866391
0.05628276385004554
0.05448067878403017
0.05272813915919316
0.05102413300811565
0.04936765364813116
0.04775770045714928
0.046193279604623
0.0446734047395266
0.04319709763587259
0.04176338879643161
0.04037131801597352
0.03901993490583557
0.03770829938135873
0.03643548211307876
0.03520056494258716
0.03400264126435217
0.03284081637494188
0.03171420779109119
0.03062194553753505
0.02956317240579865
0.02853704418506105
0.02754272986609036
0.02657941181924483
0.02564628594784076
0.02474256181830277
0.02386746276810378
0.02302022599218777
0.02220010260881839
0.02140635770592326
0.02063827036884456
0.0198951336904801
0.01917625476487761
0.01848095466535644
0.01780856840774217
0.01715844489943343
0.0165299468750713
0.01592245081973702
0.01533534688056055
0.01476803876735074
0.0142199436430564
0.01369049200471138
0.01317912755545695
0.01268530706832791
0.01220850024236364
0.01174818955180684
0.01130387008884074
0.0108750494004603
0.01046124731991117
0.0100619957932553
0.009676838701559101
0.009305331679213632
0.008947041928795059
0.008601548033029179
0.008268439764144866
0.007947317890844274
0.007637793983334761
0.007339490216866501
0.007052039174197845
0.006775083647184002
0.006508276437815269
0.00625128015889543
0.006003767034727348
0.005765418702006583
0.005535926011187679
0.005314988828570661
0.00510231583933511
0.004897624351597547
0.004700640101672356
0.004511097060753804
0.00432873724367862
0.004153310519694803
0.00398457442446181
0.003822293972181484
0.003666241469949401
0.003516196337916219
0.003371944934565066
0.00323328038238384
0.003100002390416122
0.002971917078621329
0.002848836808088199
0.002730580016639003
0.002616971056778041
0.00250784003487365
0.002403022652813891
0.002302360052824016
0.002205698665410443
0.002112890060209329
0.002023790799670524
0.001938262295654715
0.001856170668960909
0.001777386611807369
0.001701785253250089
0.001629246027531978
0.001559652545354233
0.001492892468021116
0.001428857384461424
0.001367442691124737
0.001308547474731982
0.001252074397836913
0.001197929587185649
0.001146022524806357
0.001096265941832469
0.001048575715011602
0.001002870765906431
0.0009590729626683689
0.0009171070244315265
0.0008769004282285687
0.0008383833184271864
0.0008014884186245387
0.0007661509459642641
0.0007323085278428506
0.0006999011209516881
0.0006688709325932678
0.0006391623442702184
0.0006107218374533731
0.0005834979215460072
0.0005574410639321325
0.0005325036221334723
0.0005086397779422241
0.0004858054735763127
0.0004639583497759107
0.0004430576857809464
0.0004230643411601761
0.0004039406994674927
0.000385650613617587
0.00036815935303554
0.0003514335524282965
0.0003354411622601665
0.0003201514007479229
0.0003055347074903094
0.0002915626985326355
0.0002782081229617276
0.0002654448208969738
0.0002532476829020809
0.0002415926107285846
0.0002304564794058064
0.0002198171005909643
0.0002096531871773433
0.0001999443191096546
0.0001906709103727612
0.0001818141771124257
0.0001733561068794689
0.0001652794289330454
0.0001575675856034054
0.00015020470464459
0.0001431755725826797
0.0001364656090226793
0.0001300608418271326
0.0001239478832524356
0.000118113906890878
0.0001125466254933848
0.0001072342695747363
0.0001021655668015071
9.732972215979849e-05
9.271639883418784e-05
8.831569979592055e-05
8.411815010113813e-05
8.011467982631911e-05
7.629660765160265e-05
7.265562506614059e-05
6.918378116446331e-05
6.587346803963665e-05
6.271740671456924e-05
5.970863361415607e-05
5.684048756543903e-05
5.410659728240009e-05
5.150086936840457e-05
4.901747675682675e-05
4.665084760081266e-05
4.439565462665068e-05
4.224680485738242e-05
4.019942980866484e-05
3.824887600381045e-05
3.639069590697758e-05
3.462063921039186e-05
3.293464445101573e-05
3.132883099220344e-05
2.979949130997072e-05
2.834308357231365e-05
2.695622457434741e-05
2.5635682897031e-05
2.437837238105563e-05
2.318134586824532e-05
2.204178917603919e-05
2.095701533803629e-05
1.992445908090731e-05
1.894167152219769e-05
1.800631508134559e-05
1.711615863129096e-05
1.62690728115666e-05
1.546302556643598e-05
1.469607786635596e-05
1.396637959894426e-05
1.327216563845474e-05
1.261175207142388e-05
1.198353261301492e-05
1.138597513279206e-05
1.081761836302317e-05
1.027706871603203e-05
9.7629972785296e-06
9.274136892546963e-06
8.80927939136746e-06
8.367272943833445e-06
7.947019515403449e-06
7.547472419142435e-06
7.167634012984117e-06
6.806553459816243e-06
6.463324605510057e-06
6.137083953010821e-06
5.827008697830795e-06
5.532314886268129e-06
5.252255630266864e-06
4.986119407505867e-06
4.7332284349522e-06
4.492937115911979e-06
4.264630558110998e-06
4.047723150908707e-06
3.841657219619929e-06
3.645901746608222e-06
3.459951109173466e-06
3.283323865596724e-06
3.115561614519387e-06
2.956228057995098e-06
2.804908084428107e-06
2.661206685275457e-06
2.52474774541823e-06
2.395173001455581e-06
2.272141390401225e-06
2.155328484830433e-06
2.044425728970658e-06
1.939139614785382e-06
1.839190866802271e-06
1.744313777348155e-06
1.654255591841232e-06
1.568775890487423e-06
1.487646011351338e-06
1.410648475899633e-06
1.337576455106494e-06
1.2682332656614e-06
1.202431880399004e-06
1.139994467578052e-06
1.080751947738649e-06
1.024543573074423e-06
9.712165265834013e-07
9.206255394955646e-07
8.726325327786661e-07
8.271062576981565e-07
7.839219742441578e-07
7.429611307217703e-07
7.041110678023121e-07
6.672647335019053e-07
6.323203946125511e-07
5.99181400717076e-07
5.677559204036506e-07
5.379567091770987e-07
5.097008850992349e-07
4.829097155912713e-07
4.57508423322547e-07
4.334259704895338e-07
4.105948986814874e-07
3.889511368769833e-07
3.684338390433961e-07
3.489852248809059e-07
3.305504312163297e-07
3.13077357186737e-07
2.965165494230473e-07
2.808210383114632e-07
2.659462463844372e-07
2.518498545669581e-07
2.384916891499423e-07
2.258336159819676e-07
2.138394392596302e-07
2.024748039593742e-07
1.917071142861439e-07
1.815054271644389e-07
1.718403814676181e-07
1.626841173202421e-07
1.540101990522805e-07
1.457935438480562e-07
1.380103578492997e-07
1.306380651852228e-07
1.236552466691261e-07
1.170415841390545e-07
1.107778064086552e-07
1.048456265846397e-07
9.922771224887519e-08
9.390760992226929e-08
8.886972807007128e-08
8.409927298144745e-08
7.958222439452969e-08
7.53052771085927e-08
7.125581753104388e-08
6.742188878003597e-08
6.379214908033661e-08
6.035584443620886e-08
5.710279206184973e-08
5.402332661484599e-08
5.110828984691753e-08
4.834900091667633e-08
4.573722562329689e-08
4.326516832109331e-08
4.092544485546577e-08
3.871104158934183e-08
3.661531951614499e-08
3.463198819876525e-08
3.275508593420933e-08
3.097895770331662e-08
2.929824976975438e-08
2.770789109276221e-08
2.620307641411275e-08
2.477925182884209e-08
2.343209979065901e-08
2.215753175494334e-08
2.095167592886619e-08
1.981086552925259e-08
1.873162987901627e-08
1.771067587595612e-08
1.67448847644325e-08
1.58313077598038e-08
1.49671503824261e-08
1.414976115953995e-08
1.3376645220661e-08
1.264542065446233e-08
1.195383626756e-08
1.129976166927031e-08
1.068118756620256e-08
1.009620278331966e-08
9.543002324331685e-09
9.019869677809547e-09
8.525189017899389e-09
8.057421345389429e-09
7.615118065119768e-09
7.196898515665541e-09
6.801466608979179e-09
6.427594267018486e-09
6.074118235802853e-09
5.739934559986076e-09
5.423996793552664e-09
5.125320775922104e-09
4.842968738602829e-09
4.576061971567306e-09
4.323759388066507e-09
4.085266236780551e-09
3.859831147133591e-09
3.646748260276331e-09
3.445343886669173e-09
3.254985798854632e-09
3.075070893982676e-09
2.905030018805708e-09
2.744326040011996e-09
2.592448033500368e-09
2.448917014864623e-09
2.313276709165072e-09
2.18509933320553e-09
2.063974939196902e-09
1.949524808524195e-09
1.841378789061378e-09
1.739195744133853e-09
1.642646321286416e-09
1.55142041630243e-09
1.465227838634711e-09
1.383787662579236e-09
1.306847804198047e-09
1.234162486300634e-09
1.165492632192165e-09
1.100620930183026e-09
1.039338649230937e-09
9.814481362305995e-10
9.267609299829681e-10
8.751035751328187e-10
8.263074273952492e-10
7.802149153895914e-10
7.366793639375834e-10
6.955567047398805e-10
6.567148251009396e-10
6.200294140100484e-10
5.853819955526801e-10
5.526591135194369e-10
5.217583542553023e-10
4.925742939129729e-10
4.650104174511503e-10
4.389823455833613e-10
4.1440414695627e-10
3.911974211879906e-10
3.69285977417382e-10
3.485946542251617e-10
3.290546742260928e-10
3.106061967581738e-10
2.931812317386457e-10
2.767299076865008e-10
2.611915296693614e-10
2.465185237854127e-10
2.326653362642129e-10
2.195872595045158e-10
2.072413012688805e-10
1.955885292829248e-10
1.84592365574776e-10
1.74214100151496e-10
1.644209579484931e-10
1.551740028937297e-10
1.464438472493241e-10
1.381993154616157e-10
1.304138590261863e-10
1.230604824445009e-10
1.161180154899526e-10
1.095635795397409e-10
1.033797102499538e-10
9.754714347373885e-11
9.204255614261221e-11
8.684833236009996e-11
8.194852700410339e-11
7.732081259350598e-11
7.295098992902132e-11
6.88271430979979e-11
6.493798196429199e-11
6.126805956385434e-11
5.780308969553881e-11
5.453753158485271e-11
5.145721717672541e-11
4.854851681592172e-11
4.580056277753309e-11
4.320458778901961e-11
4.075413394970585e-11
3.844237893072561e-11
3.626028308302862e-11
3.420397723087418e-11
3.226204393831067e-11
3.043521822229202e-11
2.870963402339231e-11
2.708083621888263e-11
2.554507450725944e-11
2.409149313149601e-11
2.272023293818148e-11
2.142999972057566e-11
2.021341045124347e-11
1.90671223719999e-11
1.798919475997179e-11
1.697160138502872e-11
1.601368399020426e-11
1.510652713124469e-11
1.424906749325309e-11
1.343515532496169e-11
1.266575359021573e-11
1.193638287395636e-11
1.125020360761968e-11
1.060414136348115e-11
9.996648462376357e-12
9.427332496156966e-12
8.890109449888642e-12
8.387457511951437e-12
7.909579673710844e-12
7.463412919750314e-12
7.04386491722785e-12
6.647429996751464e-12
