-3.411954044183065e-14
-7.611944141041848e-13
-1.560063236090206e-12
-2.521522961601344e-12
-3.754021157241897e-12
-5.386196028164943e-12
-7.579592183967648e-12
-1.054404385051127e-11
-1.455488829454203e-11
-1.997280667709745e-11
-2.727146673091103e-11
-3.707337854756353e-11
-5.019178631173737e-11
-6.768481407259161e-11
-9.092690358510081e-11
-1.21694383102283e-10
-1.622759591945343e-10
-2.156123019353e-10
-2.854621154013852e-10
-3.766204646754843e-10
-4.951812303510106e-10
-6.488635216921566e-10
-8.474129329842876e-10
-1.103098797876575e-09
-1.431319078583232e-09
-1.851339711405968e-09
-2.387198496940783e-09
-3.068802148799936e-09
-3.933257349028506e-09
-5.0264806631226e-09
-6.405139668552984e-09
-8.138994317791e-09
-1.031370355568911e-08
-1.30341954312206e-08
-1.642869218548065e-08
-2.065351646830725e-08
-2.589881377912949e-08
-3.239535067209475e-08
-4.042257438715307e-08
-5.031815097619162e-08
-6.248921745556253e-08
-7.742564190772269e-08
-9.571560552752429e-08
-1.180638663626889e-07
-1.453131292099104e-07
-1.784689788044116e-07
-2.187288986391616e-07
-2.675159562364522e-07
-3.265178004186979e-07
-3.977316660405621e-07
-4.835161664225207e-07
-5.866506984231481e-07
-7.104034994660124e-07
-8.586098270594585e-07
-1.035761415674378e-06
-1.24710849871067e-06
-1.498775922758598e-06
-1.797895023959583e-06
-2.152753107735089e-06
-2.572962534001012e-06
-3.069651612980007e-06
-3.655679679265646e-06
-4.345878960675939e-06
-5.157326023390209e-06
-6.109645857476598e-06
-7.225351867629106e-06
-8.530225287425859e-06
-1.005373783200995e-05
-1.182952161762689e-05
-1.38958907143035e-05
-1.629641894131587e-05
-1.90805788366132e-05
-2.230444702139885e-05
-2.603148150516714e-05
-3.033337675223428e-05
-3.529100268216876e-05
-4.099543405335023e-05
-4.754907690769509e-05
-5.506689885950052e-05
-6.367777055882117e-05
-7.352592587123765e-05
-8.477254850214906e-05
-9.759749292019816e-05
-0.0001122011476464372
-0.0001288064489936452
-0.0001476610534194874
-0.0001690396766010939
-0.0001932466072104427
-0.0002206184031585148
-0.0002515267777458887
-0.00028638168268364
-0.0003256345943520504
-0.0003697820088666575
-0.0004193691505733641
-0.0004749938973631572
-0.0005373109247784821
-0.0006070360691587619
-0.0006849509080225648
-0.0007719075535123945
-0.0008688336519487037
-0.0009767375794857733
-0.001096713822013972
-0.001229948548891767
-0.001377725443364132
-0.001541431748010077
-0.00172256449504286
-0.001922736907323624
-0.00214368495507557
-0.002387274050971867
-0.002655505863891306
-0.002950525229028595
-0.003274627129405451
-0.0036302637210441
-0.004020051371194511
-0.004446777676054118
-0.00491340842134131
-0.005423094445970142
-0.00597917836582097
-0.006585201111356022
-0.007244908229420383
-0.007962255896193191
-0.008741416584743393
-0.009586784327170287
-0.01050297950771073
-0.01149485311964494
-0.01256749041535642
-0.01372621387717624
-0.01497658545952039
-0.01632440810396961
-0.01777572641270091
-0.01933682638218027
-0.02101423411744872
-0.02281471344704467
-0.0247452623570774
-0.02681310816156668
-0.02902570132493245
-0.0313907078515251
-0.03391600015652135
-0.03660964633527117
-0.03947989779359774
-0.04253517559085487
-0.0457840555787857
-0.04923525185180429
-0.05289759807608496
-0.05678002686203514
-0.06089154740228035
-0.06524122140100354
-0.06983813715540176
-0.0746913817840215
-0.07981001158419503
-0.08520302058512812
-0.09087930732989223
-0.09684763987482972
-0.1031166191065886
-0.1096946403781982
-0.1165898535710141
-0.1238101216680577
-0.1313629778839664
-0.1392555815255279
-0.1474946726287416
-0.1560865255440831
-0.1650369016151579
-0.1743510010475016
-0.1840334142143473
-0.1940880724898688
-0.2045181988462337
-0.2153262584155433
-0.2265139091575126
-0.2380819529439545
-0.2500302871856618
-0.2623578572914414
-0.2750626102025262
-0.2881414491734994
-0.3015901901615188
-0.315403519962214
-0.3295749564095155
-0.3440968109010469
-0.3589601534295271
-0.3741547805078119
-0.3896691861104496
-0.4054905359489358
-0.4216046453304093
-0.4379959607542458
-0.4546475456197026
-0.4715410701248156
-0.4886568056471521
-0.5059736238109487
-0.5234690003287535
-0.5411190239368193
-0.5588984104297946
-0.5767805220217291
-0.5947373921577077
-0.6127397557703279
-0.6307570852173998
-0.6487576317979522
-0.6667084729717238
-0.6845755652971558
-0.7023238029686877
-0.7199170820840034
-0.7373183704065615
-0.7544897826210639
-0.7713926609693491
-0.7879876610246591
-0.8042348426157929
-0.820093765527535
-0.8355235898432064
-0.8504831806865589
-0.8649312169914547
-0.8788263041801576
-0.8921270902576436
-0.9047923850734392
-0.916781282392093
-0.9280532842876716
-0.9385684276331021
-0.948287412095877
-0.9571717292997471
-0.9651837927064681
-0.9722870676517376
-0.9784462012193582
-0.9836271513204325
-0.9877973145932319
-0.9909256526347427
-0.9929828159622968
-0.9939412653532412
-0.9937753899303333
-0.9924616216017889
-0.9899785453760637
-0.9863070049797729
-0.9814302034488637
-0.9753337981122425
-0.96800598961451
-0.9594376045612152
-0.949622171309892
-0.9385559886548041
-0.9262381869273471
-0.9126707812499694
-0.8978587166402693
-0.8818099046233786
-0.8645352512134111
-0.8460486759439724
-0.8263671218210726
-0.8055105560484618
-0.7835019613616334
-0.7603673179886118
-0.7361355760878119
-0.710838618669291
-0.6845112150309206
-0.6571909647884169
-0.6289182327338287
-0.5997360744726188
-0.5696901528040554
-0.5388286451274454
-0.5072021426417115
-0.4748635422863224
-0.4418679305331751
-0.4082724576845719
-0.374136203651613
-0.3395200380620897
-0.3044864765352281
-0.2690995309910845
-0.2334245528223094
-0.1975280699810301
-0.1614776198511414
-0.1253415787134163
-0.08918898781329516
-0.05308937641178808
-0.01711258244821621
0.01867142853028904
0.05419274558121918
0.08938169515017794
0.1241690238296614
0.15848608049441
0.1922649972163085
0.2254388683813624
0.2579419274201727
0.2897097205841441
0.3206792772086429
0.3507892759075416
0.3799802061856524
0.4081945249390894
0.4353768073604407
0.4614738917782031
0.486435017966643
0.5102119585234166
0.5327591428946429
0.554033773694339
0.5739959349777459
0.592608692134415
0.6098381831414561
0.6256537009033146
0.6400277664824557
0.6529361930371007
0.6643581402885812
0.6742761594234062
0.6826762283193081
0.6895477770647201
0.694883703753698
0.6986803805498444
0.7009376500951423
0.7016588123134683
0.700850601734281
0.6985231554782022
0.6946899720615516
0.6893678612507961
0.6825768851637642
0.6743402908814741
0.6646844348509148
0.6536386993753001
0.6412354015497594
0.6275096949584285
0.6124994645070996
0.5962452147767147
0.5787899522912602
0.5601790621387398
0.5404601793531826
0.5196830555115286
0.4978994209945848
0.475162843356098
0.4515285822784794
0.4270534415693769
0.4017956186796104
0.3758145522139975
0.3491707678992769
0.3219257234906637
0.2941416530685467
0.2658814111898992
0.2372083173463696
0.2081860011690963
0.1788782488221007
0.1493488509990435
0.1196614529366998
0.08987940684270219
0.06006562711961667
0.03028244875564342
0.0005914892277760758
-0.02894648574836656
-0.05827169230682783
-0.08732545406086709
-0.1160503229978138
-0.1443901953819121
-0.1722904224299158
-0.1996979155447822
-0.2265612459098887
-0.2528307382720184
-0.2784585587575386
-0.303398796595272
-0.327607539637562
-0.3510429435854919
-0.3736652948549765
-0.3954370670311787
-0.4163229708894945
-0.4362899979768688
-0.4553074577598903
-0.4733470083778457
-0.4903826810432512
-0.506390898162498
-0.5213504852616582
-0.5352426768118301
-0.5480511160786655
-0.5597618491190659
-0.5703633130774648
-0.579846318940591
-0.5882040289134636
-0.5954319286070667
-0.6015277942218211
-0.6064916549339797
-0.6103257506964266
-0.6130344856683974
-0.6146243775104888
-0.6151040027673992
-0.6144839385834671
-0.6127767009924434
-0.6099966800153659
-0.6061600718169263
-0.6012848081669718
-0.5953904834700441
-0.5884982796128687
-0.5806308888672687
-0.571812435101354
-0.5620683935389894
-0.5514255093143368
-0.5399117150612125
-0.5275560477714414
-0.5143885651643143
-0.5004402617792536
-0.485742985007532
-0.4703293512766705
-0.4542326625983947
-0.437486823690214
-0.4201262598504983
-0.4021858357696852
-0.3837007754533868
-0.3647065834245721
-0.3452389673688234
-0.3253337623670586
-0.3050268568580792
-0.2843541204627397
-0.2633513337916462
-0.2420541203538595
-0.2204978806660693
-0.1987177286580203
-0.176748430459794
-0.1546243456466385
-0.1323793710106907
-0.1100468869168681
-0.08765970629453948
-0.06525002630526316
-0.04284938271757703
-0.020488607014107
0.001802213752537382
0.02399377434569077
0.04605758597130585
0.06796600815141969
0.08969227785774271
0.1112105359250518
0.1324958507710976
0.1535242394555605
0.1742726861146529
0.1947191578132634
0.2148426178629315
0.2346230366633353
0.2540414001265583
0.2730797157410847
0.2917210163375571
0.3099493616265776
0.327749837588066
0.3451085537886797
0.3620126386975108
0.3784502330754572
0.3944104815222179
0.4098835222738366
0.4248604753366772
0.4393334290334516
0.4532954250421279
0.4667404420179978
0.4796633778966997
0.4920600309662921
0.5039270797848955
0.5152620620266709
0.5260633523435053
0.5363301393344051
0.5460624017065674
0.5552608837057413
0.5639270698997354
0.5720631593905026
0.5796720395307864
0.5867572592209814
0.5933230018625717
0.5993740580479407
0.6049157980479399
0.6099541441603292
0.6144955429834843
0.6185469376816399
0.6221157403097766
0.6252098042466907
0.627837396784552
0.6300071719267093
0.6317281434504814
0.6330096582930608
0.633861370293358
0.6342932143244921
0.6343153808554158
0.6339382909818445
0.6331725719653625
0.6320290333071725
0.630518643387656
0.6286525066976101
0.6264418416797591
0.6238979592023741
0.6210322416824007
0.617856122875588
0.6143810683479224
0.6106185566422397
0.6065800611576128
0.602277032740819
0.5977208829895905
0.5929229682718961
0.58789457446952
0.5826469024542925
0.5771910542877587
0.5715380201371317
0.565698665903411
0.5596837215598813
0.5535037701997929
0.5471692377792021
0.5406903835435883
0.5340772911277654
0.5273398603192783
0.5204877994765545
0.5135306185846611
0.5064776229338457
0.4993379074059112
0.4921203513536946
0.4848336140601079
0.4774861307576184
0.4700861091907338
0.4626415267043297
0.4551601278407142
0.4476494224306039
0.4401166841565259
0.4325689495699121
0.4250130175433954
0.4174554491398106
0.4099025678810619
0.4023604603965826
0.3948349774324337
0.3873317352029122
0.3798561170676063
0.3724132755188163
0.365008134458486
0.3576453917468643
0.3503295220055089
0.343064779657812
0.3358552021917728
0.3287046136272931
0.3216166281717469
0.3145946540483973
0.3076418974833899
0.3007613668386316
0.2939558768740377
0.2872280531238055
0.2805803363736277
0.2740149872275127
0.2675340907541448
0.2611395611981733
0.2548331467441799
0.2486164343221308
0.2424908544441767
0.2364576860631615
0.2305180614426423
0.2246729710292012
0.2189232683182508
0.2132696747055444
0.2077127843175958
0.2022530688123949
0.1968908821430978
0.191626465278239
0.1864599508723003
0.1813913678814193
0.176420646118483
0.1715476207429946
0.1667720366811719
0.1620935529717356
0.1575117470337963
0.1530261188533143
0.1486360950860836
0.1443410330742385
0.1401402247725732
0.1360329005819171
0.1320182330884189
0.1280953407084674
0.1242632912377188
0.1205211053019514
0.1168677597084769
0.113302190698047
0.1098232970974748
0.1064299433728747
0.1031209625831164
0.09989515923411012
0.09675131203384311
0.09368817654822033
0.0907044877585856
0.08779896252220336
0.08497030193720265
0.08221719361253675
0.07953831384382014
0.07693232969650922
0.07439790099811823
0.07193368224139979
0.06953832439965761
0.06721047665536191
0.06494878804397032
0.06275190901514997
0.06061849291380834
0.05854719738225935
0.05653668568498897
0.05458562795814863
0.05269270238603271
0.05085659630669816
0.04907600724866786
0.04734964390057018
0.04567622701586734
0.04405449025469048
0.04248318096497499
0.04096106090487241
0.03948690690862329
0.03805951149786787
0.03667768344018825
0.03534024825668678
0.0340460486807629
0.03279394507018021
0.03158281577435389
0.03041155745867147
0.02927908538783851
0.02818433366991795
0.02712625546263803
0.02610382314387414
0.02511602844805615
0.02416188257024601
0.02324041623950094
0.02235067976288063
0.02149174304171184
0.02066269556185371
0.01986264635939797
0.01909072396324239
0.01834607631563429
0.01762787067206184
0.01693529348195119
0.01626755025137056
0.01562386538900966
0.01500348203659448
0.01440566188492491
0.01382968497647076
0.0132748494955891
0.01274047154736989
0.01222588492614506
0.0117304408746167
0.01125350783436059
0.01079447118871566
0.01035273299870124
0.009927711732765911
0.009518841991114978
0.00912557422539329
0.008747374454521546
0.008383723977167742
0.008034119081353876
0.007698070751766505
0.007375104375466615
0.007064759446569224
0.006766589270370446
0.006480160667120449
0.006205053676048434
0.005940861259970005
0.005687189011060144
0.005443654857967552
0.005209888774600361
0.004985532490899384
0.004770239205940362
0.00456367330361655
0.004365510071142228
0.004175435420605332
0.003993145613759686
0.003818346990225429
0.003650755699293475
0.00349009743543012
0.003336107177793847
0.003188528933771781
0.003047115486672025
0.002911628147626149
0.002781836511812105
0.00265751821909482
0.002538458719070816
0.002424451040708538
0.002315295566534934
0.002210799811437372
0.002110778206061489
0.002015051884837406
0.001923448478596483
0.001835801911906875
0.001751952204963404
0.001671745280149628
0.001595032773156392
0.001521671848711318
0.001451525020800345
0.001384459977401679
0.001320349409698171
0.001259070845669838
0.001200506488087997
0.001144543056799347
0.001091071635265121
0.001039987521285737
0.0009911900818883332
0.0009445826122656718
0.0009000721987541311
0.0008575695857381035
0.0008169890464083632
0.0007782482573381305
0.0007412681767734402
0.0007059729265870177
0.0006722896778132762
0.0006401485397142931
0.0006094824522593978
0.0005802270819729619
0.0005523207210555349
0.0005257041897293806
0.000500320741718665
0.000476115972778904
0.0004530377322461781
0.0004310360374368843
0.0004100629909390277
0.0003900727006759991
0.0003710212027018514
0.0003528663865536964
0.0003355679230019929
0.0003190871942790123
0.0003033872270531761
0.0002884326279808189
0.0002741895213281741
0.0002606254883948251
0.0002477095089228907
0.000235411904971097
0.0002237042869880433
0.0002125595018104419
0.0002019515824502175
0.0001918556996955191
0.0001822481155204539
0.000173106138224124
0.0001644080793084499
0.0001561332118935383
0.0001482617307478316
0.0001407747138419499
0.0001336540853301442
0.0001268825800071465
0.0001204437090854665
0.0001143217273496726
0.0001085016015392648
0.0001029689800079975
9.771016354874505e-05
9.271207741520657e-05
8.796224439728913e-05
8.344875901392097e-05
7.916026271396122e-05
7.508592008648727e-05
7.121539604857192e-05
6.753883392626524e-05
6.404683445160737e-05
6.073043561201802e-05
5.758109333013797e-05
5.459066293154879e-05
5.175138140494492e-05
4.905585036982388e-05
4.649701978168362e-05
4.40681723058804e-05
4.176290835471462e-05
3.957513174212331e-05
3.74990359726804e-05
3.552909108846583e-05
3.366003109783784e-05
3.1886841936486e-05
3.020474993960582e-05
2.860921081165084e-05
2.709589909798718e-05
2.566069806711246e-05
2.429969008507596e-05
2.300914737940755e-05
2.178552321374916e-05
2.062544347269553e-05
1.952569857290829e-05
1.848323577234828e-05
1.74951518139028e-05
1.655868588751409e-05
1.567121291259091e-05
1.4830237125272e-05
1.403338593600374e-05
1.327840409890942e-05
1.256314810474884e-05
1.188558087395941e-05
1.124376663264749e-05
1.063586608305972e-05
1.006013176101929e-05
9.514903607611767e-06
8.99860475174967e-06
8.509737489861612e-06
8.046879446438803e-06
7.608679917264004e-06
7.193856376838761e-06
6.80119115086587e-06
6.42952825165884e-06
6.077770360308243e-06
5.744875928696868e-06
5.429856444363116e-06
5.131773824041757e-06
4.849737907723285e-06
4.582904100728907e-06
4.33047110721962e-06
4.091678769008492e-06
3.865806049464386e-06
3.652169043884185e-06
3.450119144980713e-06
3.259041276285739e-06
3.078352206983557e-06
2.907498937260686e-06
2.745957200087268e-06
2.593229993727515e-06
2.44884620485169e-06
2.312359313177679e-06
2.183346122527524e-06
2.061405594682694e-06
1.94615770684722e-06
1.83724239414221e-06
1.734318514488316e-06
1.637062881965614e-06
1.545169360739348e-06
1.458347977177392e-06
1.376324100619235e-06
1.298837638002721e-06
1.225642292907202e-06
1.156504847747289e-06
1.091204491645812e-06
1.029532178429781e-06
9.712900068365758e-07
9.162906423431636e-07
8.643567725349132e-07
8.153205749261298e-07
7.690232306219233e-07
7.253144538552496e-07
6.840520353778787e-07
6.45101417302485e-07
6.083353026413777e-07
5.736332654352647e-07
5.408813874190293e-07
5.099719248200102e-07
4.808029591184714e-07
4.532781083132668e-07
4.27306224324719e-07
4.028011163961841e-07
3.796812971461584e-07
3.578697130466058e-07
3.372935229966778e-07
3.178838678544123e-07
2.995756572115828e-07
2.823073625895249e-07
2.660208358601736e-07
2.506611177438261e-07
2.361762785888666e-07
2.225172404905451e-07
2.096376389052615e-07
1.974936622056827e-07
1.86043921653642e-07
1.752493139570016e-07
1.650729086457563e-07
1.554798087388131e-07
1.464370760663294e-07
1.379135820784612e-07
1.298799395165256e-07
1.22308392008913e-07
1.151727430284418e-07
1.084482378358096e-07
1.021115257741335e-07
9.614055133750171e-08
9.051449049463136e-08
8.521368954729024e-08
8.021960069107984e-08
7.551471670336566e-08
7.10825131736239e-08
6.690740552305071e-08
6.297468201481363e-08
5.927045320950852e-08
5.578160521135739e-08
5.249577623034027e-08
4.940130156042645e-08
4.648717671638157e-08
4.374302647357973e-08
4.115906107240393e-08
3.872604416661783e-08
3.643526767974926e-08
3.427852073964232e-08
3.224805663712457e-08
3.033656662435956e-08
2.853716706874552e-08
2.684336541799516e-08
2.524903793530907e-08
2.374841430594324e-08
2.233605108584234e-08
2.100681360233333e-08
1.975586501330618e-08
1.857864898448925e-08
1.747086942451196e-08
1.642847617268566e-08
1.544764764520473e-08
1.452479724426803e-08
1.365652625907783e-08
1.283964975345743e-08
1.207116050549918e-08
1.134821690304642e-08
1.066815315095186e-08
1.002845573031096e-08
9.426755767901058e-09
8.860817375066122e-09
8.328538621119436e-09
7.82793670648125e-09
7.357147185466203e-09
6.91440560687848e-09
6.498062304803169e-09
6.106557670382126e-09
5.738431251452559e-09
5.392299481559755e-09
5.066864582814275e-09
4.760890638013715e-09
4.47322885900263e-09
4.202799594234662e-09
3.948574822416754e-09
3.709593041212224e-09
3.484950511301882e-09
3.273795901273287e-09
3.075325549143402e-09
2.888785804771575e-09
2.713463847061637e-09
2.5486979743187e-09
2.393859073154541e-09
2.248348475489161e-09
2.111614331025113e-09
1.983131741737816e-09
1.862404192327917e-09
1.748967170815004e-09
1.642378655532155e-09
1.542233105312431e-09
1.448143890112257e-09
1.359750133290075e-09
1.276708736048094e-09
1.198701591880993e-09
1.125418088785762e-09
1.056581194885455e-09
9.919231630807923e-10
9.311971459101514e-10
8.741609077448864e-10
8.20597591087053e-10
7.702921292230512e-10
7.230528286030012e-10
6.786913732751944e-10
6.370300541547772e-10
5.979077410140864e-10
5.611675551856943e-10
5.266621834144583e-10
4.94264634591617e-10
4.63842743804747e-10
4.352808093558494e-10
4.084632019675647e-10
3.832904317469266e-10
3.596566399183477e-10
3.37469945936546e-10
3.16647924144294e-10
2.971053996351036e-10
2.787592488641504e-10
2.615428346203965e-10
2.453760856588595e-10
2.302039908720545e-10
2.159672673219363e-10
2.026054163352854e-10
1.900633846303003e-10
1.782920978646301e-10
1.672410951563336e-10
1.56869498459687e-10
1.471388290868934e-10
1.38006945190998e-10
1.294400101508951e-10
1.213983058386238e-10
1.138561201889755e-10
1.067806805144229e-10
1.001408024822462e-10
9.390958275796199e-11
8.80653859516456e-11
8.258585309706332e-11
7.744467209325747e-11
7.262631158429659e-11
6.810420325981595e-11
6.386379519841625e-11
5.988426388571135e-11
5.61481868850632e-11
5.263934476157545e-11
4.935064117588062e-11
4.626327918850989e-11
4.337730274695241e-11
4.066788551634443e-11
3.812181562464178e-11
3.57354911396183e-11
3.349656649737414e-11
3.140021392608254e-11
2.94351353202844e-11
2.759029526536873e-11
2.5861376687402e-11
2.424142773918535e-11
2.272152532062107e-11
2.12961583706134e-11
1.996008029319523e-11
1.87099053914537e-11
1.753594443887739e-11
1.64374468901648e-11
1.540232934820404e-11
1.443512622580255e-11
1.352988302356334e-11
1.268171761234417e-11
1.188554380363745e-11
1.113905494383641e-11
1.043983291986627e-11
9.777934823658318e-12
9.154089094745665e-12
8.569589174989284e-12
8.024181738287249e-12
7.51746757064122e-12
7.043319672092068e-12
6.597727154449795e-12
6.187959931232719e-12
5.802417696814307e-12
5.444528023921545e-12
5.105743900516355e-12
4.785725018688162e-12
4.483694898788347e-12
4.199038732596588e-12
3.934142336752768e-12
3.682701456706957e-12
3.445680045568926e-12
3.222506685722517e-12
3.013296452982413e-12
2.81771500019997e-12
2.637610501227025e-12
2.469264282058814e-12
2.315407698431492e-12
2.168857732979313e-12
2.034155082638107e-12
1.909327418627477e-12
1.791366686505519e-12
1.679254233906831e-12
1.57366481322427e-12
1.475972496708987e-12
1.382181070095048e-12
1.293501912966518e-12
1.209340062799696e-12
1.133710766752853e-12
1.062910171037287e-12
9.965671111164195e-13
9.327912014595376e-13
8.692084186578461e-13
8.073206301041834e-13
7.5143436324758e-13
7.038962141256164e-13
6.584530565013484e-13
6.191130493443542e-13
5.827479402008738e-13
5.498809928158342e-13
5.128833531814219e-13
4.73612838632043e-13
4.407627030533718e-13
4.136265857703778e-13
3.946127170514774e-13
3.780809765374153e-13
3.617068103714776e-13
3.436188860250032e-13
3.205274738165677e-13
2.973719033093781e-13
2.741364069590803e-13
2.487167555321659e-13
2.229485525823634e-13
2.023385266043444e-13
1.866712279998974e-13
1.711787280852505e-13
1.61530661870944e-13
1.517751890649101e-13
1.469017100533045e-13
1.381592184555891e-13
1.38972116106267e-13
1.348912084178526e-13
1.335507162715502e-13
1.324724321489277e-13
1.27919211245045e-13
1.18010129570354e-13
1.074848804689602e-13
9.656588896831821e-14
8.444714929550815e-14
7.359085843573487e-14
5.570733400291871e-14
4.900734931827082e-14
4.077760152724333e-14
3.624811549697662e-14
3.876097942102189e-14
4.096156762277273e-14
3.769280670205979e-14
4.147591440137741e-14
4.661152720538773e-14
4.857990695293367e-14
5.30088915396541e-14
5.240673081232511e-14
4.927207324527935e-14
4.354551518158661e-14
3.708194484631375e-14
