-6.884311543145974e-12
-4.492747872146269e-12
-2.82604262879924e-12
-1.613011329062919e-12
-6.644197201847926e-13
1.624774472046735e-13
9.804634061617257e-13
1.890721583878377e-12
2.99666485905683e-12
4.414988967297689e-12
6.286774124342001e-12
8.791786247966472e-12
1.216092931766387e-11
1.669526332807492e-11
2.278798039938377e-11
3.095305197208145e-11
4.186026291500388e-11
5.637856336875804e-11
7.563542609036748e-11
1.010839864524651e-10
1.345965800516917e-10
1.785726903958201e-10
2.360779333935516e-10
3.110179637048524e-10
4.08353078414623e-10
5.343570504138061e-10
6.969513017900234e-10
9.060987863168156e-10
1.174298020482943e-09
1.517184119907953e-09
1.954259384095741e-09
2.509784901213364e-09
3.213862194512706e-09
4.103745590357673e-09
5.225417789871519e-09
6.635501669760752e-09
8.403550840790861e-09
1.061479831790793e-08
1.337345141430067e-08
1.680661777453932e-08
2.106899494820933e-08
2.634843549257503e-08
3.287255541220866e-08
4.091654789827722e-08
5.081241130537662e-08
6.295981906073657e-08
7.783887798429001e-08
9.602508435797121e-08
1.182067962933843e-07
1.452055859449022e-07
1.779998841984395e-07
2.177523597020911e-07
2.658415795323752e-07
3.238986810321694e-07
3.938496887294253e-07
4.779642109285621e-07
5.789113493872605e-07
6.998237576538303e-07
8.44370888857832e-07
1.016842573726673e-06
1.222244199039897e-06
1.466404877827555e-06
1.756100142628229e-06
2.099190834400526e-06
2.504780030817519e-06
2.983390009284928e-06
3.547161423429276e-06
4.210077073529438e-06
4.988212826771068e-06
5.900018476360722e-06
6.966631536979677e-06
8.212227208870228e-06
9.664407989363662e-06
1.135463664695557e-05
1.331871656534488e-05
1.559732369197896e-05
1.823659463484623e-05
2.128877568175587e-05
2.481293770796451e-05
2.887576235706172e-05
3.355240513390714e-05
3.892744129209143e-05
4.509590066647091e-05
5.216439783401697e-05
6.02523642310093e-05
6.949338901958808e-05
8.00366757203433e-05
9.204862170443855e-05
0.0001057145277519234
0.0001212404449059696
0.0001388551657889018
0.0001588123674472558
0.000181392912537748
0.0002069073153686617
0.0002356983788083209
0.0002681440074857123
0.0003046602019159221
0.000345704237191508
0.0003917780286949438
0.0004434316858291036
0.0005012672530933423
0.0005659426367536431
0.0006381757262119513
0.0007187487469819035
0.0008085128287541677
0.0009083927773774983
0.001019392047540953
0.00114259791217896
0.001279186823155536
0.001430429956112825
0.00159769893064663
0.001782471695047561
0.001986338562879513
0.002211008386505659
0.002458314850449755
0.002730222865088984
0.003028835038695719
0.003356398203202161
0.00371530996635197
0.004108125260015966
0.004537562851478327
0.005006511781406291
0.005518037688989563
0.006075388981415128
0.006682002801420447
0.00734151074317862
0.008057744264273439
0.008834739753339543
0.009676743241941574
0.01058821467998855
0.0115738317015433
0.01263849281677978
0.01378731996387441
0.01502566035184544
0.01635908752263884
0.01779340155805669
0.01933462835456333
0.02098901788662751
0.0227630413789409
0.02466338733415208
0.02669695660467033
0.02887085653402779
0.03119239383668295
0.03366906590913332
0.03630855063688026
0.03911869480069555
0.04210750106291437
0.04528311340797646
0.04865380099531161
0.05222794037389674
0.0560139960620686
0.06002049947502243
0.06425602615295567
0.06872917131627919
0.07344852370980635
0.07842263776803031
0.08366000412078961
0.08916901843261806
0.09495794865691751
0.1010349007017391
0.1074077825906555
0.1140842671869068
0.1210717535181132
0.1283773268446796
0.136007717510551
0.1439692587188639
0.1522678433546465
0.1609088799381559
0.1698972479160674
0.1792372523716567
0.1889325783554175
0.1989862450100579
0.2094005596167933
0.2201770718322495
0.2313165282298449
0.2428188273941753
0.2546829757828623
0.2669070445163794
0.2794881274148835
0.2924223004121468
0.3057045826261587
0.3193288993226425
0.333288046942127
0.3475736605321058
0.3621761837110776
0.377084841456286
0.3922876159481375
0.4077712256204216
0.4235211077490484
0.4395214046755866
0.4557549539381043
0.4722032825080664
0.4888466052336797
0.5056638277856504
0.5226325541373326
0.5397290987951606
0.5569285039118588
0.5742045613091152
0.5915298396407067
0.6088757166334235
0.6262124165325665
0.6435090527906795
0.6607336759311208
0.6778533267281736
0.6948340945250188
0.7116411807083342
0.7282389672662103
0.7445910902438712
0.7606605181233597
0.7764096348314334
0.7918003272836259
0.8067940772735707
0.8213520574008927
0.8354352309481282
0.8490044552956403
0.8620205886737209
0.8744445999506225
0.8862376810386884
0.8973613617160433
0.9077776263659435
0.9174490323503894
0.9263388296302978
0.934411081128338
0.9416307835499826
0.9479639881058803
0.9533779207914196
0.9578411017843386
0.9613234634202381
0.9637964664233473
0.9652332138154731
0.9656085621315877
0.96489922949646
0.963083900042058
0.9601433243548552
0.9560604154023339
0.9508203395898731
0.9444106025447147
0.936821129168418
0.9280443376954356
0.9180752072931984
0.9069113389272389
0.8945530091781619
0.8810032166675946
0.8662677209363007
0.8503550734204011
0.8332766403290539
0.8150466172435482
0.7956820353009414
0.7752027590013891
0.7536314753321818
0.7309936738852451
0.7073176180076753
0.6826343076526746
0.6569774349183054
0.6303833308730769
0.6028909013903357
0.5745415526436605
0.5453791097899979
0.5154497314999014
0.4848018171206856
0.4534859040361645
0.4215545559622656
0.3890622446046482
0.3560652257159606
0.3226214090803228
0.2887902224356075
0.2546324697879721
0.2202101847035327
0.1855864790832216
0.1508253878311804
0.1159917098968071
0.08115084619477679
0.04636863491935117
0.01171118478476287
-0.02275529328672746
-0.0569646554888204
-0.09085099492701763
-0.1243488113418283
-0.1573931802197276
-0.189919920748377
-0.221865762082971
-0.2531685073961735
-0.28376719518392
-0.3136022573276823
-0.3426156734041554
-0.3707511207686949
-0.3979541199473977
-0.4241721748742827
-0.4493549075574685
-0.4734541867487395
-0.4964242502448132
-0.5182218204585257
-0.5388062129019618
-0.5581394372862579
-0.5761862909315875
-0.5929144442451072
-0.6082945180374434
-0.6223001524583728
-0.6349080674042472
-0.646098114229291
-0.6558533186612884
-0.6641599148399825
-0.6710073704131534
-0.6763884026976165
-0.6802989858843067
-0.6827383493338032
-0.6837089670294626
-0.6832165382759016
-0.6812699597984291
-0.677881289362108
-0.6730657010939819
-0.6668414327106755
-0.6592297248685175
-0.6502547529104968
-0.639943551258108
-0.6283259307554695
-0.6154343892769171
-0.6013040159116244
-0.5859723890890608
-0.569479468989699
-0.5518674846280929
-0.5331808159957532
-0.5134658716529279
-0.4927709621943618
-0.4711461699859133
-0.4486432156003109
-0.4253153213773004
-0.4012170725300185
-0.3764042762407913
-0.3509338191620791
-0.3248635237549238
-0.2982520038902925
-0.2711585201320506
-0.2436428351266589
-0.2157650694961648
-0.1875855586364214
-0.1591647108109291
-0.1305628669185748
-0.1018401623080114
-0.0730563909890934
-0.04427087258527113
-0.01554232235292704
0.01307127542211839
0.04151279035372876
0.06972606493097344
0.09765602927822012
0.1252488114570552
0.1524518430831197
0.179213960051574
0.2054854981805974
0.2312183836053828
0.2563662177728774
0.2808843569031163
0.3047299858087839
0.3278621859758805
0.3502419978347627
0.3718324771668199
0.3925987456059734
0.4125080352220461
0.4315297271795765
0.4496353844939536
0.4667987789191166
0.4829959120106705
0.4982050304366573
0.5124066356099238
0.5255834877414305
0.5377206044240536
0.5488052538656176
0.5588269429153194
0.5677774000217933
0.5756505532879113
0.5824425037902773
0.588151494330716
0.5927778738080128
0.5963240574008998
0.5987944827754578
0.6001955625238222
0.6005356330349063
0.5998249000184198
0.598075380896638
0.5953008442911175
0.5915167468301445
0.586740167502762
0.5809897397998113
0.5742855818557421
0.5666492248139178
0.5581035396411839
0.5486726626200958
0.5383819197528141
0.5272577502809632
0.5153276295338433
0.5026199913147538
0.4891641500297379
0.4749902227655771
0.4601290515039347
0.4446121256614996
0.4284715051376387
0.4117397440432297
0.3944498152845063
0.3766350361557406
0.3583289950946892
0.3395654797458903
0.3203784064671061
0.300801751411152
0.2808694833014747
0.2606154980179538
0.2400735550964215
0.2192772162339041
0.1982597858886015
0.177054254053203
0.1556932412743404
0.1342089459811938
0.1126330941773148
0.09099689154413618
0.06933097799362187
0.04766538470234015
0.02602949365041603
0.004451999681275684
-0.01703912490725265
-0.0384166632366145
-0.05965418418984125
-0.08072607023435097
-0.1016075427410403
-0.1222746848198106
-0.1427044616982906
-0.1628747386794771
-0.1827642967177028
-0.2023528456524404
-0.2216210351440481
-0.2405504633629282
-0.2591236834924834
-0.2773242081058656
-0.2951365114723413
-0.3125460298538928
-0.3295391598608852
-0.3461032549436752
-0.3622266200932353
-0.3778985048173328
-0.393109094464409
-0.40784949997257
-0.4221117461264574
-0.4358887584007166
-0.4491743484651725
-0.4619631984331897
-0.4742508439291842
-0.4860336560528887
-0.4973088223189517
-0.5080743266519863
-0.5183289285216823
-0.5280721412878128
-0.5373042098271774
-0.5460260875165367
-0.55423941264751
-0.5619464843526584
-0.5691502381049948
-0.5758542208531309
-0.5820625658581122
-0.5877799673026741
-0.5930116547461357
-0.5977633674749016
-0.6020413288004733
-0.6058522203604478
-0.6092031564797945
-0.6121016586489493
-0.6145556301633053
-0.6165733309736643
-0.6181633527917423
-0.6193345944880488
-0.6200962378221396
-0.6204577235412366
-0.6204287278827799
-0.6200191395134631
-0.6192390369365329
-0.6180986664029983
-0.6166084203434435
-0.6147788163374287
-0.6126204766413688
-0.6101441082999058
-0.6073604838654807
-0.6042804227326508
-0.6009147730950627
-0.5972743945357361
-0.5933701412634993
-0.5892128460086127
-0.5848133045767234
-0.5801822610625792
-0.5753303937253563
-0.5702683015276701
-0.5650064913413112
-0.5595553658129724
-0.5539252118852394
-0.548126189967775
-0.5421683237528949
-0.5360614906710887
-0.5298154129749388
-0.5234396494417848
-0.5169435876846559
-0.5103364370612415
-0.5036272221721017
-0.4968247769320432
-0.4899377392006508
-0.4829745459580936
-0.4759434290116683
-0.4688524112200838
-0.4617093032180884
-0.4545217006251351
-0.4472969817222164
-0.4400423055819587
-0.4327646106386669
-0.4254706136784505
-0.4181668092320486
-0.4108594693537641
-0.4035546437694861
-0.3962581603788163
-0.3889756260927918
-0.3817124279900789
-0.3744737347753001
-0.3672644985241209
-0.3600894567012753
-0.3529531344329979
-0.3458598470162765
-0.3388137026498438
-0.3318186053736816
-0.3248782582050012
-0.3179961664531836
-0.3111756411985169
-0.3044198029208387
-0.2977315852650455
-0.2911137389311341
-0.284568835675313
-0.2780992724098535
-0.2717072753898621
-0.265394904475896
-0.2591640574628176
-0.2530164744626117
-0.2469537423306236
-0.2409772991253432
-0.235088438592406
-0.2292883146643322
-0.2235779459669687
-0.2179582203248401
-0.2124298992576162
-0.2069936224599512
-0.2016499122579674
-0.1963991780358184
-0.1912417206274813
-0.1861777366678105
-0.1812073228958531
-0.176330480404594
-0.1715471188335252
-0.1668570605012811
-0.1622600444742179
-0.1577557305656927
-0.1533437032621427
-0.1490234755736125
-0.1447944928068726
-0.1406561362586461
-0.1366077268263642
-0.1326485285350683
-0.128777751978108
-0.1249945576697297
-0.1212980593085191
-0.1176873269513451
-0.1141613900978396
-0.1107192406840882
-0.10735983598481
-0.1040821014239702
-0.1008849332942929
-0.09776720138644936
-0.09472775152760717
-0.09176540802929775
-0.08887897604530993
-0.08606724384107606
-0.0833289849761194
-0.08066296039974365
-0.07806792046060886
-0.07554260683143593
-0.07308575435052576
-0.07069609278179625
-0.06837234849441834
-0.06611324606355015
-0.06391750979368521
-0.06178386516633046
-0.05971104021381891
-0.05769776682082443
-0.05574278195566465
-0.05384482883303904
-0.0520026580096735
-0.05021502841449837
-0.04848070831543361
-0.04679847622489259
-0.04516712174584809
-0.04358544636021987
-0.04205226416166404
-0.04056640253434343
-0.03912670277938635
-0.03773202069085985
-0.03638122708326062
-0.03507320827250601
-0.0338068665119778
-0.03258112038523216
-0.0313949051571422
-0.0302471730853499
-0.02913689369406394
-0.02806305401140024
-0.02702465877179806
-0.02602073058507377
-0.0250503100738114
-0.0241124559806652
-0.02320624524703837
-0.0223307730646589
-0.02148515290145947
-0.02066851650304401
-0.01988001387094268
-0.01911881321910466
-0.0183841009099521
-0.01767508137112954
-0.01699097699424664
-0.01633102801664713
-0.01569449238735084
-0.01508064561810631
-0.01448878062065089
-0.01391820753133998
-0.01336825352419296
-0.01283826261318857
-0.01232759544434656
-0.01183562907864853
-0.01136175676667819
-0.01090538771603086
-0.01046594685196548
-0.01004287457196869
-0.009635626494824277
-0.009243673205086522
-0.008866499993581089
-0.00850360659445942
-0.008154506919290474
-0.007818728788776449
-0.007495813662596336
-0.007185316367970269
-0.006886804827279333
-0.006599859785262344
-0.00632407453608869
-0.006059054650722275
-0.005804417704887647
-0.00555979300803025
-0.005324821333651566
-0.005099154651314846
-0.004882455860479677
-0.004674398526480713
-0.004474666618836038
-0.004282954252129448
-0.004098965429666863
-0.003922413790139676
-0.003753022357457554
-0.003590523293915958
-0.003434657656763532
-0.003285175158273317
-0.003141833929531161
-0.003004400287982062
-0.0028726485088512
-0.002746360600539645
-0.00262532608397444
-0.002509341776079352
-0.002398211577325977
-0.002291746263427273
-0.002189763281220431
-0.002092086548770467
-0.00199854625968003
-0.001908978691593596
-0.001823226018937448
-0.001741136129870756
-0.001662562447435194
-0.00158736375488087
-0.001515404025208323
-0.001446552254818495
-0.001380682301240466
-0.001317672724930083
-0.001257406635072603
-0.001199771539384057
-0.001144659197888558
-0.001091965480552403
-0.001041590228728374
-0.0009934371204216659
-0.0009474135392117163
-0.0009034304469227965
-0.0008614022598258534
-0.000821246728431951
-0.0007828848207405787
-0.0007462406089007139
-0.0007112411592039211
-0.0006778164254398505
-0.000645899145508876
-0.000615424741080889
-0.0005863312200530672
-0.0005585590820276608
-0.0005320512273047927
-0.00050675286916767
-0.0004826114486563977
-0.0004595765512605534
-0.0004375998261491459
-0.0004166349085431285
-0.0003966373450247609
-0.0003775645212510849
-0.0003593755918798031
-0.0003420314127808926
-0.0003254944755945753
-0.0003097288445656115
-0.0002947000955254804
-0.0002803752569930334
-0.000266722753315628
-0.0002537123497983046
-0.000241315099779066
-0.0002295032935716535
-0.0002182504092376193
-0.0002075310651272141
-0.0001973209741300347
-0.0001875968995885673
-0.0001783366128301587
-0.0001695188522393379
-0.0001611232838618751
-0.0001531304634833018
-0.0001455218000851919
-0.0001382795207056534
-0.0001313866366127856
-0.0001248269107538561
-0.0001185848264643244
-0.0001126455573538637
-0.0001069949383721658
-0.0001016194379772795
-9.650613138949392e-05
-9.164267489622074e-05
-8.701728115373363e-05
-8.261869546146483e-05
-7.843617299047061e-05
-7.445945689527374e-05
-7.067875731608409e-05
-6.708473120788642e-05
-6.366846298605238e-05
-6.04214459716617e-05
-5.733556454084264e-05
-5.440307706462701e-05
-5.161659950362034e-05
-4.896908968485375e-05
-4.645383223280451e-05
-4.406442410891447e-05
-4.179476077914002e-05
-3.963902292111285e-05
-3.759166371621743e-05
-3.564739666940999e-05
-3.380118391990293e-05
-3.204822508564805e-05
-3.038394653961404e-05
-2.880399117239412e-05
-2.730420857584752e-05
-2.588064565539296e-05
-2.45295376429825e-05
-2.324729948761475e-05
-2.203051764360254e-05
-2.087594218748381e-05
-1.978047929411494e-05
-1.874118403950695e-05
-1.775525350884043e-05
-1.682002022813208e-05
-1.593294585553757e-05
-1.509161518911995e-05
-1.429373040095649e-05
-1.353710555987333e-05
-1.281966136403291e-05
-1.213942015954075e-05
-1.149450113150443e-05
-1.088311573747323e-05
-1.030356334212313e-05
-9.754227050422017e-06
-9.233569726821082e-06
-8.740130200000937e-06
-8.272519639367439e-06
-7.829418091913022e-06
-7.409571177950967e-06
-7.011786946732377e-06
-6.63493286091285e-06
-6.277932955554926e-06
-5.939765081079028e-06
-5.619458313277297e-06
-5.316090450678284e-06
-5.028785669158288e-06
-4.756712238415321e-06
-4.499080388250299e-06
-4.255140252210408e-06
-4.024179916984251e-06
-3.805523543345131e-06
-3.598529616048448e-06
-3.402589224557248e-06
-3.217124481360736e-06
-3.041586965030994e-06
-2.87545627965848e-06
-2.718238653252251e-06
-2.569465610724529e-06
-2.428692724453575e-06
-2.295498412375771e-06
-2.169482791923994e-06
-2.050266587686046e-06
-1.937490109407978e-06
-1.830812258122757e-06
-1.729909606709716e-06
-1.634475490665416e-06
-1.544219173729716e-06
-1.458865031959323e-06
-1.37815179538867e-06
-1.30183182517828e-06
-1.229670401968703e-06
-1.161445083542253e-06
-1.096945080542318e-06
-1.035970652080345e-06
-9.783325360903415e-07
-9.238514319812261e-07
-8.72357484302599e-07
-8.236897744601339e-07
-7.776958884775239e-07
-7.342314614556125e-07
-6.931597723031341e-07
-6.543513397571152e-07
-6.176835615855716e-07
-5.830403388106702e-07
-5.503117558222182e-07
-5.193937449122897e-07
-4.90187792030714e-07
-4.626006381145712e-07
-4.365440190921424e-07
-4.119343766995354e-07
-3.886926396219028e-07
-3.667439831645134e-07
-3.460175940215775e-07
-3.264464719002182e-07
-3.079672212635059e-07
-2.905198715079732e-07
-2.740476743995558e-07
-2.584969583258216e-07
-2.438169503716082e-07
-2.299596326730367e-07
-2.168795819077601e-07
-2.045338482376437e-07
-1.92881809672087e-07
-1.818850497308242e-07
-1.715072500588785e-07
-1.617140878506136e-07
-1.52473109072552e-07
-1.437536349086782e-07
-1.355266420443519e-07
-1.277646860945567e-07
-1.204418409221067e-07
-1.135336057620309e-07
-1.070168192118413e-07
-1.008696131955867e-07
-9.507130787085865e-08
-8.960236071753005e-08
-8.444431222591439e-08
-7.95797226774875e-08
-7.499211775368841e-08
-7.066593428169059e-08
-6.658646745914888e-08
-6.273982621391545e-08
-5.911289777711778e-08
-5.56932883006128e-08
-5.246929810935365e-08
-4.942987476491966e-08
-4.656458441038918e-08
-4.386356670746743e-08
-4.131752137847199e-08
-3.891766954347551e-08
-3.665571016462148e-08
-3.452382210439213e-08
-3.251461437562769e-08
-3.062110952183638e-08
-2.883672694286245e-08
-2.715525068947696e-08
-2.557081018529647e-08
-2.407787649654395e-08
-2.267121633033125e-08
-2.134590627803337e-08
-2.009729207653915e-08
-1.892099239097059e-08
-1.781286137788585e-08
-1.67689857425675e-08
-1.578568794663962e-08
-1.485949023590108e-08
-1.398711069376213e-08
-1.31654563850068e-08
-1.239161275590458e-08
-1.166282807317935e-08
-1.09765017241666e-08
-1.033018993471309e-08
-9.721581505550488e-09
-9.148494707673441e-09
-8.608886285085187e-09
-8.100809960882313e-09
-7.622450040319364e-09
-7.172078090200285e-09
-6.748080468011137e-09
-6.348927815994337e-09
-5.973179573434042e-09
-5.619475738399562e-09
-5.28653901400267e-09
-4.973156955479596e-09
-4.678191814159631e-09
-4.400572615529243e-09
-4.139290728992775e-09
-3.89339250066918e-09
-3.661977906806109e-09
-3.444206959244286e-09
-3.239276260690745e-09
-3.046439159628209e-09
-2.86498633355846e-09
-2.694254710321092e-09
-2.533616185502928e-09
-2.382478313202764e-09
-2.240284669334417e-09
-2.106510019349797e-09
-1.980662234817797e-09
-1.862273343990414e-09
-1.75090620037129e-09
-1.646144442489137e-09
-1.547609213622683e-09
-1.454929253892914e-09
-1.367761249250335e-09
-1.28577328302163e-09
-1.2086639864763e-09
-1.136145136193458e-09
-1.067942031061961e-09
-1.003805003722469e-09
-9.434876640585029e-10
-8.86766751477736e-10
-8.334322254799655e-10
-7.832832432867359e-10
-7.361317441937113e-10
-6.91802014857134e-10
-6.501221945359817e-10
-6.109363753373696e-10
-5.740960604779047e-10
-5.394627888178686e-10
-5.06904467704761e-10
-4.76296030779802e-10
-4.475243661932208e-10
-4.204796071056046e-10
-3.950619676665491e-10
-3.711715139604073e-10
-3.487130419228432e-10
-3.276027589744136e-10
-3.077605772020537e-10
-2.891113896409442e-10
-2.715849549833878e-10
-2.551166326985545e-10
-2.39637163722488e-10
-2.250947377227304e-10
-2.114346057433115e-10
-1.98592353145491e-10
-1.865253653836051e-10
-1.751919673778696e-10
-1.645418830305089e-10
-1.545326698196637e-10
-1.451300730560209e-10
-1.362978529495613e-10
-1.28000155374992e-10
-1.202000857737553e-10
-1.128767205754012e-10
-1.05994404463902e-10
-9.953119150992022e-11
-9.345425723548472e-11
-8.774507744902298e-11
-8.238630470776216e-11
-7.735172691855901e-11
-7.262458307790138e-11
-6.818404696190064e-11
-6.401491508746531e-11
-6.010242011980823e-11
-5.642937661214492e-11
-5.298561214436752e-11
-4.974230310171967e-11
-4.669490430212339e-11
-4.383401669335821e-11
-4.114468945947308e-11
-3.861881514417167e-11
-3.62469924430213e-11
-3.401978568373292e-11
-3.192971607435611e-11
-2.996904897533762e-11
-2.812739751464235e-11
-2.640115138573333e-11
-2.478192820204543e-11
-2.325808576206355e-11
-2.182760246666183e-11
-2.048531315150633e-11
-1.922493228750603e-11
-1.804252738461303e-11
-1.693192439553762e-11
-1.588897709870234e-11
-1.49114759547694e-11
-1.399227446296069e-11
-1.313256534322593e-11
-1.232594864541186e-11
-1.156340607697903e-11
-1.08472769380204e-11
-1.017415947573047e-11
-9.542746481929676e-12
-8.950083970778865e-12
-8.397047033752516e-12
-7.879889565812049e-12
-7.394505392412855e-12
-6.938330372493866e-12
-6.508567373634132e-12
-6.1060067948211e-12
-5.728480146042576e-12
-5.37745665674578e-12
-5.04718074612105e-12
-4.73557407388331e-12
-4.446187985681805e-12
-4.171490649564382e-12
-3.911989445052096e-12
-3.668208937153237e-12
-3.434393537631454e-12
-3.216546610452952e-12
-3.012695921612813e-12
-2.821651736112705e-12
-2.643886976833507e-12
-2.482709669842176e-12
-2.332161407937165e-12
-2.192056191113149e-12
-2.062202619192712e-12
-1.938641023086651e-12
-1.820926771376189e-12
-1.706012864081033e-12
-1.597927952312087e-12
-1.495650896590398e-12
-1.400807671366001e-12
-1.311347947401147e-12
-1.226624541392111e-12
-1.147965662694303e-12
-1.074025300081036e-12
-1.008560986159624e-12
-9.450877587268006e-13
-8.900413806242501e-13
-8.35684566710674e-13
-7.832135618928257e-13
-7.332980863735755e-13
-6.935282566606902e-13
-6.518688214614713e-13
-6.133429062032213e-13
-5.748633370983396e-13
-5.360206179014247e-13
-4.985063307983161e-13
-4.623162763721747e-13
-4.292035840442074e-13
-4.035410069186095e-13
-3.798486572586711e-13
-3.602145608122395e-13
-3.431302678268328e-13
-3.249638704681124e-13
-3.069322342987968e-13
-2.8630207424175e-13
-2.644262539358847e-13
-2.454400786879187e-13
-2.273194146106081e-13
-2.112186187092768e-13
-1.947302760573892e-13
-1.820554150229229e-13
-1.698704783226077e-13
-1.637745653338076e-13
-1.544045390176524e-13
-1.455128912386534e-13
-1.375016804992259e-13
-1.308041747676446e-13
-1.243194148082923e-13
-1.24070380375778e-13
-1.181930297428698e-13
-1.088711004297004e-13
-9.919532554399282e-14
