1.17446935662286e-12
1.054202243614226e-12
1.090187255957351e-12
1.266894697808025e-12
1.600822104857473e-12
2.124982273599283e-12
2.892053359558692e-12
3.978491508776169e-12
5.490750612130469e-12
7.573768484166311e-12
1.042216932161563e-11
1.429494604461235e-11
1.953504419023947e-11
2.659498782242017e-11
3.606643259579271e-11
4.872284204647824e-11
6.556889587974532e-11
8.79069744318351e-11
1.174171057186051e-10
1.562609041412495e-10
2.072075641058059e-10
2.737936781177722e-10
3.605219446415805e-10
4.731054683851276e-10
6.187692072548132e-10
8.066232449333492e-10
1.048121766497427e-09
1.357621286264492e-09
1.753066728526919e-09
2.256825538424381e-09
2.89670014866447e-09
3.707158230715508e-09
4.730820916727475e-09
6.020253090849081e-09
7.640128426624959e-09
9.669820825838656e-09
1.220651544432317e-08
1.536892983783448e-08
1.930174799687294e-08
2.418090730833978e-08
3.021987355142917e-08
3.767707985153406e-08
4.686472361404398e-08
5.815914324789627e-08
7.201303371271815e-08
8.896978539830375e-08
1.096802781086341e-07
1.349224958037123e-07
1.656243751262155e-07
2.028903417740033e-07
2.480320446210447e-07
3.026038285633676e-07
3.684436365620335e-07
4.477202482440404e-07
5.429876491285797e-07
6.572474044733309e-07
7.940200697112064e-07
9.574267763231275e-07
1.152282251934941e-06
1.384200659348706e-06
1.65971578383129e-06
1.986417239956437e-06
2.373104530177024e-06
2.829960953876972e-06
3.368749549330587e-06
4.003033437786756e-06
4.7484231400912e-06
5.622853650191671e-06
6.646894279067794e-06
7.844094498929394e-06
9.241369283942296e-06
1.086942768315102e-05
1.276324863161733e-05
1.496260827525849e-05
1.751266337031561e-05
2.046459560094022e-05
2.387632194848927e-05
2.781327649719063e-05
3.234926923424462e-05
3.756742786648998e-05
4.356122890850858e-05
5.043562456256336e-05
5.830827212164783e-05
6.731087289515853e-05
7.75906277913485e-05
8.931181693018984e-05
0.0001026575107156185
0.0001178314199125677
0.0001350598922431842
0.0001545940629957446
0.0001767121669409306
0.0002017220186372334
0.0002299636678084818
0.0002618122359923555
0.0002976809399777135
0.0003380243067226603
0.0003833415833932801
0.0004341803448941454
0.0004911402997247431
0.0005548772931733681
0.0006261075048102614
0.0007056118358906351
0.0007942404959157222
0.0008929178320941679
0.001002647378608231
0.001124517109484374
0.001259704888883268
0.001409484111795187
0.00157522952638974
0.001758423227370316
0.001960660807658814
0.002183657653583851
0.002429255366491689
0.002699428291294666
0.0029962901299923
0.003322100615558789
0.003679272218867749
0.004070376858463206
0.004498152580039397
0.004965510169414808
0.005475539659604907
0.006031516689337836
0.006636908666968431
0.007295380690286021
0.008010801169154192
0.008787247094381622
0.009629008893845315
0.01054059483168054
0.0115267349414977
0.01259238440223413
0.01374272627520384
0.01498317353237004
0.01631937030430458
0.01775719227380752
0.01930274613878448
0.02096236806561736
0.02274262105212302
0.02465029111726866
0.02669238223535292
0.02887610996406342
0.03120889399965819
0.03369834969990324
0.03635227819877919
0.03917865476843307
0.04218561551967489
0.04538144257691213
0.04877454771988557
0.05237345436134903
0.05618677782812876
0.06022320390324139
0.06449146564984162
0.06900031851325122
0.07375851366362829
0.07877476962649341
0.084057742174089
0.08961599253116202
0.09545795393370264
0.1015918965491975
0.1080258908669914
0.1147677695704642
0.1218250880010934
0.129205083306175
0.1369146323261673
0.1449602083967903
0.153347837121458
0.1620830512862649
0.1711708450651759
0.1806156276183871
0.1904211763245834
0.2005905897443267
0.2111262405454555
0.2220297285885509
0.2333018343161332
0.2449424727464887
0.2569506481973833
0.2693244100130832
0.2820608095278406
0.2951558584369553
0.3086044889200757
0.3224005156495926
0.3365365999801824
0.3510042165652279
0.3657936225710292
0.3808938298456371
0.3962925801602546
0.4119763238203578
0.4279302018763879
0.4441380320699829
0.4605822988500916
0.4772441475327153
0.4941033828683558
0.5111384721984084
0.5283265532731074
0.5456434470139631
0.5630636752155093
0.5805604833789929
0.598105868778409
0.6156706137442851
0.6332243243690241
0.6507354745209243
0.6681714552565261
0.6854986296256602
0.7026823927485829
0.7196872372685206
0.7364768239409387
0.7530140573315436
0.7692611664969802
0.7851797904040257
0.8007310680675749
0.8158757330482389
0.830574212166705
0.8447867281888973
0.8584734061159602
0.8715943829426211
0.8841099204124226
0.8959805205206252
0.9071670434128269
0.9176308272085731
0.9273338095059955
0.9362386500194626
0.9443088540280979
0.9515088962078994
0.9578043443038604
0.9631619823285024
0.967549932696521
0.9709377769277219
0.9732966744567312
0.9745994789891606
0.974820852069882
0.9739373732745675
0.971927646648688
0.9687724029474372
0.9644545971593973
0.958959501012
0.9522747899205364
0.9443906240494748
0.9352997231048771
0.9249974344262833
0.9134817941461733
0.9007535809886704
0.8868163624704152
0.871676533234094
0.855343345220681
0.8378289295727266
0.8191483099722248
0.799319407275074
0.7783630353240431
0.7563028878672844
0.7331655166807729
0.7089803006647453
0.6837794056784898
0.6575977352289875
0.6304728727154382
0.6024450162090492
0.5735569045214302
0.5438537325694701
0.5133830567981694
0.4821946939932844
0.4503406158947869
0.4178748367265224
0.3848532916016366
0.3513337066533151
0.3173754631561121
0.2830394566106621
0.2483879504767792
0.2134844246904907
0.1783934194843413
0.1431803751279762
0.1079114681318648
0.07265344438578916
0.03747344975971459
0.002438858712378702
-0.03238289853908122
-0.0669245097308724
-0.1011189545909395
-0.1348996786433337
-0.1682007662206134
-0.2009571121243107
-0.2331045913906596
-0.2645802266104663
-0.2953223522744715
-0.3252707756235373
-0.3543669334850024
-0.3825540446160308
-0.4097772570624468
-0.4359837900879495
-0.4611230702386531
-0.4851468611111277
-0.5080093864493707
-0.5296674461849324
-0.5500805250973966
-0.5692108937831277
-0.587023701625084
-0.6034870615269261
-0.6185721261618309
-0.63225315555718
-0.6445075758493644
-0.655316029053968
-0.6646624137730746
-0.6725339167393293
-0.6789210351681968
-0.6838175899078335
-0.6872207293926812
-0.689130924480891
-0.6895519542257188
-0.6884908826991754
-0.6859580270063126
-0.6819669166481316
-0.6765342444580845
-0.6696798092982587
-0.6614264507653094
-0.6517999761726183
-0.6408290800885691
-0.6285452567649761
-0.6149827057617233
-0.6001782311297166
-0.5841711345154224
-0.5670031025503953
-0.5487180889350606
-0.5293621916049133
-0.5089835254052183
-0.4876320906977149
-0.4653596383216483
-0.4422195313617459
-0.4182666041467388
-0.3935570189277691
-0.3681481206798503
-0.3420982904632555
-0.3154667977968755
-0.2883136524679341
-0.2606994562131637
-0.2326852546966422
-0.2043323901996946
-0.1757023554385616
-0.1468566488980472
-0.1178566320688645
-0.08876338896232168
-0.05963758826135267
-0.03053934845613654
-0.001528106290990967
0.02733751116268335
0.05599981051185639
0.08440215184673558
0.1124890640836123
0.1402063556021717
0.1675012199553569
0.1943223364490026
0.2206199654043509
0.2463460379408865
0.2714542401314632
0.2959000914076977
0.3196410171112509
0.3426364151013865
0.3648477163577247
0.3862384395261932
0.4067742393844574
0.4264229492181996
0.4451546171124364
0.4629415361911756
0.4797582688427955
0.4955816649977282
0.5103908745356965
0.5241673539077334
0.5368948670868192
0.5485594809601817
0.5591495553013123
0.5686557274682684
0.5770708919820803
0.5843901751638418
0.5906109050003983
0.5957325764343842
0.5997568122752005
0.6026873199244607
0.6045298441294235
0.6052921159784094
0.6049837983725789
0.6036164282002524
0.6012033554310835
0.5977596793669614
0.5933021822772029
0.5878492606567364
0.5814208543424441
0.5740383737211832
0.5657246252752051
0.5565037356828602
0.5464010746993956
0.5354431770442818
0.5236576635219166
0.5110731616063263
0.4977192256899629
0.4836262572031068
0.4688254248062106
0.4533485848508698
0.437228202305578
0.4204972723224328
0.4031892426219441
0.385337936864084
0.3669774791647324
0.3481422199154237
0.32886666304448
0.3091853948563907
0.2891330145768338
0.2687440667206664
0.2480529753958823
0.2270939806431244
0.2059010769068958
0.1845079537221419
0.1629479386886877
0.1412539428022019
0.119458408200097
0.09759325837453503
0.07568985089513861
0.05377893267555682
0.03189059781170082
0.0100542480098145
-0.01170144438329519
-0.03334857074362881
-0.05486001792916929
-0.07620949744253142
-0.09737157201146146
-0.1183216796099556
-0.1390361549487992
-0.1594922484661494
-0.1796681428535944
-0.1995429671602793
-0.2190968085268349
-0.2383107216023991
-0.2571667356960678
-0.2756478597187619
-0.2937380849796013
-0.3114223859095778
-0.3286867187830661
-0.3455180185011276
-0.3619041935057555
-0.3778341189028428
-0.3932976278794978
-0.4082855014955732
-0.4227894569210642
-0.4368021341966571
-0.4503170816000181
-0.4633287397053973
-0.4758324242186782
-0.4878243076654265
-0.4993014000160269
-0.5102615283249785
-0.5207033154631968
-0.5306261580223031
-0.5400302034712784
-0.5489163266499753
-0.5572861056677004
-0.5651417972773902
-0.5724863117972954
-0.5793231876542442
-0.5856565656250884
-0.5914911628351642
-0.5968322465722012
-0.6016856079779032
-0.6060575356844261
-0.6099547894645425
-0.613384573940688
-0.6163545123996514
-0.6188726207633461
-0.6209472817679903
-0.6225872194027431
-0.6238014736470132
-0.6245993755500775
-0.6249905226916576
-0.6249847550545702
-0.6245921313438841
-0.6238229057824758
-0.6226875054127864
-0.6211965079312091
-0.6193606200812704
-0.6171906566350781
-0.614697519973981
-0.6118921802795877
-0.6087856563504263
-0.6053889970635361
-0.6017132635001911
-0.5977695117367949
-0.5935687763035895
-0.5891220543167403
-0.5844402902914629
-0.5795343616441918
-0.5744150648782576
-0.5690931024499384
-0.5635790703121729
-0.5578834461337514
-0.5520165781927617
-0.5459886749336171
-0.5398097951792196
-0.5334898389894875
-0.5270385391570195
-0.5204654533320288
-0.5137799567620406
-0.5069912356336588
-0.50010828100329
-0.4931398833038095
-0.4860946274160703
-0.4789808882867748
-0.4718068270768219
-0.464580387824197
-0.45730929460525
-0.4500010491795089
-0.4426629290994387
-0.4353019862674277
-0.4279250459230671
-0.4205387060446691
-0.4131493371507847
-0.405763082481168
-0.3983858585393086
-0.3910233559792553
-0.3836810408196309
-0.3763641559692645
-0.3690777230459711
-0.3618265444713615
-0.3546152058253408
-0.3474480784449834
-0.3403293222542097
-0.3332628888059718
-0.3262525245200976
-0.3193017741019312
-0.3124139841291674
-0.3055923067951821
-0.2988397037921645
-0.2921589503196967
-0.2855526392056228
-0.2790231851269887
-0.2725728289194703
-0.2662036419628271
-0.2599175306309279
-0.2537162407954811
-0.2476013623733377
-0.2415743339086786
-0.2356364471789043
-0.2297888518147309
-0.2240325599257019
-0.2183684507227666
-0.2127972751305257
-0.2073196603811609
-0.2019361145832786
-0.1966470312589695
-0.1914526938424163
-0.1863532801342674
-0.1813488667063792
-0.1764394332528738
-0.1716248668826776
-0.166904966347532
-0.1622794462008166
-0.157747940884356
-0.1533100087413283
-0.148965135952062
-0.144712740388503
-0.1405521753843985
-0.1364827334196018
-0.1325036497174429
-0.1286141057535037
-0.1248132326740027
-0.1211001146231111
-0.1174737919776858
-0.1139332644882587
-0.1104774943258623
-0.1071054090350244
-0.1038159043934994
-0.1006078471780413
-0.09748007783619941
-0.09443141306454499
-0.09146064829431581
-0.08856656008573929
-0.08574790843119408
-0.08300343896767745
-0.08033188509978896
-0.07773197003496221
-0.07520240873280709
-0.07274190976927722
-0.07034917711656043
-0.06802291184036936
-0.06576181371647527
-0.06356458276847061
-0.06142992072816014
-0.05935653242020235
-0.05734312707287549
-0.05538841955672937
-0.05349113155322096
-0.0516499926549813
-0.04986374139992557
-0.04813112624102583
-0.04645090645331889
-0.04482185297992496
-0.04324274921922321
-0.04171239175525038
-0.04022959103333541
-0.03879317198271028
-0.03740197458820659
-0.03605485441267253
-0.03475068307183698
-0.03348834866343277
-0.03226675615260462
-0.03108482771546959
-0.02994150304248584
-0.02883573960309621
-0.02776651287348942
-0.02673281652926228
-0.02573366260483926
-0.02476808162099617
-0.02383512268180937
-0.0229338535426405
-0.02206336065072966
-0.0212227491598588
-0.02041114292053578
-0.0196276844470968
-0.0188715348630314
-0.01814187382575414
-0.017437899431994
-0.0167588281050499
-0.01610389446520838
-0.01547235118437675
-0.01486346882606532
-0.01427653567170141
-0.01371085753436846
-0.01316575756071897
-0.0126405760221924
-0.01213467009640839
-0.01164741363991148
-0.01117819695273978
-0.01072642653556416
-0.01029152484012692
-0.009872930013918426
-0.009470095639883023
-0.00908249047167937
-0.008709598165001217
-0.008350917005546351
-0.008005959634348324
-0.007674252771057798
-0.007355336935597055
-0.007048766168640164
-0.006754107751325822
-0.00647094192477623
-0.006198861609768518
-0.005937472126979012
-0.005686390918090771
-0.005445247268136938
-0.005213682029360697
-0.004991347346835309
-0.004777906386183646
-0.004573033063722698
-0.004376411779197816
-0.00418773715134571
-0.004006713756390191
-0.003833055869724393
-0.003666487210916601
-0.003506740692183858
-0.003353558170528554
-0.003206690203669109
-0.003065895809832621
-0.002930942231469132
-0.002801604703001124
-0.002677666222672103
-0.002558917328574584
-0.002445155878922687
-0.002336186836607619
-0.002231822058023313
-0.002131880086257475
-0.002036185948598301
-0.001944570958405345
-0.001856872521324188
-0.001772933945873798
-0.001692604258380435
-0.001615738022193203
-0.001542195161228152
-0.001471840787782133
-0.00140454503456645
-0.001340182890983207
-0.001278634043552806
-0.001219782720489638
-0.001163517540333874
-0.001109731364558531
-0.001058321154172306
-0.001009187830274649
-0.0009622361384320343
-0.0009173745168728993
-0.0008745149684017151
-0.0008335729359831864
-0.0007944671819365092
-0.0007571196706658282
-0.0007214554548648887
-0.0006874025651398992
-0.0006548919029619302
-0.0006238571368459034
-0.0005942346017650856
-0.0005659632017428312
-0.0005389843155150167
-0.0005132417051104823
-0.0004886814271142875
-0.0004652517467618667
-0.0004429030553357191
-0.0004215877905367694
-0.0004012603593176711
-0.0003818770625082123
-0.0003633960219119852
-0.0003457771102479146
-0.0003289818837718894
-0.0003129735171853981
-0.0002977167405953497
-0.0002831777786052485
-0.0002693242915975158
-0.0002561253190708964
-0.0002435512250136597
-0.0002315736451900946
-0.0002201654363280173
-0.0002093006271286258
-0.0001989543710567036
-0.0001891029008621823
-0.0001797234847498405
-0.0001707943841899075
-0.0001622948132699949
-0.0001542048995748288
-0.0001465056465361742
-0.0001391788971846888
-0.0001322072992914686
-0.0001255742718383157
-0.0001192639727601519
-0.0001132612679279261
-0.0001075517013408267
-0.0001021214664614982
-9.695737868105879e-05
-9.204684885998569e-05
-8.737785790614615e-05
-8.293893235684802e-05
-7.871912094892967e-05
-7.470797209507825e-05
-7.089551229328077e-05
-6.727222537563196e-05
-6.382903262619729e-05
-6.055727366146955e-05
-5.744868814512333e-05
-5.449539819726953e-05
-5.168989156415338e-05
-4.902500547810136e-05
-4.649391115487874e-05
-4.409009896780814e-05
-4.180736422490683e-05
-3.96397935469609e-05
-3.758175181904652e-05
-3.562786967322453e-05
-3.377303153732918e-05
-3.201236415472317e-05
-3.034122561810061e-05
-2.87551948531251e-05
-2.725006156595384e-05
-2.582181662328403e-05
-2.446664284359361e-05
-2.318090618297258e-05
-2.196114732247616e-05
-2.080407359636834e-05
-1.970655129020797e-05
-1.866559827460596e-05
-1.767837696244794e-05
-1.674218757106974e-05
-1.58544617095065e-05
-1.50127561936544e-05
-1.421474720283014e-05
-1.345822465394315e-05
-1.274108684118524e-05
-1.206133532349365e-05
-1.141707003056064e-05
-1.080648459551895e-05
-1.022786189769701e-05
-9.679569823954714e-06
-9.160057178898635e-06
-8.667849836185751e-06
-8.201547038347931e-06
-7.759817854330139e-06
-7.341397833192613e-06
-6.945085781688805e-06
-6.569740712826465e-06
-6.21427892885865e-06
-5.877671222517959e-06
-5.558940246718802e-06
-5.257157971965659e-06
-4.971443275260998e-06
-4.700959653788029e-06
-4.444913015692354e-06
-4.202549611522615e-06
-3.973154043678255e-06
-3.756047379236207e-06
-3.550585331382223e-06
-3.356156568868693e-06
-3.172181048545098e-06
-2.998108496278077e-06
-2.83341687666355e-06
-2.677611038412283e-06
-2.530221329258848e-06
-2.390802334385505e-06
-2.258931666869202e-06
-2.1342087969672e-06
-2.016253958828663e-06
-1.904707102872158e-06
-1.799226895496556e-06
-1.699489780409708e-06
-1.605189070025898e-06
-1.516034084763718e-06
-1.431749353045904e-06
-1.352073821409142e-06
-1.276760136982646e-06
-1.205573925365262e-06
-1.138293144193023e-06
-1.074707435769629e-06
-1.014617544091873e-06
-9.578347275846254e-07
-9.041802285312055e-07
-8.534847541002587e-07
-8.055879863276797e-07
-7.60338112393772e-07
-7.175914026286153e-07
-6.772117677081926e-07
-6.390703752949796e-07
-6.030452546629923e-07
-5.690209675750897e-07
-5.368882499411465e-07
-5.065436778241794e-07
-4.778893839145641e-07
-4.508327539218866e-07
-4.252861581423331e-07
-4.011666826168033e-07
-3.783958717489873e-07
-3.568995208113724e-07
-3.366074221401091e-07
-3.174531718050753e-07
-2.993739542759664e-07
-2.823103710333989e-07
-2.662062406592654e-07
-2.510084360388906e-07
-2.366667236401708e-07
-2.231336091058893e-07
-2.103641790392728e-07
-1.983159762731186e-07
-1.869488626632841e-07
-1.762249000101018e-07
-1.661082302194839e-07
-1.565649512492055e-07
-1.475630365510624e-07
-1.390722054558585e-07
-1.310638455501049e-07
-1.235109455967019e-07
-1.163879697147706e-07
-1.096707903144571e-07
-1.033366031526053e-07
-9.736385363711375e-08
-9.173219199388786e-08
-8.642239626766969e-08
-8.141632294723825e-08
-7.669682765627668e-08
-7.22477239381545e-08
-6.805372086373366e-08
-6.410038618727678e-08
-6.037408646421049e-08
-5.686195027900544e-08
-5.355183198242234e-08
-5.043225346716994e-08
-4.749238292299466e-08
-4.472199527535418e-08
-4.211144054585408e-08
-3.965160963972918e-08
-3.733390413343601e-08
-3.515021133826592e-08
-3.309288251320179e-08
-3.115469010199151e-08
-2.932881825606919e-08
-2.760883191734912e-08
-2.59886611045108e-08
-2.446258323111648e-08
-2.302519444185536e-08
-2.167140442868588e-08
-2.039640368273845e-08
-1.919566382158256e-08
-1.806490991128447e-08
-1.700010461617156e-08
-1.599744668617586e-08
-1.505334329462475e-08
-1.416441638704213e-08
-1.332746916746221e-08
-1.253950045349098e-08
-1.179767053913345e-08
-1.109931123590064e-08
-1.044190375094421e-08
-9.823070824138464e-09
-9.240568206207863e-09
-8.692284796103217e-09
-8.176234461672266e-09
-7.690540292691126e-09
-7.233434459724051e-09
-6.803253439094902e-09
-6.398429547728699e-09
-6.017474903422338e-09
-5.659007612325227e-09
-5.321705409222265e-09
-5.004339131230011e-09
-4.705735706927304e-09
-4.424795618722902e-09
-4.160486381482185e-09
-3.91183008948873e-09
-3.677908418394635e-09
-3.457857825684263e-09
-3.250861105533185e-09
-3.056152695189938e-09
-2.873010805216186e-09
-2.700750771013899e-09
-2.538734789752495e-09
-2.386357065057774e-09
-2.243053870286494e-09
-2.108287830068326e-09
-1.981552971294998e-09
-1.862377905733224e-09
-1.750316896234226e-09
-1.644946281100893e-09
-1.545872458399782e-09
-1.45271976717596e-09
-1.36513689483852e-09
-1.282795268791065e-09
-1.20538148652237e-09
-1.132608920942692e-09
-1.064196384972726e-09
-9.998860463376609e-10
-9.394356223657774e-10
-8.826087910376239e-10
-8.291945480617731e-10
-7.789885094188582e-10
-7.317948747048662e-10
-6.874415115173321e-10
-6.457525172087277e-10
-6.065782707273223e-10
-5.697586979039053e-10
-5.351645025322074e-10
-5.026628722530527e-10
-4.721196551544404e-10
-4.434224107103962e-10
-4.16463295928417e-10
-3.911311980280795e-10
-3.673265523396855e-10
-3.449611255919646e-10
-3.239449515863614e-10
-3.041974760011979e-10
-2.856500584876858e-10
-2.682214821630777e-10
-2.518528293648646e-10
-2.364691087282516e-10
-2.220213998633852e-10
-2.084564425038503e-10
-1.957128440992251e-10
-1.837432262682305e-10
-1.725018014019322e-10
-1.619463472463761e-10
-1.520328864365241e-10
-1.427234819673947e-10
-1.339795031105461e-10
-1.257680998478933e-10
-1.180562938026246e-10
-1.108162312039461e-10
-1.040184920237858e-10
-9.763326345963068e-11
-9.163676490078853e-11
-8.60052784436741e-11
-8.071780230385515e-11
-7.575281408586453e-11
-7.109453479373421e-11
-6.672338524829679e-11
-6.262061028050094e-11
-5.876785092931456e-11
-5.514898860586814e-11
-5.174884538417529e-11
-4.855211648867471e-11
-4.555048224824472e-11
-4.273566562986511e-11
-4.009778523630386e-11
-3.762281985875392e-11
-3.529948212698976e-11
-3.311968196987416e-11
-3.107473466432071e-11
-2.916146521641463e-11
-2.736855773681165e-11
-2.568422451775759e-11
-2.410019936464548e-11
-2.260721890152279e-11
-2.120239236168544e-11
-1.989187040140828e-11
-1.865624652790436e-11
-1.749208311154754e-11
-1.640229546091584e-11
-1.537923091503186e-11
-1.441911387941613e-11
-1.351748476750542e-11
-1.267910516272069e-11
-1.189388037233892e-11
-1.115862259682756e-11
-1.046912512795533e-11
-9.826447061607102e-12
-9.220808066652612e-12
-8.656044045133184e-12
-8.121429645839719e-12
-7.619078420266652e-12
-7.143596428728912e-12
-6.698777402803081e-12
-6.275105742804653e-12
-5.880761119972179e-12
-5.506723910355397e-12
-5.157931683697603e-12
-4.831050128551359e-12
-4.527680020942851e-12
-4.248493692028225e-12
-3.983198724804127e-12
-3.733859702198241e-12
-3.500795342454277e-12
-3.285724839279116e-12
-3.084383004770583e-12
-2.897474428250118e-12
-2.719478804331877e-12
-2.553212220779896e-12
-2.395236593531963e-12
-2.249190223026085e-12
-2.106514125209158e-12
-1.970084135598971e-12
-1.842169281019996e-12
-1.723068817830889e-12
-1.612720525790879e-12
-1.508672472701193e-12
-1.411654441675417e-12
-1.323377941066616e-12
-1.24355200287764e-12
-1.171020282166151e-12
-1.097434272603925e-12
-1.023562918783286e-12
-9.588636838145149e-13
-8.968293067881463e-13
-8.406259433646065e-13
-7.934519781145841e-13
-7.49631440141336e-13
-7.008190794466239e-13
-6.563754947878916e-13
-6.160250255887089e-13
-5.784612140177291e-13
-5.43336403108711e-13
-5.11759019420241e-13
-4.796418746438568e-13
-4.460463634124128e-13
-4.136912920479404e-13
-3.810410423212122e-13
-3.551016503973473e-13
-3.330163791665836e-13
-3.124450012370022e-13
-2.906493802227573e-13
-2.728221366922178e-13
-2.60328121027419e-13
-2.452553467139969e-13
-2.298923578213252e-13
-2.161934658477219e-13
-2.013514423116514e-13
-1.879699485162068e-13
-1.810122672573818e-13
-1.774696998319291e-13
-1.70452345722139e-13
-1.585218432842701e-13
-1.501118362507114e-13
-1.360600519702108e-13
-1.233959801406786e-13
-1.089691462641131e-13
-9.483552453478388e-14
-8.812399728791428e-14
-7.81161897387843e-14
-7.281368694955961e-14
-6.774758639021766e-14
-6.484006260999677e-14
-6.334830738791856e-14
-6.394297230336976e-14
-6.154364055265941e-14
