-3.302142273949252e-12
-2.14934534846803e-12
-1.38058910740535e-12
-8.393064754918304e-13
-4.371759301812678e-13
-1.114599386191331e-13
1.864672296226778e-13
4.977080104135687e-13
8.61375578376071e-13
1.319418237505668e-12
1.921758939510642e-12
2.731434098990372e-12
3.829067451545539e-12
5.321116471613665e-12
7.34731988232764e-12
1.009152647824272e-11
1.379723725086589e-11
1.878240873510059e-11
2.546425607053596e-11
3.438610857631277e-11
4.62545327259589e-11
6.198295210928515e-11
8.275252541586627e-11
1.100796640555875e-10
1.459105369376389e-10
1.927273385589117e-10
2.536964888478244e-10
3.32831040970186e-10
4.352151517504425e-10
5.672623609569776e-10
7.370409570645057e-10
9.546753188046209e-10
1.232832878681646e-09
1.587318633231865e-09
2.037800890928274e-09
2.608696546052309e-09
3.33023423656016e-09
4.239749937515742e-09
5.383241702741406e-09
6.817249312044925e-09
8.611101956062614e-09
1.08496174201445e-08
1.363632361464353e-08
1.709730161375417e-08
2.138575777065695e-08
2.668743809510826e-08
3.322704765438221e-08
4.127581980072643e-08
5.116042565768984e-08
6.327343411632098e-08
7.808554760105369e-08
9.615988696550339e-08
1.181686229838103e-07
1.449123752195067e-07
1.773427515094947e-07
2.165884643528283e-07
2.639855354059697e-07
3.211121344406064e-07
3.898286994280905e-07
4.723240310103758e-07
5.711681475498285e-07
6.893727691877718e-07
8.304603893396898e-07
9.985430037555001e-07
1.19841166262995e-06
1.435638148905818e-06
1.716690187026531e-06
2.049061753738908e-06
2.441420180985162e-06
2.903771913104542e-06
3.447648940436065e-06
4.086318114456048e-06
4.835015715851072e-06
5.711209877988309e-06
6.734893635684711e-06
7.928911620528625e-06
9.319323620229532e-06
1.093580846485271e-05
1.281211187076122e-05
1.498654220669037e-05
1.750251837454623e-05
2.040917424591872e-05
2.376202435342869e-05
2.762369576883964e-05
3.206473136621421e-05
3.716446990859667e-05
4.301200859230515e-05
4.970725394302973e-05
5.736206708803714e-05
6.610150963814651e-05
7.606519648890884e-05
8.740876195742278e-05
0.0001003054456663645
0.0001149478045636374
0.0001315495573148637
0.0001503475671074138
0.0001716039685749769
0.000195608444090108
0.0002226806540821489
0.000253172825288922
0.0002874724999104478
0.0003260054480431605
0.0003692387520204938
0.0004176840875086631
0.0004719011957640303
0.0005325015443607838
0.0006001521781851062
0.0006755797620176743
0.0007595748150940804
0.0008529961369473281
0.0009567754226969258
0.001071922064669398
0.001199528135819412
0.001340773548956355
0.001496931384128357
0.001669373374779848
0.001859575541424872
0.002069123959597425
0.00229972064666679
0.002553189549900214
0.002831482615715518
0.003136685917547495
0.003471025817086804
0.003836875130825724
0.00423675927090294
0.004673362326206458
0.005149533047161261
0.005668290704249322
0.006232830808098034
0.006846530634014947
0.007512954497300764
0.008235858730166188
0.009019196308537475
0.009867121074019302
0.01078399149315127
0.01177437389298517
0.0128430451088755
0.01399499447732899
0.01523542510503166
0.01656975436127091
0.01800361370232479
0.01954284782892004
0.02119351293669659
0.02296187383065314
0.02485439992288123
0.02687776016003974
0.02903881684387011
0.0313446182340379
0.03380238987835997
0.03641952460837009
0.03920357117484468
0.04216222148279015
0.04530329636408265
0.0486347298766427
0.05216455207344583
0.05590087023361111
0.05985184853879853
0.06402568615958723
0.0684305937791003
0.07307476852139227
0.07796636731444473
0.08311347870757732
0.08852409314144485
0.09420607174648572
0.1001671136711442
0.1064147220181429
0.1129561684541029
0.1197984565310856
0.1269482838519053
0.134412003120112
0.1421955822071268
0.1503045633515059
0.1587440215727404
0.1675185224920572
0.1766320796390223
0.1860881114275556
0.1958893979632109
0.2060380378059314
0.2165354049377605
0.2273821060444048
0.2385779383382424
0.2501218481219032
0.2620118902445315
0.2742451887407236
0.2868178987792128
0.2997251701818548
0.3129611127325539
0.3265187634336913
0.3403900560181615
0.3545657928417966
0.3690356194259732
0.3837880018662009
0.3988102072474579
0.4140882873694987
0.4296070658758029
0.4453501290331539
0.4612998203451639
0.4774372390996454
0.4937422431215057
0.5101934557639421
0.5267682773298284
0.5434429010455347
0.5601923336215101
0.5769904206129095
0.5938098765256267
0.6106223197805853
0.6273983125727273
0.6441074055654188
0.6607181875427667
0.6771983398657965
0.6935146957527284
0.7096333043176005
0.7255194991987531
0.741137971796431
0.7564528488550134
0.7714277743063765
0.786025995200049
0.8002104514372609
0.8139438692141654
0.8271888578104775
0.8399080095467879
0.8520640026352672
0.8636197065356606
0.8745382896226304
0.8847833287139932
0.8943189201973621
0.9031097923987668
0.9111214187331804
0.918320131372835
0.9246732349212254
0.9301491197652415
0.9347173746995144
0.9383488983354429
0.9410160089986798
0.9426925525786395
0.9433540079774109
0.9429775897439809
0.9415423474136525
0.9390292612564011
0.9354213339269188
0.930703677685385
0.9248635968116603
0.91789066479432
0.9097767960558926
0.9005163117630743
0.8901059994208202
0.8785451659567031
0.8658356840378733
0.8519820315444118
0.8369913237424951
0.820873337659604
0.80364052854219
0.7853080389813399
0.765893701700055
0.7454180342942002
0.7239042230575361
0.7013780962793192
0.6778680909041975
0.6534052157253034
0.6280230072220397
0.6017574747509775
0.5746470355484652
0.5467324422756289
0.5180567042624047
0.4886650016165719
0.4586045919060713
0.4279247096930163
0.3966764593998216
0.364912701898335
0.3326879350603548
0.3000581686063476
0.2670807936259326
0.2338144471634138
0.2003188723016456
0.1666547741485447
0.1328836721777157
0.09906774937949564
0.0652696986872144
0.03155256716675804
-0.002020401549986542
-0.0353859260891221
-0.06848084691805975
-0.1012422861852463
-0.1336078073139798
-0.1655155738458859
-0.1969045070374031
-0.2277144417171664
-0.2578862799098088
-0.2873621417537765
-0.316085513234899
-0.3440013902877053
-0.3710564188232099
-0.3971990302423539
-0.4223795720354963
-0.4465504330601954
-0.4696661631350643
-0.4916835865977313
-0.5125619094817446
-0.532262820023327
-0.5507505821930926
-0.5679921220029063
-0.5839571063540717
-0.5986180142073139
-0.611950199918229
-0.6239319485590715
-0.6345445231072012
-0.6437722034014793
-0.6516023167882038
-0.6580252604432288
-0.6630345153255036
-0.6666266517798727
-0.6688013268280953
-0.6695612732045563
-0.6689122802528519
-0.6668631667775188
-0.6634257460082815
-0.6586147828430564
-0.6524479435422076
-0.6449457381040261
-0.6361314555360216
-0.6260310922874217
-0.614673274115083
-0.6020891716623024
-0.5883124100770589
-0.5733789729709226
-0.5573271010624924
-0.5401971858533059
-0.5220316586875774
-0.5028748755814501
-0.4827729981820436
-0.4617738712456463
-0.4399268970252525
-0.4172829069583933
-0.3938940310667544
-0.3698135654498207
-0.3450958382735639
-0.3197960746509974
-0.2939702608057729
-0.267675007917777
-0.2409674160268715
-0.2139049383782508
-0.1865452465792203
-0.1589460969247878
-0.1311651982486837
-0.1032600816393758
-0.07528797235519352
-0.04730566425524159
-0.01936939704840896
0.008465263347031274
0.03614354105786591
0.06361156286273079
0.09081646690685601
0.1177065072953877
0.144231154353789
0.1703411903586516
0.1959888005619263
0.2211276593483846
0.2457130113810027
0.269701747611813
0.2930524760470956
0.3157255871797575
0.3376833140168577
0.3588897866426937
0.3793110812834185
0.3989152638465202
0.4176724279325868
0.4355547273303186
0.4525364030182761
0.4685938047221943
0.4837054070776492
0.4978518204745836
0.5110157966681516
0.5231822292444919
0.5343381490526102
0.5444727147210383
0.5535771984023991
0.5616449668891434
0.5686714582419859
0.574654154096521
0.5795925478113093
0.5834881086375894
0.5863442420939422
0.5881662467341705
0.5889612675152316
0.5887382459507926
0.5875078672484426
0.5852825046360187
0.5820761610896901
0.577904408687019
0.5727843257818482
0.5667344322098954
0.5597746227354047
0.5519260989475891
0.5432112998223561
0.5336538311475385
0.5232783940165388
0.5121107125903269
0.5001774613226362
0.4875061918477501
0.4741252597107105
0.4600637511237543
0.4453514099260891
0.4300185649160077
0.4140960577247109
0.3976151713876324
0.3806075597708953
0.3631051779979005
0.3451402140091495
0.3267450213886626
0.3079520535795771
0.2887937996082523
0.2693027214261016
0.24951119296925
0.2294514410329928
0.20915548804423
0.1886550968123757
0.1679817173292276
0.147166435678495
0.1262399251114835
0.1052323993391147
0.08417356808493173
0.06309259493159321
0.04201805748475065
0.02097790987534517
-5.523837205558543e-07
-0.02089072517807262
-0.04166672621008906
-0.06230342306016438
-0.08277645890021787
-0.1030622758744112
-0.123138136170266
-0.1429821408083764
-0.1625732461798156
-0.1818912783643228
-0.200916945269415
-0.219631846638397
-0.2380184819764506
-0.2560602564421273
-0.2737414847562776
-0.2910473931861745
-0.3079641196681819
-0.3244787121322654
-0.3405791250901452
-0.3562542145555135
-0.3714937313619669
-0.3862883129470433
-0.4006294736726409
-0.4145095937550449
-0.4279219068824812
-0.4408604865879623
-0.4533202314474314
-0.4652968491760034
-0.4767868396977958
-0.4877874772686761
-0.4982967917179027
-0.508313548874927
-0.5178372302518248
-0.5268680120565551
-0.5354067436155376
-0.5434549252641123
-0.5510146857653706
-0.5580887593214403
-0.5646804622436706
-0.5707936693476335
-0.5764327901289412
-0.5816027447800706
-0.5863089401043196
-0.5905572453764253
-0.5943539682022405
-0.5977058304262741
-0.6006199441355654
-0.6031037878056404
-0.6051651826338267
-0.6068122691088172
-0.6080534838472821
-0.6088975367283302
-0.6093533883602326
-0.6094302279180527
-0.6091374513904486
-0.6084846402559724
-0.6074815406100815
-0.6061380427666933
-0.6044641613603619
-0.6024700159747796
-0.600165812309607
-0.5975618238992678
-0.5946683743976076
-0.5914958204423812
-0.5880545351140386
-0.5843548919933979
-0.5804072498239514
-0.5762219377843386
-0.5718092413752264
-0.5671793889258895
-0.5623425387183545
-0.5573087667280309
-0.552088054979198
-0.546690280512986
-0.541125204967261
-0.5354024647593251
-0.5295315618643186
-0.5235218551819688
-0.5173825524833024
-0.5111227029301179
-0.5047511901551049
-0.4982767258911189
-0.4917078441383484
-0.4850528958587958
-0.4783200441889113
-0.4715172601536775
-0.4646523188679411
-0.4577327962110047
-0.450766065960125
-0.4437592973701491
-0.436719453182405
-0.4296532880473062
-0.4225673473455099
-0.4154679663933248
-0.4083612700196699
-0.4012531724960021
-0.3941493778018911
-0.3870553802108078
-0.3799764651831953
-0.3729177105546037
-0.3658839880004151
-0.3588799647609573
-0.3519101056121592
-0.3449786750675521
-0.3380897397980719
-0.3312471712547417
-0.324454648480166
-0.3177156610953801
-0.3110335124492866
-0.3044113229192904
-0.2978520333487449
-0.2913584086083784
-0.2849330412697921
-0.2785783553793747
-0.2722966103220692
-0.2660899047634979
-0.2599601806603675
-0.2539092273289449
-0.2479386855614945
-0.2420500517813598
-0.2362446822278577
-0.230523797163863
-0.2248884850976878
-0.2193397070094904
-0.2138783005738129
-0.2085049843724214
-0.2032203620926708
-0.1980249267049154
-0.1929190646110324
-0.1879030597578065
-0.1829770977106577
-0.178141269683854
-0.173395576522635
-0.168739932632379
-0.164174169851497
-0.1596980412635633
-0.1553112249446944
-0.1510133276432184
-0.1468038883896032
-0.1426823820350041
-0.1386482227152798
-0.1347007672378793
-0.1308393183900024
-0.1270631281669792
-0.123371400920368
-0.1197632964237768
-0.1162379328548859
-0.1127943896930474
-0.1094317105328381
-0.1061489058141133
-0.1029449554674115
-0.09981881147408138
-0.09676940034137217
-0.09379562549333338
-0.09089636957830062
-0.08807049669324886
-0.08531685452545629
-0.08263427641243826
-0.08002158332104278
-0.07747758574687022
-0.07500108553507404
-0.07259087762396935
-0.07024575171264899
-0.06796449385346587
-0.06574588797049433
-0.06358871730573903
-0.06149176579486875
-0.0594538193740386
-0.05747366721924577
-0.0555501029200827
-0.05368192558920636
-0.0518679409089218
-0.05010696211665081
-0.04839781093116017
-0.04673931842146783
-0.04513032581989198
-0.04356968528072943
-0.04205626058629908
-0.04058892780231915
-0.03916657588472523
-0.03778810723911468
-0.03645243823427802
-0.03515849967151405
-0.03390523721149232
-0.03269161176042867
-0.03151659981711396
-0.03037919378248774
-0.02927840223331089
-0.02821325016129521
-0.02718277917908979
-0.02618604769471748
-0.02522213105598639
-0.02429012166631503
-0.02338912907325041
-0.02251828003111353
-0.02167671853894142
-0.02086360585502227
-0.0200781204891553
-0.01931945817417394
-0.0185868318181043
-0.01787947143776558
-0.01719662407469184
-0.01653755369450069
-0.01590154107097549
-0.01528788365621675
-0.01469589543736513
-0.01412490678085032
-0.01357426426495183
-0.0130433305017864
-0.01253148394966449
-0.01203811871644832
-0.01156264435465875
-0.01110448564901161
-0.01066308239725218
-0.01023788918496577
-0.009828375155032675
-0.009434023772228498
-0.009054332583674956
-0.008688812975585712
-0.008336989926848557
-0.007998401759982912
-0.007672599890142014
-0.00735914857251514
-0.007057624648521867
-0.00676761729116992
-0.006488727750007201
-0.006220569096011373
-0.005962765966784861
-0.005714954312434568
-0.005476781142463537
-0.005247904273929085
-0.005027992081050414
-0.004816723246557324
-0.004613786514972481
-0.004418880448161043
-0.004231713183270804
-0.004052002193274468
-0.003879474050263903
-0.003713864191654441
-0.003554916689415579
-0.003402384022482309
-0.003256026852492523
-0.003115613802897842
-0.002980921241570487
-0.002851733066985595
-0.002727840498006654
-0.002609041867409123
-0.002495142419127266
-0.002385954109337537
-0.002281295411389912
-0.002180991124612573
-0.002084872186989508
-0.001992775491654339
-0.001904543707335805
-0.001820025102747055
-0.001739073374838312
-0.001661547480968116
-0.001587311474918123
-0.001516234346778819
-0.00144818986663268
-0.001383056432073244
-0.001320716919470455
-0.001261058538986876
-0.001203972693272234
-0.001149354839775339
-0.00109710435667976
-0.001047124412482935
-0.0009993218391550387
-0.0009536070086157689
-0.0009098937121174656
-0.000868099043034258
-0.0008281432838152914
-0.0007899497967858862
-0.0007534449176475706
-0.0007185578507653784
-0.000685220567366832
-0.0006533677074666664
-0.0006229364853965407
-0.0005938665980705351
-0.0005661001357188036
-0.000539581495296451
-0.0005142572966494045
-0.0004900763013781338
-0.0004669893342405943
-0.0004449492070871165
-0.0004239106451903957
-0.0004038302160063606
-0.0003846662602412131
-0.000366378825195533
-0.0003489296003121129
-0.0003322818549025011
-0.0003164003779163801
-0.0003012514198044981
-0.0002868026363100768
-0.0002730230342425751
-0.000259882919076275
-0.0002473538444166808
-0.0002354085631951789
-0.0002240209805871862
-0.0002131661085998602
-0.0002028200222982331
-0.0001929598175694445
-0.0001835635704050308
-0.0001746102976909754
-0.0001660799193829337
-0.000157953222100027
-0.0001502118240429963
-0.0001428381412024934
-0.0001358153548541728
-0.0001291273802264439
-0.0001227588363815003
-0.0001166950172032284
-0.0001109218635106912
-0.0001054259362045892
-0.0001001943904762295
-9.521495098076155e-05
-9.047588797796544e-05
-8.596599439871168e-05
-8.167456381614527e-05
-7.759136926112005e-05
-7.370664287884388e-05
-7.001105638496605e-05
-6.649570229759462e-05
-6.31520759222631e-05
-5.997205803347061e-05
-5.69478983052464e-05
-5.407219933560081e-05
-5.133790137180142e-05
-4.873826763291716e-05
-4.626687023264753e-05
-4.391757668768369e-05
-4.16845369640142e-05
-3.95621710634571e-05
-3.754515712754179e-05
-3.562842003002337e-05
-3.380712044605994e-05
-3.207664437706113e-05
-3.043259311551697e-05
-2.887077363364313e-05
-2.73871893721042e-05
-2.597803142245983e-05
-2.463967008946015e-05
-2.336864679502359e-05
-2.216166634859799e-05
-2.101558953459529e-05
-1.992742602811442e-05
-1.889432761789941e-05
-1.791358170912899e-05
-1.69826051155029e-05
-1.609893813040036e-05
-1.526023884063902e-05
-1.44642777019486e-05
-1.370893235807186e-05
-1.299218266523692e-05
-1.231210594394096e-05
-1.166687246300196e-05
-1.105474109286783e-05
-1.047405517594578e-05
-9.923238570750625e-06
-9.400791872977006e-06
-8.905288805970096e-06
-8.435372789933368e-06
-7.989753637582695e-06
-7.56720440810622e-06
-7.166558428649479e-06
-6.786706413553268e-06
-6.426593745598483e-06
-6.085217872541295e-06
-5.761625799382441e-06
-5.454911728450879e-06
-5.164214790974477e-06
-4.888716899742333e-06
-4.627640669932845e-06
-4.380247480075462e-06
-4.145835568974759e-06
-3.923738276057641e-06
-3.713322319539782e-06
-3.5139861962451e-06
-3.325158600039076e-06
-3.146296985958417e-06
-2.976886141777543e-06
-2.816436857175602e-06
-2.6644846428937e-06
-2.520588521640081e-06
-2.384329870442295e-06
-2.255311315284075e-06
-2.133155684559023e-06
-2.017505016206586e-06
-1.908019589115692e-06
-1.80437703435317e-06
-1.706271466397869e-06
-1.61341265305047e-06
-1.525525246258911e-06
-1.442348040402051e-06
-1.363633254208704e-06
-1.289145864447714e-06
-1.218662962340904e-06
-1.151973149819704e-06
-1.088875955152554e-06
-1.029181287261257e-06
-9.727089024925e-07
-9.192879107244865e-07
-8.687563040172704e-07
-8.209605009320477e-07
-7.757549254470483e-07
-7.33001590918256e-07
-6.925697243292105e-07
-6.543353817339652e-07
-6.18181120610887e-07
-5.839956399164552e-07
-5.516734871132732e-07
-5.211147613433599e-07
-4.922248048752905e-07
-4.649139514646231e-07
-4.390972685870672e-07
-4.146943028290683e-07
-3.916288577047538e-07
-3.698287675702755e-07
-3.492256784674398e-07
-3.297548820758061e-07
-3.113551219623789e-07
-2.939684154869595e-07
-2.775398392905577e-07
-2.620173720035736e-07
-2.473517533698257e-07
-2.334963670182244e-07
-2.204071009609659e-07
-2.080422246221729e-07
-1.963622210257286e-07
-1.853297008516935e-07
-1.749092801447181e-07
-1.650674810320672e-07
-1.557726203960695e-07
-1.469947303824025e-07
-1.387054510674628e-07
-1.308779602514315e-07
-1.234868872348875e-07
-1.16508223897133e-07
-1.099192712254127e-07
-1.036985595827959e-07
-9.78257762517392e-08
-9.228172184999838e-08
-8.704824241127938e-08
-8.210816148122258e-08
-7.744523716464923e-08
-7.304413069996829e-08
-6.889032268489587e-08
-6.497009173077659e-08
-6.127046965735532e-08
-5.777919813972425e-08
-5.448468703857473e-08
-5.137598396582063e-08
-4.844273539343419e-08
-4.567516209716303e-08
-4.30640177662826e-08
-4.060056867244475e-08
-3.827655651761276e-08
-3.608418355736793e-08
-3.401607955861499e-08
-3.206527594024166e-08
-3.022520653492735e-08
-2.848965230155009e-08
-2.685275269040869e-08
-2.53089593030479e-08
-2.385303984586177e-08
-2.248004470502825e-08
-2.118530391284731e-08
-1.996440586566943e-08
-1.881318485233461e-08
-1.772770716418161e-08
-1.670425661399997e-08
-1.573933051820059e-08
-1.482961541709374e-08
-1.397198606279416e-08
-1.316349154001402e-08
-1.240134437366272e-08
-1.168291839379088e-08
-1.100573069201487e-08
-1.036744033695193e-08
-9.765833943351925e-09
-9.198827626240874e-09
-8.664448637640498e-09
-8.160838336226933e-09
-7.686238035896106e-09
-7.238997190860377e-09
-6.817553287423761e-09
-6.420435413224709e-09
-6.04625245272819e-09
-5.693693643306772e-09
-5.361515917798508e-09
-5.04856043051635e-09
-4.753717982749052e-09
-4.475954073193278e-09
-4.214289033783372e-09
-3.967790355964141e-09
-3.735589869426337e-09
-3.516868208879148e-09
-3.310850759086278e-09
-3.116803093174525e-09
-2.934037796314181e-09
-2.761905150020626e-09
-2.599790762501833e-09
-2.447122757071112e-09
-2.303351071020557e-09
-2.16796213708082e-09
-2.040474075279655e-09
-1.920425254660646e-09
-1.807383497133016e-09
-1.700947321776325e-09
-1.600732057637976e-09
-1.506378245485306e-09
-1.417544544451061e-09
-1.333914519525378e-09
-1.255180541970494e-09
-1.181060391640878e-09
-1.111286209112169e-09
-1.045601894189752e-09
-9.837743540931754e-10
-9.255709855868894e-10
-8.707898396600785e-10
-8.192326874815385e-10
-7.707057757629423e-10
-7.250334868037001e-10
-6.820508477051978e-10
-6.415974678494102e-10
-6.035265533295506e-10
-5.676985564406031e-10
-5.33985345936164e-10
-5.022649822504134e-10
-4.724154804025436e-10
-4.443297472179223e-10
-4.179070366212574e-10
-3.930446458470833e-10
-3.69651956711323e-10
-3.47641194836048e-10
-3.269273141758565e-10
-3.074396321412784e-10
-2.891040998169609e-10
-2.718516273895204e-10
-2.556197694746168e-10
-2.403566353025526e-10
-2.259998770663633e-10
-2.124947259276394e-10
-1.997988299791191e-10
-1.878592903285615e-10
-1.766307901092653e-10
-1.660680618026398e-10
-1.561384128277219e-10
-1.467964749744983e-10
-1.380100052150675e-10
-1.29742826556201e-10
-1.219653999815939e-10
-1.146478396170434e-10
-1.077672265277444e-10
-1.012927579028227e-10
-9.520198056910505e-11
-8.948105718402778e-11
-8.410397325762173e-11
-7.905161068393592e-11
-7.430443498070424e-11
-6.983835695668539e-11
-6.564163207378944e-11
-6.169347616290814e-11
-5.798341895794483e-11
-5.449519058377309e-11
-5.121604672892682e-11
-4.813681652937949e-11
-4.523590021844433e-11
-4.250936093446016e-11
-3.994227308927077e-11
-3.753275649325916e-11
-3.526568128410569e-11
-3.313421296028866e-11
-3.112764784435759e-11
-2.924791336230538e-11
-2.747935872211741e-11
-2.581472023243727e-11
-2.425284271041029e-11
-2.278583045468995e-11
-2.140930609378718e-11
-2.011700378717137e-11
-1.890549447716506e-11
-1.776241236690579e-11
-1.668821067889667e-11
-1.567961041091684e-11
-1.472841442276263e-11
-1.383470339163566e-11
-1.299384899188422e-11
-1.220463040346541e-11
-1.146434379256546e-11
-1.076851673761123e-11
-1.011889916246085e-11
-9.502330241059438e-12
-8.919211464413665e-12
-8.373912502938028e-12
-7.863570087086961e-12
-7.388683805642812e-12
-6.939406219686042e-12
-6.519504272270837e-12
-6.124798914270104e-12
-5.751771877775028e-12
-5.399805261251123e-12
-5.071045418511971e-12
-4.763014607496799e-12
-4.471361810882081e-12
-4.204878731922344e-12
-3.950502401546303e-12
-3.710567956958126e-12
-3.48741967863633e-12
-3.275396711176319e-12
-3.075634190175346e-12
-2.882755539678895e-12
-2.700149705761883e-12
-2.529366007243247e-12
-2.370921706046279e-12
-2.227208697754393e-12
-2.091422891543006e-12
-1.965346367499904e-12
-1.851048674268098e-12
-1.743500859372846e-12
-1.646208774954782e-12
-1.545496458707524e-12
-1.451403433385279e-12
-1.357897012311665e-12
-1.268526257010698e-12
-1.185288466881946e-12
-1.108731784885737e-12
-1.037991040554855e-12
-9.787188044945366e-13
-9.254362814562925e-13
-8.745053987537199e-13
-8.233860132154864e-13
-7.696082665499333e-13
-7.200886821695581e-13
-6.747591050904495e-13
-6.306752599943334e-13
-5.889978256698258e-13
-5.526474286381266e-13
-5.201845193617784e-13
-4.904283064957662e-13
-4.599478682867942e-13
-4.328300158010112e-13
-4.060813092678003e-13
-3.804007615307929e-13
-3.573613724981833e-13
-3.356317654794241e-13
-3.155132055716871e-13
-2.975620841003727e-13
-2.780972084109142e-13
-2.621789527436476e-13
-2.455515899381669e-13
