-6.020945759835554e-12
-5.024831236923139e-12
-4.719047985475434e-12
-4.995436471290556e-12
-5.856744541316422e-12
-7.369255467317229e-12
-9.664503514575351e-12
-1.294781400745191e-11
-1.751297711743669e-11
-2.376127138553257e-11
-3.223044278875062e-11
-4.363221648336966e-11
-5.889788843345465e-11
-7.924484247670613e-11
-1.062506036382689e-10
-1.419551152934949e-10
-1.889827798630585e-10
-2.507011907511391e-10
-3.314114945937265e-10
-4.365932733482981e-10
-5.731989953990984e-10
-7.50024453440621e-10
-9.781609080321441e-10
-1.271552917110125e-09
-1.64767503960306e-09
-2.128365088488831e-09
-2.740834948428911e-09
-3.518896015819896e-09
-4.504448465096555e-09
-5.749275624220137e-09
-7.317209447172982e-09
-9.286734471572986e-09
-1.17541105218893e-08
-1.483711369865528e-08
-1.867950377924705e-08
-2.345634939568158e-08
-2.938035779997126e-08
-3.670939758729589e-08
-4.575539595293886e-08
-5.689486011898721e-08
-7.058128193364322e-08
-8.735973467943595e-08
-1.078840057966078e-07
-1.329366664095478e-07
-1.634525223617959e-07
-2.005459471511153e-07
-2.455426640862384e-07
-3.000165987528607e-07
-3.658324943167876e-07
-4.451950487137537e-07
-5.407053861647345e-07
-6.554257738380473e-07
-7.929536710614743e-07
-9.575067283893408e-07
-1.154019937485603e-06
-1.388256328572478e-06
-1.66693281597015e-06
-1.997863001597563e-06
-2.390118862252929e-06
-2.854213471729515e-06
-3.402307083119524e-06
-4.048439084073808e-06
-4.80878858409186e-06
-5.70196659638427e-06
-6.749343012655489e-06
-7.97541182982013e-06
-9.408198340098081e-06
-1.10797122621033e-05
-1.302645106770255e-05
-1.528995805803225e-05
-1.791744001963758e-05
-2.096244961247155e-05
-2.448563792112389e-05
-2.855558295322724e-05
-3.324970013517126e-05
-3.865524120130318e-05
-4.487038815442124e-05
-5.200544921400412e-05
-6.018416371187613e-05
-6.954512349535558e-05
-8.0243318585672e-05
-9.245181500050668e-05
-0.0001063635727723627
-0.0001221934123584716
-0.0001401801376671799
-0.0001605888239372125
-0.0001837132786351098
-0.0002098786833541492
-0.0002394444244502433
-0.0002728071197322581
-0.0003104038480241637
-0.0003527155877071604
-0.0004002708694980583
-0.0004536496476350082
-0.0005134873923500541
-0.0005804794049261315
-0.0006553853547919741
-0.0007390340359033915
-0.0008323283371180481
-0.0009362504183049155
-0.001051867080671672
-0.001180335317872722
-0.001322908057574501
-0.001480940160455388
-0.001655894631015365
-0.001849349007072212
-0.002063001912210912
-0.002298679754536984
-0.00255834355272323
-0.002844095867861475
-0.003158187816926388
-0.00350302614094052
-0.003881180298086806
-0.004295389549041751
-0.004748569998804017
-0.005243821556162707
-0.005784434768750731
-0.006373897488394314
-0.00701590131810938
-0.007714347788743138
-0.008473354209798304
-0.009297259135530422
-0.01019062738386398
-0.01115825454217177
-0.01220517089037959
-0.01333664466847584
-0.01455818461392346
-0.01587554171902237
-0.01729471021269971
-0.01882192764804665
-0.02046367399481287
-0.02222666965593797
-0.02411787232718457
-0.02614447261762962
-0.0283138883475707
-0.03063375743943101
-0.03311192931648427
-0.03575645472393867
-0.03857557389013581
-0.04157770299372589
-0.04477141931287578
-0.04816544514842411
-0.05176863001569052
-0.05558993065565762
-0.05963838904528803
-0.06392310864668919
-0.06845322892802652
-0.0732378980157635
-0.07828624347877773
-0.08360734123173327
-0.08921018263354445
-0.09510363982156847
-0.1012964292753024
-0.1077970737201339
-0.1146138623780978
-0.1217548096826766
-0.1292276125520799
-0.1370396062730282
-0.1451977191812032
-0.1537084261904705
-0.1625777013537766
-0.1718109696104537
-0.181413057823743
-0.1913881453681186
-0.2017397143625986
-0.212470499797488
-0.2235824397644927
-0.2350766259370237
-0.2469532546235306
-0.2592115785233769
-0.2718498594843995
-0.2848653225122284
-0.2982541112057874
-0.3120112449902749
-0.3261305782864807
-0.3406047619398005
-0.3554252071737302
-0.3705820522478451
-0.3860641322135552
-0.4018589518863991
-0.4179526623535405
-0.4343300412646029
-0.4509744770548242
-0.4678679574742471
-0.4849910624937149
-0.5023229618747967
-0.519841417600828
-0.5375227912463725
-0.5553420565989433
-0.5732728175240132
-0.5912873312912099
-0.6093565374735566
-0.6274500923976877
-0.6455364093709006
-0.6635827045627591
-0.681555048652388
-0.6994184242393878
-0.7171367888791687
-0.7346731438584778
-0.751989608453852
-0.7690474996529485
-0.7858074172063922
-0.8022293337459185
-0.8182726899633446
-0.8338964944527099
-0.8490594280626014
-0.8637199524952314
-0.8778364227588804
-0.8913672033373641
-0.9042707875614319
-0.9165059199161251
-0.928031720906591
-0.9388078139786615
-0.9487944542504176
-0.9579526584479016
-0.9662443356909474
-0.9736324186692139
-0.9800809946288134
-0.9855554358437452
-0.9900225289275167
-0.993450602592817
-0.9958096533632111
-0.9970714686288665
-0.9972097466912563
-0.9962002131615358
-0.9940207333213684
-0.9906514199672609
-0.9860747361693558
-0.9802755926198625
-0.9732414389961387
-0.9649623489934581
-0.9554310986204244
-0.9446432372919695
-0.9325971514805019
-0.9192941204623882
-0.9047383639134629
-0.8889370810680618
-0.8719004811192536
-0.8536418047407631
-0.8341773364332755
-0.813526407590945
-0.7917113901621148
-0.7687576807661769
-0.7446936753091199
-0.7195507339761521
-0.6933631366350619
-0.6661680287096384
-0.6380053576301226
-0.6089178001197167
-0.5789506803001787
-0.5481518786172356
-0.5165717318974614
-0.4842629253138822
-0.4512803772004242
-0.4176811158897506
-0.383524147346005
-0.3488703146004514
-0.3137821517461276
-0.2783237342232234
-0.2425605233993822
-0.206559204425503
-0.1703875184502106
-0.1341140909875894
-0.09780825721292648
-0.06153988425071509
-0.02537919087439098
0.01060343473876224
0.04633761854045798
0.08175318483664219
0.1167803406215832
0.1513498594178944
0.1853932640193244
0.2188430075365943
0.2516326521702731
0.2836970451211984
0.314972491074471
0.34539692070304
0.3749100546411335
0.4034535624238148
0.4309712158714523
0.4574090364484054
0.4827154361387574
0.506841351389333
0.5297403697348068
0.5513688487011921
0.5716860266544815
0.5906541252740802
0.6082384433375462
0.6244074415801724
0.6391328183782822
0.6523895760855317
0.664156077863012
0.6744140948506344
0.6831488436112897
0.6903490137630733
0.6960067857958095
0.7001178390808268
0.7026813500939407
0.7036999809548111
0.7031798583586744
0.7011305430525685
0.6975649900237495
0.6924994995829492
0.6859536595984097
0.6779502791020234
0.668515313554979
0.6576777820762808
0.6454696769525504
0.6319258658078609
0.6170839867697878
0.6009843370246137
0.5836697551647825
0.565185497738831
0.5455791104573954
0.5249002944775631
0.5032007682319573
0.4805341252629184
0.4569556885163003
0.4325223615815311
0.4072924773398658
0.3813256445068632
0.3546825925449876
0.3274250154140044
0.2996154146416402
0.2713169421670699
0.242593243420535
0.2135083010887612
0.1841262800029858
0.1545113735860367
0.1247276522679016
0.09483891427596478
0.06490853918919955
0.03499934462937645
0.005173446448536831
-0.02450787725169272
-0.05398431794699685
-0.08319666406090147
-0.1120869235954857
-0.1405984417611484
-0.168676013362284
-0.1962659897194075
-0.2233163799288962
-0.2497769462784792
-0.2755992936636289
-0.3007369528658628
-0.3251454575838973
-0.3487824151262818
-0.3716075706884157
-0.3935828651680992
-0.4146724864840435
-0.4348429143929975
-0.4540629588160764
-0.4723037916972516
-0.4895389724489338
-0.5057444670428182
-0.520898660834772
-0.5349823652239388
-0.5479788182551546
-0.5598736793039324
-0.5706550179804887
-0.5803132974187315
-0.5888413521216296
-0.5962343605376459
-0.602489812570063
-0.6076074722139515
-0.6115893355379363
-0.614439584231481
-0.6161645349408519
-0.6167725846378787
-0.6162741522510944
-0.6146816168106451
-0.6120092523540958
-0.6082731598317334
-0.6034911962660998
-0.5976829014158217
-0.5908694222093295
-0.5830734352003796
-0.5743190672843027
-0.5646318149284281
-0.5540384621568339
-0.5425669975356567
-0.530246530397349
-0.5171072065365739
-0.5031801236169725
-0.4884972464985156
-0.4730913226977423
-0.4569957981909088
-0.4402447337663606
-0.4228727221312312
-0.4049148059474622
-0.3864063969742473
-0.3673831964869842
-0.3478811171336469
-0.3279362063860929
-0.3075845717241105
-0.2868623076877309
-0.2658054249224678
-0.2444497813322985
-0.2228310154501418
-0.2009844821182066
-0.1789451905663084
-0.156747744966283
-0.1344262875306343
-0.1120144442169838
-0.08954527308825258
-0.06705121537232686
-0.04456404925409215
-0.02211484642368675
0.0002660686010407959
0.02254915636846577
0.04470569760124243
0.06670782552418647
0.08852855542460487
0.1101418114650722
0.1315224507743532
0.1526462848493248
0.1734900983063308
0.1940316650237448
0.2142497617229463
0.2341241790412114
0.2536357301593745
0.272766257048212
0.2914986343940665
0.3098167712697885
0.3277056106251002
0.3451511266799389
0.3621403203004007
0.378661212430021
0.3947028356542629
0.4102552239848501
0.4253094009593096
0.439857366143689
0.4538920801149922
0.4674074480056493
0.4803983017015318
0.4928603807926027
0.5047903123649042
0.51618558971071
0.5270445500395283
0.5373663512778183
0.5471509480490224
0.5563990669180766
0.5651121809768243
0.5732924838540333
0.5809428632242043
0.588066873890335
0.5946687105150865
0.6007531800755544
0.6063256741200751
0.611392140886858
0.6159590573459043
0.620033401226925
0.623622623097719
0.6267346185593551
0.6293777006046947
0.6315605721864198
0.6332922990443349
0.6345822828466823
0.6354402347013961
0.6358761490680117
0.6359002781025328
0.6355231064717632
0.634755326674866
0.6336078149090366
0.6320916075033035
0.6302178779496485
0.6279979145548584
0.6254430987298601
0.6225648839358996
0.619374775303138
0.6158843099369177
0.6121050379240193
0.6080485040508858
0.6037262302492461
0.5991496987666893
0.5943303360601021
0.5892794974143629
0.5840084522928275
0.5785283704263027
0.5728503086296269
0.5669851983372723
0.560943833852272
0.5547368613053966
0.548374768321781
0.5418678743799448
0.5352263218504293
0.5284600677025797
0.5215788758683394
0.5145923102535902
0.5075097283786334
0.5003402756322948
0.4930928801238635
0.4857762481172387
0.4783988600331744
0.4709689669997362
0.4634945879330605
0.4559835071306582
0.4484432723596947
0.4408811934249711
0.4333043411947676
0.4257195470655439
0.4181334028467332
0.4105522610469009
0.4029822355442607
0.3954292026211132
0.3878988023432791
0.3803964402662812
0.372927289451232
0.3654962927752294
0.3581081655157086
0.3507673981908603
0.3434782596390205
0.3362448003202847
0.3290708558252906
0.3219600505735943
0.3149158016857472
0.3079413230138153
0.3010396293163765
0.2942135405654929
0.2874656863696087
0.2807985104972606
0.2742142754889438
0.267715067346089
0.2613028002873192
0.2549792215579511
0.2487459162807329
0.2426043123371021
0.2365556852691275
0.2306011631929768
0.2247417317140606
0.2189782388349657
0.213311399847941
0.2077418022043497
0.202269910354775
0.1968960705515469
0.1916205156067697
0.1864433695998128
0.1813646525283922
0.1763842848984797
0.1715020922476365
0.1667178095974823
0.1620310858311663
0.1574414879916074
0.1529485054972677
0.148551554272298
0.1442499807892307
0.140043066021598
0.1359300293030856
0.131910032090742
0.1279821816314733
0.124145534531637
0.1203991002285879
0.1167418443621762
0.1131726920451214
0.1096905310324804
0.1062942147906888
0.1029825654661347
0.09975437675324934
0.09660841666283587
0.0935434301907586
0.0905581418872511
0.08765125832791772
0.08482147048778775
0.08206745602014572
0.07938788144074312
0.07678140421853367
0.07424667477438271
0.0717823383896439
0.06938703702660912
0.06705941106207865
0.06479810093538593
0.06260174871280781
0.06046899957068802
0.05839850319967908
0.05638891513148635
0.05443889798977732
0.05254712266728978
0.05071226943151337
0.04893302896114978
0.04720810331525664
0.04553620683704563
0.04391606699444996
0.04234642515954293
0.04082603732899777
0.03935367478757101
0.03792812471676437
0.036548190750753
0.03521269348125887
0.03392047091325071
0.03267037887357706
0.03146129137466349
0.03029210093512558
0.029161718859148
0.02806907547658322
0.02701312034537305
0.02599282241798878
0.02500717017360111
0.0240551717177917
0.02313585485157237
0.02224826711115878
0.02139147577994026
0.02056456787425157
0.01976665010447941
0.01899684881316722
0.01825430989124614
0.01753819867369647
0.0168476998158247
0.01618201715164405
0.01554037353553837
0.01492201066832928
0.01432618890910889
0.01375218707364035
0.01319930222061529
0.01266684942642096
0.01215416154971402
0.01166058898658331
0.01118549941728217
0.01072827754533291
0.01028832482980552
0.009865059211583729
0.009457914834215649
0.009066341760177716
0.008689805683215901
0.008327787637584176
0.00797978370462374
0.007645304717117576
0.007323875961975727
0.007015036881939362
0.006718340776876853
0.006433354504956405
0.006159658184084214
0.005896844894022194
0.005644520379637141
0.005402302755669088
0.005169822213281407
0.00494672072870393
0.004732651774228588
0.00452728003183251
0.004330281109761832
0.004141341262219164
0.003960157112391853
0.003786435378966173
0.003619892606326048
0.003460254898559869
0.003307257657415541
0.00316064532440012
0.003020171127161739
0.002885596830099431
0.002756692489434917
0.002633236212637743
0.00251501392247107
0.002401819125519311
0.002293452685422178
0.002189722600716218
0.002090443787404999
0.00199543786615489
0.001904532954184918
0.00181756346185271
0.001734369893859306
0.001654798655205104
0.001578701861701576
0.001505937155157119
0.001436367523104129
0.001369861123066599
0.00130629111132218
0.001245535476103535
0.001187476875228789
0.001132002478042644
0.001079003811665644
0.001028376611443172
0.0009800206755826426
0.0009338397238681295
0.0008897412604127399
0.0008476364404190626
0.0008074399407642897
0.0007690698344808916
0.0007324474689172054
0.0006974973475900929
0.0006641470156485925
0.0006323269488890765
0.0006019704461780269
0.0005730135252772443
0.000545394821956648
0.0005190554923432076
0.0004939391184040694
0.0004699916164882389
0.0004471611489124448
0.0004253980384359644
0.000404654685573261
0.0003848854887005688
0.0003660467668838302
0.0003480966853705213
0.0003309951835849821
0.0003147039054388547
0.0002991861320984614
0.0002844067173803816
0.0002703320256644594
0.0002569298718430449
0.0002441694629666683
0.0002320213419459898
0.0002204573335254465
0.0002094504924228523
0.0001989750533685182
0.0001890063828429387
0.0001795209325944789
0.0001704961948836997
0.0001619106594723029
0.0001537437721786405
0.0001459758950491163
0.0001385882680002397
0.0001315629719576049
0.0001248828934049891
0.0001185316903219473
0.0001124937594240687
0.0001067542046895158
0.0001012988071396932
9.611399578245684e-05
9.118681972045627e-05
8.650492138551305e-05
8.205651082038367e-05
7.783034101813935e-05
7.381568422753247e-05
7.000230924680885e-05
6.638045961949134e-05
6.294083274579091e-05
5.967455982333999e-05
5.657318663281308e-05
5.362865511939382e-05
5.083328574049269e-05
4.817976052809877e-05
4.566110689558996e-05
4.327068209872319e-05
4.100215836942787e-05
3.88495086650892e-05
3.68069930179344e-05
3.486914549853493e-05
3.303076171339212e-05
3.128688684205127e-05
2.963280418530899e-05
2.806402422828779e-05
2.657627416659848e-05
2.516548788870487e-05
2.382779638778879e-05
2.255951860843928e-05
2.135715270327223e-05
2.021736765355317e-05
1.913699526252726e-05
1.811302253016521e-05
1.714258433443302e-05
1.62229564776667e-05
1.535154900237157e-05
1.452589983189517e-05
1.374366870493874e-05
1.300263137128219e-05
1.230067405992471e-05
1.163578817650326e-05
1.100606527817734e-05
1.040969225492076e-05
9.84494672421523e-06
9.310192669307663e-06
8.803876251351079e-06
8.324521826742968e-06
7.870728150438355e-06
7.441164751675923e-06
7.034568466771161e-06
6.649740169237779e-06
6.285541614181026e-06
5.940892449763942e-06
5.614767379723856e-06
5.306193441442996e-06
5.0142474086791e-06
4.738053352583285e-06
4.476780283862221e-06
4.229639903214387e-06
3.995884494422275e-06
3.774804892659462e-06
3.565728552630565e-06
3.368017728863929e-06
3.181067707508962e-06
3.004305154389247e-06
2.837186542902982e-06
2.679196634572948e-06
2.529847066434097e-06
2.388674967882292e-06
2.255241684128862e-06
2.129131532938477e-06
2.009950643682783e-06
1.897325842252832e-06
1.790903592901236e-06
1.690348982992413e-06
1.595344778439504e-06
1.505590519494329e-06
1.420801641527276e-06
1.340708659806271e-06
1.265056412539897e-06
1.193603284502992e-06
1.126120529484426e-06
1.062391596910813e-06
1.002211493866635e-06
9.453861988013904e-07
8.917320599350136e-07
8.410752879332649e-07
7.93251407127366e-07
7.481047981236465e-07
7.05488204223242e-07
6.652623118876055e-07
6.272953225461018e-07
5.914625662504243e-07
5.576461130356425e-07
5.257344185004133e-07
4.956219948129672e-07
4.672090850556032e-07
4.404013578265984e-07
4.151096174719741e-07
3.912495356241296e-07
3.687413845893739e-07
3.47509790181928e-07
3.274835164162201e-07
3.085952183310552e-07
2.907812499279951e-07
2.739814666003625e-07
2.581390161893755e-07
2.43200193697277e-07
2.291142325033696e-07
2.158331907631515e-07
2.03311761250808e-07
1.915071518505667e-07
1.803789345090776e-07
1.698889300171353e-07
1.600010718807157e-07
1.506813003744193e-07
1.418974448329527e-07
1.336191347182627e-07
1.258176906843007e-07
1.184660383578169e-07
1.115386036515417e-07
1.0501125396634e-07
9.886119721326384e-08
9.306692750687047e-08
8.760814030301117e-08
8.246567872683834e-08
7.762146787321717e-08
7.305842565307917e-08
6.876045711131787e-08
6.471236683131209e-08
6.089982509930851e-08
5.730930796824914e-08
5.392805695050931e-08
5.074402362443194e-08
4.774584783956999e-08
4.492281992435578e-08
4.226484068292567e-08
3.976237977139613e-08
3.740645502376352e-08
3.518859064966772e-08
3.310079257547826e-08
3.113552493805516e-08
2.928568454509425e-08
2.754457679531208e-08
2.590588472785048e-08
2.436365270979558e-08
2.291227111162704e-08
2.154644566466406e-08
2.026119329441578e-08
1.905181235481685e-08
1.791387703335379e-08
1.684321799812015e-08
1.583590566181785e-08
1.488823539056758e-08
1.399671665873197e-08
1.315805300072823e-08
1.236915197750846e-08
1.162708968691878e-08
1.092911919959139e-08
1.027264206934339e-08
9.655221662791473e-09
9.074555665674831e-09
8.528482483069299e-09
8.014955174105399e-09
7.532059039471676e-09
7.077991692024953e-09
6.651045518655344e-09
6.249618327108273e-09
5.872195086591541e-09
5.517361508800906e-09
5.183776574506882e-09
4.870175672599773e-09
4.575378518510672e-09
4.298274957546519e-09
4.037806889252549e-09
3.792982857291726e-09
3.562871609310807e-09
3.346599443174709e-09
3.14334531651063e-09
2.952339076228849e-09
2.772841364387863e-09
2.604170803400414e-09
2.44567374251902e-09
2.296742957857847e-09
2.156804476429819e-09
2.025324307806593e-09
1.901796468884288e-09
1.785740725542856e-09
1.676706410262467e-09
1.574271481205447e-09
1.478044647721139e-09
1.387651662443917e-09
1.302742198300202e-09
1.222987132561882e-09
1.14808452477218e-09
1.077736771029723e-09
1.011667159673805e-09
9.496217837235568e-10
8.913503605899213e-10
8.366293310892777e-10
7.852427203712678e-10
7.369913531309982e-10
6.916825901320675e-10
6.491407279196178e-10
6.091918356721579e-10
5.71684524238968e-10
5.364716827253648e-10
5.034056270705375e-10
4.723652137256977e-10
4.432193095260335e-10
4.15860356861788e-10
3.901787306482628e-10
3.660721144965414e-10
3.43446825680112e-10
3.222132252846069e-10
3.022836105994126e-10
2.835778349865041e-10
2.660251974422167e-10
2.495526420008062e-10
2.341007984603904e-10
2.19602483848826e-10
2.059916875826473e-10
1.932149594800933e-10
1.812231767298445e-10
1.699672079935675e-10
1.594047890884189e-10
1.494918015544564e-10
1.401933832481756e-10
1.314682756929961e-10
1.23280153085376e-10
1.156038184904079e-10
1.084024538821241e-10
1.016469825857307e-10
9.531529977942503e-11
8.937365219855243e-11
8.380751956382603e-11
7.858650859462882e-11
7.368766050397403e-11
6.909344652771363e-11
6.478288442231019e-11
6.07358807983761e-11
5.693583109964962e-11
5.336785057666123e-11
5.002160048905873e-11
4.68837283904893e-11
4.394569524058651e-11
4.119058459382861e-11
3.86072886886227e-11
3.618996154876625e-11
3.392558482717602e-11
3.180175203768395e-11
2.981128374848375e-11
2.793944325279931e-11
2.618986039984349e-11
2.454443403952194e-11
2.300223394608709e-11
2.155569320108081e-11
2.019369231495096e-11
1.891952812693244e-11
1.772730790869371e-11
1.66110412476436e-11
1.556745673468105e-11
1.458722485911511e-11
1.367118858384458e-11
1.281418251477905e-11
1.201101971224491e-11
1.125437433816256e-11
1.054242646027192e-11
9.876967680107833e-12
9.255544467569276e-12
8.669751508747643e-12
8.117657494188043e-12
7.601732062634154e-12
7.117795433725232e-12
6.663588725956077e-12
6.237040289805829e-12
5.840513255293199e-12
5.473355973975528e-12
5.129707174004478e-12
4.808827456338428e-12
4.508941170517716e-12
4.224750992176197e-12
3.964013297364933e-12
3.719978661784234e-12
3.491239996132975e-12
3.27043591495854e-12
3.057276601616687e-12
2.857411149253442e-12
2.670347033892615e-12
2.493919825654614e-12
2.329636894201263e-12
2.172316824632571e-12
2.025370905880193e-12
1.895875847260122e-12
1.777816423329883e-12
1.671992016033283e-12
1.576136330926966e-12
1.488349459846839e-12
1.40073136969686e-12
1.317454820187236e-12
1.235904009729252e-12
1.154358091931213e-12
1.077534330807996e-12
1.003781260491711e-12
9.337730631554838e-13
8.666781440629566e-13
8.077201340897565e-13
7.545202562635954e-13
7.017504454390469e-13
6.541393489864516e-13
6.154202612798156e-13
5.782889606136381e-13
5.449174565608552e-13
5.162195782588089e-13
4.878480248161697e-13
4.561680127331441e-13
4.264259192975501e-13
4.008134251056489e-13
3.75596242597415e-13
3.523117498091048e-13
3.286315476183906e-13
3.056948597495676e-13
2.842442620342879e-13
2.667879544320048e-13
2.52529915734358e-13
2.385401826664552e-13
2.229809457382866e-13
2.066838379970774e-13
1.88210703741103e-13
1.698267662529769e-13
1.540114217675011e-13
1.38376175859513e-13
1.328632773801367e-13
1.259265425653936e-13
1.232814318253646e-13
1.210753128303244e-13
1.180573447827632e-13
1.159324954910344e-13
1.121239374626104e-13
1.094146286791221e-13
1.021153309364775e-13
9.145949506012442e-14
8.265414981666556e-14
7.044688184919264e-14
6.074523263761662e-14
5.16583830943402e-14
4.872854534279908e-14
4.261457235457862e-14
4.002673026240338e-14
3.816418072114951e-14
3.758143211750785e-14
3.627869346564168e-14
3.265674347749399e-14
3.167819427888414e-14
3.547604269924303e-14
4.104611459394918e-14
4.298603810193131e-14
4.385889393685862e-14
4.090937276512366e-14
3.517554717211143e-14
