8.248290238452841e-13
6.443667576163174e-13
5.548879983303812e-13
5.516321233942702e-13
6.277866733483342e-13
7.855916073383923e-13
1.039990078680758e-12
1.417018040507661e-12
1.955199575953084e-12
2.709778639160324e-12
3.755536351116559e-12
5.194135985485176e-12
7.161058858884538e-12
9.838542472508677e-12
1.346534430345808e-11
1.835773651889773e-11
2.493226187871266e-11
3.373026536071578e-11
4.545908667353387e-11
6.103607190806921e-11
8.164789337948078e-11
1.088217501244697e-10
1.445204229916933e-10
1.912517594158159e-10
2.522183931866075e-10
3.314891935631839e-10
4.342194829983515e-10
5.669245092411564e-10
7.378122543851489e-10
9.57187529618281e-10
1.237962569184173e-09
1.596260333543327e-09
2.052167028039395e-09
2.630634530666473e-09
3.362583637376883e-09
4.286230583258863e-09
5.448695486678113e-09
6.907934219768193e-09
8.735060457508471e-09
1.101712763750537e-08
1.386046058192972e-08
1.739462308228104e-08
2.177714916445844e-08
2.71991504554732e-08
3.389196931525066e-08
4.213503592344712e-08
5.22651279023923e-08
6.468725974823041e-08
7.988744839364231e-08
9.844763669838414e-08
1.210630911561702e-07
1.485626210839933e-07
1.819320363531527e-07
2.223414087668977e-07
2.711766315035645e-07
3.300758516014453e-07
4.009714458015758e-07
4.861382665114741e-07
5.882489899613639e-07
7.104374813991939e-07
8.563711863343854e-07
1.030333669193411e-06
1.2373185386507e-06
1.483136111618848e-06
1.774534317479072e-06
2.119335476570333e-06
2.526590733318514e-06
3.006754115992985e-06
3.571878330711613e-06
4.235834608138071e-06
5.014559110189e-06
5.926328603002823e-06
6.99206831978532e-06
8.235695172259206e-06
9.684499696105102e-06
1.136957035399188e-05
1.332626409541208e-05
1.559472728712167e-05
1.822047133156677e-05
2.125500766797318e-05
2.475654707817362e-05
2.879076849616389e-05
3.343166277279713e-05
3.876245708512307e-05
4.48766259521239e-05
5.187899502340024e-05
5.988694401612372e-05
6.903171536626634e-05
7.94598352900405e-05
9.133465405097773e-05
0.000104838012298357
0.0001201720402866074
0.0001375610967381862
0.0001572538539093745
0.0001795255351413375
0.0002046803107719302
0.000233053857763428
0.0002650160876626769
0.0003009740466742532
0.0003413749904860718
0.0003867096352564278
0.0004375155853013111
0.0004943809463985024
0.0005579481552496995
0.0006289180145186434
0.0007080539268747312
0.0007961863275409796
0.000894217314223805
0.001003125472086647
0.001123970890068135
0.001257900363381397
0.001406152775443008
0.001570064650762945
0.001751075868509589
0.001950735524512517
0.002170707927366066
0.002412778712131788
0.002678861052763813
0.002971001951957359
0.003291388584499092
0.003642354667506859
0.004026386828072375
0.004446130935852123
0.004904398365051727
0.005404172146996914
0.005948612971194765
0.006541064990238123
0.007185061392910455
0.007884329733006798
0.008642796944753296
0.009464593981048985
0.01035406001729025
0.01131574616124616
0.01235441860645943
0.01347506116371303
0.01468287710209707
0.0159832902283317
0.01738194513023197
0.01888470650907862
0.02049765754672236
0.02222709745363057
0.0240795382098846
0.02606170021390005
0.02818050657068935
0.03044307605969769
0.03285671485523249
0.03542890697021607
0.03816730330413575
0.04107970924554535
0.04417407077157558
0.04745845903226905
0.05094105338949598
0.05463012285502591
0.05853400593421561
0.06266108882699119
0.06701978199730167
0.07161849511142465
0.07646561032339129
0.08156945396097717
0.08693826659391227
0.09258017154048451
0.0985031418562184
0.1047149658222239
0.1112232110426385
0.1180351871713257
0.1251579073785198
0.1325980486516351
0.1403619109919524
0.148455375677573
0.1568838626546798
0.1656522872252941
0.1747650161773966
0.1842258234636871
0.1940378456617008
0.2042035373135844
0.2147246263638145
0.2256020698854057
0.2368360102394589
0.2484257319551688
0.2603696194525699
0.2726651158647106
0.2853086831801472
0.2982957638703878
0.3116207443216533
0.3252769202012583
0.3392564640385669
0.3535503952505061
0.368148552768627
0.383039570592092
0.3982108563807081
0.413648573363069
0.4293376257708001
0.4452616479230033
0.4614029972643952
0.4777427514231067
0.4942607095231477
0.5109353979126737
0.527744080374097
0.5446627730706564
0.5616662642166166
0.5787281386330944
0.5958208072720217
0.6129155416927079
0.6299825136705506
0.646990839821894
0.6639086313118965
0.6807030486274454
0.697340361292601
0.7137860126010425
0.730004689139521
0.7459603950655662
0.7616165310097269
0.7769359773624598
0.7918811819089145
0.8064142514705789
0.8204970474087686
0.8340912847488533
0.847158634570479
0.8596608295115137
0.871559771949774
0.8828176446277908
0.8933970233839349
0.903260991537881
0.9123732556858284
0.920698262395212
0.9282013154895062
0.9348486935188202
0.9406077669090346
0.9454471144896278
0.949336638848183
0.9522476801550925
0.9541531280257523
0.9550275309086116
0.9548472026891501
0.9535903259584896
0.9512370515892297
0.9477695942029832
0.9431723230533022
0.9374318480386639
0.9305371003528774
0.9224794074635315
0.9132525620675285
0.9028528846375397
0.8912792793571133
0.878533283036773
0.864619106758289
0.8495436700065833
0.8333166270889687
0.8159503858209904
0.7974601180941844
0.7778637619128292
0.7571820148591385
0.7354383196146232
0.7126588425298431
0.6888724436839979
0.6641106358577129
0.6384075329454219
0.6117997915246933
0.5843265484996655
0.5560293512625671
0.5269520775127244
0.497140845341014
0.4666439161645977
0.4355115916121615
0.4037961037117571
0.3715514982478125
0.3388335116610816
0.3056994420309756
0.2722080145957899
0.2384192421431716
0.2043942806875274
0.1701952808816375
0.1358852356259025
0.1015278243661934
0.06718725455233715
0.03292810076197111
-0.001184858003019471
-0.03508680233358804
-0.06871303722169615
-0.1019991571382785
-0.1348812108564179
-0.1672958654983179
-0.1991805692819588
-0.2304737124587261
-0.2611147859268386
-0.2910445370280592
-0.320205122041582
-0.348540254888795
-0.3759953515983084
-0.4025176700727381
-0.4280564447418538
-0.4525630156952432
-0.4759909518898937
-0.4982961680811617
-0.5194370351158418
-0.5393744832820204
-0.5580720984222594
-0.5754962105253394
-0.5916159745768714
-0.6064034434310562
-0.6198336325283921
-0.6318845763016735
-0.6425373761282548
-0.6517762397556126
-0.6595885121013606
-0.6659646973933691
-0.6708984726368895
-0.6743866924163945
-0.6764293851073034
-0.6770297405382141
-0.6761940892090368
-0.6739318731905541
-0.6702556088474513
-0.665180841586093
-0.6587260928040163
-0.6509127992799956
-0.6417652452501544
-0.6313104874198248
-0.6195782732153785
-0.6066009525627306
-0.5924133835263156
-0.5770528321460446
-0.5605588668140916
-0.5429732475753468
-0.5243398107081024
-0.5047043489791004
-0.4841144879671722
-0.4626195588498576
-0.4402704680751091
-0.417119564313549
-0.3932205031094969
-0.3686281096458742
-0.3433982400347275
-0.3175876415585418
-0.2912538122582372
-0.2644548602756553
-0.2372493633500958
-0.2096962288594331
-0.1818545547969397
-0.1537834920522115
-0.1255421083645667
-0.097189254301105
-0.06878343159734354
-0.04038266419083934
-0.01204437226053304
0.01617475042749831
0.04421885558574925
0.07203305561563807
0.09956353471161113
0.1267576556246212
0.1535640618694996
0.1799327751788327
0.2058152880211687
0.2311646510241015
0.2559355551557977
0.2800844085421329
0.3035694078132892
0.3263506038883252
0.3483899621319933
0.3696514168272353
0.3901009199333088
0.4097064841134563
0.4284382200271922
0.4462683679097212
0.463171323465529
0.4791236581282642
0.4941041337511426
0.5080937118029477
0.5210755571703861
0.533035036665289
0.5439597123616599
0.5538393298936589
0.5626658018466495
0.5704331863960214
0.577137661353105
0.5827774938013428
0.5873530055024233
0.5908665342481527
0.593322391356169
0.594726815502986
0.5950879231026327
0.5944156554400257
0.5927217227704957
0.5900195456135822
0.5863241934448714
0.5816523210002452
0.5760221024121934
0.5694531634025232
0.5619665117639291
0.5535844663342451
0.5443305846775189
0.5342295896849675
0.523307295305424
0.5115905316192454
0.4991070694508069
0.4858855447194017
0.471955382721494
0.4573467225306403
0.4420903417034687
0.4262175814602547
0.4097602725103519
0.3927506616848214
0.3752213395294799
0.3572051690100392
0.3387352154671163
0.3198446779585887
0.3005668221139595
0.2809349146133265
0.2609821594021985
0.2407416357424973
0.2202462381955611
0.1995286186226144
0.1786211302793131
0.1575557740761645
0.1363641470642853
0.1150773932018685
0.09372615644708041
0.07234053621459134
0.05095004522779755
0.02958356979240895
0.008269332510095009
-0.01296514255908171
-0.03409306228299328
-0.05508839439380676
-0.0759258949816142
-0.09658113356089326
-0.1170305157317327
-0.1372513034600265
-0.1572216330052076
-0.1769205305306601
-0.1963279254408377
-0.2154246614910792
-0.2341925057144488
-0.252614155214409
-0.2706732418797711
-0.2883543350864576
-0.3056429424491257
-0.322525508681326
-0.3389894126281298
-0.3550229625406987
-0.370615389667599
-0.3857568402356826
-0.4004383658906764
-0.4146519126739228
-0.4283903086078006
-0.4416472499642085
-0.4544172862920068
-0.4666958042816011
-0.478479010549222
-0.4897639134109547
-0.500548303718734
-0.5108307348327528
-0.5206105018072588
-0.5298876198700186
-0.5386628022603015
-0.546937437490687
-0.5547135661014043
-0.5619938569813658
-0.5687815833320468
-0.5750805983293271
-0.5808953105397937
-0.5862306591517624
-0.5910920890833813
-0.5954855260293115
-0.599417351496607
-0.6028943778848924
-0.6059238236610545
-0.6085132886719147
-0.6106707296413925
-0.6124044358941244
-0.6137230053479581
-0.6146353208140483
-0.6151505266431829
-0.6152780057602806
-0.6150273571107301
-0.6144083735419971
-0.6134310201480221
-0.6121054131078287
-0.6104417990495749
-0.6084505349530573
-0.6061420686047597
-0.6035269196223564
-0.6006156610675892
-0.5974189016664734
-0.5939472686420072
-0.5902113911661596
-0.5862218844388016
-0.5819893344008082
-0.5775242830897652
-0.5728372146365077
-0.5679385419025829
-0.5628385937582099
-0.5575476029994562
-0.5520756949044935
-0.5464328764215587
-0.5406290259826875
-0.5346738839366025
-0.528577043593965
-0.522347942879725
-0.5159958565794931
-0.5095298891688275
-0.5029589682143204
-0.496291838334559
-0.4895370557102983
-0.4827029831286988
-0.4757977855472428
-0.4688294261632822
-0.4618056629760982
-0.4547340458297672
-0.4476219139181607
-0.4404763937359266
-0.4333043974597225
-0.4261126217437393
-0.418907546915204
-0.4116954365519459
-0.4044823374252659
-0.3972740797921758
-0.3900762780218155
-0.38289433154256
-0.3757334260909987
-0.3685985352450779
-0.3614944222260294
-0.3544256419556774
-0.3473965433569248
-0.3404112718791512
-0.3334737722327537
-0.3265877913183209
-0.319756881336643
-0.3129844030665825
-0.3062735292964367
-0.2996272483955516
-0.2930483680134602
-0.2865395188945474
-0.2801031587977224
-0.2737415765076566
-0.2674568959259559
-0.2612510802313191
-0.255125936098149
-0.2490831179641554
-0.243124132336629
-0.2372503421284985
-0.2314629710151884
-0.2257631078033779
-0.2201517108036876
-0.214629612199613
-0.2091975224067582
-0.203856034415309
-0.1986056281073287
-0.193446674541918
-0.1883794402035459
-0.1834040912098409
-0.1785206974736427
-0.1737292368127913
-0.1690295990026959
-0.1644215897683005
-0.1599049347126705
-0.1554792831787703
-0.1511442120408259
-0.1468992294229644
-0.1427437783418248
-0.138677240270302
-0.1346989386205122
-0.1308081421448963
-0.1270040682547165
-0.1232858862538036
-0.1196527204860371
-0.1161036533957826
-0.1126377285010988
-0.1092539532799413
-0.1059513019682452
-0.1027287182693274
-0.0995851179746144
-0.09651939149672371
-0.09353040631608338
-0.0906170093406571
-0.0877780291788411
-0.08501227832642275
-0.08231855526887102
-0.0796956465003245
-0.07714232845998341
-0.07465736938699467
-0.07223953109509096
-0.06988757066839879
-0.06760024207989992
-0.0653762977340111
-0.06321448993497648
-0.06111357228266275
-0.05907230099690301
-0.05708943617187533
-0.05516374296243224
-0.05329399270439414
-0.05147896397055657
-0.04971744356404111
-0.04800822745101602
-0.04635012163427769
-0.04474194296927994
-0.04318251992441065
-0.04167069328756263
-0.04020531682090896
-0.03878525786544162
-0.03740939789684847
-0.03607663303451466
-0.03478587450561788
-0.03353604906630802
-0.03232609938132548
-0.03115498436344268
-0.03002167947448598
-0.02892517698959475
-0.0278644862264593
-0.02683863374101001
-0.02584666349118719
-0.02488763697035509
-0.0239606333115043
-0.02306474936376769
-0.02219909974264356
-0.02136281685537359
-0.02055505090280417
-0.01977496985898984
-0.01902175942974404
-0.01829462299140823
-0.01759278151081911
-0.01691547344768169
-0.01626195464066846
-0.01563149817842634
-0.01502339425633491
-0.01443695001974683
-0.01387148939472576
-0.01332635290743481
-0.01280089749326737
-0.01229449629634377
-0.01180653846002833
-0.01133642890927238
-0.01088358812570694
-0.01044745191630151
-0.01002747117614049
-0.009623111645944385
-0.009233853664934505
-0.00885919191974515
-0.008498635190013691
-0.008151706091105927
-0.007817940814518186
-0.007496888866428539
-0.007188112804842012
-0.006891187975718599
-0.006605702248564143
-0.006331255751978092
-0.006067460609492432
-0.005813940675992603
-0.005570331274980868
-0.005336278937061704
-0.005111441139906658
-0.004895486049958593
-0.004688092266181637
-0.004488948566122734
-0.004297753654426108
-0.004114215913976601
-0.0039380531598406
-0.00376899239619461
-0.003606769576446067
-0.003451129366589427
-0.003301824912031718
-0.003158617607922979
-0.003021276873110663
-0.00288957992778725
-0.0027633115749127
-0.00264226398549326
-0.002526236487816132
-0.002415035360569591
-0.002308473630001821
-0.002206370871066094
-0.002108553012621288
-0.002014852146704618
-0.001925106341853895
-0.001839159460549856
-0.001756860980714391
-0.001678065821236318
-0.001602634171511455
-0.00153043132504187
-0.001461327517005548
-0.001395197765813073
-0.001331921718608717
-0.001271383500625234
-0.001213471568428659
-0.001158078566926989
-0.00110510119017266
-0.001054440045872359
-0.00100599952357688
-0.0009596876664436802
-0.0009154160465588113
-0.0008730996437352052
-0.0008326567278393466
-0.0007940087445458393
-0.000757080204281297
-0.0007217985740458086
-0.0006880941724677691
-0.0006559000686588587
-0.0006251519846308299
-0.0005957882003295538
-0.0005677494605468461
-0.0005409788845752443
-0.000515421879274506
-0.0004910260553766279
-0.0004677411463578664
-0.0004455189296689393
-0.0004243131504401175
-0.0004040794477200658
-0.0003847752831857742
-0.0003663598722197701
-0.0003487941172729649
-0.0003320405434369236
-0.0003160632362279783
-0.00030082778148663
-0.0002863012073232576
-0.0002724519280875279
-0.0002592496902787575
-0.0002466655203448711
-0.000234671674315695
-0.0002232415892111985
-0.000212349836222757
-0.000201972075514809
-0.0001920850127000468
-0.0001826663568638989
-0.000173694780143166
-0.0001651498787626758
-0.0001570121355171156
-0.0001492628836444972
-0.0001418842720511027
-0.0001348592318251277
-0.0001281714440082033
-0.0001218053086081927
-0.0001157459147587771
-0.0001099790120552808
-0.0001044909829408002
-9.926881620764632e-05
-9.430008149086323e-05
-8.957290476636642e-05
-8.507594479406759e-05
-8.079837051451514e-05
-7.672983930715563e-05
-7.286047612182098e-05
-6.918085342277395e-05
-6.568197196515683e-05
-6.235524231230138e-05
-5.919246711743357e-05
-5.618582409740581e-05
-5.332784973485793e-05
-5.061142359950259e-05
-4.802975334902014e-05
-4.557636032289144e-05
-4.324506573399733e-05
-4.102997740782765e-05
-3.892547713792621e-05
-3.692620849891665e-05
-3.502706521179855e-05
-3.32231799593062e-05
-3.150991371138125e-05
-2.988284547097172e-05
-2.833776248589368e-05
-2.687065083063236e-05
-2.547768644066618e-05
-2.415522649547304e-05
-2.289980118212425e-05
-2.17081058113506e-05
-2.057699327920007e-05
-1.950346685152219e-05
-1.848467327281263e-05
-1.751789615876481e-05
-1.660054967349473e-05
-1.573017251795332e-05
-1.490442214278912e-05
-1.41210692495547e-05
-1.337799250517507e-05
-1.267317352041375e-05
-1.200469201927425e-05
-1.137072125455458e-05
-1.07695236155385e-05
-1.019944642499126e-05
-9.65891794119287e-06
-9.146443524419743e-06
-8.660601992165682e-06
-8.200042132744199e-06
-7.763479359104382e-06
-7.349692554509371e-06
-6.957521043946206e-06
-6.585861689073907e-06
-6.233666127890605e-06
-5.899938136938331e-06
-5.583731145306916e-06
-5.28414580889376e-06
-5.000327744817136e-06
-4.73146535889833e-06
-4.476787749042395e-06
-4.235562742189488e-06
-4.007095001745013e-06
-3.79072424503188e-06
-3.585823489171429e-06
-3.391797469058009e-06
-3.208081053214203e-06
-3.034137765025145e-06
-2.869458370502964e-06
-2.713559538901059e-06
-2.565982566549869e-06
-2.426292141645956e-06
-2.294075192881209e-06
-2.168939785799549e-06
-2.050514075076223e-06
-1.93844529065265e-06
-1.832398796747565e-06
-1.73205717527559e-06
-1.637119374140658e-06
-1.547299872904401e-06
-1.46232791352676e-06
-1.381946743520723e-06
-1.305912919258094e-06
-1.233995634394337e-06
-1.165976075218927e-06
-1.101646814382632e-06
-1.040811232095364e-06
-9.83282971039301e-07
-9.288854018341349e-07
-8.774511472157807e-07
-8.288215959732059e-07
-7.828464573148985e-07
-7.393833267803493e-07
-6.982972959007841e-07
-6.5946055522504e-07
-6.227520298955348e-07
-5.88057046292895e-07
-5.55266987942263e-07
-5.242789814941256e-07
-4.949956130675683e-07
-4.673246293938761e-07
-4.411786794617792e-07
-4.164750611115834e-07
-3.931354691128371e-07
-3.710857748907599e-07
-3.502558048967509e-07
-3.305791320653349e-07
-3.119928900523173e-07
-2.944375743123366e-07
-2.778568711355649e-07
-2.621974874651125e-07
-2.474089937907184e-07
-2.334436703707636e-07
-2.202563956583251e-07
-2.078044818335067e-07
-1.96047532501416e-07
-1.849473241499221e-07
-1.744676699608395e-07
-1.645743621559234e-07
-1.55235062171733e-07
-1.464191806867215e-07
-1.380977968317702e-07
-1.302435561489307e-07
-1.228305977726593e-07
-1.15834466217817e-07
-1.092320395071126e-07
-1.030014656238895e-07
-9.712208019594343e-08
-9.157435209539525e-08
-8.633981593287552e-08
-8.140102912633037e-08
-7.674149395231361e-08
-7.234562928713286e-08
-6.819870533576597e-08
-6.428680310067515e-08
-6.059677299072484e-08
-5.711619408313483e-08
-5.383333071991984e-08
-5.0737083740044e-08
-4.781697889335475e-08
-4.506311411267558e-08
-4.246613874172389e-08
-4.001722619676662e-08
-3.770803171796026e-08
-3.553068466497714e-08
-3.347773918449487e-08
-3.154217521534316e-08
-2.97173546639602e-08
-2.79970168914791e-08
-2.637525487105365e-08
-2.484648276453199e-08
-2.34054331644397e-08
-2.204712531908853e-08
-2.076686140574379e-08
-1.956021244352902e-08
-1.842299105097156e-08
-1.735124717851801e-08
-1.634124632279037e-08
-1.538946941093785e-08
-1.449259664851423e-08
-1.364748974444734e-08
-1.285119529561988e-08
-1.210091912949747e-08
-1.139404139647518e-08
-1.072806783684512e-08
-1.010066686614616e-08
-9.509622627151202e-09
-8.952851369461889e-09
-8.428386936327023e-09
-7.934373236313733e-09
-7.469059560245979e-09
-7.030794643580682e-09
-6.618023778524716e-09
-6.229273376504592e-09
-5.863161724456636e-09
-5.518379349306399e-09
-5.1936964204262e-09
-4.887953307098364e-09
-4.600055212800708e-09
-4.328969801797668e-09
-4.073724437030574e-09
-3.83340415241351e-09
-3.607146161352561e-09
-3.394135589954304e-09
-3.19360136011904e-09
-3.004820826243885e-09
-2.82711064382716e-09
-2.659828234335821e-09
-2.502362101061747e-09
-2.354146380234177e-09
-2.214642548670366e-09
-2.08334301136657e-09
-1.959769127192846e-09
-1.843470742185788e-09
-1.734021402330534e-09
-1.631018002381557e-09
-1.534088019975515e-09
-1.442871095381297e-09
-1.357033576478387e-09
-1.276264305852293e-09
-1.200269083122661e-09
-1.128765861487787e-09
-1.061494023540814e-09
-9.982069932182724e-10
-9.386655362033448e-10
-8.826494299702598e-10
-8.299517781382953e-10
-7.803781639914203e-10
-7.337440636355842e-10
-6.898810689386868e-10
-6.486244481378931e-10
-6.098180158886306e-10
-5.733184946619315e-10
-5.389864974213337e-10
-5.066941070870089e-10
-4.763219463987863e-10
-4.477603923700032e-10
-4.208957510319117e-10
-3.956301469584879e-10
-3.718757094901118e-10
-3.495382997704881e-10
-3.285321405357757e-10
-3.087828571888983e-10
-2.902170368562335e-10
-2.727625013540892e-10
-2.563535368614139e-10
-2.409212196400183e-10
-2.264130457823918e-10
-2.127670087881858e-10
-1.999435320628696e-10
-1.878866082609432e-10
-1.765515625099881e-10
-1.6589551995877e-10
-1.55883236746461e-10
-1.464695630772281e-10
-1.376233614213884e-10
-1.293015675711098e-10
-1.214829385803177e-10
-1.14133129538342e-10
-1.072249303147196e-10
-1.007329063966961e-10
-9.463061937699902e-11
-8.889813872347032e-11
-8.35103099525652e-11
-7.844780896209109e-11
-7.369691982004328e-11
-6.923346709709593e-11
-6.503444913653267e-11
-6.109325305236874e-11
-5.738707097425032e-11
-5.390579293617843e-11
-5.062418392167236e-11
-4.754590519729895e-11
-4.464989179888798e-11
-4.192928814764352e-11
-3.937576592697718e-11
-3.697661806859198e-11
-3.471924042555721e-11
-3.260022924894176e-11
-3.061559554728904e-11
-2.87546300967881e-11
-2.700628369143366e-11
-2.536341761035231e-11
-2.382329863101664e-11
-2.237569747923201e-11
-2.101157255253442e-11
-1.972730316027527e-11
-1.852040743610148e-11
-1.738821118834108e-11
-1.632334956799297e-11
-1.532228508199089e-11
-1.437979076405976e-11
-1.349822822809137e-11
-1.26692703379057e-11
-1.189112655321142e-11
-1.116064186319459e-11
-1.047423273060827e-11
-9.839768596308218e-12
-9.244070698478614e-12
-8.6809051350228e-12
-8.15277875116864e-12
-7.657473115601871e-12
-7.187638322308715e-12
-6.745077043154806e-12
-6.330403847661937e-12
-5.938464989791063e-12
-5.569168720337263e-12
-5.222001759620014e-12
-4.899551593781092e-12
-4.596166632774897e-12
-4.311055275577434e-12
-4.046510395129448e-12
-3.800806810827909e-12
-3.571310809483581e-12
-3.356765679444122e-12
-3.155256855928974e-12
-2.961216144536526e-12
-2.782359765184704e-12
-2.606544270557487e-12
-2.440856591698933e-12
-2.286987528237244e-12
-2.142674509928461e-12
-2.010762223574491e-12
-1.88842717154649e-12
-1.773865152943679e-12
-1.661394527938073e-12
-1.557070063376062e-12
-1.457396926797351e-12
-1.369385162666211e-12
-1.286465686238026e-12
-1.214295217673106e-12
-1.145033578776014e-12
-1.077512405190604e-12
-1.015236247910847e-12
-9.499247001535151e-13
-8.838212198927242e-13
-8.229402359710316e-13
-7.693862333032134e-13
-7.211491331899124e-13
-6.729209953097924e-13
-6.27551492529768e-13
-5.882469531969588e-13
-5.537780497667045e-13
-5.23168399429776e-13
-4.903038625431437e-13
-4.637424105948007e-13
-4.383625812321867e-13
-4.182895257212839e-13
-4.013584001611845e-13
-3.778417617608036e-13
-3.508786091284432e-13
-3.229367977805247e-13
-2.999432634713977e-13
-2.726074943078234e-13
-2.514280900831429e-13
-2.308394944760023e-13
-2.185553722249046e-13
-2.044474730446756e-13
-1.923248710089314e-13
-1.809676958971448e-13
-1.726233678117813e-13
-1.641742285598302e-13
-1.577591894380478e-13
-1.501069277554874e-13
