1.085933606085818e-12
9.094304608916587e-13
8.631895033234109e-13
9.448918921805913e-13
1.156068369720544e-12
1.514385630865906e-12
2.05688239986945e-12
2.840272900771271e-12
3.945732136953762e-12
5.485907703147965e-12
7.613459293096834e-12
1.053406316645463e-11
1.452317646712543e-11
1.994634933340233e-11
2.728609003569547e-11
3.717930586916005e-11
5.046087757254581e-11
6.821947735814987e-11
9.187284188691923e-11
1.232593014560821e-10
1.647511802456519e-10
2.194004280863905e-10
2.911246344875555e-10
3.84925067711719e-10
5.071783994293724e-10
6.659753321735221e-10
8.715607987136683e-10
1.136862156600843e-09
1.478140316231324e-09
1.915798927686667e-09
2.475355954775442e-09
3.188644151882077e-09
4.095264615999271e-09
5.244348578022979e-09
6.696696272523548e-09
8.527355308081995e-09
1.082872763353388e-08
1.371430955753067e-08
1.732316708648361e-08
2.182530038252276e-08
2.742804151672969e-08
3.438367501493799e-08
4.299849334944006e-08
5.364352653457578e-08
6.676723154563779e-08
8.291045665398755e-08
1.027240434509314e-07
1.269894815599653e-07
1.566430702165089e-07
1.928041080383571e-07
2.368076779273019e-07
2.902426692970567e-07
3.549957830164407e-07
4.333025631953154e-07
5.278063359781119e-07
6.416261000656275e-07
7.784345426474529e-07
9.42547498736356e-07
1.139026327055266e-06
1.373794806354595e-06
1.653772344308347e-06
1.987025459422055e-06
2.382939692462341e-06
2.85241430232517e-06
3.408082345305545e-06
4.064558922208552e-06
4.838720685972963e-06
5.750019912969914e-06
6.820836740865141e-06
8.076873466927617e-06
9.547595087731139e-06
1.126672059277071e-05
1.327276984654232e-05
1.560967122646999e-05
1.832743554539307e-05
2.14829021282938e-05
2.514056330017257e-05
2.937347382412632e-05
3.426425211267154e-05
3.990618052869958e-05
4.640441244917051e-05
5.387729404725859e-05
6.245780905441407e-05
7.229515506022731e-05
8.35564601455006e-05
9.642864885095183e-05
0.0001111204666462297
0.0001278646721372048
0.0001469204062783762
0.0001685757477642853
0.0001931504635944718
0.0002209989634872398
0.0002525134663623162
0.0002881273864873711
0.0003283189460492544
0.0003736150198827187
0.0004245952167863441
0.0004818962002763507
0.0005462162497346342
0.0006183200606510659
0.0006990437800900974
0.0007893002717494089
0.0008900846198760434
0.0010024799198232
0.001127663328258554
0.001266912353198657
0.001421611374853174
0.001593258386932788
0.001783471945714792
0.001993998311623689
0.002226718765334992
0.002483657077547079
0.002766987108523923
0.003079040510325929
0.003422314501307944
0.003799479678985688
0.004213387833761454
0.004667079722223653
0.005163792754883429
0.005706968549190664
0.006300260294566053
0.006947539871978055
0.007652904666266659
0.008420684005055135
0.009255445153593334
0.01016199879050413
0.01114540388637545
0.01221097192406519
0.01336427044026533
0.01461112577265306
0.01595762490834075
0.01741011634267673
0.01897520985580604
0.0206597751118165
0.02247093898290811
0.02441608149880016
0.02650283031971984
0.0287390536298389
0.03113285134953239
0.03369254460286335
0.03642666370915845
0.03934393474471657
0.04245326423582838
0.04576372158177728
0.04928451931681532
0.05302499137439491
0.05699456935146805
0.06120275662875887
0.06565910031990004
0.07037316101322734
0.0753544803462272
0.08061254642644276
0.08615675707589514
0.09199638097766658
0.09814051671920107
0.1045980498238929
0.1113776078475945
0.1184875135845231
0.1259357365465438
0.1337298427693808
0.1418769431168004
0.1503836402349182
0.1592559742695261
0.1684993676004854
0.1781185687101099
0.1881175954402179
0.1984996778656554
0.2092672009616144
0.2204216474034591
0.2319635406719304
0.243892388792535
0.2562066289997916
0.2689035735542976
0.2819793571217502
0.295428885919205
0.3092457890038223
0.3234223720307984
0.3379495737338719
0.3528169255783724
0.368012514790405
0.3835229511494191
0.399333337869255
0.4154272468029566
0.4317866984132415
0.4483921466726399
0.465222469255228
0.4822549632982506
0.4994653468988014
0.516827766727298
0.5343148118369783
0.5518975339550926
0.5695454744386796
0.587226697947436
0.6049078331115605
0.6225541201408803
0.6401294655322759
0.6575965039189742
0.6749166669680454
0.6920502594628681
0.7089565423475551
0.7255938227232244
0.7419195506701595
0.7578904226348417
0.7734624913539518
0.7885912819061307
0.803231913701665
0.817339228104673
0.8308679212475137
0.8437726818289355
0.8560083333176123
0.8675299802068881
0.878293157850166
0.8882539852758543
0.8973693206165119
0.9055969184333047
0.9128955884463476
0.9192253550730267
0.924547617054534
0.9288253066837828
0.9320230478397972
0.9341073122666342
0.9350465734316433
0.9348114571890916
0.9333748887104222
0.9307122348770591
0.9268014415609986
0.9216231651359666
0.9151608974803993
0.9074010839641391
0.8983332336823834
0.8879500214199819
0.8762473807782475
0.8632245878511883
0.8488843350557724
0.8332327945256411
0.8162796706888645
0.7980382416268833
0.7785253887934001
0.7577616148705461
0.7357710493958743
0.7125814419850902
0.6882241429737127
0.6627340713100957
0.63614966971078
0.6085128469662666
0.579868907443477
0.5502664678751196
0.5197573615888272
0.4883965304763211
0.4562419047958985
0.4233542709521692
0.3897971276804684
0.3556365314378464
0.3209409318952491
0.2857809970957528
0.2502294277204224
0.2143607616769183
0.1782511713215721
0.1419782545977276
0.1056208189629766
0.06925865801530297
0.03297232218233845
-0.003157114972104496
-0.0390482940315324
-0.0746198100582264
-0.1097904551485567
-0.1444794622779596
-0.1786067495383485
-0.2120931639117871
-0.2448607236855816
-0.2768328586156356
-0.3079346469521764
-0.3380930484500874
-0.3672371325265453
-0.3952983007036148
-0.4222105025211852
-0.4479104441224355
-0.4723377887265607
-0.4954353482726793
-0.5171492655026202
-0.537429185825943
-0.5562284183366919
-0.573504085373285
-0.5892172601028467
-0.6033330916037316
-0.6158209170166361
-0.6266543603645209
-0.6358114176676342
-0.6432745280822414
-0.6490306307949962
-0.6530712075095867
-0.6553923103937309
-0.6559945753830759
-0.6548832208449564
-0.6520680316102516
-0.6475633284829649
-0.6413879233702181
-0.6335650602082458
-0.6241223419593066
-0.6130916439505266
-0.600509013916256
-0.586414559139246
-0.5708523211191774
-0.5538701382788963
-0.5355194972070281
-0.5158553730090842
-0.4949360593677521
-0.4728229889404413
-0.4495805447820053
-0.4252758634598937
-0.3999786305838983
-0.3737608694890705
-0.3466967238237478
-0.3188622348297195
-0.2903351140851924
-0.2611945125123962
-0.2315207864481242
-0.2013952615719281
-0.1708999955015155
-0.1401175398470249
-0.1091307025207147
-0.07802231108393759
-0.04687497789919758
-0.01577086784550736
0.01520853066982083
0.0459826306848073
0.07647196694848328
0.1065984108093569
0.136285379086764
0.1654580363117946
0.1940434897566988
0.2219709767044368
0.2491720434430942
0.2755807155143304
0.3011336587693791
0.3257703308306396
0.349433122594794
0.372067489450161
0.3936220719327034
0.4140488055695249
0.433303019713073
0.4513435252049675
0.468132690739843
0.4836365078544008
0.4978246444939516
0.5106704871645986
0.5221511717089891
0.5322476027704671
0.5409444620652856
0.5482302056015481
0.5540970500347979
0.558540948375342
0.561561555285519
0.5631621822528637
0.5633497429347847
0.5621346890139159
0.5595309369213393
0.5555557858010569
0.5502298271269218
0.5435768463847079
0.5356237172662557
0.5264002888307134
0.5159392660939746
0.504276084535038
0.4914487790019846
0.4774978475209455
0.4624661105129514
0.4463985659241608
0.4293422407889692
0.4113460397300417
0.3924605909116756
0.3727380899532527
0.3522321422983043
0.3309976045384113
0.3090904251798529
0.2865674853400809
0.2634864398415743
0.2399055591533765
0.2158835726264893
0.1914795134498772
0.1667525657428639
0.1417619141812098
0.1165665965363697
0.09122535949216175
0.06579651807687165
0.04033781903345949
0.01490630843193697
-0.01044179619264505
-0.03565122891534947
-0.06066779347171875
-0.08543847606464262
-0.1099115527304375
-0.1340366910884574
-0.1577650463218429
-0.1810493512563552
-0.2038440004267295
-0.2261051280408251
-0.2477906797720184
-0.2688604783346695
-0.2892762828113835
-0.3090018417235093
-0.3280029398546793
-0.3462474388537761
-0.3637053116656084
-0.3803486708498319
-0.3961517908715719
-0.4110911244591479
-0.4251453131335571
-0.4382951920346191
-0.4505237891781794
-0.4618163192962543
-0.4721601724206618
-0.4815448973794081
-0.4899621803915326
-0.4974058189456107
-0.5038716911634941
-0.5093577208540616
-0.5138638384615667
-0.5173919381234608
-0.5199458310607961
-0.5215311955382262
-0.5221555236216453
-0.5218280649497057
-0.5205597677453102
-0.5183632173040599
-0.5152525722049691
-0.5112434984742363
-0.5063531019178389
-0.5005998588453201
-0.4940035454146952
-0.4865851658328929
-0.4783668796284544
-0.4693719281958979
-0.4596245608148469
-0.4491499603522991
-0.4379741688564143
-0.4261240132318064
-0.4136270311700495
-0.4005113975105419
-0.3868058512049727
-0.3725396230545071
-0.3577423643748329
-0.3424440767329361
-0.3266750428974324
-0.3104657591317428
-0.2938468689532563
-0.2768490984745906
-0.2595031934361544
-0.2418398580327114
-0.2238896956204323
-0.2056831513856804
-0.1872504570508868
-0.1686215776860006
-0.1498261606867203
-0.1308934869671675
-0.1118524244091617
-0.09273138360508137
-0.07355827592514862
-0.05436047393208429
-0.0351647741551137
-0.01599736223098378
0.00311621958538964
0.02215110254424093
0.04108311916838668
0.05988882868108509
0.07854554011575597
0.09703133313433311
0.1153250765851894
0.1334064448361904
0.1512559319225863
0.1688548635536399
0.1861854070257725
0.203230579093779
0.2199742518573293
0.2364011567181225
0.2524968864652878
0.2682478955504775
0.2836414986189942
0.2986658673668238
0.3133100257885377
0.3275638438827159
0.341418029884537
0.3548641210982885
0.3678944734050308
0.380502249514475
0.3926814060319149
0.4044266794122187
0.4157335708738016
0.4265983303472929
0.437017939527287
0.4469900940969656
0.4565131851950103
0.4655862801936091
0.4742091028575738
0.48238201294829
0.4901059853369285
0.497382588690236
0.5042139637911686
0.5106028015579049
0.5165523208162119
0.522066245881161
0.5271487840025564
0.5318046027267398
0.5360388072272482
0.5398569176508652
0.5432648465247252
0.5462688762688686
0.5488756368580465
0.5510920836768705
0.552925475602531
0.554383353350415
0.5554735181160289
0.5562040105451855
0.5565830900638491
0.5566192145930473
0.5563210206734895
0.5556973040232801
0.5547570005515681
0.5535091678511963
0.5519629671840367
0.5501276459721444
0.5480125208084988
0.5456269610027412
0.5429803726767831
0.5400821834145394
0.5369418274712411
0.5335687315479266
0.5299723011355734
0.5261619074331394
0.5221468748393873
0.517936469018389
0.5135398855376818
0.5089662390773256
0.5042245532092062
0.4993237507391107
0.4942726446053051
0.489079929327018
0.4837541729955394
0.4783038098006006
0.4727371330822377
0.4670622888990954
0.4612872701027348
0.4554199109062971
0.4494678819362713
0.4434386857555077
0.437339652847982
0.4311779380522781
0.4249605174270816
0.4186941855334986
0.4123855531227057
0.406041045219008
0.3996668995841402
0.3932691655449647
0.3868537031689059
0.3804261827745136
0.3739920847650915
0.3675566997711376
0.3611251290865216
0.354702285385528
0.3482928937051785
0.3419014926775044
0.3355324359983196
0.3291898941206362
0.322877856161391
0.3166001320063646
0.3103603545992799
0.3041619824026215
0.2980083020190523
0.291902430963164
0.2858473205698329
0.2798457590260539
0.2739003745153593
0.2680136384659558
0.2621878688942147
0.256425233831049
0.2507277548197616
0.2450973104760098
0.2395356401020244
0.2340443473472543
0.2286249039061278
0.2232786532444705
0.2180068143469268
0.2128104854781587
0.2076906479512369
0.2026481698961925
0.197683810023297
0.1927982213748409
0.18799195505847
0.1832654639559315
0.1786191064031091
0.1740531498373609
0.1695677744077649
0.1651630765439047
0.1608390724800276
0.1565957017301104
0.1524328305098873
0.1483502551029132
0.1443477051685405
0.1404248469899065
0.1365812866589828
0.1328165731958552
0.1291302016005764
0.1255216158368844
0.121990211747314
0.1185353398973767
0.1151563083469257
0.1118523853478646
0.1086228019682707
0.1054667546425045
0.1023834076469756
0.09937189550180883
0.09643132529821913
0.09356077895122998
0.09075931537767903
0.08802597260012203
0.08535976977750614
0.08275970916310903
0.08022477799023303
0.07775395028652708
0.07534618861755916
0.07300044576016364
0.07071566630663023
0.06849078820156586
0.06632474421332317
0.06421646334017565
0.06216487215142331
0.06016889606485828
0.05822746056298377
0.05633949235002175
0.05450392045024226
0.052719677248222
0.05098569947257423
0.04930092912523127
0.0476643143581555
0.04607481029846456
0.04453137982307818
0.04303299428436928
0.04157863418870106
0.04016728982952178
0.0387979618762733
0.03746966192052912
0.03618141298077107
0.03493224996717131
0.03372122010754387
0.03254738333625638
0.03140981264785143
0.03030759441673663
0.02923982868391375
0.02820562941197785
0.0272041247097795
0.02623445702806984
0.02529578332736571
0.02438727521954632
0.02350811908458659
0.02265751616332392
0.02183468262718804
0.02103884962601845
0.02026926331532151
0.01952518486402433
0.0188058904437883
0.01811067120089601
0.01743883321170546
0.01678969742257726
0.01616259957511058
0.01555689011771767
0.01497193410441631
0.01440711108172857
0.0138618149643556
0.0133354539004242
0.01282745012708486
0.01233723981719512
0.01186427291781498
0.01140801298124923
0.01096793698930943
0.01054353517135414
0.01013431081649522
0.009739780080596694
0.009359471788754178
0.008992927233877589
0.00863969997176461
0.008299355613055916
0.007971471612575316
0.007655637056427942
0.007351452447347068
0.007058529488605895
0.006776490866948206
0.006504970034884936
0.006243610992559081
0.005992068069397779
0.005750005706034553
0.005517098237257466
0.005293029676121335
0.005077493498145881
0.004870192424371372
0.004670838205937214
0.004479151414848282
0.004294861240096448
0.004117705283130076
0.003947429348339955
0.003783787234800052
0.003626540534515132
0.003475458436651606
0.003330317533831038
0.003190901629203908
0.003057001545925404
0.00292841493983777
0.002804946115528761
0.002686405845344786
0.002572611191453383
0.002463385330978
0.002358557384313051
0.00225796224670108
0.00216144042300702
0.002068837865775981
0.001980005816585065
0.001894800650626121
0.001813083724550286
0.001734721227603728
0.001659584036072956
0.001587547570984972
0.001518491659037263
0.001452300396750753
0.001388862017819069
0.001328068763652235
0.001269816757075032
0.001214005879140698
0.001160539649035996
0.001109325107028755
0.001060272700461015
0.001013296172675383
0.0009683124549183823
0.0009252415611068365
0.000884006485473205
0.0008445331029955053
0.0008067500725641309
0.0007705887428983773
0.0007359830610872067
0.0007028694837638406
0.0006711868908340176
0.0006408765017107629
0.0006118817940297635
0.0005841484247717
0.0005576241537382099
0.0005322587693524278
0.0005080040167083491
0.0004848135278163781
0.0004626427540431164
0.0004414489006289451
0.0004211908632567622
0.0004018291666703464
0.0003833259052314948
0.000365644685369306
0.0003487505699175586
0.0003326100242472412
0.0003171908642011192
0.0003024622056921025
0.0002883944160396372
0.0002749590668709291
0.0002621288886893426
0.0002498777268870141
0.000238180499341272
0.0002270131554069584
0.0002163526363526983
0.0002061768371542929
0.0001964645696468634
0.0001871955269261788
0.0001783502490427692
0.0001699100898919118
0.0001618571853051254
0.0001541744222460466
0.0001468454091618954
0.0001398544473700945
0.0001331865035020659
0.0001268271829534196
0.0001207627043101702
0.0001149798746919909
0.0001094660660638257
0.000104209192368186
9.919768755791458e-05
9.442048442621456e-05
8.986699424543689e-05
8.552708719717631e-05
8.139107348440876e-05
7.744968523332642e-05
7.369405905098629e-05
7.011571927637361e-05
6.670656185673651e-05
6.345883886015282e-05
6.036514358774702e-05
5.741839628465525e-05
5.461183037944421e-05
5.193897929378852e-05
4.939366376951375e-05
4.696997967908643e-05
4.46622863322791e-05
4.246519528175898e-05
4.037355950788972e-05
3.838246311129625e-05
3.648721137098874e-05
3.468332123702532e-05
3.296651217857011e-05
3.133269743481296e-05
2.977797561793264e-05
2.829862263437993e-05
2.689108397115237e-05
2.555196729014312e-05
2.427803530608689e-05
2.306619900793417e-05
2.191351111373046e-05
2.081715984493694e-05
1.977446291471171e-05
1.878286180171239e-05
1.783991625843936e-05
1.69432990386401e-05
1.609079087148217e-05
1.528027561816704e-05
1.450973566041705e-05
1.377724749587904e-05
1.308097748146367e-05
1.241917779623405e-05
1.17901825562072e-05
1.119240411167692e-05
1.062432950058485e-05
1.00845170453395e-05
9.571593119504293e-06
9.084249030654244e-06
8.621238067409329e-06
8.181372642756897e-06
7.763521581264944e-06
7.366607543600094e-06
6.989604530102086e-06
6.63153551263477e-06
6.291470178301837e-06
5.968522745412521e-06
5.661849923700868e-06
5.370648918475997e-06
5.094155554976414e-06
4.83164245939757e-06
4.582417355720939e-06
4.345821442674486e-06
4.121227798014526e-06
3.908039811557418e-06
3.705689782518412e-06
3.513637700732165e-06
3.331370062842588e-06
3.158398533892702e-06
2.994258410671856e-06
2.838507344714422e-06
2.690724486610652e-06
2.550509743476499e-06
2.417482844553158e-06
2.291282267462511e-06
2.171564242124223e-06
2.058001909590969e-06
1.950284539288693e-06
1.848116756653874e-06
1.751217809555626e-06
1.659320843844192e-06
1.57217224259594e-06
1.489530983499324e-06
1.411168016731791e-06
1.336865709609838e-06
1.266417271678807e-06
1.199626229846155e-06
1.136305932323107e-06
1.076279068925918e-06
1.019377201338335e-06
9.654403431854795e-07
9.143165479268155e-07
8.65861499315961e-07
8.199381548450782e-07
7.764163648914619e-07
7.3517255490781e-07
6.96089391095978e-07
6.590554686828675e-07
6.23965020272592e-07
5.907176479964039e-07
5.592180347782748e-07
5.293757217076318e-07
5.011048325273284e-07
4.743238682791458e-07
4.489554863865938e-07
4.249262873772159e-07
4.021666222217991e-07
3.806104010979819e-07
3.601949121505727e-07
3.40860664111924e-07
3.225512200379291e-07
3.052130335155066e-07
2.887953173772327e-07
2.732498914365551e-07
2.585310581360237e-07
2.445954716526352e-07
2.314020281365384e-07
2.18911738706153e-07
2.070876419372419e-07
1.958946761872969e-07
1.852996027558762e-07
1.752709128732433e-07
1.657787257569858e-07
1.567947169419845e-07
1.482920354744856e-07
1.402452276190939e-07
1.326301624793068e-07
1.254239697645262e-07
1.186049799783575e-07
1.121526423534515e-07
1.060474928718256e-07
1.00271077249873e-07
9.480591885318562e-08
8.963544639315018e-08
8.474396398728937e-08
8.011659171017091e-08
7.573923855006522e-08
7.159856010088085e-08
6.768190902425739e-08
6.397730814347589e-08
6.047341071675782e-08
5.715946847985187e-08
5.402530411450665e-08
5.106127724225974e-08
4.825825485783126e-08
4.560758770381803e-08
4.310108540552158e-08
4.073099121842753e-08
3.848996218978521e-08
3.637105525359844e-08
3.436768130669875e-08
3.247360945347662e-08
3.068294090900006e-08
2.899009059716763e-08
2.738977186109932e-08
2.587698321321761e-08
2.44469874214553e-08
2.309529354798564e-08
2.181766252502804e-08
2.061007469900578e-08
1.946872886509967e-08
1.83900316120731e-08
1.737057478009707e-08
1.640713238361253e-08
1.549665901554382e-08
1.463627283235691e-08
1.3823248833539e-08
1.305500451886575e-08
1.232909361392423e-08
1.164320693848878e-08
1.09951594561504e-08
1.038288924951317e-08
9.804435555339541e-09
9.257945199553364e-09
8.741665627956656e-09
8.253950066559824e-09
7.793221449516362e-09
7.358002195708317e-09
6.946897655885754e-09
6.558578008560022e-09
6.191800310653293e-09
5.845374828291716e-09
5.518184104286178e-09
5.209166453491691e-09
4.917318958734831e-09
4.641697697316646e-09
4.381412227901791e-09
4.135607746705218e-09
3.903494681196183e-09
3.684315345317209e-09
3.477356390653389e-09
3.281937834907168e-09
3.097423232218267e-09
2.923208242635754e-09
2.758722083106237e-09
2.603427136720226e-09
2.456811620435123e-09
2.318398462427178e-09
2.187726837811834e-09
2.064366865111044e-09
1.947914302690289e-09
1.837988245218906e-09
1.734221511833274e-09
1.636271963996888e-09
1.543816083651283e-09
1.456553751841913e-09
1.374185695102207e-09
1.296449122388519e-09
1.22308137916232e-09
1.153841717332917e-09
1.088502990506529e-09
1.026841962496802e-09
9.686551735447335e-10
9.137399448767123e-10
8.61914331057123e-10
8.130143539517249e-10
7.668680377032745e-10
7.233206306594267e-10
6.82228858786653e-10
6.434544881454128e-10
6.068743254948803e-10
5.723620879067907e-10
5.398008332689205e-10
5.090842275813756e-10
4.801062334513672e-10
4.527714118425599e-10
4.269865944436932e-10
4.02660285355242e-10
3.797101806251247e-10
3.580582660023102e-10
3.376323894420549e-10
3.183650867585685e-10
3.001909825963461e-10
2.830480247292447e-10
2.668801731484226e-10
2.516302462657283e-10
2.372474325246939e-10
2.236866723418198e-10
2.108957290051217e-10
1.988362847387049e-10
1.874606144016146e-10
1.767301277409681e-10
1.666064824600381e-10
1.570599071274734e-10
1.480595819553573e-10
1.395686375104618e-10
1.315601209645228e-10
1.24010822456439e-10
1.168925973750512e-10
1.101840010248469e-10
1.038650644143092e-10
9.790456470331661e-11
9.228948124129328e-11
8.699447349417696e-11
8.20010091315061e-11
7.728848611110802e-11
7.284338804171885e-11
6.864933566800334e-11
6.469596634786808e-11
6.096496932620472e-11
5.744955027490452e-11
5.414141062209833e-11
5.102034127482469e-11
4.807945388861827e-11
4.530665855104373e-11
4.269645328517248e-11
4.023414566441309e-11
3.791127540410035e-11
3.572518884880509e-11
3.367103672824563e-11
3.173380722648614e-11
2.990521425342652e-11
2.817696037339237e-11
2.655306806790348e-11
2.501853357440121e-11
2.357409599628242e-11
2.221110638758334e-11
2.092186332732418e-11
1.970738697102068e-11
1.856055835847437e-11
1.748153691556466e-11
1.646572239734693e-11
1.550843972666251e-11
1.461185923452389e-11
1.376991619399297e-11
1.297591833447954e-11
1.222543238789557e-11
1.152355665879692e-11
1.085835353955994e-11
1.023063624302677e-11
9.638016810768784e-12
9.079258655286911e-12
8.552359992693927e-12
8.053713602518484e-12
7.585085212512835e-12
7.144062739505758e-12
6.726937916619157e-12
6.333592796751848e-12
