-2.414471558623488e-12
-2.476094142464055e-12
-2.854761025365229e-12
-3.589806767021868e-12
-4.749709285128561e-12
-6.446361691670476e-12
-8.847955668079554e-12
-1.218785588428107e-11
-1.678444922541449e-11
-2.306418338497452e-11
-3.159542938281501e-11
-4.312866220941412e-11
-5.865183957318504e-11
-7.945841042229056e-11
-1.072358374145937e-10
-1.441761233875621e-10
-1.931145639880841e-10
-2.577070522145451e-10
-3.426502250202749e-10
-4.539546593928868e-10
-5.992873898580531e-10
-7.88396057445642e-10
-1.03363276497844e-09
-1.350598259288824e-09
-1.758937366438588e-09
-2.283308644608977e-09
-2.954577383388857e-09
-3.81126185213462e-09
-4.901297276622906e-09
-6.284171647998919e-09
-8.033510195384104e-09
-1.024019825067547e-08
-1.301613366040983e-08
-1.649874256480209e-08
-2.085638664998185e-08
-2.629483078226403e-08
-3.306495723437336e-08
-4.147195428335744e-08
-5.188622473226049e-08
-6.475631826256195e-08
-8.062422282988017e-08
-1.001434020372354e-07
-1.24100038380982e-07
-1.534379606998118e-07
-1.892878673591966e-07
-2.330014614373138e-07
-2.861912419550652e-07
-3.507767614190248e-07
-4.290382407082839e-07
-5.236785374819025e-07
-6.378945409516764e-07
-7.754591707241808e-07
-9.40815418861732e-07
-1.139184479068142e-06
-1.376689574451204e-06
-1.660497308830982e-06
-1.9989786682685e-06
-2.40189202312101e-06
-2.880590692691462e-06
-3.448257886636209e-06
-4.120172089872016e-06
-4.914006219843207e-06
-5.850164172732512e-06
-6.952158677710357e-06
-8.247034690272872e-06
-9.765842871315676e-06
-1.154416805961202e-05
-1.362271797732722e-05
-1.604797778584479e-05
-1.887293647523224e-05
-2.215789146122865e-05
-2.597133814056529e-05
-3.039095156235399e-05
-3.550466775867361e-05
-4.141187267808523e-05
-4.822470705489317e-05
-5.606949591680782e-05
-6.508831170061093e-05
-7.544068000742848e-05
-8.730543774266691e-05
-0.0001008827535827609
-0.0001163963208693749
-0.0001340957331702869
-0.0001542590528274674
-0.0001771955828264691
-0.0002032488522205821
-0.0002327998251585079
-0.0002662703432087327
-0.0003041268102233644
-0.0003468841283208049
-0.0003951098927262196
-0.0004494288521522471
-0.0005105276400821452
-0.0005791597807295654
-0.0006561509715143306
-0.0007424046416576933
-0.0008389077837933662
-0.0009467370523983232
-0.001067065119250431
-0.001201167271948174
-0.001350428237030059
-0.001516349206326432
-0.001700555074547424
-0.001904801969471622
-0.00213098501125966
-0.002381146252996674
-0.00265748277643519
-0.00296235491540798
-0.003298294575975383
-0.003668013618774411
-0.004074412265328154
-0.004520587486155941
-0.005009841324640029
-0.005545689106501748
-0.00613186748064062
-0.006772342232905069
-0.007471315810092842
-0.008233234487233853
-0.009062795106887806
-0.009964951314887942
-0.01094491921266832
-0.01200818234206876
-0.01316049591423872
-0.01440789019018442
-0.01575667291637685
-0.01721343071510475
-0.01878502932801464
-0.02047861264378613
-0.02230160051210117
-0.02426168518815979
-0.02636682627633392
-0.02862524406866848
-0.03104541117540383
-0.03363604234472255
-0.03640608236925937
-0.03936469197762581
-0.04252123161043374
-0.04588524298228301
-0.04946642833779849
-0.05327462737414917
-0.05731979233059933
-0.0616119613819391
-0.06616122971011799
-0.07097771770561857
-0.07607153655912968
-0.08145275158243294
-0.08713134333491451
-0.0931171664140592
-0.09941990595151549
-0.1060490318426992
-0.1130137508532214
-0.1203229567032795
-0.1279851781745807
-0.1360085254349962
-0.1444006346474367
-0.1531686110711166
-0.1623189708366028
-0.1718575815247243
-0.1817896018497926
-0.1921194205802969
-0.2028505949956574
-0.2139857891426168
-0.2255267120917257
-0.2374740565886582
-0.2498274382907406
-0.2625853359665877
-0.2757450329883224
-0.2893025603657813
-0.3032526417875107
-0.3175886408912713
-0.3323025111926625
-0.3473847490354182
-0.3628243498298573
-0.3786087680813751
-0.3947238814209363
-0.4111539590684309
-0.4278816350807759
-0.444887886626772
-0.4621520177801605
-0.4796516489820917
-0.4973627125562171
-0.5152594545644014
-0.53331444316292
-0.5514985838759024
-0.5697811418311048
-0.5881297712488701
-0.6065105523562625
-0.6248880357455553
-0.643225294461707
-0.6614839837126396
-0.6796244083491702
-0.6976055981243497
-0.7153853905752928
-0.7329205216437683
-0.7501667237390115
-0.7670788312024064
-0.7836108929915642
-0.7997162922353396
-0.8153478725880422
-0.8304580708805618
-0.8449990558235057
-0.8589228723817323
-0.8721815912864658
-0.8847274634282827
-0.8965130784366832
-0.9074915270155443
-0.9176165664777469
-0.9268427887799476
-0.9351257906318819
-0.9424223448483418
-0.9486905723790685
-0.9538901143339987
-0.9579823031941557
-0.9609303326725981
-0.9626994253204852
-0.9632569972421531
-0.9625728191827639
-0.9606191731434105
-0.9573710039454916
-0.9528060648618645
-0.9469050566988202
-0.9396517596256172
-0.9310331569606047
-0.9210395503859821
-0.9096646658171705
-0.8969057494077582
-0.8827636531100979
-0.8672429091572981
-0.8503517930806931
-0.8321023746797094
-0.8125105565963012
-0.7915961001192998
-0.7693826378270291
-0.745897672899995
-0.721172564779586
-0.6952425010636354
-0.6681464555287127
-0.6399271321766015
-0.6106308953939509
-0.5803076862122112
-0.5490109248368182
-0.516797399630572
-0.4837271427641447
-0.4498632929034027
-0.4152719452261736
-0.3800219892010764
-0.3441849346086086
-0.3078347263433475
-0.2710475486415389
-0.2339016192596764
-0.1964769742050056
-0.1588552438154362
-0.1211194211534052
-0.08335362359982135
-0.04564284796008965
-0.008072719741468328
0.02927076186060951
0.06630148187014859
0.1029334699949186
0.1390811633576719
0.1746596701177944
0.2095850323851846
0.2437744876086889
0.27714672793831
0.3096221565268476
0.341123139628334
0.3715742534784491
0.4009025250970775
0.4290376661844631
0.4559122991838355
0.4814621746456975
0.5056263790712671
0.528347532447268
0.5495719747682638
0.569249940812659
0.5873357225330111
0.6037878184571477
0.6185690695279079
0.6316467809167907
0.64299282933288
0.6525837554596634
0.6604008411918726
0.666430171380498
0.6706626799106458
0.6730941799325825
0.6737253781854008
0.6725618733895598
0.6696141387179119
0.6648974884712289
0.6584320290886666
0.6502425947366662
0.6403586677508079
0.6288142842352138
0.6156479252300712
0.6009023938606379
0.5846246789771129
0.5668658058212575
0.547680674282876
0.5271278853951917
0.5052695567082653
0.4821711272537915
0.4579011528354794
0.4325310923996394
0.4061350862985213
0.378789727239865
0.3505738247644894
0.3215681641039634
0.2918552602791436
0.261519108329117
0.2306449305326773
0.1993189215081618
0.1676279920723076
0.1356595127318929
0.1035010576831642
0.07124015016846921
0.03896401003546987
0.006759304321636137
-0.02528809833422039
-0.05709336867149435
-0.08857295242475342
-0.1196447998520154
-0.1502285884805483
-0.1802459384073228
-0.2096206195322342
-0.2382787501315971
-0.2661489862235522
-0.2931627012158582
-0.3192541553643261
-0.344360654624371
-0.368422698505735
-0.3913841165944035
-0.4131921934487064
-0.4337977816186665
-0.453155402599597
-0.4712233355501285
-0.4879636936644262
-0.5033424881306184
-0.5173296796471902
-0.5298992175295592
-0.5410290664569934
-0.550701220971616
-0.5589017078733944
-0.5656205766826699
-0.5708518783981817
-0.5745936327980639
-0.576847784585824
-0.5776201487041083
-0.5769203451577878
-0.5747617237374815
-0.5711612790425921
-0.5661395562462926
-0.5597205480582604
-0.5519315833528508
-0.5428032079670031
-0.5323690581689519
-0.5206657273296031
-0.5077326263328406
-0.4936118382640278
-0.4783479679388052
-0.4619879868226097
-0.4445810739097702
-0.4261784531247459
-0.4068332278010817
-0.3866002128039625
-0.3655357648445351
-0.3436976115379084
-0.3211446797446585
-0.2979369237231698
-0.2741351536169138
-0.2498008647762342
-0.2249960684092661
-0.1997831240359075
-0.1742245741982837
-0.1483829818694806
-0.1223207709811231
-0.09610007047402828
-0.06978256224995318
-0.04342933337924207
-0.01710073290110985
0.009143766471201711
0.03524570145001183
0.06114774581165967
0.08679383233176785
0.112129268801042
0.1371008479276268
0.1616569509548842
0.1857476448474945
0.2093247729239906
0.2323420388417613
0.2547550838560725
0.2765215572993002
0.2976011802490888
0.3179558023755362
0.3375494519830065
0.3563483792752335
0.3743210928962671
0.3914383898179536
0.4076733786615557
0.4230014965652024
0.437400519714265
0.450850567673376
0.4633341016723894
0.4748359170096608
0.4853431297548813
0.4948451579383027
0.5033336974331425
0.5108026927419754
0.5172483029001195
0.5226688627248575
0.5270648396418615
0.5304387863319185
0.532795289442739
0.5341409146120272
0.5344841480589304
0.5338353349923399
0.5322066150951706
0.5296118553397821
0.5260665803826283
0.5215879007906639
0.5161944393540034
0.5099062557467215
0.5027447697814404
0.4947326834863462
0.4858939022377401
0.4762534551863006
0.4658374152168691
0.4546728186620122
0.4427875849707993
0.4302104365363034
0.4169708188870424
0.4030988214461468
0.3886250990414779
0.3735807943308431
0.3579974613064143
0.3419069900422121
0.3253415328437458
0.3083334319395651
0.2909151488383048
0.2731191954726275
0.2549780672462438
0.2365241780928414
0.2177897976418031
0.19880699057428
0.1796075582483614
0.1602229826601804
0.140684372800754
0.1210224134603999
0.1012673165247426
0.0814487747985141
0.06159591838145341
0.04173727361494035
0.02190072461161789
0.002113477373071035
-0.01759797350694004
-0.03720787556410781
-0.05669124662528717
-0.07602390043112911
-0.09518246974702589
-0.1141444269973187
-0.1328881024607471
-0.1513927000689795
-0.1696383108550082
-0.1876059241035354
-0.2052774362604923
-0.2226356576601155
-0.2396643171332121
-0.2563480645624857
-0.2726724714516723
-0.2886240295790912
-0.3041901478076961
-0.3193591471263169
-0.3341202539980905
-0.3484635920942946
-0.3623801724964176
-0.3758618824414462
-0.3889014726861628
-0.4014925435695335
-0.4136295298563336
-0.4253076844472534
-0.4365230610298156
-0.447272495745441
-0.4575535879501191
-0.4673646801480696
-0.4767048371790458
-0.4855738247294225
-0.4939720872384792
-0.5019007252710448
-0.5093614724277138
-0.5163566718643776
-0.5228892524837844
-0.5289627048625422
-0.5345810569756424
-0.5397488497789736
-0.5444711127105374
-0.5487533391633247
-0.5526014619826575
-0.5560218290391472
-0.559021178926703
-0.5616066168356559
-0.5637855906413179
-0.5655658672490069
-0.5669555092345755
-0.5679628518172892
-0.5685964802016474
-0.5688652073180017
-0.568778051991
-0.5683442175632982
-0.5675730710016647
-0.5664741225123913
-0.5650570056831304
-0.5633314581690976
-0.5613073029404188
-0.5589944301051827
-0.556402779323329
-0.5535423228197978
-0.5504230490053712
-0.5470549467125425
-0.5434479900532708
-0.5396121239062283
-0.5355572500319713
-0.531293213814369
-0.5268297916278222
-0.5221766788313931
-0.5173434783909561
-0.5123396901206481
-0.5071747005361714
-0.5018577733135049
-0.4963980403455553
-0.49080449338965
-0.4850859762949249
-0.4792511777992617
-0.473308624884693
-0.4672666766803214
-0.4611335189027724
-0.4549171588186503
-0.4486254207147775
-0.4422659418623042
-0.4358461689603175
-0.4293733550452412
-0.4228545568501463
-0.4162966325994341
-0.4097062402232823
-0.4030898359756884
-0.3964536734405847
-0.3898038029103598
-0.3831460711235466
-0.3764861213456587
-0.3698293937742365
-0.3631811262509432
-0.3565463552670766
-0.349929917250501
-0.3433364501186034
-0.3367703950790064
-0.3302359986620296
-0.3237373149717458
-0.3172782081431924
-0.310862354991771
-0.3044932478402529
-0.2981741975111474
-0.2919083364698453
-0.2856986221047517
-0.2795478401320974
-0.2734586081149243
-0.2674333790861996
-0.2614744452630549
-0.2555839418403493
-0.2497638508531213
-0.244016005098865
-0.2383420921113352
-0.2327436581748332
-0.2272221123687765
-0.2217787306341186
-0.2164146598550473
-0.2111309219498922
-0.2059284179618834
-0.2008079321415032
-0.1957701360138225
-0.1908155924255324
-0.1859447595665291
-0.1811579949597197
-0.1764555594134934
-0.1718376209321034
-0.1673042585794175
-0.1628554662922067
-0.1584911566388143
-0.1542111645202341
-0.1500152508101874
-0.1459031059301394
-0.1418743533559876
-0.1379285530545782
-0.1340652048485176
-0.1302837517072961
-0.1265835829628391
-0.1229640374485441
-0.1194244065597691
-0.1159639372343311
-0.1125818348521594
-0.1092772660539924
-0.1060493614790674
-0.1028972184210605
-0.09981990340146474
-0.09681645466065791
-0.09388588456740198
-0.09102718194789014
-0.0882393143338171
-0.08552123012947473
-0.08287186069851311
-0.08029012237167245
-0.07777491837645652
-0.07532514068970461
-0.07293967181441845
-0.07061738648190549
-0.06835715328005426
-0.06615783620886977
-0.0640182961647838
-0.06193739235541027
-0.05991398364616167
-0.05794692984007444
-0.05603509289243283
-0.05417733806157861
-0.05237253499723135
-0.05061955876793106
-0.04891729082983402
-0.04726461993895109
-0.04566044300783947
-0.04410366590759796
-0.04259320421696436
-0.04112798392090455
-0.03970694206084817
-0.03832902733758201
-0.03699320066788784
-0.03569843569659892
-0.03444371926616273
-0.03322805184554421
-0.03205044791974871
-0.03090993634115943
-0.02980556064430964
-0.02873637932583478
-0.02770146609118159
-0.02669991006939587
-0.02573081599734069
-0.02479330437475413
-0.02388651159139565
-0.02300959002742266
-0.02216170812863369
-0.02134205045793428
-0.02054981772440761
-0.0197842267907858
-0.0190445106604837
-0.01832991844539015
-0.01763971531544541
-0.0169731824312016
-0.01632961686043414
-0.01570833148001251
-0.01510865486377698
-0.01452993115720662
-0.01397151993976697
-0.01343279607597938
-0.01291314955602823
-0.01241198532675083
-0.01192872311372973
-0.01146279723532938
-0.01101365640920749
-0.01058076355207037
-0.01016359557335965
-0.009761643163486225
-0.009374410577247441
-0.009001415412934246
-0.008642188387660827
-0.008296273109432952
-0.007963225846512009
-0.007642615294511422
-0.007334022341712865
-0.007037039833073488
-0.006751272333284449
-0.006476335889070116
-0.006211857791168752
-0.0059574763364467
-0.00571284059048372
-0.00547761015085669
-0.00525145491137498
-0.005034054827551482
-0.004825099683519986
-0.004624288860645705
-0.004431331108061093
-0.004245944315330201
-0.004067855287426219
-0.003896799522121948
-0.003732520989875497
-0.003574771916494863
-0.003423312569009638
-0.00327791104472162
-0.003138343062831809
-0.003004391757737227
-0.002875847475695827
-0.002752507577602806
-0.002634176247351209
-0.002520664302020015
-0.002411789001155213
-0.002307373859014762
-0.002207248462890928
-0.002111248297127192
-0.0020192145703731
-0.001930994045300992
-0.00184643887164296
-0.001765406423057924
-0.001687759137864652
-0.001613364363316923
-0.001542094203447875
-0.00147382537043896
-0.001408439039565745
-0.001345820707625529
-0.001285860054893146
-0.001228450810562418
-0.001173490621545133
-0.001120880924688402
-0.001070526822294292
-0.001022336960934443
-0.0009762234135301003
-0.000932101564650377
-0.0008898899989272818
-0.0008495103925797407
-0.0008108874079806069
-0.000773948591210608
-0.0007386242725553624
-0.0007048474699035299
-0.0006725537949349398
-0.0006416813621421068
-0.0006121707004989312
-0.0005839646678339422
-0.0005570083678131769
-0.0005312490694291811
-0.0005066361290306531
-0.0004831209147397692
-0.0004606567332634937
-0.0004391987590309591
-0.0004187039655773579
-0.0003991310591720919
-0.0003804404145441644
-0.0003625940127564854
-0.0003455553810951936
-0.0003292895349731643
-0.0003137629217501693
-0.0002989433664602138
-0.000284800019360072
-0.0002713033052609321
-0.0002584248746015913
-0.0002461375562078794
-0.0002344153116830369
-0.0002232331914033284
-0.0002125672920293043
-0.0002023947155504556
-0.0001926935297542434
-0.0001834427301307274
-0.0001746222031174557
-0.0001662126906850433
-0.0001581957562076073
-0.0001505537515661568
-0.0001432697854743497
-0.0001363276929631039
-0.0001297120059767664
-0.0001234079250899122
-0.0001174012922615497
-0.000111678564612485
-0.0001062267892180174
-0.0001010335788098469
-9.608708844503753e-05
-9.137599304470116e-05
-8.6889465794081e-05
-8.261715737993494e-05
-7.854917603459121e-05
-7.467606834737647e-05
-7.098880083475586e-05
-6.747874222575485e-05
-6.413764644870071e-05
-6.09576362887264e-05
-5.793118769352806e-05
-5.505111470695686e-05
-5.231055498557203e-05
-4.970295593160901e-05
-4.72220613454658e-05
-4.486189865757486e-05
-4.261676664071706e-05
-4.048122364063081e-05
-3.845007629155132e-05
-3.651836867930946e-05
-3.468137196681335e-05
-3.293457443109973e-05
-3.12736719218268e-05
-2.969455872804228e-05
-2.819331878871698e-05
-2.676621732822983e-05
-2.540969276554734e-05
-2.412034903742047e-05
-2.289494822065447e-05
-2.173040343092021e-05
-2.062377208811549e-05
-1.957224940236909e-05
-1.857316220162801e-05
-1.762396294862804e-05
-1.67222241127258e-05
-1.586563267931698e-05
-1.505198497600177e-05
-1.427918167796642e-05
-1.354522306470858e-05
-1.284820444631197e-05
-1.218631180144302e-05
-1.155781764396588e-05
-1.096107700707502e-05
-1.039452365459554e-05
-9.856666437315715e-06
-9.346085816430884e-06
-8.861430533938116e-06
-8.401414449981324e-06
-7.964813498047978e-06
-7.550462786906868e-06
-7.157253834334703e-06
-6.784131926638777e-06
-6.430093587059657e-06
-6.094184164170888e-06
-5.775495535326778e-06
-5.473163909207341e-06
-5.186367719746479e-06
-4.914325630546676e-06
-4.656294626011506e-06
-4.411568179226166e-06
-4.179474526642693e-06
-3.959374994641779e-06
-3.750662421024603e-06
-3.552759648947175e-06
-3.365118080042237e-06
-3.187216299207111e-06
-3.018558767122485e-06
-2.858674583882315e-06
-2.707116277079192e-06
-2.563458686277792e-06
-2.427297865707961e-06
-2.298250059948809e-06
-2.175950723292313e-06
-2.06005359001412e-06
-1.950229775315627e-06
-1.846166894822921e-06
-1.747568267039582e-06
-1.654152198642995e-06
-1.565651331087626e-06
-1.481811870885269e-06
-1.402392780888215e-06
-1.327165063165097e-06
-1.255911264668841e-06
-1.188425034795081e-06
-1.124510612744017e-06
-1.063982222551573e-06
-1.00666355827662e-06
-9.523872909720708e-07
-9.009946463641744e-07
-8.523349790894651e-07
-8.062653600985772e-07
-7.626501990512113e-07
-7.21360861458211e-07
-6.822753349342309e-07
-6.452778851863618e-07
-6.102587395652636e-07
-5.771137943307252e-07
-5.457443237468449e-07
-5.160567112046436e-07
-4.879621844959563e-07
-4.61376574656119e-07
-4.36220078446861e-07
-4.124170438576924e-07
-3.898957483551145e-07
-3.685882078847264e-07
-3.484299783427501e-07
-3.293599849994684e-07
-3.113203373499211e-07
-2.942561752611756e-07
-2.781155077245495e-07
-2.628490803669341e-07
-2.484102116208754e-07
-2.347546762585812e-07
-2.21840571759968e-07
-2.096282103989659e-07
-1.980799820108088e-07
-1.871602726961633e-07
-1.768353333412628e-07
-1.670732118558859e-07
-1.5784364237123e-07
-1.491179660996412e-07
-1.408690322729383e-07
-1.330711388574042e-07
-1.256999431044024e-07
-1.18732402251109e-07
-1.121466897050695e-07
-1.059221554487303e-07
-1.00039233054181e-07
-9.447942115900804e-08
-8.922519337334754e-08
-8.425995733652609e-08
-7.956801915401579e-08
-7.513451941597985e-08
-7.094540273680224e-08
-6.698735711299426e-08
-6.324779536060666e-08
-5.971480263699978e-08
-5.637710179197706e-08
-5.32240237125915e-08
-5.02454717467032e-08
-4.743190307355617e-08
-4.477428231931094e-08
-4.226405705923647e-08
-3.989315103093614e-08
-3.765391620021858e-08
-3.553912770352862e-08
-3.354194076922319e-08
-3.165589345382508e-08
-2.98748657149552e-08
-2.819307825890286e-08
-2.660505760774399e-08
-2.510563579201429e-08
-2.368992476393136e-08
-2.235329267809385e-08
-2.10913693359393e-08
-1.990003392385726e-08
-1.877536853555746e-08
-1.771368525334244e-08
-1.671148873854909e-08
-1.576548394492022e-08
-1.487254761935487e-08
-1.402973541554179e-08
-1.32342645939813e-08
-1.248349781793768e-08
-1.177495085662628e-08
-1.11062699055429e-08
-1.047523436367756e-08
-9.879745851802531e-09
-9.317825346700161e-09
-8.787588872887453e-09
-8.287273306376645e-09
-7.815203942951748e-09
-7.369800573685459e-09
-6.949580416183613e-09
-6.553124994009884e-09
-6.179101626699874e-09
-5.826256719621045e-09
-5.493397699951586e-09
-5.179407661769575e-09
-4.88322261067387e-09
-4.603834930383505e-09
-4.340312062520651e-09
-4.091753379342124e-09
-3.857317938725951e-09
-3.636209604616084e-09
-3.427674733991281e-09
-3.231011601944944e-09
-3.045547694793034e-09
-2.870654244365287e-09
-2.705732067470283e-09
-2.550218763420999e-09
-2.403575106666444e-09
-2.265304748937591e-09
-2.134930741872287e-09
-2.012005250340075e-09
-1.896110501474155e-09
-1.7868423833236e-09
-1.683823381294581e-09
-1.586703822234607e-09
-1.495139221749344e-09
-1.408823174688923e-09
-1.327457191240527e-09
-1.250759748312869e-09
-1.178465571260678e-09
-1.110322224807575e-09
-1.046095078519832e-09
-9.85558360227827e-10
-9.285051923451675e-10
-8.747351265027561e-10
-8.240584755410878e-10
-7.762962661245503e-10
-7.312834121413922e-10
-6.888632413517197e-10
-6.488883677467372e-10
-6.112153295323723e-10
-5.757125125975956e-10
-5.422617129411007e-10
-5.107400207732807e-10
-4.810426180266541e-10
-4.530613259454976e-10
-4.26698916363611e-10
-4.018675689267116e-10
-3.784695644883497e-10
-3.564283342113983e-10
-3.356605811739594e-10
-3.160938624535639e-10
-2.976615197112806e-10
-2.802979676814262e-10
-2.639425825922706e-10
-2.485308821917278e-10
-2.340219200338385e-10
-2.203502914928647e-10
-2.074732505308209e-10
-1.953410609127412e-10
-1.839150998827482e-10
-1.731566066560565e-10
-1.630266702260434e-10
-1.534824301139857e-10
-1.444968368579505e-10
-1.360330146054902e-10
-1.28064583587657e-10
-1.205614665170338e-10
-1.134933570866885e-10
-1.068357158477888e-10
-1.005670296216846e-10
-9.466283537858492e-11
-8.910608914450549e-11
-8.386985675414452e-11
-7.894278277392532e-11
-7.430313528753341e-11
-6.993521257703154e-11
-6.58249181965618e-11
-6.195256269668761e-11
-5.830692500447432e-11
-5.487519452281447e-11
-5.164694126226487e-11
-4.860876250942139e-11
-4.574796329659434e-11
-4.305219709020878e-11
-4.0513130074806e-11
-3.812712856097631e-11
-3.587756757695716e-11
-3.376220446009315e-11
-3.17683541122411e-11
-2.989062512973044e-11
-2.812235916284744e-11
-2.645825387374398e-11
-2.488928114904932e-11
-2.341420731050404e-11
-2.203061479043301e-11
-2.072997998659437e-11
-1.950999782042258e-11
-1.836395903709273e-11
-1.728527733093311e-11
-1.626681953743933e-11
-1.530598450742981e-11
-1.440527673276093e-11
-1.354913553525349e-11
-1.274206200201215e-11
-1.197820563655898e-11
-1.126111356861644e-11
-1.058372239866929e-11
-9.951673361804317e-12
-9.360412011648552e-12
-8.804456509385933e-12
-8.284280254100519e-12
-7.794614920295714e-12
-7.333353945797759e-12
-6.905163664655771e-12
-6.502302584111011e-12
-6.121845394936868e-12
-5.767275766396778e-12
-5.423664612953268e-12
-5.098081288556409e-12
-4.792180859741704e-12
-4.503133016888874e-12
-4.231022613206236e-12
-3.974807685556552e-12
-3.732027650739001e-12
-3.504979163361349e-12
-3.294263164693845e-12
-3.094991937046828e-12
-2.911149002391882e-12
-2.740312578596097e-12
-2.579218779514055e-12
-2.4308951128489e-12
-2.291328032152275e-12
-2.158137619338522e-12
-2.032544651286188e-12
