6.089059835980336e-12
3.960761417854094e-12
2.524832127097325e-12
1.512289989650727e-12
7.558155566164212e-13
1.343756543577808e-13
-4.447095829685275e-13
-1.060182254370852e-12
-1.788384630782416e-12
-2.713175430320097e-12
-3.934047901722059e-12
-5.577170926550615e-12
-7.805028747818403e-12
-1.083150104077411e-11
-1.493819771652956e-11
-2.049575385068676e-11
-2.799188375932966e-11
-3.806587598706152e-11
-5.155503728758906e-11
-6.954801027122929e-11
-9.346024474234536e-11
-1.251199287416766e-10
-1.668859887845048e-10
-2.217868949130454e-10
-2.937020040594817e-10
-3.875768705762628e-10
-5.097064239758108e-10
-6.680697683530824e-10
-8.727531489331106e-10
-1.136469660603097e-09
-1.475191151171474e-09
-1.908937391215624e-09
-2.462718646889576e-09
-3.167705540133715e-09
-4.06264027632892e-09
-5.195547253259568e-09
-6.625809212831908e-09
-8.426670535541449e-09
-1.068824765551918e-08
-1.352115480566595e-08
-1.706084127916875e-08
-2.147278096686459e-08
-2.695866439236308e-08
-3.376376300963481e-08
-4.218567866495084e-08
-5.258469195475656e-08
-6.539599490272493e-08
-8.114409593238849e-08
-1.00459735474045e-07
-1.240997124630717e-07
-1.529700182826338e-07
-1.881527905716467e-07
-2.309376284522812e-07
-2.828580342441359e-07
-3.457336673321474e-07
-4.217191970697271e-07
-5.133606573028092e-07
-6.236603120976084e-07
-7.561511654448353e-07
-9.149823621145742e-07
-1.105016870479925e-06
-1.331942978979942e-06
-1.602401305696872e-06
-1.924129170367933e-06
-2.306124396702189e-06
-2.758830772497423e-06
-3.294347615753382e-06
-3.92666614357609e-06
-4.671935528421834e-06
-5.54876182441502e-06
-6.578543170625053e-06
-7.785844990772478e-06
-9.19881916766824e-06
-1.084967149454208e-05
-1.277518201395021e-05
-1.501728318463516e-05
-1.762370113394981e-05
-2.064866559938832e-05
-2.415369437848926e-05
-2.820845861453862e-05
-3.289173554517399e-05
-3.829245568028658e-05
-4.451085168228153e-05
-5.165971654984392e-05
-5.986577898820998e-05
-6.92712041109535e-05
-8.003522786394287e-05
-9.233593372716377e-05
-0.0001063721803910436
-0.0001223656891629685
-0.0001405632998477907
-0.0001612394037271436
-0.0001846985620437971
-0.0002112783180474841
-0.00024135221014097
-0.000275332993002293
-0.0003136760726666227
-0.000356883160441264
-0.0004055061491719429
-0.0004601512137000251
-0.0005214831354487371
-0.0005902298496915668
-0.0006671872251580804
-0.0007532241145837971
-0.0008492876591333404
-0.0009564088347696765
-0.001075708236552147
-0.001208402095722323
-0.00135580852254421
-0.001519353965736523
-0.001700579877081045
-0.001901149567359524
-0.002122855237189518
-0.002367625163586751
-0.002637531020181885
-0.002934795305955117
-0.003261798854147658
-0.003621088389630649
-0.004015384099496014
-0.004447587177977035
-0.004920787302981013
-0.005438269997584747
-0.006003523825768149
-0.006620247367443603
-0.00729235591354689
-0.008023987817608632
-0.008819510436927072
-0.009683525608929756
-0.01062087463973729
-0.01163664270595033
-0.01273616257835995
-0.01392501758574085
-0.01520904373438136
-0.01659433089585811
-0.0180872229724065
-0.01969431694628564
-0.02142246071675758
-0.02327874962585052
-0.02527052157401592
-0.02740535065641181
-0.02969103952004718
-0.03213561046288395
-0.03474729490033414
-0.03753452085067262
-0.04050589850505395
-0.04367020399315456
-0.04703636132063355
-0.05061342233726141
-0.05441054468964457
-0.05843696770442432
-0.0627019862104609
-0.06721492228696101
-0.07198509489374506
-0.07702178742432422
-0.08233421315265055
-0.08793147862554
-0.09382254504098844
-0.100016187626122
-0.1065209531296998
-0.11334511545226
-0.1204966295369799
-0.1279830836299588
-0.1358116499867194
-0.1439890342231755
-0.152521423394763
-0.1614144330065696
-0.1706730531368789
-0.1803015938156167
-0.190303629940062
-0.2006819458707333
-0.2114384799871438
-0.2225742694537235
-0.2340893953949479
-0.2459829288390949
-0.2582528776168629
-0.2708961345520725
-0.2839084272435892
-0.2972842696770852
-0.3110169160814
-0.3250983172323177
-0.3395190795717112
-0.3542684274596379
-0.3693341688015573
-0.3847026644798027
-0.4003588017764353
-0.4162859721539697
-0.4324660536905738
-0.4488793983688633
-0.4655048246149182
-0.4823196152171096
-0.4992995209426779
-0.516418770081471
-0.533650084031427
-0.5509646992471937
-0.5683323955758658
-0.5857215311971278
-0.6030990842846546
-0.6204307013819957
-0.6376807526986173
-0.6548123942036999
-0.6717876365912238
-0.6885674210843754
-0.7051117019225887
-0.7213795355902283
-0.7373291764922858
-0.7529181789846752
-0.76810350555825
-0.7828416408476476
-0.7970887113510531
-0.8108006103975982
-0.8239331281064204
-0.8364420859686093
-0.8482834755558708
-0.8594136010786739
-0.8697892251765238
-0.8793677175359316
-0.8881072058227344
-0.895966728292665
-0.9029063876613492
-0.9088875055117388
-0.9138727767345579
-0.9178264233908334
-0.9207143472711014
-0.9225042806477657
-0.9231659344490664
-0.9226711432993484
-0.9209940067811733
-0.9181110261843619
-0.9140012362269068
-0.9086463309960092
-0.9020307835667857
-0.8941419586963241
-0.8849702179346073
-0.8745090167045101
-0.8627549926951401
-0.8497080451174447
-0.8353714043379661
-0.8197516913767339
-0.8028589669516077
-0.7847067695918243
-0.7653121425332351
-0.7446956490970902
-0.7228813762536587
-0.6998969262537368
-0.6757733960698787
-0.6505453445490722
-0.6242507472180528
-0.5969309387427542
-0.5686305432027603
-0.5393973920997716
-0.5092824300555547
-0.4783396084656151
-0.4466257678255645
-0.4142005096078551
-0.3811260569465234
-0.3474671030631596
-0.3132906484734396
-0.2786658296070024
-0.2436637404865348
-0.2083572457509549
-0.1728207842909492
-0.1371301647053012
-0.1013623543877425
-0.06559526312180913
-0.0299075214766278
0.00562174535695008
0.04091314744281258
0.07588726282780252
0.1104648723064403
0.1445671953970242
0.17811612668047
0.2110344716465762
0.2432461811894737
0.2746765839152253
0.3052526154032377
0.3349030435894283
0.3635586894475246
0.3911526421491008
0.417620467932999
0.4429004118982677
0.4669335919919427
0.489664184481961
0.5110396002202117
0.5310106510747634
0.5495317059012964
0.5665608355057329
0.5820599460751855
0.5959949005747358
0.6083356276989788
0.6190562179684476
0.628135006656947
0.635554643264438
0.6413021472755976
0.6453689500448465
0.6477509226531328
0.6484483896800171
0.6474661288672398
0.6448133566824299
0.6405036998911814
0.6345551532425361
0.6269900234655451
0.6178348598106351
0.6071203714053112
0.5948813317809912
0.5811564709180799
0.5659883552362643
0.5494232559908082
0.5315110065685403
0.5123048492467777
0.4918612719601775
0.4702398356855526
0.447502993078552
0.423715899016747
0.3989462137509807
0.37326389935424
0.3467410102018474
0.3194514782208409
0.2914708936500008
0.2628762820808844
0.2337458785370351
0.204158899367178
0.1741953127214644
0.1439356083737482
0.1134605676572284
0.08285103425888048
0.05218768661638389
0.02155081264419158
-0.008979912501644297
-0.03932564492699908
-0.06940858610321428
-0.09915219192307699
-0.1284813760880878
-0.1573227072326422
-0.1856045992251162
-0.2132574941105035
-0.2402140371944841
-0.266409243802295
-0.2917806572786666
-0.316268497839911
-0.3398158019143889
-0.3623685516555011
-0.3838757943460193
-0.4042897514434602
-0.4235659170667741
-0.4416631457529114
-0.4585437293648805
-0.4741734630641959
-0.4885217002892153
-0.5015613967343574
-0.5132691433474901
-0.5236251884143359
-0.5326134488270003
-0.5402215106600807
-0.546440619227454
-0.5512656588071174
-0.554695122267869
-0.556731070854243
-0.5573790844067814
-0.5566482023368849
-0.5545508556822519
-0.5511027906079972
-0.5463229837323689
-0.5402335496671544
-0.5328596411964314
-0.5242293425168031
-0.5143735559888768
-0.5033258828573735
-0.4911224984034105
-0.4778020220133133
-0.4634053826378186
-0.4479756801348262
-0.4315580429846547
-0.4141994828603495
-0.3959487465460395
-0.3768561656900727
-0.3569735048860267
-0.3363538085593331
-0.3150512471236758
-0.2931209628739481
-0.2706189160666309
-0.2476017316331711
-0.2241265469574169
-0.2002508611342317
-0.1760323861170203
-0.1515289001355383
-0.1267981037546589
-0.1018974789297126
-0.07688415139703492
-0.05181475672000545
-0.02674531028590955
-0.001731081533302562
0.02317352732982117
0.04791509787690599
0.07244130706360263
0.0967010336798019
0.1206444594748101
0.1442231647981585
0.1673902186188636
0.190100262808804
0.2123095905927309
0.2339762190889756
0.2550599558843839
0.2755224596048707
0.2953272944649842
0.3144399787945445
0.3328280275636067
0.3504609889413652
0.3673104749366048
0.3833501861882422
0.3985559309866537
0.412905638625393
0.4263793671943771
0.4389593059369465
0.4506297723112912
0.4613772038999593
0.4711901453291402
0.4800592303657454
0.487977159363234
0.4949386722394541
0.500940517180652
0.5059814152821562
0.5100620213305928
0.513184880924196
0.5153543841390793
0.5165767159630317
0.5168598037293519
0.5162132617716969
0.5146483335082696
0.5121778311727015
0.5088160734183762
0.5045788210307081
0.4994832109661798
0.4935476889212903
0.486791940640167
0.4792368221773454
0.4709042893345485
0.4618173264734616
0.4519998748910169
0.4414767609469017
0.4302736241330938
0.4184168452728628
0.4059334750236374
0.3928511628472641
0.3791980866113666
0.3650028829726799
0.3502945786886359
0.3351025229970506
0.3194563211977615
0.3033857695648974
0.2869207917008602
0.2700913764387329
0.2529275173944776
0.2354591542640076
0.2177161159536099
0.1997280656168514
0.1815244476655535
0.1631344368179898
0.1445868892417075
0.125910295840819
0.1071327377237225
0.08828184388293159
0.06938475111381333
0.05046806619296501
0.03155783032974027
0.01267948589677504
-0.006142154559852855
-0.02488293703639467
-0.04351939252419106
-0.06202876121535596
-0.08038901448227408
-0.09857887465685194
-0.1165778326399541
-0.1343661633762057
-0.1519249392349965
-0.1692360413395506
-0.1862821688887038
-0.2030468465200448
-0.2195144297681747
-0.2356701086762028
-0.2514999096162105
-0.2669906953766226
-0.2821301635778011
-0.2969068434806798
-0.3113100912564193
-0.3253300837809832
-0.3389578110207004
-0.3521850670765083
-0.3650044399562142
-0.3774093001463936
-0.3893937880507431
-0.4009528003634223
-0.4120819754460707
-0.422777677777472
-0.4330369815459588
-0.4428576534500078
-0.4522381347730581
-0.461177522798175
-0.4696755516275847
-0.4777325724735508
-0.4853495334795688
-0.4925279591320247
-0.4992699293210882
-0.5055780581083361
-0.5114554722586589
-0.516905789588476
-0.5219330971817779
-0.5265419295241028
-0.5307372466045522
-0.5345244120360076
-0.5379091712345286
-0.5408976296998192
-0.5434962314371007
-0.5457117375589248
-0.5475512051054274
-0.5490219661153036
-0.5501316069790858
-0.5508879481052521
-0.5512990239287382
-0.5513730632919467
-0.5511184702189393
-0.5505438051025094
-0.549657766325052
-0.5484691723347958
-0.5469869441991997
-0.5452200886460318
-0.5431776816039687
-0.5408688522543456
-0.5383027676046898
-0.5354886175939717
-0.5324356007352944
-0.5291529103013265
-0.5256497210568083
-0.5219351765415086
-0.5180183769081463
-0.5139083673123509
-0.509614126853048
-0.5051445580611286
-0.5005084769330718
-0.4957146035064754
-0.4907715529712489
-0.4856878273110998
-0.4804718074683459
-0.4751317460234382
-0.4696757603810272
-0.4641118264534762
-0.4584477728351275
-0.4526912754566627
-0.446849852704934
-0.4409308609950657
-0.4349414907852894
-0.4288887630264509
-0.4227795260336817
-0.4166204527634333
-0.4104180384814713
-0.4041785988102064
-0.3979082681444833
-0.3916129984222726
-0.385298558235738
-0.3789705322705036
-0.3726343210576487
-0.3662951410233689
-0.35995802482288
-0.3536278219469379
-0.3473091995896605
-0.3410066437621192
-0.3347244606374655
-0.3284667781146723
-0.3222375475894314
-0.31604054592154
-0.3098793775842748
-0.3037574769818669
-0.2976781109234486
-0.2916443812438732
-0.285659227562566
-0.279725430166658
-0.2738456130060405
-0.2680222467899744
-0.2622576521764405
-0.2565540030455471
-0.2509133298464141
-0.2453375230080673
-0.2398283364054939
-0.2343873908725749
-0.2290161777541494
-0.2237160624891129
-0.2184882882179164
-0.2133339794072061
-0.2082541454832591
-0.2032496844669266
-0.1983213866048267
-0.1934699379918115
-0.1886959241791241
-0.1839998337628203
-0.1793820619481552
-0.1748429140843843
-0.1703826091648256
-0.1660012832882217
-0.1616989930783047
-0.1574757190588039
-0.1533313689797273
-0.1492657810911655
-0.1452787273619541
-0.1413699166417057
-0.1375389977649542
-0.1337855625940587
-0.1301091489980528
-0.1265092437658324
-0.1229852854528992
-0.1195366671606509
-0.1161627392470557
-0.1128628119682816
-0.1096361580505403
-0.1064820151908549
-0.1033995884861787
-0.1003880527909043
-0.09744655500306285
-0.09457421627918224
-0.09177013417776975
-0.08903338473179304
-0.08636302445033815
-0.08375809224936449
-0.08121761131234499
-0.07874059088227009
-0.07632602798663933
-0.07397290909520038
-0.07168021171010205
-0.06944690588960681
-0.0672719557076641
-0.06515432065118903
-0.06309295695526597
-0.06108681887652047
-0.05913485990600056
-0.05723603392359353
-0.05538929629574822
-0.05359360491728229
-0.05184792119814059
-0.0501512109965333
-0.04850244550027635
-0.04690060205794876
-0.04534466496098515
-0.04383362617814199
-0.04236648604358528
-0.04094225389998556
-0.03955994869770305
-0.03821859955185327
-0.03691724625913982
-0.03565493977575352
-0.03443074265728899
-0.03324372946189071
-0.03209298711809629
-0.0309776152586741
-0.02989672652183669
-0.02884944682130278
-0.02783491558682485
-0.02685228597606771
-0.02590072505869467
-0.02497941397400356
-0.02408754806344979
-0.0232243369792879
-0.02238900477042079
-0.02158078994658904
-0.02079894552196912
-0.02004273903912562
-0.01931145257435174
-0.01860438272540008
-0.01792084058266461
-0.01726015168478842
-0.01662165595945451
-0.01600470765019978
-0.0154086752302149
-0.01483294130390056
-0.01427690249707052
-0.01373996933653451
-0.01322156612001032
-0.01272113077684378
-0.01223811472008018
-0.01177198269058812
-0.01132221259405652
-0.01088829533158854
-0.01046973462437272
-0.01006604683287952
-0.009676760771189293
-0.009301417516929138
-0.008939570217361687
-0.008590783892066592
-0.008254635232774622
-0.007930712400696101
-0.007618614821709966
-0.007317952979642408
-0.00702834820822218
-0.006749432482705816
-0.006480848211256377
-0.006222248024916821
-0.005973294564538764
-0.005733660268083147
-0.00550302716393359
-0.00528108666928903
-0.005067539386303762
-0.004862094890601524
-0.004664471519911955
-0.004474396169274716
-0.004291604092174822
-0.004115838702905553
-0.003946851378548903
-0.0037844012625496
-0.003628255071018398
-0.003478186901871675
-0.00333397804643771
-0.00319541680355944
-0.003062298296353809
-0.002934424291745608
-0.002811603022839512
-0.002693649014223511
-0.002580382910245843
-0.002471631306250866
-0.002367226582868963
-0.002267006743316222
-0.002170815253808829
-0.002078500887126954
-0.001989917569305436
-0.001904924229444741
-0.00182338465263391
-0.001745167336008284
-0.001670145347971903
-0.001598196190504945
-0.001529201664579277
-0.001463047738711364
-0.001399624420530557
-0.001338825631430842
-0.001280549084230544
-0.00122469616382627
-0.001171171810827074
-0.001119884408102253
-0.001070745670237597
-0.001023670535812527
-0.0009785770625398928
-0.000935386325158955
-0.0008940223160690274
-0.0008544118486630466
-0.0008164844633062126
-0.0007801723359042891
-0.0007454101890814607
-0.0007121352058247737
-0.0006802869456270233
-0.0006498072630187056
-0.0006206402285128561
-0.0005927320518175536
-0.000566031007371355
-0.000540487362095887
-0.0005160533053069251
-0.0004926828807853154
-0.0004703319209244763
-0.0004489579828915607
-0.000428520286808605
-0.0004089796558401733
-0.0003902984582151839
-0.0003724405510598435
-0.0003553712260410666
-0.0003390571567793173
-0.000323466347958106
-0.0003085680860936741
-0.0002943328919458504
-0.0002807324744918081
-0.0002677396864255927
-0.0002553284811892299
-0.0002434738714124891
-0.0002321518887873515
-0.0002213395453104774
-0.0002110147958495442
-0.0002011565020213709
-0.000191744397290431
-0.0001827590533349804
-0.000174181847550839
-0.0001659949317187175
-0.0001581812018105176
-0.0001507242687993278
-0.0001436084306064728
-0.000136818644992812
-0.0001303405034609002
-0.0001241602061059669
-0.0001182645373609929
-0.0001126408426702212
-0.0001072770059838865
-0.0001021614281184366
-9.728300590482238e-05
-9.263111210089039e-05
-8.81955760951504e-05
-8.396666533035319e-05
-7.993506737735959e-05
-7.609187276379477e-05
-7.242855840659934e-05
-6.893697169324937e-05
-6.560931519106246e-05
-6.243813192326422e-05
-5.941629122806243e-05
-5.653697516147392e-05
-5.379366542957467e-05
-5.118013084298079e-05
-4.869041526351874e-05
-4.631882599478919e-05
-4.405992269312363e-05
-4.190850664764123e-05
-3.985961055809981e-05
-3.79084886608674e-05
-3.605060729469119e-05
-3.428163581306947e-05
-3.259743789540392e-05
-3.099406318843799e-05
-2.946773928674911e-05
-2.801486405257834e-05
-2.663199824784134e-05
-2.53158584607281e-05
-2.406331033489305e-05
-2.287136205512263e-05
-2.173715812822028e-05
-2.065797340702031e-05
-1.96312073846888e-05
-1.865437869044854e-05
-1.772511984503375e-05
-1.684117222862077e-05
-1.60003812613222e-05
-1.520069177368269e-05
-1.444014360449919e-05
-1.371686734499742e-05
-1.302908030357373e-05
-1.237508261320278e-05
-1.175325352677692e-05
-1.116204785171019e-05
-1.059999255115873e-05
-1.006568349002309e-05
-9.557782313765443e-06
-9.075013481293292e-06
-8.61616139101336e-06
-8.180067682528754e-06
-7.765628621299574e-06
-7.37179257750275e-06
-6.997557679271982e-06
-6.641969500362912e-06
-6.30411890816002e-06
-5.983140008121564e-06
-5.678208110754449e-06
-5.38853775522513e-06
-5.113380911855141e-06
-4.852025436069752e-06
-4.603793615653937e-06
-4.368040398117103e-06
-4.144151451741885e-06
-3.931541477960062e-06
-3.729653156127105e-06
-3.5379562238989e-06
-3.355946281807244e-06
-3.183143404736917e-06
-3.019090874481208e-06
-2.86335405784647e-06
-2.715519437506819e-06
-2.575193613542151e-06
-2.442002344493477e-06
-2.315589627196054e-06
-2.19561684336904e-06
-2.081761917111888e-06
-1.973718548893516e-06
-1.871195444551855e-06
-1.773915604859463e-06
-1.681615633901216e-06
-1.594045110799628e-06
-1.510965936637552e-06
-1.43215175211518e-06
-1.357387385334334e-06
-1.286468301432582e-06
-1.219200082460575e-06
-1.155397954588637e-06
-1.094886309950915e-06
-1.03749826555512e-06
-9.830752356322288e-07
-9.31466542512051e-07
-8.825290167714252e-07
-8.361266339757245e-07
-7.921301637188116e-07
-7.504168454240043e-07
-7.108700627692361e-07
-6.733790572821543e-07
-6.378386176294389e-07
-6.041488335013257e-07
-5.722148163783778e-07
-5.419464523936281e-07
-5.132581742776016e-07
-4.860687312391783e-07
-4.603009826310663e-07
-4.358816886364796e-07
-4.127413118740245e-07
-3.908138551987773e-07
-3.700366530804814e-07
-3.503502375038605e-07
-3.316981574927125e-07
-3.140268420165109e-07
-2.972854441057031e-07
-2.814257096001108e-07
-2.664018456771731e-07
-2.521704087705145e-07
-2.386901733703855e-07
-2.259220207872849e-07
-2.138288486925085e-07
-2.023754419786712e-07
-1.915284131083813e-07
-1.812560809191696e-07
-1.715283934826135e-07
-1.623168465455154e-07
-1.535944115638743e-07
-1.453354454010594e-07
-1.375156385618346e-07
-1.301119294838433e-07
-1.231024546620445e-07
-1.164664832445723e-07
-1.101843653092874e-07
-1.042374539384866e-07
-9.860808533108053e-08
-9.327950429954478e-08
-8.82358327758239e-08
-8.346202545297511e-08
-7.894381703912181e-08
-7.466768000738709e-08
-7.062079438492376e-08
-6.679101353606752e-08
-6.31668289610065e-08
-5.973732512315384e-08
-5.649216357259581e-08
-5.34215434443934e-08
-5.051618510593481e-08
-4.776729180266668e-08
-4.516653039496988e-08
-4.270600311086118e-08
-4.037823583558088e-08
-3.817613809009906e-08
-3.609300216220742e-08
-3.412246670535192e-08
-3.225851646072775e-08
-3.0495438122147e-08
-2.88278342758623e-08
-2.725058918088268e-08
-2.575885973253623e-08
-2.434805499961036e-08
-2.301383090766964e-08
-2.175207470347221e-08
-2.05588837723982e-08
-1.943056984949053e-08
-1.83636395469265e-08
-1.735478502739339e-08
-1.640087901645895e-08
-1.549895749215028e-08
-1.464621535424944e-08
-1.383999304760646e-08
-1.307777550257209e-08
-1.235718621344796e-08
-1.167597156794757e-08
-1.103200402090859e-08
-1.04232619782978e-08
-9.847839390488126e-09
-9.303932191086459e-09
-8.789832360157432e-09
-8.303914537825506e-09
-7.844651124378546e-09
-7.410586685415618e-09
-7.000354096983627e-09
-6.612658636487752e-09
-6.24626395842433e-09
-5.900013617275121e-09
-5.572809602906643e-09
-5.263613975843288e-09
-4.971444940244563e-09
-4.695371666385831e-09
-4.434519170974239e-09
-4.188049927000561e-09
-3.955185084358791e-09
-3.735178596315284e-09
-3.527318168976438e-09
-3.330944105591233e-09
-3.145424527885702e-09
-2.97016549202451e-09
-2.80460427353809e-09
-2.648211586722547e-09
-2.50047693185118e-09
-2.360927286456358e-09
-2.229113774929259e-09
-2.104609720666458e-09
-1.98700859332014e-09
-1.875935122424845e-09
-1.771031582568892e-09
-1.671951887894689e-09
-1.57838035535682e-09
-1.490007850492038e-09
-1.406550550580863e-09
-1.327741259864211e-09
-1.253319328037532e-09
-1.183050625372255e-09
-1.116697401166079e-09
-1.054042061435877e-09
-9.948766130931037e-10
-9.390144585287911e-10
-8.862677167898671e-10
-8.364629182357997e-10
-7.894435643246507e-10
-7.450540815544787e-10
-7.031415011067412e-10
-6.635724963958291e-10
-6.262159919798007e-10
-5.909481607177514e-10
-5.576553516410927e-10
-5.262304226922673e-10
-4.965626714212174e-10
-4.685566850905288e-10
-4.421214357694725e-10
-4.171718661210993e-10
-3.936254181782483e-10
-3.714001869455629e-10
-3.504291692064178e-10
-3.306333572326398e-10
-3.119547604139001e-10
-2.943215290871724e-10
-2.77677878026254e-10
-2.619684894260221e-10
-2.471363559907459e-10
-2.331435177479865e-10
-2.199361404973226e-10
-2.074731352925883e-10
-1.957140150967549e-10
-1.846190302229715e-10
-1.741467756661543e-10
-1.642679492471997e-10
-1.549498610580307e-10
-1.461581398689222e-10
-1.378657181348802e-10
-1.300423002101132e-10
-1.226582452436482e-10
-1.156930242587813e-10
-1.091208495827115e-10
-1.029221981176436e-10
-9.707085884277207e-11
-9.155128368489299e-11
-8.633893483621343e-11
-8.142059507099635e-11
-7.677864545093757e-11
-7.23991150634944e-11
-6.826637708014593e-11
-6.437260068803336e-11
-6.07008014361994e-11
-5.724739046220184e-11
-5.398881615156625e-11
-5.091908240843565e-11
-4.802021323534088e-11
-4.528517368684205e-11
-4.270259902752883e-11
-4.026539923704546e-11
-3.796138284057724e-11
-3.578730977670344e-11
-3.373715161675518e-11
-3.180824611562579e-11
-2.998940081896e-11
-2.827353871666667e-11
-2.665552687380084e-11
-2.512905852032464e-11
-2.369161062936021e-11
-2.233531148681984e-11
-2.105454301904015e-11
-1.984758082047288e-11
-1.871329157388508e-11
-1.764281861613919e-11
-1.663458357297462e-11
-1.568222134686223e-11
-1.478503670082083e-11
-1.393855982378493e-11
-1.313971151982803e-11
-1.238675279126454e-11
-1.168015590012969e-11
-1.100910780157311e-11
-1.037369116608995e-11
