-9.997856195550879e-13
-6.161773288002904e-13
-3.498585833277595e-13
-1.449101281765832e-13
3.073572716108481e-14
2.039179132951192e-13
3.992030914282621e-13
6.422086083871593e-13
9.6254180585639e-13
1.396954900602485e-12
1.993376457618151e-12
2.815855014172717e-12
3.948401704836146e-12
5.504632796850823e-12
7.63519662720742e-12
1.054055120042835e-11
1.448738810224672e-11
1.98279248673854e-11
2.702273887595733e-11
3.668066630482053e-11
4.959310229249158e-11
6.679115867472195e-11
8.961076172738713e-11
1.197772160072696e-10
1.595149753393096e-10
2.116726321995972e-10
2.798962758035685e-10
3.68832353937234e-10
4.843860383806653e-10
6.340362510356492e-10
8.272293696534129e-10
1.075864529960436e-09
1.394883069401242e-09
1.802993689001784e-09
2.323562699660417e-09
2.985698499872033e-09
3.825553842606421e-09
4.887936353463786e-09
6.228222205372962e-09
7.914694283952791e-09
1.003133955603944e-08
1.268121451467081e-08
1.599048120795575e-08
2.011322628147328e-08
2.523720858748764e-08
3.159069482960745e-08
3.945056731156493e-08
4.915191829492948e-08
6.109936455925781e-08
7.578036598680121e-08
9.378083864339431e-08
1.158034223393928e-07
1.426888008298915e-07
1.754406130960838e-07
2.152544527294871e-07
2.635515413251116e-07
3.220177328651999e-07
3.926485972264956e-07
4.778014233330582e-07
5.802550677789567e-07
7.032786917552447e-07
8.507105451038478e-07
1.027048072734679e-06
1.237550767018701e-06
1.488357323793016e-06
1.78661883643897e-06
2.140649911752765e-06
2.560099792554893e-06
3.05614576178361e-06
3.641711298778516e-06
4.331711709708188e-06
5.143330150507056e-06
6.096327247087558e-06
7.213387750599839e-06
8.52050795537694e-06
1.004742788258818e-05
1.182811254638308e-05
1.390128689353142e-05
1.631102925135108e-05
1.910742857083467e-05
2.234731099827508e-05
2.609504168742557e-05
3.042340803328421e-05
3.541459086856857e-05
4.116123044305287e-05
4.776759432735878e-05
5.535085462791378e-05
6.404248217956369e-05
7.398976557018162e-05
8.535746302081993e-05
9.832959528209982e-05
0.0001131113877069688
0.0001299313696734681
0.0001490436393698806
0.0001707303017202298
0.0001953040868523065
0.0002231111559884051
0.0002545341009290446
0.0002899951423949523
0.0003299595313604856
0.0003749391561609299
0.0004254963571920955
0.0004822479589921479
0.0005458695505304756
0.0006171000046738532
0.0006967462312877865
0.0007856881641302448
0.0008848839807623034
0.0009953755532807348
0.001118294126003545
0.001254866214476433
0.001406419718203484
0.00157439023743423
0.00176032758206781
0.001965902458341611
0.002192913316390966
0.002443293339041398
0.002719117549288236
0.003022610010876155
0.003356151093149469
0.003722284767974746
0.004123725902986299
0.00456336751170465
0.005044287917216862
0.00556975778210144
0.006143246953205801
0.006768431066508384
0.007449197866007773
0.008189653213991933
0.008994126711044385
0.009867176848858713
0.01081359562505985
0.01183841254622415
0.01294689794171015
0.01414456550728983
0.0154371739940501
0.01683072795461322
0.01833147745550924
0.01994591666316447
0.02168078123305395
0.02354304464373005
0.02553991347732001
0.02767882133373102
0.0299674210823188
0.03241357548131034
0.03502534623188373
0.03781098142660049
0.04077890125710033
0.04393768192074689
0.04729603765866176
0.05086280090737786
0.05464690052869707
0.05865733805694428
0.06290316197086307
0.06739343994065475
0.07213722906642922
0.07714354411508595
0.08242132374102319
0.08797939475945651
0.09382643446629631
0.09997093108139588
0.1064211423812567
0.1131850525617786
0.1202703274736021
0.1276842682789729
0.1354337636796638
0.1435252408505374
0.1519646151809062
0.1607572390461707
0.169907849717605
0.1794205166355734
0.1892985882498102
0.1995446385897135
0.21016041386672
0.2211467792671422
0.2325036662254948
0.2442300204397791
0.2563237508418575
0.2687816798910441
0.2815994953810819
0.294771704096485
0.3082915876153187
0.3221511604941302
0.3363411312372207
0.3508508662466815
0.3656683571096728
0.3807801915231912
0.3961715280751984
0.4118260752784913
0.4277260750233644
0.4438522907846148
0.4601840008448712
0.4766989966978921
0.4933735869828252
0.5101826070395103
0.5270994343501857
0.5440960100466983
0.5611428665540064
0.578209161634319
0.5952627188033391
0.612270074268262
0.6291965304439975
0.6460062159917787
0.6626621525217231
0.6791263277793742
0.6953597753205391
0.711322660579737
0.7269743731188665
0.7422736250399418
0.7571785552218943
0.771646839230769
0.7856358046463525
0.7991025514260151
0.8120040771284345
0.8242974064975297
0.8359397251022666
0.8468885166216161
0.8571017032421121
0.8665377888362659
0.8751560042962094
0.8829164545975093
0.8897802670605615
0.8957097401590705
0.9006684924316525
0.9046216107858381
0.9075357976848487
0.9093795166132957
0.9101231351199028
0.9097390649421343
0.908201898475459
0.9054885410466552
0.901578338382251
0.8964531985965779
0.8900977082249751
0.8824992416085835
0.8736480631326581
0.8635374217771946
0.8521636373968182
0.8395261783377627
0.8256277298251686
0.8104742527387335
0.7940750323740431
0.776442716775099
0.7575933444053436
0.7375463607644439
0.7163246237168529
0.6939543973304824
0.670465334079965
0.6458904454369034
0.6202660605929027
0.593631773080149
0.566030375387983
0.5375077821977458
0.5081129430881756
0.4778977436553934
0.4469168934533737
0.4152278015883938
0.3828904429043521
0.3499672167702612
0.316522796146174
0.2826239655083071
0.2483394486448411
0.2137397283706814
0.1788968591072995
0.1438842723346414
0.1087765753302432
0.07364934391927978
0.03857891002669805
0.003642144771863517
-0.03108376217734053
-0.06552152622472339
-0.09959399365318822
-0.1332243688186849
-0.1663364419304611
-0.198854816601666
-0.2307051363574445
-0.2618143092872797
-0.2921107300240314
-0.3215244982606843
-0.3499876329994418
-0.3774342817640744
-0.403800924016984
-0.4290265680290979
-0.4530529405056717
-0.4758246682602793
-0.4972894512932501
-0.5173982266494787
-0.5361053224441541
-0.5533686015213232
-0.5691495942086561
-0.5834136197147501
-0.5961298957395014
-0.6072716358886896
-0.6168161345748904
-0.62474483908945
-0.6310434086212575
-0.6357017600286256
-0.6387141002005812
-0.6400789449396113
-0.6397991242950564
-0.6378817743669523
-0.6343383156369792
-0.6291844179194485
-0.6224399521149334
-0.6141289289407701
-0.6042794248962005
-0.5929234957571889
-0.5800970779330499
-0.5658398780939948
-0.5501952514625659
-0.5332100692352103
-0.5149345756305588
-0.4954222350880036
-0.4747295701986417
-0.452915990941678
-0.4300436158563708
-0.4061770857911854
-0.3813833708826447
-0.3557315714587985
-0.3292927135543677
-0.3021395397570649
-0.2743462961064069
-0.2459885157687226
-0.2171428002312811
-0.1878865987403497
-0.1582979867208537
-0.1284554439068672
-0.09843763290355716
-0.06832317889866693
-0.03819045122022595
-0.00811734742957914
0.0218189193794771
0.05154202942371471
0.08097676058580811
0.1100491876760334
0.1386868760180122
0.1668190688033819
0.1943768676875278
0.2212934061337884
0.2475040150382325
0.2729463802059959
0.2975606912819733
0.3212897817672784
0.3440792597968559
0.3658776293815202
0.3866364018654483
0.4063101973815457
0.4248568361158198
0.4422374192419106
0.4584163994112252
0.4733616407338243
0.4870444682155015
0.4994397066447167
0.5105257089728515
0.5202843742492943
0.5287011552205972
0.5357650557293342
0.5414686180726223
0.5458079005254799
0.5487824452458467
0.5503952368213646
0.55065265173653
0.5495643990554978
0.5471434526543647
0.5434059753415764
0.5383712352379855
0.5320615148010057
0.5245020128898488
0.5157207402960452
0.5057484091585306
0.4946183167089156
0.4823662237944342
0.4690302286250229
0.4546506362084797
0.4392698239374212
0.4229321038055956
0.4056835817211168
0.3875720143750618
0.368646664134108
0.3489581524143783
0.3285583119951017
0.3075000387211477
0.2858371430344993
0.2636242017723401
0.2409164106441169
0.2177694377948436
0.1942392788516503
0.1703821138383656
0.1462541663298796
0.1219115651921375
0.09741020924298829
0.07280563515282358
0.04815288888630079
0.02350640096922199
-0.001080134156525412
-0.02555387444402358
-0.0498629419921487
-0.07395653002913603
-0.09778500494229297
-0.121300003186119
-0.1444545229208261
-0.1672030102525466
-0.1895014399653205
-0.2113073906557521
-0.2325801141982389
-0.2532805994906603
-0.2733716304472472
-0.2928178382194822
-0.311585747646685
-0.3296438179526378
-0.3469624777240903
-0.3635141542213593
-0.3792732970843941
-0.3942163965176334
-0.408321996043382
-0.4215706999329903
-0.4339451754345074
-0.4454301499215611
-0.4560124031025701
-0.4656807544426908
-0.4744260459694024
-0.4822411206312145
-0.4891207963740612
-0.4950618361134383
-0.5000629137961393
-0.5041245767590963
-0.5072492045853896
-0.5094409646477001
-0.510705764540531
-0.5110512016148008
-0.5104865098387535
-0.5090225041966938
-0.5066715228236885
-0.5034473670821352
-0.4993652397963937
-0.4944416818668367
-0.4886945074701206
-0.4821427380384021
-0.474806535215733
-0.4667071329920126
-0.4578667692149779
-0.4483086166689383
-0.4380567138997393
-0.4271358959670933
-0.4155717252940781
-0.4033904227801247
-0.3906187993387611
-0.3772841880168936
-0.3634143768486462
-0.3490375425786926
-0.3341821853867201
-0.3188770647401986
-0.3031511364975165
-0.2870334913778619
-0.2705532948974804
-0.2537397288668438
-0.2366219345395688
-0.2192289574992904
-0.201589694363566
-0.1837328413673583
-0.1656868448846431
-0.147479853942338
-0.1291396747748126
-0.1106937274599509
-0.09216900466830248
-0.07359203255218615
-0.05498883379428699
-0.03638489282880997
-0.01780512324319945
0.0007261626373530246
0.01918528198594455
0.03754920753923208
0.0557955915060523
0.07390278733910823
0.09184986939359505
0.1096166504998747
0.1271836974815254
0.1445323446551784
0.1616447053539188
0.1785036815162264
0.1950929713855291
0.2113970753688135
0.2274013001069555
0.2430917608131931
0.2584553819344995
0.2734798961931288
0.2881538420680673
0.3024665597782318
0.3164081858323527
0.3299696462073369
0.3431426482190898
0.3559196711507881
0.3682939557043048
0.3802594923424641
0.3918110085862506
0.402943955332314
0.413654492256181
0.4239394723666048
0.4337964257783918
0.4432235427647973
0.4522196561518637
0.4607842231163636
0.4689173064481416
0.4766195553380437
0.4838921857478544
0.490736960418404
0.4971561685710026
0.5031526053575088
0.5087295511146956
0.513890750470128
0.5186403913476466
0.5229830839193469
0.5269238395491326
0.5304680497731702
0.533621465356617
0.5363901754652787
0.5387805869899698
0.5407994040603691
0.5424536077857889
0.5437504362509047
0.5446973647938609
0.5453020865946148
0.5455724936027672
0.5455166578337081
0.5451428130510869
0.5444593368545202
0.5434747331913176
0.5421976153097325
0.540636689170633
0.5388007373299325
0.5366986033037469
0.5343391764268713
0.5317313772145279
0.5288841432376444
0.5258064155149752
0.5225071254259825
0.5189951821478875
0.5152794606189943
0.5113687900302591
0.5072719428439142
0.5029976243384711
0.4985544626776119
0.4939509994987619
0.489195681017203
0.4842968496405426
0.4792627360906488
0.4741014520259125
0.4688209831523722
0.46342918281333
0.4579337660509791
0.4523423041348554
0.446662219547013
0.4409007814092593
0.4350651013400362
0.4291621297312944
0.4231986524362845
0.4171812878563608
0.4111164844135422
0.4050105183979172
0.398869492175454
0.3926993327418485
0.3865057906098257
0.3802944390188861
0.3740706734568768
0.3678397114780614
0.3616065928034959
0.3553761796908716
0.3491531575625447
0.3429420358809993
0.3367471492568796
0.3305726587752496
0.3244225535279341
0.3183006523421166
0.3122106056958977
0.3061558978062277
0.3001398488759127
0.2941656174885562
0.2882362031419082
0.2823544489100342
0.2765230442227981
0.2707445277520421
0.2650212903945998
0.259355578342827
0.2537494962338296
0.2482050103680716
0.2427239519897368
0.23730802062036
0.2319587874360338
0.2266776986796432
0.2214660791016707
0.2163251354235789
0.211255959816883
0.2062595333912919
0.2013367296865043
0.1964883181607149
0.1917149676694878
0.1870172499297627
0.1823956429648656
0.177850534526634
0.1733822254893052
0.1689909332101159
0.1646767948529504
0.1604398706724232
0.1562801472564012
0.152197540722305
0.1481918998631983
0.1442630092411524
0.1404105922261234
0.1366343139785194
0.1329337843732794
0.1293085608643036
0.1257581512875106
0.1222820166004631
0.1188795735569969
0.1155501973162675
0.1122932239857765
0.1091079530976658
0.1059936500174927
0.1029495482852715
0.09997485188820789
0.09706873746451955
0.09423035643840895
0.09145883708733993
0.08875328654293289
0.08611279272441545
0.08353642620377934
0.08102324200335413
0.07857228132775078
0.07618257323199908
0.07385313622538706
0.0715829798108109
0.06937110596075338
0.06721651053161598
0.06511818461809406
0.06307511584797827
0.06108628961796218
0.05915069027167806
0.05726730222163829
0.05543511101662066
0.05365310435536085
0.05192027304786367
0.05023561192549903
0.0485981207010357
0.04700680477963685
0.04546067602258521
0.0439587534656036
0.04250006399310576
0.04108364296906625
0.03970853482579469
0.03837379361201976
0.03707848350162356
0.03582167926431746
0.03460246669993202
0.03341994303791559
0.03227321730289193
0.03116141064718734
0.0300836566516472
0.0290391015962098
0.02802690470151453
0.02704623834275012
0.02609628823686451
0.02517625360433969
0.02428534730653238
0.02342279595966161
0.02258784002655452
0.02177973388737351
0.02099774589028618
0.02024115838298833
0.01950926772599832
0.01880138428875371
0.01811683242945871
0.01745495045957548
0.01681509059393405
0.01619661888738261
0.01559891515869609
0.0150213729022189
0.01446339918812134
0.01392441455218665
0.01340385287603926
0.01290116125835329
0.01241579987752649
0.01194724184661313
0.01149497306102122
0.01105849203965736
0.01063730976005345
0.01023094948814779
0.009838946603154847
0.009460848417954042
0.009096213995297137
0.008744613960546268
0.008405630312208189
0.008078856230352312
0.007763895881507996
0.007460364217981382
0.007167886775850142
0.006886099478727484
0.006614648446130576
0.006353189797401926
0.006101389444331484
0.005858922882254355
0.005625474987698063
0.005400739821882614
0.005184420434127688
0.00497622866320744
0.004775884939130139
0.004583118086871768
0.00439766513208203
0.004219271108499831
0.004047688867017474
0.003882678886664569
0.003724009087709001
0.003571454646970893
0.003424797815468915
0.003283827738525526
0.003148340278354224
0.003018137839205721
0.002893029195106837
0.002772829320380983
0.002657359222932448
0.002546445780392623
0.002439921579076989
0.002337624755831916
0.002239398842779454
0.002145092615034247
0.002054559941391982
0.001967659637972938
0.001884255324836932
0.001804215285610599
0.001727412330066117
0.001653723659695278
0.001583030736240941
0.001515219153219557
0.001450178510329856
0.001387802290820134
0.001327987741711147
0.001270635756927139
0.001215650763247313
0.001162940609082447
0.001112416456034123
0.001063992673192794
0.001017586734164713
0.000973119116781562
0.0009305132054384588
0.0008896951960566299
0.0008505940035782687
0.0008131411719986618
0.0007772707868509437
0.0007429193901474177
0.000710025897710046
0.0006785315188270927
0.0006483796782427305
0.0006195159403730164
0.0005918879357570613
0.0005654452896439341
0.0005401395527365405
0.0005159241339596697
0.0004927542353213756
0.0004705867887051462
0.000449380394623519
0.0004290952628490843
0.0004096931549288337
0.0003911373284542863
0.0003733924831272901
0.0003564247085241367
0.0003402014335469115
0.0003246913774947901
0.0003098645027272691
0.0002956919688773397
0.0002821460885699771
0.0002692002845913429
0.00025682904849518
0.0002450079006149476
0.0002337133513842688
0.0002229228640042268
0.0002126148183548978
0.0002027684761577333
0.0001933639473329778
0.0001843821575366767
0.0001758048168072578
0.0001676143893203574
0.0001597940642178885
0.0001523277274426429
0.000145199934602939
0.0001383958847827972
0.0001319013952974684
0.0001257028773795215
0.0001197873127025482
0.0001141422308199664
0.0001087556873575918
0.0001036162430704629
9.871294362540669e-05
9.403530016940709e-05
8.957327058126027e-05
8.53172414618203e-05
8.125801077177338e-05
7.738677113621149e-05
7.36950937687411e-05
7.017491303483267e-05
6.681851155921079e-05
6.361850594646029e-05
6.056783300232991e-05
5.765973654091808e-05
5.488775464948132e-05
5.224570749596535e-05
4.972768555926347e-05
4.732803837184841e-05
4.504136366899747e-05
4.286249697369495e-05
4.078650159498222e-05
3.880865903478296e-05
3.692445974505117e-05
3.512959429120817e-05
3.341994482856972e-05
3.179157695853243e-05
3.024073189253317e-05
2.876381893447462e-05
2.735740827821345e-05
2.601822407557823e-05
2.474313781695555e-05
2.352916195274811e-05
2.237344380134227e-05
2.127325969102115e-05
2.022600935064464e-05
1.922921053327244e-05
1.828049385831233e-05
1.737759787513045e-05
1.651836431447477e-05
1.570073357130564e-05
1.492274033572849e-05
1.41825094547715e-05
1.347825192455276e-05
1.280826107293355e-05
1.21709089073076e-05
1.156464261654544e-05
1.098798121014149e-05
1.043951231160752e-05
9.917889076217118e-06
9.42182723606314e-06
8.950102341291724e-06
8.501547067590373e-06
8.075048604730251e-06
7.669546083633749e-06
7.284028228934307e-06
6.917531410936915e-06
6.569137744608996e-06
6.237972793227106e-06
5.92320295345669e-06
5.624033257184309e-06
5.339706022326745e-06
5.069499695288912e-06
4.812727298885938e-06
4.568734594988491e-06
4.336898384624056e-06
4.11662509065732e-06
3.907349431105093e-06
3.708533123119949e-06
3.519663652972259e-06
3.340253025928749e-06
3.169836646379822e-06
3.007972217899559e-06
2.854238718332354e-06
2.708235385314149e-06
2.569580782890278e-06
2.437911876940892e-06
2.312883179849492e-06
2.194165928595624e-06
2.081447291636514e-06
1.974429618502351e-06
1.872829715029173e-06
1.776378162511927e-06
1.684818663008405e-06
1.597907422485362e-06
1.515412542478314e-06
1.437113461780715e-06
1.362800415608954e-06
1.292273919970465e-06
1.225344279294499e-06
1.161831111608885e-06
1.101562904858705e-06
1.04437659741252e-06
9.901171580665279e-07
9.386372158755139e-07
8.897966762901655e-07
8.434623635442253e-07
7.995077179722609e-07
7.578124423248772e-07
7.182622137990176e-07
6.807483904170972e-07
6.451677338692754e-07
6.114221420873224e-07
5.794184038165048e-07
5.490679631100742e-07
5.202866903849992e-07
4.929946575992642e-07
4.671159470024098e-07
4.425784328825846e-07
4.193136220733056e-07
3.972564468353363e-07
3.763451195162471e-07
3.565209518642809e-07
3.377282272044482e-07
3.199140223106487e-07
3.030280982581996e-07
2.87022749909543e-07
2.71852686104745e-07
2.574749077561309e-07
2.438486000956525e-07
2.309350124438492e-07
2.186973642437013e-07
2.071007422744818e-07
1.961120055092373e-07
1.856997047490022e-07
1.758339878922264e-07
1.664865341592242e-07
1.576304666683249e-07
1.492402789432361e-07
1.41291772393072e-07
1.337619828843555e-07
1.266291271147431e-07
1.198725407731337e-07
1.134726199181346e-07
1.074107623487554e-07
1.016693270363786e-07
9.623157449664214e-08
9.108163618338226e-08
8.620446140678789e-08
8.158576349283316e-08
7.721200660300917e-08
7.30703540738598e-08
6.91486247058166e-08
6.543528053200243e-08
6.19193696266225e-08
5.859051266110185e-08
5.543887378576168e-08
5.245512174603548e-08
4.963040666865218e-08
4.695634808843563e-08
4.442500134829961e-08
4.202882603080945e-08
3.976068168397651e-08
3.761380104458443e-08
3.558176888783722e-08
3.365850062553775e-08
3.183823806953503e-08
3.011551965431718e-08
2.848517515792802e-08
2.694230352147745e-08
2.548225187072306e-08
2.410062426166624e-08
2.279325429709908e-08
2.155618966068327e-08
2.038568454688629e-08
1.927820247280401e-08
1.823037050160955e-08
1.723901028634937e-08
1.630110656133567e-08
1.541380417126305e-08
1.457440038857783e-08
1.378032860599221e-08
1.302915954433083e-08
1.231859872004462e-08
1.164647366665994e-08
1.101072694198625e-08
1.040940784907496e-08
9.840669037143866e-09
9.302760742921175e-09
8.794029601502705e-09
8.312905203145185e-09
7.857905790205215e-09
7.427619105724722e-09
7.020715836750278e-09
6.63593530728826e-09
6.272081654086526e-09
5.928029370106996e-09
5.602707847065458e-09
5.295107015265136e-09
5.004271267693599e-09
4.729293204452915e-09
4.469314845542665e-09
4.223530867543423e-09
3.991163132305741e-09
3.771489509583819e-09
3.56381977531787e-09
3.367505951182786e-09
3.181927006327623e-09
3.00651305493232e-09
2.840701188090502e-09
2.683973302810742e-09
2.535836151644349e-09
2.395825095074558e-09
2.263491549816496e-09
2.138418742289432e-09
2.020209752234947e-09
1.908492613763964e-09
1.802911751151898e-09
1.703129587830838e-09
1.608836614978322e-09
1.519725500508759e-09
1.435525325858584e-09
1.355956539932205e-09
1.280775927787792e-09
1.209735376242957e-09
1.142616692012065e-09
1.079197434194183e-09
1.019276145391799e-09
9.626608686762104e-10
9.091717447326863e-10
8.586417970110969e-10
8.109009547794881e-10
7.657974341976721e-10
7.231879851576408e-10
6.829368836999492e-10
6.449126624315753e-10
6.089946572080565e-10
5.750621403783486e-10
5.430152196698875e-10
5.12742775679613e-10
4.841465641274466e-10
4.571345886912215e-10
4.316190506754965e-10
4.075206931937214e-10
3.847610798135633e-10
3.632677283995323e-10
3.429657542834193e-10
3.237918687233065e-10
3.056908937293517e-10
2.885947259753743e-10
2.724529487335825e-10
2.572095388305856e-10
2.428141878079179e-10
2.292194450794255e-10
2.163808103912692e-10
2.042578389057235e-10
1.928117682540575e-10
1.82001706022945e-10
1.717941556175527e-10
1.621505704945513e-10
1.530489383022636e-10
1.444567622112578e-10
1.363449679437949e-10
1.286869819058354e-10
1.214553432723611e-10
1.146309129062631e-10
1.081868243991648e-10
1.021041691435107e-10
9.636066281234991e-11
9.094165564303178e-11
8.582833119808456e-11
8.100279240678437e-11
7.6443483016958e-11
7.214082821583485e-11
6.807845871153659e-11
6.424341409115279e-11
6.062132954759002e-11
5.720104000352818e-11
5.397215236191297e-11
5.092799383832861e-11
4.805771703217627e-11
4.534349671744958e-11
4.278190111087828e-11
4.036493954795997e-11
3.808214409148362e-11
3.593107198449112e-11
3.390138378683331e-11
3.198453538271657e-11
3.017736755605387e-11
2.84704110477372e-11
2.686569907292368e-11
2.534892709339826e-11
2.391524498207564e-11
2.256415490507878e-11
2.129009800769769e-11
2.00862714135136e-11
1.894689812349605e-11
1.787090495267943e-11
