3.736770055523685e-13
2.367021394961996e-13
1.481999322890808e-13
8.999038116222308e-14
4.93278868129691e-14
1.846788497733071e-14
-7.950462054706858e-15
-3.46727759177856e-14
-6.567842321551803e-14
-1.05244160922532e-13
-1.584779657600995e-13
-2.322150372476654e-13
-3.349152823588419e-13
-4.7921722322011e-13
-6.80671790808319e-13
-9.623831739233533e-13
-1.35326685845285e-12
-1.893787799289369e-12
-2.638588511843933e-12
-3.660792617696828e-12
-5.056065743530686e-12
-6.953758435266626e-12
-9.523706855154401e-12
-1.299013208812132e-11
-1.764746816976244e-11
-2.38795085525147e-11
-3.218926261106669e-11
-4.322586970439659e-11
-5.783421879829225e-11
-7.710082305215539e-11
-1.024223676874831e-10
-1.355936029370082e-10
-1.789049977929366e-10
-2.352728962417365e-10
-3.084059902873838e-10
-4.030012273953209e-10
-5.249891139645503e-10
-6.81840620142852e-10
-8.829396267273955e-10
-1.140046339290472e-09
-1.467852017913157e-09
-1.884667585593064e-09
-2.413257443711221e-09
-3.08185335697323e-09
-3.925377266603223e-09
-4.986921566854678e-09
-6.319536637526695e-09
-7.988368920706692e-09
-1.007322977083e-08
-1.267166441475856e-08
-1.590259789325181e-08
-1.991067936342791e-08
-2.487142196302235e-08
-3.099729730015126e-08
-3.854492926202958e-08
-4.782358045731196e-08
-5.920511512321483e-08
-7.313568923847312e-08
-9.014943058626137e-08
-1.108844094284855e-07
-1.361012430836124e-07
-1.667047302731107e-07
-2.037689437195988e-07
-2.485662816194272e-07
-3.026010289055213e-07
-3.676480482356565e-07
-4.457972956423058e-07
-5.395049417161467e-07
-6.516519472611674e-07
-7.85611062103909e-07
-9.453233073306544e-07
-1.135385119649515e-06
-1.361147436889983e-06
-1.628828183317169e-06
-1.945639704443914e-06
-2.319932878937592e-06
-2.761359802789028e-06
-3.281057091879627e-06
-3.891852037589036e-06
-4.608494043370115e-06
-5.447914005495374e-06
-6.429514468185896e-06
-7.575493650892735e-06
-8.911206653569174e-06
-1.046556739419329e-05
-1.227149508172331e-05
-1.436640928257965e-05
-1.679277788819617e-05
-1.959872255494683e-05
-2.283868643205481e-05
-2.657416925273599e-05
-3.087453508523818e-05
-3.581789827131879e-05
-4.149209326861408e-05
-4.799573429113167e-05
-5.543937076694058e-05
-6.394674471501195e-05
-7.365615617980059e-05
-8.472194280620602e-05
-9.731607953636415e-05
-0.0001116299041744523
-0.0001278759744726836
-0.0001462900649276979
-0.0001671333181538071
-0.0001906945541474523
-0.0002172927418471577
-0.0002472796391883346
-0.0002810426077104773
-0.0003190076074106766
-0.0003616423770994749
-0.0004094598049970399
-0.0004630214936580199
-0.000522941522623409
-0.0005898904113577247
-0.0006645992840857292
-0.0007478642371202702
-0.0008405509080568858
-0.0009435992449450001
-0.001058028472057574
-0.001184942247348916
-0.001325534004898801
-0.001481092473799574
-0.001653007362860291
-0.001842775198301165
-0.002052005299216365
-0.002282425873033192
-0.002535890210819684
-0.002814382964281656
-0.003120026493989979
-0.003455087255200297
-0.00382198218757394
-0.004223285075601311
-0.00466173284358973
-0.005140231745726176
-0.005661863408269712
-0.006229890677329161
-0.006847763221997484
-0.007519122838874784
-0.008247808400854486
-0.009037860399583493
-0.009893525117082263
-0.01081925840510657
-0.01181972891693083
-0.01289982063614691
-0.01406463468032086
-0.01531949037258096
-0.01666992552745137
-0.01812169585353195
-0.0196807734047564
-0.02135334400612781
-0.02314580359948882
-0.02506475344504767
-0.02711699410057768
-0.0293095181288455
-0.03164950145605062
-0.03414429333233703
-0.03680140483983753
-0.03962849588201749
-0.04263336062625036
-0.04582391133526489
-0.04920816056189074
-0.05279420167636833
-0.05659018768288437
-0.06060430833233216
-0.06484476549296778
-0.06931974679146211
-0.07403739753125105
-0.07900579088032726
-0.08423289638428388
-0.08972654680457574
-0.09549440334554611
-0.1015439193266864
-0.1078823023390287
-0.1145164750030062
-0.1214530343738339
-0.1286982101162901
-0.1362578215620113
-0.1441372337421232
-0.1523413125806
-0.1608743793428947
-0.1697401645230484
-0.1789417613396617
-0.1884815789844521
-0.1983612958718609
-0.2085818130293608
-0.219143207870186
-0.2300446885684143
-0.2412845492177952
-0.2528601260725065
-0.2647677550407421
-0.2770027307149548
-0.2895592671897509
-0.3024304608682611
-0.315608255585448
-0.3290834102251811
-0.3428454691283045
-0.3568827355463017
-0.3711822483352297
-0.3857297622206772
-0.400509731783956
-0.4155052994452702
-0.4306982876683124
-0.4460691955431947
-0.4615972000467274
-0.4772601620681752
-0.4930346374204875
-0.5088958929957752
-0.5248179281449101
-0.540773501505345
-0.5567341632749201
-0.5726702930662591
-0.588551143402497
-0.6043448888248475
-0.620018680731431
-0.6355387078257858
-0.6508702621954728
-0.6659778109583206
-0.6808250733133513
-0.6953751029827298
-0.7095903757940737
-0.7234328823001179
-0.7368642252387889
-0.7498457215281278
-0.7623385086454579
-0.774303655007228
-0.7857022741157175
-0.7964956421451481
-0.8066453185362689
-0.8161132693266431
-0.8248619927135498
-0.8328546464954102
-0.8400551769562415
-0.8464284486715026
-0.8519403748725145
-0.8565580477788326
-0.8602498684612516
-0.8629856757312439
-0.8647368734815303
-0.8654765560593151
-0.8651796310512704
-0.8638229390110913
-0.861385369609902
-0.8578479736430933
-0.8531940704876916
-0.8474093504002609
-0.8404819711793956
-0.83240264871936
-0.8231647410121002
-0.8127643253250102
-0.8012002679206095
-0.7884742856400472
-0.7745909990304236
-0.7595579773777957
-0.7433857764188807
-0.7260879669080106
-0.7076811510582409
-0.6881849670083023
-0.6676220849144479
-0.6460181976454413
-0.6234020021603898
-0.5998051681684203
-0.5752622943376319
-0.5498108546079243
-0.523491135652366
-0.4963461645612824
-0.4684216263602999
-0.4397657715531404
-0.410429314100112
-0.380465320170837
-0.3499290878682531
-0.3188780182349265
-0.2873714779050589
-0.2554706538006011
-0.2232384003273116
-0.190739079510327
-0.1580383945732856
-0.1252032174847182
-0.09230141101812821
-0.05940164591242875
-0.02657321372325637
0.006114164010068235
0.03859052964539651
0.07078588571348823
0.1026303929220784
0.1340545692112755
0.1649894891784658
0.1953669831870862
0.2251198354642191
0.2541819805040827
0.2824886970850243
0.3099767992298083
0.3365848234430127
0.3622532115580525
0.3869244885629923
0.4105434347681112
0.4330572517216392
0.4544157212930248
0.4745713573536145
0.4934795495421172
0.5110986985942708
0.527390342774959
0.5423192749749361
0.5558536500573232
0.5679650821090437
0.5786287312426752
0.5878233796626485
0.5955314967425713
0.6017392928937608
0.6064367620806447
0.6096177128250448
0.6112797876159758
0.6114244706776896
0.6100570840822014
0.6071867722650465
0.6028264750005297
0.5969928889687457
0.589706418072439
0.5809911126860225
0.5708745980888738
0.5593879923391829
0.5465658139079173
0.5324458794156661
0.5170691918387157
0.5004798196083315
0.482724767021128
0.4638538364307215
0.4439194827089329
0.4229766604815209
0.4010826646851285
0.3782969649829609
0.3546810346119691
0.3302981742449136
0.3052133314601325
0.2794929164352024
0.2532046144645966
0.2264171959213014
0.1992003242829612
0.1716243628418562
0.1437601807235547
0.1156789588236926
0.08745199627476113
0.05915051804228223
0.0308454842381642
0.002607401730989716
-0.02549386138397399
-0.05338925790686439
-0.08101073971960923
-0.1082914315267471
-0.1351657996626333
-0.1615698154977467
-0.1874411130033565
-0.2127191400583607
-0.2373453031052729
-0.2612631047947883
-0.2844182742800036
-0.3067588898563796
-0.328235493670581
-0.348801198247377
-0.3684117846223083
-0.3870257918886941
-0.4046045980077773
-0.4211124917574018
-0.4365167357194245
-0.4507876202473842
-0.4638985083740436
-0.475825871657871
-0.4865493169932159
-0.4960516044338799
-0.5043186561192149
-0.5113395564031418
-0.5171065433265635
-0.5216149915925572
-0.5248633872184637
-0.5268532940735272
-0.5275893125279152
-0.5270790304731672
-0.5253329669824062
-0.522364508886375
-0.5181898405726603
-0.5128278673212636
-0.506300132512559
-0.4986307290528205
-0.4898462053727616
-0.4799754663755777
-0.4690496696969189
-0.457102117654427
-0.4441681452738362
-0.4302850047864228
-0.4154917470015034
-0.3998290999375582
-0.3833393451054534
-0.3660661918373397
-0.3480546500518544
-0.3293509018479845
-0.3100021723046315
-0.290056599863487
-0.2695631066644564
-0.2485712691939131
-0.2271311896017197
-0.2052933680245403
-0.1831085762473356
-0.1606277330226707
-0.1379017813541483
-0.1149815680399359
-0.09191772575580894
-0.06876055794580417
-0.04555992677138739
-0.02236514435449969
0.0007751324634328021
0.02381300364061168
0.04670142354166577
0.06939429445847867
0.09184655588720272
0.1140142694206437
0.1358546991305065
0.1573263873312192
0.1783892256327892
0.1990045212037755
0.2191350581814915
0.2387451541833449
0.2578007118933999
0.276269265709665
0.2941200234448169
0.3113239030889495
0.3278535646616984
0.3436834372005694
0.3587897409383521
0.3731505047253429
0.3867455787670659
0.3995566427662613
0.411567209575407
0.4227626244672129
0.4331300601280122
0.4426585074927746
0.4513387625570915
0.4591634093158776
0.4661267989751167
0.4722250255782902
0.4774558982011373
0.481818909878609
0.485315203436536
0.4879475343976315
0.4897202311294835
0.4906391524117553
0.4907116425950637
0.489946484527815
0.4883538504288075
0.4859452508861302
0.482733482166564
0.478732572005002
0.4739577240458974
0.468425261110103
0.4621525674610549
0.4551580302450956
0.4474609802639448
0.4390816322363694
0.4300410247072923
0.4203609597635887
0.4100639427135084
0.3991731218659694
0.387712228545143
0.3757055174751232
0.3631777076668766
0.3501539239343899
0.3366596391551768
0.3227206173890561
0.3083628579611398
0.2936125406069018
0.2784959717741521
0.2630395321697923
0.2472696256342233
0.2312126294196192
0.2148948459429023
0.1983424560798535
0.1815814740543601
0.1646377039727537
0.1475366980499662
0.130303716569991
0.1129636896168696
0.09554118060250498
0.078060351613991
0.06054493059923598
0.04301818040495325
0.02550286967555441
0.00802124561514635
-0.009404991388826828
-0.02675471128581532
-0.04400737603617273
-0.06114305945339946
-0.0781424652328124
-0.0949869431882847
-0.1116585037221674
-0.1281398305569131
-0.1444142917606113
-0.1604659491006662
-0.1762795657625892
-0.1918406124736126
-0.2071352720731816
-0.2221504425759945
-0.2368737387724163
-0.2512934924138754
-0.2653987510323214
-0.2791792754441242
-0.2926255359912012
-0.3057287075709615
-0.3184806635080054
-0.3308739683215544
-0.3429018694439191
-0.3545582879473745
-0.3658378083324125
-0.376735667432014
-0.3872477424867377
-0.3973705384452554
-0.4071011745461106
-0.4164373702330554
-0.4253774304564845
-0.4339202304134107
-0.4420651997787021
-0.4498123064810144
-0.4571620400707018
-0.4641153947258173
-0.4706738519439552
-0.4768393629684667
-0.4826143309983585
-0.4880015932218212
-0.4930044027144219
-0.4976264102426282
-0.5018716460125758
-0.5057445014034265
-0.5092497107204054
-0.5123923330024647
-0.5151777339179644
-0.517611567780869
-0.5196997597206675
-0.5214484880318753
-0.5228641667294888
-0.5239534283359754
-0.5247231069235172
-0.525180221435251
-0.5253319593051478
-0.5251856603968089
-0.5247488012789229
-0.5240289798528512
-0.5230339003476334
-0.521771358696023
-0.5202492283070017
-0.5184754462456378
-0.516457999825369
-0.5142049136188964
-0.5117242368970877
-0.5090240315063866
-0.5061123601895452
-0.5029972753484998
-0.4996868082501667
-0.4961889586783175
-0.4925116850350555
-0.4886628948913991
-0.4846504359845012
-0.480482087661051
-0.4761655527617287
-0.4717084499409812
-0.4671183064179286
-0.4624025511554183
-0.4575685084643208
-0.4526233920239249
-0.4475742993099188
-0.4424282064226888
-0.4371919633097572
-0.4318722893767062
-0.4264757694750109
-0.4210088502554125
-0.415477836877591
-0.4098888900693993
-0.4042480235291153
-0.398561101657086
-0.3928338376040671
-0.3870717916259475
-0.3812803697361496
-0.3754648226466206
-0.3696302449853122
-0.3637815747787818
-0.3579235931892725
-0.3520609244957802
-0.3461980363090327
-0.3403392400093044
-0.3344886913979069
-0.3286503915516841
-0.3228281878679391
-0.3170257752882697
-0.3112466976926284
-0.3054943494550464
-0.2997719771512229
-0.2940826814081203
-0.2884294188872698
-0.2828150043910775
-0.2772421130819584
-0.2717132828056322
-0.266230916511152
-0.2607972847605899
-0.2554145283188929
-0.2500846608147591
-0.2448095714651633
-0.2395910278577078
-0.2344306787856753
-0.2293300571266507
-0.2242905827564878
-0.2193135654922909
-0.2144002080594332
-0.2095516090771394
-0.2047687660568451
-0.2000525784088595
-0.1954038504520517
-0.190823294420586
-0.1863115334626376
-0.1818691046272278
-0.1774964618358085
-0.1731939788345959
-0.1689619521235698
-0.1648006038590167
-0.1607100847258457
-0.1566904767757887
-0.1527417962288714
-0.1488639962370862
-0.1450569696095992
-0.1413205514951276
-0.1376545220172181
-0.1340586088608401
-0.1305324898108604
-0.1270757952426226
-0.1236881105612897
-0.120368978587051
-0.1171179018853229
-0.1139343450424739
-0.1108177368873231
-0.1077674726566495
-0.1047829161033438
-0.1018634015468741
-0.0990082358666384
-0.0962167004385783
-0.09348805301443777
-0.09082152954361186
-0.08821634593768073
-0.08567169977747952
-0.08318677196255146
-0.08076072830408372
-0.07839272106277284
-0.07608189043206118
-0.07382736596640957
-0.07162826795488018
-0.06948370874105718
-0.06739279399000384
-0.06535462390304543
-0.06336829438181799
-0.06143289814307306
-0.0595475257843632
-0.05771126680092997
-0.05592321055481608
-0.054182447197711
-0.05248806854867104
-0.05083916892766685
-0.04923484594612083
-0.04767420125541304
-0.04615634125437391
-0.04468037775661658
-0.04324542861907307
-0.04185061833296689
-0.04049507857831262
-0.03917794874283603
-0.03789837640627717
-0.03665551779130553
-0.03544853818219142
-0.03427661231233201
-0.03313892472181847
-0.03203467008638265
-0.03096305351838936
-0.02992329084046969
-0.02891460883284667
-0.02793624545589063
-0.02698745004911905
-0.02606748350733241
-0.02517561843466101
-0.02431113927746745
-0.02347334243705286
-0.02266153636311425
-0.02187504162878686
-0.0211131909883784
-0.02037532941851355
-0.0196608141432827
-0.01896901464383044
-0.01829931265376492
-0.01765110214272605
-0.01702378928836742
-0.01641679243352336
-0.01582954202414285
-0.01526148053680707
-0.01471206241080641
-0.01418075398257199
-0.01366703340301045
-0.01317039052311398
-0.01269032676824732
-0.01222635501877123
-0.01177799949549771
-0.01134479563741704
-0.01092628996725493
-0.01052203995031843
-0.01013161384993439
-0.009754590579688183
-0.009390559551879393
-0.009039120522124152
-0.008699883430846347
-0.008372468242080345
-0.008056504780011074
-0.007751632563486408
-0.00745750063892887
-0.007173767411837594
-0.006900100477118901
-0.006636176448500045
-0.006381680787382864
-0.006136307631496459
-0.005899759623431518
-0.005671747739232158
-0.005451991117250497
-0.005240216887495175
-0.005036160001702789
-0.004839563064240519
-0.004650176164039543
-0.004467756707664616
-0.004292069253649193
-0.004122885348312243
-0.003959983363063358
-0.003803148333419925
-0.00365217179976106
-0.003506851649937603
-0.003366991963768883
-0.003232402859590434
-0.003102900342826459
-0.002978306156792939
-0.002858447635643032
-0.002743157559567562
-0.002632274012293876
-0.002525640240928777
-0.002423104518212406
-0.002324520007146026
-0.002229744628054125
-0.002138640928078495
-0.002051075953124206
-0.001966921122298633
-0.001886052104778553
-0.001808348699219094
-0.001733694715613804
-0.001661977859640476
-0.001593089619472478
-0.001526925155050807
-0.001463383189802367
-0.001402365904787544
-0.001343778835283665
-0.001287530769740922
-0.001233533651145755
-0.001181702480717343
-0.001131955223948496
-0.001084212718939129
-0.001038398587004317
-0.0009944391455245325
-0.0009522633230199045
-0.0009118025764232742
-0.0008729908104863497
-0.0008357642993197084
-0.0008000616100231015
-0.0007658235283270178
-0.000732992986309965
-0.0007015149920523508
-0.0006713365612601442
-0.0006424066507908745
-0.0006146760940551342
-0.0005880975382372166
-0.0005626253833341628
-0.0005382157229552339
-0.0005148262868382897
-0.0004924163850641333
-0.0004709468539220289
-0.0004503800033889654
-0.000430679566181087
-0.0004118106483425029
-0.0003937396813572083
-0.0003764343757257608
-0.0003598636759578819
-0.0003439977169998471
-0.000328807782017223
-0.0003142662614969004
-0.0003003466136327582
-0.0002870233260182682
-0.0002742718785263681
-0.0002620687074282272
-0.0002503911706466316
-0.000239217514158144
-0.0002285268394993707
-0.0002182990723462775
-0.0002085149321449429
-0.0001991559027313167
-0.0001902042039796024
-0.0001816427643679027
-0.0001734551944991536
-0.0001656257615118189
-0.0001581393643745455
-0.0001509815100354662
-0.0001441382903760524
-0.0001375963600021811
-0.0001313429147609582
-0.0001253656710754991
-0.0001196528459465342
-0.0001141931377007105
-0.0001089757073958175
-0.0001039901609138128
-9.922653168350706e-05
-9.467526402798169e-05
-9.032719711101961e-05
-8.617354947459258e-05
-8.220590411885411e-05
-7.841619415285286e-05
-7.479668895536851e-05
-7.133998086153495e-05
-6.80389723195957e-05
-6.488686354971335e-05
-6.187714063394701e-05
-5.900356408204657e-05
-5.626015780070389e-05
-5.364119850438369e-05
-5.114120548312526e-05
-4.875493082006109e-05
-4.647734992310455e-05
-4.430365245460962e-05
-4.222923358159241e-05
-4.024968559817147e-05
-3.836078984247643e-05
-3.655850893360959e-05
-3.483897931377758e-05
-3.319850403081818e-05
-3.163354585772978e-05
-3.014072076345903e-05
-2.871679161709887e-05
-2.735866191490763e-05
-2.606336958401297e-05
-2.482808136343527e-05
-2.365008841287313e-05
-2.252680203906155e-05
-2.14557478913798e-05
-2.043455897652688e-05
-1.946096993209864e-05
-1.853281420766427e-05
-1.764802175562648e-05
-1.680461532456906e-05
-1.60007056499942e-05
-1.523448702713989e-05
-1.450423376986936e-05
-1.380829697187365e-05
-1.314510127777259e-05
-1.251314168036276e-05
-1.191098045331421e-05
-1.133724422760953e-05
-1.079062122833792e-05
-1.026985861207193e-05
-9.773759898145528e-06
-9.301182503318543e-06
-8.851035402145505e-06
-8.422276874952303e-06
-8.013912331022332e-06
-7.624992269253765e-06
-7.25461028510747e-06
-6.90190116866647e-06
-6.566039095058946e-06
-6.246235887688028e-06
-5.941739338556571e-06
-5.651831631711052e-06
-5.375827806847483e-06
-5.113074299738003e-06
-4.862947554761456e-06
-4.624852664548356e-06
-4.398222109647632e-06
-4.182514524558259e-06
-3.977213522386795e-06
-3.781826586213466e-06
-3.59588397793706e-06
-3.418937726232572e-06
-3.250560650536925e-06
-3.090345396669672e-06
-2.937903567366034e-06
-2.79286484606561e-06
-2.654876182702881e-06
-2.52360100216531e-06
-2.398718475256556e-06
-2.27992277220213e-06
-2.166922408109644e-06
-2.059439551502014e-06
-1.957209434543967e-06
-1.859979729540731e-06
-1.767509993158684e-06
-1.679571115767215e-06
-1.595944794520998e-06
-1.516423042805625e-06
-1.440807712139885e-06
-1.368910035385309e-06
-1.300550191795163e-06
-1.235556894397737e-06
-1.173766997181528e-06
-1.115025110699758e-06
-1.059183243351509e-06
-1.006100455655329e-06
-9.556425372150507e-07
-9.076816855125736e-07
-8.620962115249802e-07
-8.187702496498152e-07
-7.775934810372389e-07
-7.384608904576323e-07
-7.012724961965708e-07
-6.659331298620665e-07
-6.323521973820888e-07
-6.004434731916482e-07
-5.701248863658602e-07
-5.41318316815743e-07
-5.139494365100762e-07
-4.879474966791417e-07
-4.632451781128721e-07
-4.397784255295574e-07
-4.174862886540334e-07
-3.963107722546004e-07
-3.761967036750252e-07
-3.570915996706263e-07
-3.389455165112504e-07
-3.217109588719838e-07
-3.053427389521492e-07
-2.89797878153138e-07
-2.750354959654389e-07
-2.61016714287084e-07
-2.477045531343102e-07
-2.350638498770309e-07
-2.230611653970542e-07
-2.116646969049393e-07
-2.008442100069119e-07
-1.905709542171491e-07
-1.808175918072972e-07
-1.715581319095958e-07
-1.627678663020916e-07
-1.544233041133515e-07
-1.465021141717611e-07
-1.389830719561521e-07
-1.318460008021467e-07
-1.250717201685914e-07
-1.186420019858569e-07
-1.125395177498161e-07
-1.067478137368611e-07
-1.012512347181895e-07
-9.603491637647202e-08
-9.108472620329123e-08
-8.638723726832084e-08
-8.192968885327535e-08
-7.769996158169802e-08
-7.368654000012021e-08
-6.987847914640544e-08
-6.626538410764086e-08
-6.283737681744308e-08
-5.958507628237364e-08
-5.649956884291824e-08
-5.357238687644109e-08
-5.079549352189976e-08
-4.816125154492335e-08
-4.566240998396251e-08
-4.329208151912948e-08
-4.104372343367798e-08
-3.891111924416779e-08
-3.688836837476029e-08
-3.496986479036733e-08
-3.315028970102297e-08
-3.142459253745071e-08
-2.978797337048361e-08
-2.823588103079435e-08
-2.676399350322467e-08
-2.536819943632602e-08
-2.404460246544915e-08
-2.278950579257737e-08
-2.159939150674327e-08
-2.047093059032743e-08
-1.94009580522549e-08
-1.838647224715826e-08
-1.742461834319294e-08
-1.65126923862976e-08
-1.564812789706497e-08
-1.482848369474004e-08
-1.405144862627256e-08
-1.331482255392211e-08
-1.261651983324113e-08
-1.195456668692129e-08
-1.132708496969489e-08
-1.073229665360809e-08
-1.016851037869626e-08
-9.63412309896722e-09
-9.127617577394783e-09
-8.647544055163958e-09
-8.192543110219695e-09
-7.761313344923443e-09
-7.352627043630859e-09
-6.965316926283922e-09
-6.59826892795115e-09
-6.25042952969941e-09
-5.920806733208646e-09
-5.608446269423819e-09
-5.312454551223126e-09
-5.031980183430511e-09
-4.766212408551986e-09
-4.514390020449592e-09
-4.27578132501287e-09
-4.04969653732712e-09
-3.835492629775335e-09
-3.632546523119902e-09
-3.440270666572102e-09
-3.258104495657591e-09
-3.08552635417647e-09
-2.922031394320722e-09
-2.767147767298774e-09
-2.620426389860533e-09
-2.481438721982999e-09
-2.349780305473136e-09
-2.225064863452586e-09
-2.106930811056221e-09
-1.995029073557773e-09
-1.889032290062386e-09
-1.788634363895117e-09
-1.693543485611892e-09
-1.603478402690841e-09
-1.518174513464805e-09
-1.437381363155646e-09
-1.360860813993442e-09
-1.288388258752185e-09
-1.219756560253063e-09
-1.154760700232934e-09
-1.093212149867316e-09
-1.034925713887556e-09
-9.797334573160117e-10
-9.274690404597298e-10
-8.779763055784102e-10
-8.31110751301115e-10
-7.86732497954629e-10
-7.447130894234478e-10
-7.049241354362382e-10
-6.6724640303249e-10
-6.315754519225095e-10
-5.978018721043008e-10
-5.658263880137384e-10
-5.355531436504463e-10
-5.068915803288532e-10
-4.797581806846378e-10
-4.540681761152508e-10
-4.297482060128615e-10
-4.067195037577385e-10
-3.849156785485275e-10
-3.642777242862888e-10
-3.447419080880135e-10
-3.26249433155284e-10
-3.087423429637031e-10
-2.921727581994756e-10
-2.764892736509003e-10
-2.616446723000712e-10
-2.475928022393627e-10
-2.342961022978411e-10
-2.217106224350223e-10
-2.097997196305564e-10
-1.985238082564215e-10
-1.878525323768053e-10
-1.777472936040161e-10
-1.681815356195506e-10
-1.59128193118051e-10
-1.505570870463528e-10
-1.424426363221432e-10
-1.347664692700772e-10
-1.275039627572818e-10
-1.206313439942674e-10
