3.384835457601065e-12
1.159304396613468e-12
-8.313152605554632e-13
-2.850088079279015e-12
-5.14097398223399e-12
-7.961755329621528e-12
-1.16070640927161e-11
-1.643827525209733e-11
-2.29143656117172e-11
-3.162938827412264e-11
-4.335857914885507e-11
-5.911374944277829e-11
-8.021690280539154e-11
-1.083885993253596e-10
-1.458645565965319e-10
-1.955376383371153e-10
-2.611370264310887e-10
-3.474579111481879e-10
-4.606392907842397e-10
-6.085179781135296e-10
-8.010608138562677e-10
-1.050904040747771e-09
-1.374016782256869e-09
-1.790513812939156e-09
-2.325659306749805e-09
-3.011081025055115e-09
-3.886267972274531e-09
-5.000374789652259e-09
-6.414422175900977e-09
-8.203952139879577e-09
-1.04622351930953e-08
-1.330413170306784e-08
-1.687072920399165e-08
-2.133490041719857e-08
-2.69079497276262e-08
-3.384754334874934e-08
-4.246715018502983e-08
-5.314725485611847e-08
-6.634864784854487e-08
-8.262814299268716e-08
-1.026571250632576e-07
-1.272433833987695e-07
-1.573567575265102e-07
-1.941591952321702e-07
-2.390398883380247e-07
-2.936562403295159e-07
-3.599815283681748e-07
-4.40360175642021e-07
-5.375716964948832e-07
-6.549044355566401e-07
-7.962403364912182e-07
-9.661520958222246e-07
-1.170014335775171e-06
-1.414131198025794e-06
-1.70588216566842e-06
-2.053888187255437e-06
-2.468200506751379e-06
-2.960514855068532e-06
-3.544413903720565e-06
-4.235641140102324e-06
-5.052409601697114e-06
-6.015749199764331e-06
-7.149896663851768e-06
-8.482732469622208e-06
-1.004626943745472e-05
-1.18771980322907e-05
-1.401749378271535e-05
-1.651509256329145e-05
-1.942463991182527e-05
-2.280832090998579e-05
-2.673677755908304e-05
-3.129012099030875e-05
-3.65590462415856e-05
-4.264605773195685e-05
-4.966681395483592e-05
-5.775160031020753e-05
-6.704693934055534e-05
-7.771734786107199e-05
-8.994725049191845e-05
-0.000103943059794048
-0.0001199354334395366
-0.000138181718858696
-0.0001589685959134429
-0.0001826149281713685
-0.0002094748332078284
-0.0002399409822367907
-0.0002744481389813444
-0.0003134769472676691
-0.0003575579761588377
-0.0004072760306210267
-0.0004632747346531062
-0.0005262613925375682
-0.0005970121322485327
-0.0006763773331995674
-0.0007652873382505785
-0.0008647584472531247
-0.0009758991863463067
-0.001099916843654899
-0.001238124257942631
-0.001391946842102749
-0.0015629298182607
-0.001752745638159495
-0.001963201596657508
-0.002196247730824574
-0.002453984929485612
-0.002738673196513843
-0.003052740036875019
-0.0033987889328815
-0.00377960787457758
-0.004198177904335619
-0.004657681631818054
-0.005161511671434815
-0.005713278950314401
-0.006316820830628123
-0.006976208985890943
-0.007695756966589822
-0.008480027386216931
-0.0093338386544967
-0.0102622711803211
-0.01127067296267197
-0.01236466448362064
-0.01355014281336682
-0.01483328483326121
-0.01622054947881223
-0.01771867890091896
-0.01933469844011638
-0.02107591530809528
-0.02294991590803985
-0.02496456180576585
-0.02712798418683577
-0.02944857666333778
-0.03193498632527776
-0.03459610293404111
-0.03744104615623119
-0.04047915073733722
-0.0437199495163303
-0.04717315418440252
-0.05084863369405533
-0.05475639023280476
-0.05890653274770882
-0.0633092485910238
-0.06797477345202688
-0.07291335889757213
-0.07813523693350381
-0.0836505818937571
-0.08946947004828518
-0.09560183703017684
-0.1020574329423748
-0.1088457752062307
-0.1159760991988798
-0.1234573068522403
-0.1312979133394291
-0.1395059919117024
-0.148089117112982
-0.1570543064573248
-0.1664079608082741
-0.1761558036683842
-0.186302819530109
-0.1968531916229752
-0.207810239208537
-0.2191763547525268
-0.2309529412635925
-0.243140350017833
-0.2557378190963958
-0.2687434129403098
-0.2821539633270463
-0.2959650121183888
-0.310170756040932
-0.3247639939894333
-0.3397360770806037
-0.3550768619034978
-0.3707746673398793
-0.386816235221636
-0.4031866953412178
-0.4198695350186016
-0.4368465736593503
-0.454097942651268
-0.4716020708277042
-0.4893356759880586
-0.5072737626020495
-0.5253896260682155
-0.5436548637936117
-0.5620393932239757
-0.580511477222895
-0.5990377568039414
-0.6175832914773589
-0.6361116073454625
-0.6545847529190304
-0.6729633629043205
-0.6912067297987996
-0.7092728833983719
-0.7271186781739795
-0.744699888301101
-0.7619713104103765
-0.7788868736969297
-0.7953997572932596
-0.8114625146626335
-0.8270272045986661
-0.8420455287044175
-0.8564689747793474
-0.8702489658107789
-0.8833370141274247
-0.8956848801168225
-0.9072447351961804
-0.917969328278073
-0.9278121552465821
-0.9367276308328252
-0.9446712621367133
-0.951599823324586
-0.9574715306213188
-0.9622462169919446
-0.9658855057921755
-0.9683529825420513
-0.9696143642603492
-0.9696376654270698
-0.9683933599192398
-0.9658545381680036
-0.9619970586819256
-0.9567996933544284
-0.9502442656736251
-0.9423157812258395
-0.9330025498015705
-0.9222962983319271
-0.9101922741507309
-0.8966893378391662
-0.8817900451685855
-0.8655007176023534
-0.8478315007702585
-0.8287964105794496
-0.808413366437751
-0.7867042113020755
-0.7636947182433306
-0.7394145832090228
-0.7138974038868852
-0.6871806444273324
-0.6593055859957988
-0.6303172631295337
-0.600264385886483
-0.5691992479609863
-0.537177620849154
-0.5042586343236776
-0.4705046434966791
-0.4359810827804208
-0.4007563072043533
-0.3649014214805989
-0.3284900973427855
-0.2915983797299126
-0.2543044824427267
-0.2166885739931198
-0.1788325542693066
-0.1408198227185568
-0.1027350389216136
-0.0646638765480364
-0.02669277156300707
0.01109133483477105
0.0486012576128686
0.08574983205572954
0.1224501795081235
0.1586159746068305
0.1941617133912229
0.2290029806020329
0.2630567145481542
0.296241468918427
0.3284776711239696
0.3596878760488521
0.389797014021396
0.4187326320006987
0.4464251271537596
0.4728079720275515
0.4978179304096223
0.5213952630470235
0.5434839224431897
0.5640317359931167
0.5829905768101222
0.600316521566769
0.6159699947764401
0.6299158989817268
0.6421237303507829
0.6525676792972762
0.6612267157261243
0.6680846586244872
0.6731302297591361
0.6763570912795115
0.6777638671460771
0.6773541482994108
0.6751364816072565
0.6711243426637442
0.6653360925490293
0.6577949187742411
0.6485287606406983
0.6375702193544474
0.6249564532668052
0.6107290586406103
0.5949339364451739
0.5776211456840427
0.5588447438520749
0.5386626151417823
0.5171362870436379
0.4943307360652868
0.4703141832828355
0.4451578805054768
0.4189358878513993
0.3917248435494364
0.363603726831108
0.3346536147569303
0.3049574338614581
0.2745997075069872
0.2436662998392531
0.2122441572588451
0.1804210482933472
0.1482853027703903
0.1159255511815991
0.0834304651152558
0.05088849962880037
0.01838763840444958
-0.01398485748087215
-0.0461426963672492
-0.07800079762564455
-0.1094755273221819
-0.140484927211168
-0.1709489363699075
-0.2007896048238708
-0.2299312985451986
-0.2583008952546834
-0.2858279704872365
-0.312444973430452
-0.3380873920872792
-0.3626939073534731
-0.3862065356594224
-0.4085707598526828
-0.429735648055256
-0.4496539602737198
-0.468282242583383
-0.4855809087718038
-0.5015143093443957
-0.5160507878561205
-0.5291627245753671
-0.5408265675252799
-0.5510228510085293
-0.5597362017372968
-0.5669553327516303
-0.5726730253396868
-0.5768860991991198
-0.5795953711338863
-0.5808056025980168
-0.5805254364502134
-0.57876732330125
-0.575547437852164
-0.5708855856681073
-0.5648051008377473
-0.5573327350081589
-0.5484985382955102
-0.5383357325802548
-0.5268805777287175
-0.5141722312765462
-0.5002526021363163
-0.4851661988926916
-0.468959973248136
-0.4516831592008667
-0.4333871085222391
-0.4141251231148225
-0.3939522848230349
-0.3729252832580868
-0.3511022422051691
-0.3285425451606249
-0.3053066605465936
-0.281455967135741
-0.257052580203316
-0.2321591789168123
-0.2068388354473543
-0.1811548462782221
-0.1551705661632453
-0.1289492451656386
-0.1025538691930862
-0.07604700442195486
-0.04949064598412361
-0.02294607126278813
0.003526301880194114
0.0298670516436446
0.05601788331628541
0.08192175454271471
0.107522994598184
0.1327674174687459
0.1576024285607266
0.1819771248843507
0.2058423885799944
0.2291509736802289
0.2518575860263661
0.2739189562866666
0.2952939060364447
0.3159434068856036
0.3358306326611186
0.3549210046727491
0.3731822301156131
0.3905843336742336
0.4070996824163765
0.4227030040818882
0.4373713988874583
0.4510843449914815
0.463823697766531
0.4755736830476822
0.4863208845369633
0.4960542255538103
0.5047649453388697
0.5124465701214598
0.519094879179396
0.5247078661223789
0.5292856956301307
0.5328306558914161
0.5353471069904268
0.5368414254976567
0.5373219455219683
0.5367988964805732
0.5352843378529542
0.5327920911744782
0.5293376695345126
0.5249382048385466
0.5196123730851514
0.5133803179117847
0.5062635726639618
0.4982849812481737
0.4894686180114168
0.4798397068723326
0.469424539932212
0.4582503957978953
0.4463454578488251
0.4337387326600368
0.4204599687739856
0.4065395760148337
0.3920085455396377
0.3768983708180157
0.361240969711097
0.3450686078018678
0.3284138231278347
0.3113093524658764
0.2937880593133718
0.2758828636905442
0.257626673873444
0.2390523201638664
0.2201924907969552
0.2010796700793221
0.181746078836867
0.1622236172406474
0.142543810073657
0.1227377544901301
0.1028360703118392
0.08286885289798468
0.06286562861746332
0.04285531294434556
0.02286617118690847
0.002925781854894723
-0.01693899733670924
-0.0367020608359154
-0.05633808401033462
-0.07582254931449112
-0.09513176989512048
-0.1142429106668536
-0.13313400689774
-0.1517839803507792
-0.1701726530292279
-0.1882807585768354
-0.2060899513891427
-0.2235828134968243
-0.240742859286887
-0.2575545381274145
-0.2740032349668657
-0.2900752689803582
-0.3057578903354323
-0.3210392751535245
-0.335908518744182
-0.35035562719123
-0.3643715073709325
-0.3779479554838948
-0.3910776441869529
-0.4037541084020839
-0.4159717298799236
-0.4277257205985526
-0.4390121050823963
-0.4498277017271796
-0.4601701032057433
-0.4700376560294617
-0.479429439342501
-0.4883452430278182
-0.4967855452044914
-0.5047514891850938
-0.51224485996257
-0.5192680602960115
-0.5258240864642685
-0.5319165037567459
-0.5375494217613908
-0.5427274695102146
-0.5474557705414307
-0.5517399179353717
-0.555585949381621
-0.5590003223264901
-0.5619898892501666
-0.5645618731207274
-0.5667238430706486
-0.5684836903419377
-0.5698496045361408
-0.5708300502060517
-0.5714337438242276
-0.5716696311608109
-0.5715468651033021
-0.5710747839438619
-0.5702628901589886
-0.5691208297051665
-0.5676583718530919
-0.5658853895838595
-0.56381184055981
-0.5614477486842983
-0.558803186263148
-0.5558882567787542
-0.5527130782880385
-0.549287767449259
-0.5456224241824806
-0.5417271169676441
-0.5376118687838152
-0.5332866436938742
-0.5287613340701101
-0.5240457484559453
-0.5191496000606256
-0.5140824958850244
-0.5088539264771547
-0.5034732563058943
-0.4979497147435288
-0.4922923876479162
-0.4865102095349944
-0.480611956332307
-0.4746062387006869
-0.4685014959119983
-0.4623059902701956
-0.4560278020630483
-0.4496748250331625
-0.4432547623513611
-0.4367751230770651
-0.4302432190905616
-0.4236661624818501
-0.417050863381368
-0.4104040282158782
-0.4037321583742851
-0.3970415492671511
-0.3903382897632028
-0.3836282619868274
-0.3769171414605603
-0.3702103975789147
-0.3635132943973575
-0.3568308917174286
-0.3501680464508631
-0.3435294142489658
-0.3369194513852805
-0.3303424168761791
-0.3238023748214725
-0.3173031969492351
-0.3108485653520205
-0.3044419754022247
-0.2980867388330041
-0.29178598697062
-0.2855426741063609
-0.2793595809940244
-0.273239318459675
-0.2671843311119599
-0.2611969011430135
-0.2552791522103154
-0.2494330533873131
-0.2436604231715451
-0.2379629335406314
-0.2323421140475143
-0.2267993559473463
-0.2213359163457321
-0.2159529223588366
-0.2106513752776232
-0.2054321547302493
-0.2002960228371999
-0.1952436283505564
-0.1902755107698171
-0.1853921044285066
-0.1805937425467754
-0.1758806612455455
-0.1712530035165388
-0.1667108231433252
-0.1622540885692694
-0.1578826867084645
-0.1535964266964569
-0.1493950435771405
-0.1452782019235264
-0.1412454993894722
-0.1372964701889922
-0.1334305885004301
-0.1296472717941906
-0.1259458840829527
-0.1223257390929161
-0.1187861033546607
-0.1153261992131126
-0.1119452077551923
-0.1086422716540162
-0.1054164979292863
-0.1022669606241912
-0.09919270339905163
-0.09619274204135347
-0.09326606689187453
-0.09041164518733687
-0.08762842332072777
-0.08491532902059364
-0.08227127344920079
-0.07969515321977881
-0.07718585233386763
-0.07474224404022482
-0.07236319261647345
-0.07004755507471418
-0.06779418279260274
-0.0656019230711927
-0.06346962062053797
-0.0613961189743157
-0.05938026183522703
-0.05742089435285081
-0.05551686433557492
-0.05366702339805651
-0.05187022804588726
-0.05012534069898274
-0.04843123065508838
-0.04678677499513562
-0.04519085943263722
-0.04364237910930856
-0.04214023933793779
-0.04068335629354211
-0.03927065765455754
-0.03790108319645442
-0.03657358533989977
-0.03528712965455651
-0.03404069531963033
-0.0328332755428578
-0.03166387793993979
-0.0305315248762595
-0.0294352537721565
-0.0283741173729516
-0.02734718398535822
-0.02635353768186729
-0.02539227847476651
-0.02446252246100171
-0.02356340193925578
-0.02269406550055327
-0.02185367809363663
-0.02104142106626956
-0.0202564921838929
-0.01949810562712709
-0.01876549196920484
-0.01805789813433103
-0.01737458733792223
-0.01671483900993078
-0.01607794870224315
-0.01546322798119332
-0.01487000430629848
-0.01429762089630365
-0.01374543658321767
-0.01321282565513806
-0.01269917768863675
-0.01220389737172479
-0.01172640431810586
-0.01126613287353867
-0.01082253191495906
-0.01039506464311855
-0.009983208369284359
-0.009586454296674917
-0.009204307297195694
-0.008836285684158241
-0.008481920981464369
-0.008140757689775168
-0.007812353050080443
-0.007496276805219108
-0.007192110959795691
-0.006899449538858067
-0.006617898345857023
-0.006347074720226247
-0.006086607294932571
-0.005836135754155374
-0.005595310591536637
-0.005363792869256033
-0.005141253978398935
-0.004927375400706243
-0.004721848471950292
-0.004524374147160984
-0.004334662767922121
-0.004152433831920965
-0.003977415764917859
-0.003809345695382778
-0.003647969231860398
-0.003493040243216664
-0.003344320641770932
-0.00320158016959441
-0.003064596188303222
-0.002933153472365687
-0.002807044005294998
-0.002686066777984321
-0.002570027590599474
-0.002458738860546518
-0.002352019436001866
-0.002249694411587256
-0.002151594943810716
-0.002057558069669766
-0.001967426531179524
-0.001881048605488278
-0.001798277938392994
-0.001718973380477249
-0.001642998826696564
-0.00157022305985045
-0.001500519597874313
-0.001433766544768513
-0.001369846445074988
-0.001308646141908497
-0.001250056638567374
-0.001193972963605364
-0.001140294039440599
-0.001088922554334068
-0.0010397648378033
-0.0009927307393198879
-0.000947733510315826
-0.000904689689411777
-0.0008635189908463823
-0.0008241441960468182
-0.0007864910482794803
-0.0007504881502841336
-0.0007160668649172749
-0.0006831612186654582
-0.0006517078080571075
-0.0006216457088262221
-0.0005929163878459859
-0.0005654636177082759
-0.0005392333939611949
-0.0005141738548881247
-0.0004902352037815632
-0.0004673696336901416
-0.000445531254544645
-0.0004246760225953259
-0.0004047616721388469
-0.0003857476494695595
-0.000367595048967351
-0.0003502665513220627
-0.0003337263637683679
-0.0003179401623630976
-0.0003028750361531659
-0.0002884994332871675
-0.0002747831089170617
-0.0002616970749287043
-0.0002492135513719987
-0.0002373059196067713
-0.000225948677060354
-0.0002151173935826795
-0.0002047886693489691
-0.000194940094260166
-0.0001855502087912083
-0.0001765984662496513
-0.0001680651963960959
-0.000159931570377075
-0.0001521795669604144
-0.0001447919399826674
-0.0001377521870295083
-0.0001310445192467549
-0.0001246538322935271
-0.0001185656783806204
-0.0001127662393649763
-0.0001072423008454909
-0.0001019812272560852
-9.697093790925822e-05
-9.219988393902415e-05
-8.765702617195835e-05
-8.333181380428628e-05
-7.921416393408266e-05
-7.529444188904578e-05
-7.15634423211839e-05
-6.801237104980084e-05
-6.463282760405755e-05
-6.141678848199445e-05
-5.83565910498625e-05
-5.544491810221806e-05
-5.267478303319349e-05
-5.003951560820423e-05
-4.753274830994421e-05
-4.514840322689424e-05
-4.288067949617132e-05
-4.072404123925699e-05
-3.867320599702411e-05
-3.672313364379673e-05
-3.486901576193831e-05
-3.310626545213308e-05
-3.143050754253984e-05
-2.983756926833105e-05
-2.832347127691988e-05
-2.688441903375481e-05
-2.551679460313762e-05
-2.42171487535417e-05
-2.298219341330193e-05
-2.180879443936636e-05
-2.069396468869442e-05
-1.963485740772271e-05
-1.862875987737385e-05
-1.767308734507e-05
-1.676537721617829e-05
-1.590328350374067e-05
-1.508457149454991e-05
-1.430711269522931e-05
-1.356887993515743e-05
-1.28679427336115e-05
-1.220246284869525e-05
-1.157069001905463e-05
-1.097095791827082e-05
-1.040168025201428e-05
-9.861347053722745e-06
-9.348521133115887e-06
-8.861834689925159e-06
-8.39998606868597e-06
-7.961736681638406e-06
-7.545908031965147e-06
-7.151378904405953e-06
-6.777082666857712e-06
-6.422004703337075e-06
-6.085179949715979e-06
-5.765690551263659e-06
-5.462663621636967e-06
-5.175269120354236e-06
-4.902717799029386e-06
-4.644259254153644e-06
-4.399180085976734e-06
-4.166802125413197e-06
-3.946480735084755e-06
-3.737603211614047e-06
-3.539587239035903e-06
-3.351879424389076e-06
-3.173953913132055e-06
-3.00531103906719e-06
-2.845476077805155e-06
-2.693998020064659e-06
-2.55044841950448e-06
-2.414420305241786e-06
-2.28552712201233e-06
-2.163401745650065e-06
-2.047695516294557e-06
-1.938077346046966e-06
-1.83423285345204e-06
-1.735863548818982e-06
-1.642686041253835e-06
-1.554431281799042e-06
-1.470843846837985e-06
-1.391681320935384e-06
-1.316713721855796e-06
-1.245722822540949e-06
-1.178501454301143e-06
-1.114852879174658e-06
-1.054590370322697e-06
-9.975367927234577e-07
-9.435241798187229e-07
-8.923932014171003e-07
-8.439927040415309e-07
-7.98179291031215e-07
-7.548169650261126e-07
-7.137767323387111e-07
-6.749362694531824e-07
-6.381795795871016e-07
-6.033966532793518e-07
-5.704831972118111e-07
-5.393403167885508e-07
-5.098742582416025e-07
-4.819961442778969e-07
-4.556217214499024e-07
-4.306711287341131e-07
-4.070686734365017e-07
-3.847426112109891e-07
-3.636249539312945e-07
-3.436512792784546e-07
-3.247605269661887e-07
-3.068948470183106e-07
-2.899994335860247e-07
-2.74022351660076e-07
-2.589144069313324e-07
-2.446289992850669e-07
-2.311219733896484e-07
-2.183515211760263e-07
-2.062780339000094e-07
-1.948640004597265e-07
-1.840738969734058e-07
-1.738740919446254e-07
-1.642327208156252e-07
-1.551196320766131e-07
-1.465062636830129e-07
-1.383655776807396e-07
-1.306719817684348e-07
-1.23401240722187e-07
-1.165304102324324e-07
-1.100377842432702e-07
-1.039028091695442e-07
-9.810603689533638e-08
-9.262906436178713e-08
-8.745446594053698e-08
-8.256575994734236e-08
-7.794734545522331e-08
-7.358446771868075e-08
-6.946315279764019e-08
-6.557019675596905e-08
-6.189309280383534e-08
-5.84200185525834e-08
-5.513978392859193e-08
-5.204181013048381e-08
-4.9116086958407e-08
-4.635315360809065e-08
-4.374405140037981e-08
-4.128031668186937e-08
-3.89539461916197e-08
-3.675736750859527e-08
-3.468341556558055e-08
-3.272532635563193e-08
-3.087670242153774e-08
-2.913148713088236e-08
-2.748395688529915e-08
-2.59287068174026e-08
-2.446062311847977e-08
-2.307487513291675e-08
-2.176689321872514e-08
-2.053235548842073e-08
-1.936718414460593e-08
-1.826752515813333e-08
-1.72297296010529e-08
-1.625035201549935e-08
-1.532614020127103e-08
-1.445401732661844e-08
-1.363107914412295e-08
-1.285458048110124e-08
-1.212192018372465e-08
-1.143065543715009e-08
-1.077846704561555e-08
-1.016316586355029e-08
-9.5826814302415e-09
-9.035071398258938e-09
-8.518493794791542e-09
-8.031198358901064e-09
-7.571552495182321e-09
-7.137997724688375e-09
-6.729065672602486e-09
-6.343366949367206e-09
-5.97959599313374e-09
-5.636517735219713e-09
-5.31296061318923e-09
-5.007827169253751e-09
-4.720073190123533e-09
-4.448723379736156e-09
-4.192848317603822e-09
-3.951580640652014e-09
-3.724088902261878e-09
-3.509595826675385e-09
-3.307356789838706e-09
-3.116688020323175e-09
-2.936929400575077e-09
-2.76746038861468e-09
-2.607697737716405e-09
-2.457090225907909e-09
-2.315118617099189e-09
-2.181293284000417e-09
-2.055150007321519e-09
-1.936242112939019e-09
-1.824170962966586e-09
-1.718533076982993e-09
-1.618970779199517e-09
-1.525133382204703e-09
-1.436698320342783e-09
-1.353356380494044e-09
-1.274810007752014e-09
-1.200794522657399e-09
-1.131044746573582e-09
-1.065320386058174e-09
-1.003389433199488e-09
-9.450395807651366e-10
-8.900627019573655e-10
-8.382630798947458e-10
-7.894585023557561e-10
-7.434795038871952e-10
-7.001597419934353e-10
-6.593472635895301e-10
-6.20899832825183e-10
-5.84679249036368e-10
-5.505571874897616e-10
-5.184130982137544e-10
-4.88128760806703e-10
-4.596040731325867e-10
-4.327328547543479e-10
-4.074221040124359e-10
-3.835834486386668e-10
-3.611324291572981e-10
-3.399887565013891e-10
-3.200818390541375e-10
-3.013346719533096e-10
-2.836785407591042e-10
-2.670551933311918e-10
-2.513966603901178e-10
-2.366540417365727e-10
-2.227696136830194e-10
-2.09692889678298e-10
-1.97377970538574e-10
-1.857801467402695e-10
-1.748587633529188e-10
-1.645728541564599e-10
-1.548898417906161e-10
-1.45775058641462e-10
-1.371938943314323e-10
-1.291138320403436e-10
-1.215120600596454e-10
-1.143520548529002e-10
-1.076137308754576e-10
-1.012765513535889e-10
-9.530575435283364e-11
-8.968773001866884e-11
-8.439628297899852e-11
-7.94182896042623e-11
-7.472865074235118e-11
-7.031477294177217e-11
-6.615684120566171e-11
-6.224593402268144e-11
-5.856771284128897e-11
-5.510515879271428e-11
-5.184834650169968e-11
-4.877685894284571e-11
-4.588947324546232e-11
-4.317316133959786e-11
-4.061725175361107e-11
-3.821146962934705e-11
-3.594350060633936e-11
-3.38146603049014e-11
-3.180886005069246e-11
-2.991848795069077e-11
-2.814106110716441e-11
-2.646967339979219e-11
-2.489613529174737e-11
-2.341752586043224e-11
-2.202919241449329e-11
-2.072371166437032e-11
-1.949636294534886e-11
-1.83438027954804e-11
-1.725947768490343e-11
-1.623667475405117e-11
-1.527353530640462e-11
-1.436220231339072e-11
-1.349927195452913e-11
-1.269062227789108e-11
-1.192785265239163e-11
-1.120850352641497e-11
-1.053494483229295e-11
-9.903410972388079e-12
-9.312651340254331e-12
-8.765716236921541e-12
-8.251115533976377e-12
-7.76469340802448e-12
-7.307278596557356e-12
-6.875893082712216e-12
-6.465498556245154e-12
-6.077877304898082e-12
-5.713626811312085e-12
-5.371202191901004e-12
-5.048081363884053e-12
-4.745687169262651e-12
-4.457275959364034e-12
-4.186802449081616e-12
-3.931089727011581e-12
-3.693127091478542e-12
-3.47219558476218e-12
-3.268824810985558e-12
-3.075107635946138e-12
-2.896464551163601e-12
-2.72262721013904e-12
-2.560516574184129e-12
-2.408285374916002e-12
-2.261618929171469e-12
-2.125912714893776e-12
-1.999198530605193e-12
-1.878671304214689e-12
-1.765630155927536e-12
-1.661957494951384e-12
-1.561984314745883e-12
