1.51467331421142e-12
9.479274365255389e-13
5.99089124680457e-13
3.810741918348928e-13
2.447772986021415e-13
1.59235006227982e-13
1.055845015499743e-13
7.249737673423457e-14
5.304579160190208e-14
4.311371485799594e-14
4.057331114121303e-14
4.464591907304573e-14
5.558776544004525e-14
7.424716942702005e-14
1.03361285184973e-13
1.458256881157608e-13
2.069282418761885e-13
2.933837494528861e-13
4.150469159861991e-13
5.845618366481672e-13
8.202329084654932e-13
1.145347915451992e-12
1.593104399588173e-12
2.205266625164987e-12
3.040586420380591e-12
4.173859878378019e-12
5.707297670365726e-12
7.773168895227431e-12
1.054580261291372e-11
1.425300956621016e-11
1.919418905959267e-11
2.575455432429564e-11
3.443664352321402e-11
4.588834936999986e-11
6.094333029003665e-11
8.067105850972862e-11
1.064412530825072e-10
1.400010958295863e-10
1.835715471606448e-10
2.399736833423155e-10
3.127705770349908e-10
4.06463504270652e-10
5.267094230341091e-10
6.806126593812185e-10
8.770606094102846e-10
1.127153897966617e-09
1.444710021394808e-09
1.846895794025312e-09
2.354978718542051e-09
2.995244277493587e-09
3.800097087529502e-09
4.809386073172907e-09
6.071993468882376e-09
7.64773798160578e-09
9.609647730576157e-09
1.204666996960064e-08
1.50668936020337e-08
1.880136491810071e-08
2.340860651176299e-08
2.90799514996494e-08
3.604582676496949e-08
4.45831349830715e-08
5.502391296150395e-08
6.776546783411192e-08
8.328220340200578e-08
1.021394105311758e-07
1.250092982050478e-07
1.526895983173614e-07
1.861251111337762e-07
2.264326109425686e-07
2.749295694744452e-07
3.331672317147145e-07
4.029686161626316e-07
4.864720974657436e-07
5.861812989706232e-07
7.050220943612103e-07
8.46407615177431e-07
1.014312257176598e-06
1.213355764603674e-06
1.448898593889627e-06
1.727149885886885e-06
2.055289480337678e-06
2.441605574734199e-06
2.895649732679941e-06
3.428411142494221e-06
4.052512163885475e-06
4.782427367232789e-06
5.634728476178271e-06
6.628357774139612e-06
7.784932758739984e-06
9.129084998013548e-06
1.068883635960301e-05
1.249601598188132e-05
1.45867215531281e-05
1.700182866146694e-05
1.978755216837612e-05
2.299606374016154e-05
2.668616982702225e-05
3.092405452621954e-05
3.57840918692718e-05
4.134973215393219e-05
4.77144670740038e-05
5.498287946949654e-05
6.327178627621446e-05
7.27114791422278e-05
8.344706778941444e-05
9.563993196817659e-05
0.0001094692880319205
0.0001251338761630951
0.0001428537742992598
0.0001628723447465695
0.0001854583194068484
0.0002109080293791981
0.0002395477845065697
0.0002717364081991852
0.0003078679325018667
0.0003483744580113364
0.000393729182745386
0.0004444496035052122
0.0005011008926193735
0.0005642994521888395
0.0006347166470920798
0.0007130827170301413
0.0008001908667872704
0.0008969015326511246
0.001004146821586677
0.001122935118393345
0.001254355856625723
0.001399584452125203
0.001559887387432606
0.001736627434665789
0.001931269004052518
0.002145383603264456
0.00238065539044813
0.002638886801382952
0.002922004228656762
0.003232063727975645
0.003571256723904269
0.003941915684608851
0.004346519737054387
0.004787700234305448
0.005268246259339715
0.005791109983980719
0.006359411798373855
0.006976445188895469
0.007645681349000046
0.008370773483613933
0.009155560744253676
0.01000407174451715
0.01092052760074268
0.01190934445077565
0.01297513539703342
0.01412271181110896
0.01535708394988109
0.01668346081692523
0.01810724921570568
0.01963405193636156
0.02126966500981176
0.02302007398128988
0.02489144913445062
0.02689013961610761
0.02902266640746478
0.03129571407927392
0.03371612129438951
0.03629086999517096
0.03902707323994883
0.04193196164886792
0.04501286841027682
0.04827721283396539
0.05173248240573357
0.05538621333348311
0.05924596957126933
0.06331932029777726
0.06761381587159811
0.07213696224519024
0.07689619386457516
0.081898845078335
0.08715212006894577
0.0926630613766906
0.09843851703448921
0.1044851063876627
0.1108091846682294
0.1174168063800553
0.1243136876192561
0.1315051673912126
0.1389961680528984
0.1467911550006319
0.1548940957038488
0.1633084182646029
0.1720369696074607
0.1810819734820644
0.1904449884462891
0.2001268659714584
0.2101277089010073
0.2204468304018054
0.2310827136333277
0.2420329723395219
0.2532943125352858
0.2648624955585893
0.2767323026454027
0.2888975012769898
0.3013508135225583
0.3140838865611651
0.3270872656732678
0.3403503698536185
0.3538614702963656
0.3676076719683721
0.3815748984375064
0.3957478802331572
0.4101101468607827
0.4246440226970315
0.4393306269453142
0.4541498777707635
0.469080500849232
0.4841000423912842
0.4991848868120888
0.5143102791604809
0.5294503523471351
0.5445781593285558
0.5596657102241182
0.574684014458459
0.5896031279501356
0.6043922052816492
0.6190195569075053
0.6334527112706829
0.6476584818147455
0.661603038801601
0.6752519857556361
0.6885704404800752
0.7015231203958702
0.7140744320699565
0.726188564725362
0.7378295874435998
0.7489615498963482
0.7595485862382527
0.7695550219132632
0.7789454830582003
0.7876850081108415
0.7957391613563601
0.8030741479507303
0.8096569300805518
0.8154553438584191
0.8204382164924094
0.8245754834015305
0.8278383047400137
0.830199180899066
0.831632066538771
0.8321124827134779
0.8316176268063156
0.8301264796101291
0.8276199088102809
0.8240807684561546
0.8194939947128282
0.8138466986620008
0.8071282541627522
0.7993303773445735
0.7904471975362664
0.780475323364185
0.7694139074036372
0.7572647049592139
0.7440321227382373
0.7297232572314073
0.7143479254647392
0.697918689176841
0.680450871029929
0.6619625620095729
0.6424746198495505
0.622010658605271
0.6005970294098713
0.5782627922281457
0.5550396785558349
0.5309620450668733
0.5060668182442239
0.4803934301090439
0.4539837451129268
0.4268819783502795
0.3991346052667505
0.3707902630603087
0.3418996440454181
0.3125153812331036
0.2826919264503215
0.2524854213383689
0.2219535615905908
0.1911554548439306
0.1601514726374504
0.1290030968995903
0.09777276143805556
0.06652368892404097
0.03531972389578355
0.004225162313903316
-0.02669542177504403
-0.05737735190247076
-0.08775602659103622
-0.1177670979292448
-0.1473466507101434
-0.1764313815357515
-0.2049587772864684
-0.2328672923484362
-0.26009652400593
-0.2865873853954649
-0.3122822754369722
-0.3371252451634369
-0.361062159875456
-0.3840408565809994
-0.4060112961693018
-0.426925709803009
-0.4467387390293736
-0.4654075691282139
-0.482892055264078
-0.4991548409957134
-0.5141614687463854
-0.5278804818632133
-0.5402835179167037
-0.5513453929489084
-0.5610441763746974
-0.5693612563035759
-0.576281395072339
-0.5817927747989196
-0.5858870328327572
-0.5885592869815859
-0.5898081504570146
-0.5896357365071287
-0.5880476527304249
-0.5850529851299221
-0.5806642719634501
-0.5748974675083496
-0.5677718958850547
-0.5593101951095948
-0.5495382516032573
-0.5384851253842311
-0.5261829662195393
-0.5126669210399277
-0.4979750329446793
-0.4821481321705051
-0.4652297193889758
-0.447265841741224
-0.4283049620373568
-0.4083978215641105
-0.3875972969777395
-0.3659582517528076
-0.3435373826899187
-0.3203930619900862
-0.2965851754075136
-0.2721749570142032
-0.2472248211062657
-0.2217981917971946
-0.1959593308384067
-0.1697731642036198
-0.1433051079817302
-0.1166208941123863
-0.08978639649971069
-0.06286745802882807
-0.03592971900014357
-0.009038447489482499
0.01774162787284143
0.04434648222242136
0.07071295541551584
0.09677890916877675
0.1224833799532079
0.1477667272292846
0.1725707766324671
0.1968389577392052
0.2205164360631797
0.2435502389587888
0.2658893751278431
0.2874849474540032
0.3082902589135051
0.328260911333986
0.3473548968063116
0.3655326815709253
0.3827572822355244
0.3989943342034074
0.4142121522113109
0.4283817829092482
0.4414770494377054
0.4534745879940602
0.4643538763974777
0.4740972546772193
0.4826899377452007
0.4901200202291394
0.4963784735729779
0.5014591355307034
0.505358692199986
0.5080766527740299
0.5096153171872864
0.5099797368565234
0.5091776687397483
0.5072195229560191
0.5041183042323687
0.4998895474341208
0.494551247458098
0.4881237837811448
0.480629839966708
0.4720943184483837
0.4625442509044366
0.4520087045521236
0.4405186846949652
0.4281070338591106
0.4148083278659411
0.4006587691769773
0.3856960778561441
0.3699593804929427
0.3534890974270425
0.3363268286177487
0.3185152384925367
0.3000979401114236
0.2811193789738086
0.2616247167844495
0.241659715494351
0.2212706219218286
0.2005040532537046
0.179406883715108
0.1580261326855503
0.136408854531251
0.114602030408499
0.09265246228439125
0.070606669407525
0.04851078744781202
0.02641047051389775
0.004350796244082328
-0.01762382584720798
-0.03946974260161035
-0.06114414187462166
-0.08260513347749496
-0.1038118262759419
-0.1247244013352796
-0.1453041810153884
-0.1655136939290609
-0.1853167356902498
-0.2046784253949899
-0.2235652577954152
-0.2419451511375202
-0.2597874906395802
-0.2770631676017832
-0.2937446141546836
-0.309805833670988
-0.3252224268714345
-0.3399716136591099
-0.3540322507302927
-0.367384845023919
-0.3800115630848251
-0.3918962364211868
-0.4030243629410377
-0.4133831045663923
-0.4229612811260418
-0.4317493606367314
-0.4397394460899604
-0.4469252588697826
-0.453302118936514
-0.4588669219042308
-0.4636181131469152
-0.4675556590750243
-0.4706810157303586
-0.4729970948538497
-0.4745082275697606
-0.475220125833421
-0.4751398417957532
-0.4742757252444014
-0.4726373792845058
-0.4702356144050361
-0.4670824010795599
-0.4631908210543753
-0.4585750174788707
-0.4532501440319952
-0.447232313189591
-0.4405385437801067
-0.4331867079714598
-0.4251954778254572
-0.4165842715568977
-0.4073731996296766
-0.3975830108198581
-0.3872350383711339
-0.3763511463649152
-0.3649536764262693
-0.353065394871961
-0.340709440404117
-0.3279092724524897
-0.3146886202665398
-0.301071432854
-0.2870818298483548
-0.272744053385046
-0.2580824210637681
-0.2431212800707461
-0.2278849625299701
-0.2123977421417316
-0.1966837921636898
-0.1807671447856706
-0.1646716519447667
-0.1484209476228686
-0.1320384116608787
-0.1155471351204179
-0.09896988721943589
-0.08232908386351184
-0.0656467577904227
-0.04894453033988287
-0.03224358485680551
-0.01556464173237733
0.001072064916717435
0.01764680893465401
0.03414039218624385
0.05053416300096317
0.06681003301558928
0.08295049243282818
0.09893862371674607
0.1147581137483766
0.1303932644673525
0.1458290020281211
0.1610508845021419
0.1760451081604434
0.1907985123712898
0.2052985831499557
0.2195334553994103
0.2334919138823213
0.2471633929670518
0.2605379751898396
0.2736063886769907
0.2863600034718375
0.29879082681297
0.3108914974119621
0.3226552787759792
0.3340760516207685
0.3451483054213907
0.3558671291498742
0.3662282012504217
0.3762277788971382
0.3858626865802743
0.3951303040677579
0.4040285537885942
0.4125558876850023
0.4207112735775408
0.4284941810876494
0.4359045671613255
0.4429428612373709
0.4496099501048254
0.455907162488102
0.4618362533993071
0.4673993882965295
0.4725991270857105
0.4774384080036519
0.4819205314166237
0.4860491435692488
0.4898282203166284
0.49326205087021
0.4963552215880191
0.4991125998381466
0.5015393179662666
0.5036407573934384
0.5054225328650798
0.506890476872435
0.5080506242710037
0.5089091971215691
0.5094725897734469
0.5097473542038217
0.5097401856281253
0.5094579083990521
0.5089074622115558
0.5080958886271706
0.5070303179285435
0.5057179563168829
0.5041660734598616
0.5023819903964493
0.5003730678063778
0.4981466946530514
0.4957102772083539
0.4930712284608392
0.4902369579091829
0.4872148617433762
0.4840123134174114
0.4806366546170316
0.4770951866196204
0.473395162042749
0.4695437769800377
0.465548163525391
0.4614153826864549
0.4571524176800534
0.4527661676026403
0.4482634414713204
0.4436509526323212
0.4389353135330913
0.4341230308504558
0.4292205009674102
0.4242340057919867
0.4191697089111424
0.4140336520729188
0.4088317519885645
0.40356979744822
0.3982534467416867
0.3928882253730922
0.3874795240593159
0.3820325970048987
0.376552560446238
0.3710443914560631
0.3655129269986601
0.3599628632281942
0.3543987550190015
0.3488250157172717
0.3432459171049096
0.3376655895679461
0.3320880224618403
0.3265170646629422
0.3209564252954428
0.3154096746251352
0.3098802451132423
0.3043714326240696
0.2988863977752068
0.2934281674195694
0.2879996362512087
0.2826035685280913
0.2772425999044081
0.2719192393644765
0.2666358712516907
0.2613947573850426
0.2561980392544142
0.2510477402870982
0.2459457681793634
0.2408939172874384
0.2358938710715543
0.2309472045862404
0.2260553870113194
0.221219784217185
0.2164416613576395
0.2117221854851553
0.207062428185627
0.2024633682301418
0.1979258942361502
0.1934508073304508
0.1890388238100317
0.1846905777998991
0.1804066239064341
0.1761874398599047
0.172033429140213
0.1679449235828773
0.1639221859641566
0.1599654125638688
0.1560747357016578
0.1522502262428463
0.1484918960716559
0.1447997005306877
0.1411735408255957
0.1376132663921148
0.1341186772236566
0.1306895261578734
0.1273255211201567
0.1240263273221135
0.1207915694149443
0.1176208335981755
0.1145136696827488
0.1114695931062677
0.1084880868992927
0.1055686036025483
0.1027105671344806
0.09991337460890046
0.0971763981033142
0.09449898637875775
0.0918804665498741
0.08932014570430216
0.08681731247155425
0.08437123854227163
0.08198118013838114
0.07964637943428954
0.07736606592964017
0.07513945777399736
0.07296576304371721
0.0708441809713608
0.0687739031284875
0.06675411456276867
0.06478399489005804
0.06286271934179076
0.06098945976827824
0.05916338559882721
0.05738366475963898
0.05564946455028918
0.05395995247986702
0.05231429706409949
0.05071166858368547
0.04915123980406371
0.04763218665758673
0.04615368888977475
0.04471493067111734
0.04331510117475994
0.04195339512078204
0.04062901328796391
0.0393411629941261
0.03808905854591608
0.03687192165905102
0.03568898185020652
0.03453947680143511
0.03342265269747746
0.03233776453641658
0.03128407641551022
0.03026086179578228
0.0292674037455089
0.02830299515670425
0.02736693892659826
0.02645854811879502
0.02557714612981586
0.02472206685730552
0.02389265483587612
0.02308826531467669
0.02230826431168106
0.02155202867528978
0.02081894615095015
0.02010841543039473
0.01941984617568529
0.01875265902732223
0.01810628560204488
0.01748016848084927
0.01687376118577832
0.01628652814548875
0.01571794465073061
0.01516749680043718
0.01463468143905745
0.01411900608565729
0.01361998885533547
0.01313715837341358
0.01267005368266435
0.01221822414411315
0.01178122933204655
0.01135863892379921
0.01095003258457521
0.01055499984756881
0.01017313998975096
0.009804061903874823
0.009447383967004074
0.009102733905950004
0.008769748659844839
0.008448074240231052
0.00813736558894681
0.007837286434116261
0.007547509144502308
0.00726771458251193
0.006997591956110966
0.006736838669828087
0.006485160175040026
0.006242269819824041
0.006007888698554439
0.005781745501470852
0.005563576364366353
0.005353124718512166
0.005150141141025457
0.004954383205909994
0.00476561533582865
0.004583608654774767
0.00440814084171844
0.004238995985371391
0.004075964440148274
0.003918842683462169
0.003767433174425979
0.003621544214079341
0.003480989807224346
0.003345589525866557
0.003215168374419166
0.003089556656652439
0.002968589844474659
0.002852108448625566
0.002739957891271492
0.002631988380583339
0.002528054787329091
0.002428016523468057
0.002331737422835513
0.002239085623874665
0.002149933454458423
0.002064157318831602
0.001981637586672933
0.001902258484294055
0.001825907987957405
0.001752477719326101
0.00168186284302096
0.001613961966327661
0.001548677041015776
0.001485913267241445
0.001425578999588224
0.001367585655153126
0.001311847623723332
0.001258282179991603
0.001206809397790333
0.001157352066383719
0.001109835608716529
0.00106418800164128
0.001020339698105734
0.0009782235512374132
0.0009377747403359447
0.0008989306987277347
0.0008616310434497626
0.0008258175067672907
0.0007914338694680835
0.0007584258959180718
0.0007267412708606833
0.0006963295378812828
0.0006671420395411457
0.0006391318591389706
0.0006122537641185642
0.0005864641510310345
0.0005617209920264714
0.000537983782860587
0.0005152134923803271
0.0004933725134881292
0.000472424615492886
0.0004523348978671662
0.0004330697453479034
0.0004145967843866349
0.0003968848408772398
0.0003799038991562468
0.0003636250622279355
0.0003480205132325235
0.0003330634780611945
0.0003187281891233142
0.0003049898502672475
0.0002918246027422391
0.0002792094922759732
0.0002671224371636546
0.0002555421973574278
0.000244448344569267
0.0002338212333114875
0.0002236419728858888
0.0002138924002651949
0.000204555053871511
0.0001956131481962991
0.0001870505492579618
0.0001788517508944428
0.0001710018518143273
0.000163486533435486
0.0001562920384476347
0.0001494051501069557
0.0001428131722325337
0.0001365039098817563
0.0001304656506875253
0.0001246871468312065
0.0001191575976476003
0.0001138666328060134
0.0001088042961078273
0.0001039610298204978
9.932765957160342e-05
9.489537980007668e-05
9.065573970971322e-05
8.660062967847411e-05
8.272226809881057e-05
7.901318877225781e-05
7.546622898406736e-05
7.207451797334102e-05
6.88314652159025e-05
6.57307486905546e-05
6.276630446692495e-05
5.993231913859758e-05
5.722322247651639e-05
5.463367595611875e-05
5.215855817703691e-05
4.979295327311446e-05
4.753214653658072e-05
4.537162126724302e-05
4.330705196188205e-05
4.13342945081275e-05
3.944937722819196e-05
3.764849404966715e-05
3.5927998376508e-05
3.428439688151508e-05
3.271434321172346e-05
3.121463196301859e-05
2.978219298548598e-05
2.841408592248752e-05
2.710749495379728e-05
2.585972371739917e-05
2.466819042591943e-05
2.353042319450487e-05
2.244405552329057e-05
2.140682198953989e-05
2.041655407657529e-05
1.947117618324998e-05
1.856870178057643e-05
1.770722973757168e-05
1.68849407650099e-05
1.610009403274756e-05
1.53510238868923e-05
1.463613672227972e-05
1.395390797683205e-05
1.330287922527043e-05
1.268165542287346e-05
1.208890223941681e-05
1.152334348884322e-05
1.098375868945154e-05
1.046898071145541e-05
9.977893515714774e-06
9.509429982195956e-06
9.062569843414243e-06
8.636337682136883e-06
8.229801029913993e-06
7.842068516091543e-06
7.472288126941439e-06
7.119645520169043e-06
6.783362393103091e-06
6.462694954555856e-06
6.156932424589964e-06
5.865395611720583e-06
5.587435554781501e-06
5.322432216487902e-06
5.069793217408365e-06
4.828952651690017e-06
4.599369931322579e-06
4.380528680240517e-06
4.171935681299001e-06
3.973119871931304e-06
3.783631363162163e-06
3.603040516845883e-06
3.430937068092792e-06
3.266929262563144e-06
3.110643042578012e-06
2.961721278085791e-06
2.819823010605776e-06
2.68462274780583e-06
2.555809760750086e-06
2.433087454400241e-06
2.31617272913267e-06
2.204795369686849e-06
2.098697495532752e-06
1.997632998341596e-06
1.901367019567454e-06
1.809675445005709e-06
1.722344427384026e-06
1.63916992425599e-06
1.559957262256627e-06
1.484520719523259e-06
1.412683110105721e-06
1.344275419648719e-06
1.279136414021693e-06
1.217112307985265e-06
1.158056422812405e-06
1.101828863010718e-06
1.048296207541039e-06
9.973312211635257e-07
9.488125696228401e-07
9.026245493121707e-07
8.586568377832921e-07
8.168042499978742e-07
7.769664986006916e-07
7.390479685613331e-07
7.029575048642081e-07
6.68608218498307e-07
6.359172740903995e-07
6.048057160565479e-07
5.751982911427908e-07
5.470232674322342e-07
5.202122913910895e-07
4.947002052103261e-07
4.704249232106997e-07
4.47327283294355e-07
4.253509046304452e-07
4.044420654456145e-07
3.845495714352024e-07
3.656246582357603e-07
3.476208701353686e-07
3.304939339097228e-07
3.142016844530802e-07
2.987039522535616e-07
2.839624674088999e-07
2.699407846527168e-07
2.566041868141606e-07
2.439196074203601e-07
2.318555489648998e-07
2.203820218484748e-07
2.094704625105381e-07
1.990936721922822e-07
1.89225741637114e-07
1.798420109377598e-07
1.70918990314488e-07
1.624343163424528e-07
1.543667070128599e-07
1.466958871904674e-07
1.394025646166565e-07
1.324683631059052e-07
1.258757964254346e-07
1.196082148851822e-07
1.136497741099647e-07
1.079853947112254e-07
1.026007243895577e-07
9.748209129148095e-08
9.261649102049434e-08
8.799154846151474e-08
8.359548066484369e-08
7.941707879477491e-08
7.544566587584622e-08
7.167110573999193e-08
6.808373126465831e-08
6.467435721466462e-08
6.143423704397008e-08
5.835505525581723e-08
5.542888761425166e-08
5.264821168009718e-08
5.000586053406517e-08
4.749502464154069e-08
4.510921500730562e-08
4.284226659744729e-08
4.06883166142096e-08
3.864178153618151e-08
3.669735716435868e-08
3.48499954616775e-08
3.309489398087099e-08
3.14274894175257e-08
2.984344042633265e-08
2.833861184288286e-08
2.690908037306001e-08
2.555110854337743e-08
2.426114383458483e-08
2.303581352775864e-08
2.187190393142595e-08
2.07663639554763e-08
1.971628746791469e-08
1.871891850222798e-08
1.777163777967708e-08
1.687194572850364e-08
1.601747535415342e-08
1.52059690910323e-08
1.443528624177703e-08
1.370339037504295e-08
1.300834690638849e-08
1.234831406447975e-08
1.172154474146816e-08
1.112637286756602e-08
1.056121643614597e-08
1.002457271740467e-08
9.515014688271981e-09
9.031187101874611e-09
8.571796502645648e-09
8.13562014927895e-09
7.721491159034586e-09
7.328307558752912e-09
6.955010951489887e-09
6.600609069623912e-09
6.264151597051743e-09
5.944738004455692e-09
5.641511218993449e-09
5.353656713569987e-09
5.080402968990576e-09
4.821009545969566e-09
4.57478161917163e-09
4.341054635615302e-09
4.119195606048009e-09
3.908611734487872e-09
3.708733536481753e-09
3.519017916505038e-09
3.338949904850173e-09
3.168045211522351e-09
3.005836144797809e-09
2.851880942402551e-09
2.705761314449162e-09
2.567084065898891e-09
2.435470782931111e-09
2.310568294151129e-09
2.192038493375077e-09
2.079555697386231e-09
1.972819920450329e-09
1.871533891088233e-09
1.775422130328438e-09
1.6842197126414e-09
1.597679306662131e-09
1.515565856674848e-09
1.43765170748199e-09
1.36372356616585e-09
1.293577058938879e-09
1.227020179001877e-09
1.163863358814176e-09
1.103943254581794e-09
1.047088708395584e-09
9.931467485980879e-10
9.419631554119149e-10
8.93406577552284e-10
8.473403791581296e-10
8.036440616239151e-10
7.621912837989876e-10
7.228678392648676e-10
6.855652656127972e-10
6.501812795906679e-10
6.166137901835981e-10
5.847689273144659e-10
5.545641878332955e-10
5.259171991551617e-10
