5.554611254684932e-12
5.627514441068792e-12
6.410039353052895e-12
7.945527400413749e-12
1.037171696566899e-11
1.39135871542758e-11
1.890133819787354e-11
2.579414522093054e-11
3.521381540146363e-11
4.799002054286498e-11
6.521954282521541e-11
8.834357505507216e-11
1.19242223878387e-10
1.603633707032517e-10
2.14875381180795e-10
2.868668024878084e-10
3.815929294203322e-10
5.057837813925414e-10
6.68028029631206e-10
8.792503639515005e-10
1.153296030457459e-09
1.507658506031168e-09
1.964368767741553e-09
2.551087200093181e-09
3.302433744078136e-09
4.26161490659306e-09
5.482394380066745e-09
7.031488231476329e-09
8.991457448700835e-09
1.146419271067466e-08
1.457511739420711e-08
1.847822244588421e-08
2.33621008214597e-08
2.945716263508478e-08
3.704422869370591e-08
4.646476481265471e-08
5.81330199810842e-08
7.255041780086293e-08
9.032255278810986e-08
1.121792470099245e-07
1.389981456435613e-07
1.718324275835722e-07
2.119432591785478e-07
2.608377374323598e-07
3.203131161426163e-07
3.925082500220667e-07
4.799632682847245e-07
5.856886093589363e-07
7.132446544370418e-07
8.668333175540677e-07
1.05140304430654e-06
1.272768803091948e-06
1.537749026743215e-06
1.854322401715091e-06
2.231806612723781e-06
2.681061443255135e-06
3.214719033988221e-06
3.84744439967586e-06
4.596229557110603e-06
5.480724916006866e-06
6.523611891402244e-06
7.751021018825885e-06
9.193000166189826e-06
1.088403782741808e-05
1.28636467915077e-05
1.517701389409991e-05
1.787572192280819e-05
2.101855013876309e-05
2.467236028254863e-05
2.891307532871097e-05
3.382675866564644e-05
3.951080177892323e-05
4.607522891349352e-05
5.364412760686263e-05
6.235721432911668e-05
7.237154487905309e-05
8.386337948678788e-05
9.703021273786767e-05
0.000112092978320107
0.0001292984393779504
0.0001489217753533032
0.0001712693761433493
0.0001966818543772169
0.0002255372865101281
0.0002582546931881691
0.0002952977689702816
0.0003371788710175901
0.0003844632756191892
0.0004377737105960932
0.0004977951704812826
0.0005652800200523688
0.0006410533901129636
0.0007260188675145262
0.0008211644790475954
0.0009275689661574398
0.001046408344268966
0.001178962736882111
0.001326623470396709
0.001490900410882608
0.001673429518581806
0.001875980590060911
0.002100465154560523
0.002348944532345032
0.002623638164190307
0.002926932119814209
0.003261387716009218
0.003629750206509123
0.004034957504247261
0.004480148892860074
0.004968673680261848
0.005504099742951091
0.006090221905506582
0.006731070095503664
0.007430917209787415
0.008194286623736604
0.00902595927091247
0.009930980216173037
0.01091466464118379
0.01198260315704674
0.01314066635474746
0.01439500850014625
0.01575207027640392
0.01721858047303739
0.01880155651730231
0.02050830374024356
0.02234641326691965
0.02432375842075324
0.02644848957615806
0.02872902748699687
0.03117405491489553
0.03379250641583204
0.03659355618067522
0.03958660382930391
0.04278125805992044
0.04618731805752593
0.0498147525683441
0.05367367655042073
0.05777432531492064
0.06212702608271325
0.06674216696320143
0.07163016402431659
0.07680142665862003
0.08226632049680196
0.08803512722711559
0.09411800169300283
0.1005249267332032
0.107265665898202
0.1143497139065208
0.1217862449317228
0.1295840587932047
0.137751525264009
0.146296526654644
0.1552263987608072
0.1645478704446379
0.1742670019594372
0.1843891222973017
0.1949187658028609
0.2058596082310178
0.2172144026281519
0.2289849152105963
0.241171861608719
0.2537748437977625
0.2667922879566729
0.2802213837222792
0.2940580250576809
0.3082967531708669
0.3229307018557809
0.3379515455282633
0.3533494504763113
0.3691130295535343
0.3852293007799953
0.4016836502313667
0.4184597994784841
0.4355397781060822
0.4529039014969138
0.4705307543146336
0.4883971800207281
0.506478276628974
0.5247473991802093
0.543176169025204
0.5617344902629577
0.5803905735673014
0.5991109674847531
0.6178605975721008
0.6366028133177671
0.6552994430644677
0.6739108570122888
0.6923960382080018
0.7107126617193221
0.7288171817552461
0.7466649267732521
0.7642102024600218
0.7814064022883499
0.7982061256530332
0.8145613031354498
0.8304233287287202
0.8457431987005904
0.8604716565937067
0.8745593441653682
0.8879569576061813
0.9006154086597052
0.9124859901228194
0.923520545048414
0.9336716392733314
0.942892736434562
0.9511383749246849
0.9583643461108646
0.9645278730008022
0.9695877888342339
0.9735047146624312
0.9762412352673554
0.9777620726589449
0.9780342562687382
0.9770272892516614
0.9747133099389663
0.9710672477736694
0.9660669729682205
0.9596934390275502
0.9519308175625214
0.9427666245251962
0.9321918372783301
0.9202010018360548
0.9067923295402581
0.8919677827101713
0.8757331485738552
0.8580981010538453
0.8390762499318254
0.8186851768792647
0.7969464580925332
0.7738856730954778
0.7495323995095552
0.7239201935775808
0.6970865562250742
0.669072884662112
0.6399244093968957
0.6096901167413327
0.5784226568981745
0.5461782377382836
0.5130165045566545
0.4790004060166366
0.4441960466606584
0.4086725263876013
0.3725017673313992
0.335758328712308
0.2985192101790277
0.2608636442823442
0.2228728787654443
0.1846299494072576
0.146219444231155
0.1077272598201518
0.06924035056218268
0.03084647178887241
-0.007366082181169985
-0.04530874425294793
-0.08289294433427026
-0.1200303814184997
-0.1566332963380607
-0.1926147443476222
-0.2278888677331201
-0.262371167442751
-0.2959787716701323
-0.3286306997614568
-0.3602481210816734
-0.3907546085453436
-0.4200763855946568
-0.4481425653971982
-0.4748853812859376
-0.5002404076760161
-0.5241467707187976
-0.546547347828834
-0.5673889553120002
-0.5866225233826173
-0.6042032579050206
-0.6200907882984866
-0.6342493010130967
-0.6466476580989433
-0.6572595004349527
-0.6660633352228275
-0.6730426074735967
-0.6781857552013588
-0.6814862481623309
-0.6829426100210114
-0.6825584238654623
-0.6803423211172699
-0.6763079538775739
-0.670473950874065
-0.6628638572103981
-0.6535060581534419
-0.6424336873094977
-0.6296845195433973
-0.6153008491039575
-0.5993293534463987
-0.5818209432692055
-0.5628305993812962
-0.5424171970141699
-0.5206433182797758
-0.497575053494153
-0.4732817921075874
-0.4478360040539689
-0.4213130123175554
-0.3937907575748454
-0.3653495557799026
-0.3360718495725966
-0.3060419544290212
-0.2753458004499396
-0.2440706707138013
-0.2123049371191922
-0.1801377946387565
-0.1476589949155827
-0.1149585801028439
-0.08212661785179902
-0.04925293833635149
-0.01642687418386471
0.01626299583512408
0.04872909853570307
0.08088511266597077
0.1126462091051106
0.1439292841734573
0.1746531853530703
0.2047389287494464
0.2341099076681239
0.2626920917194022
0.2904142159022957
0.3172079591736024
0.343008112037572
0.3677527327478042
0.3913832917568176
0.4138448040902883
0.43508594938685
0.4550591793696025
0.4737208125771273
0.4910311162264679
0.5069543751241073
0.5214589476072788
0.5345173085122511
0.5461060792292025
0.5562060449440844
0.5648021592058798
0.5718835360178689
0.5774434296639641
0.581479202541652
0.5839922813004631
0.5849881016076122
0.5844760419154158
0.5824693466183847
0.5789850390373257
0.5740438246818214
0.5676699852546637
0.5598912639047623
0.5507387422360169
0.540246709615248
0.5284525253280856
0.515396474136131
0.5011216158166579
0.4856736292558223
0.4691006516879253
0.4514531136698446
0.4327835703753559
0.4131465298070721
0.3925982785058272
0.3711967053458851
0.3490011239910314
0.3260720945726857
0.302471245152145
0.2782610935059691
0.2535048697684159
0.2282663404464092
0.2026096343040547
0.1765990706019328
0.1502989901487737
0.1237735896097285
0.09708675949063955
0.0703019261938195
0.04348189852245758
0.01668871898596746
-0.01001647976430976
-0.03657361306738976
-0.0629237766755199
-0.08900937321415826
-0.1147742324505057
-0.1401637251679061
-0.1651248704688892
-0.1896064363546638
-0.21355903345798
-0.2369352018246483
-0.2596894906638411
-0.2817785310119081
-0.3031611012803974
-0.3237981856873673
-0.3436530255810766
-0.3626911636907569
-0.3808804813601411
-0.3981912288392187
-0.4145960487342085
-0.4300699927243112
-0.4445905316765815
-0.458137559305528
-0.4706933895378905
-0.482242747765196
-0.4927727561670496
-0.5022729133075431
-0.5107350682172267
-0.5181533891804608
-0.524524327463886
-0.5298465762218907
-0.5341210248320777
-0.5373507089134844
-0.5395407562781409
-0.5406983290795659
-0.540832562420259
-0.5399544996884981
-0.5380770248925407
-0.5352147922580599
-0.5313841533621209
-0.5266030820646416
-0.5208910975055674
-0.5142691854286958
-0.5067597180829038
-0.4983863729528139
-0.4891740505700438
-0.4791487916597173
-0.4683376938583576
-0.4567688282203308
-0.4444711557319461
-0.4314744440544314
-0.4178091847154107
-0.4035065109474967
-0.3885981163534182
-0.3731161745766638
-0.357093260155896
-0.3405622707373231
-0.3235563507981704
-0.3061088170163466
-0.2882530854191024
-0.270022600441337
-0.2514507660171934
-0.2325708788102532
-0.2134160636726019
-0.194019211419433
-0.1744129189995834
-0.1546294321339674
-0.1347005904810429
-0.114657775377918
-0.09453186019995252
-0.07435316337107814
-0.05415140405014739
-0.03395566051076264
-0.0137943312245417
0.006304901350360909
0.02631510428226075
0.0462101249928256
0.0659646194163072
0.08555407751632456
0.104954846192793
0.1241441496158687
0.1431001070279581
0.1618017480602285
0.1802290256166047
0.1983628263849189
0.2161849790338622
0.2336782601574524
0.2508263980336308
0.2676140742680771
0.2840269233982705
0.3000515305317537
0.3156754270972442
0.3308870847880264
0.3456759077761752
0.3600322232793801
0.3739472705624213
0.3874131884568308
0.4004230014825759
0.4129706046566962
0.4250507470780449
0.4366590143666548
0.4477918100362391
0.4584463358814753
0.468620571465474
0.4783132527937621
0.4875238502483408
0.4962525458553693
0.5045002099621488
0.5122683774006543
0.5195592232151512
0.5263755380196193
0.5327207030514564
0.5385986649875601
0.5440139105881906
0.5489714412342741
0.5534767474139307
0.557535783214304
0.5611549408731271
0.5643410254427627
0.567101229619204
0.5694431087802484
0.5713745562771261
0.57290377902151
0.5740392734084084
0.5747898016158182
0.5751643683119746
0.5751721978016364
0.5748227116411715
0.5741255067496237
0.5730903340430341
0.5717270776123032
0.5700457344642231
0.5680563948439507
0.5657692231566824
0.5631944395065634
0.5603423018607611
0.5572230888480779
0.5538470832000923
0.5502245558411929
0.5463657506341716
0.5422808697821507
0.5379800598871136
0.533473398665272
0.5287708823185749
0.5238824135629468
0.5188177903049304
0.5135866949587191
0.508198684396835
0.5026631805295549
0.4969894615083816
0.4911866535393701
0.4852637232941097
0.4792294709067219
0.4730925235450574
0.4668613295444923
0.4605441530894683
0.4541490694285552
0.4476839606086103
0.4411565117136046
0.434574207595178
0.427944330076628
0.4212739556137308
0.4145699533962129
0.4078389838734649
0.4010874976889375
0.3943217350057921
0.3875477252078707
0.3807712869592216
0.3739980286050806
0.367233348897967
0.3604824380326715
0.3537502789762745
0.3470416490768899
0.3403611219323414
0.3337130695018195
0.3271016644469277
0.3205308826901657
0.3140045061759363
0.307526125816615
0.3010991446084398
0.2947267809048648
0.288412071835529
0.2821578768579326
0.2759668814283238
0.2698416007805708
0.2637843837998236
0.2577974169785021
0.2518827284436072
0.2460421920461669
0.2402775315039074
0.2345903245858632
0.2289820073286493
0.2234538782754824
0.2180071027303365
0.2126427170202722
0.2073616327567601
0.2021646410873863
0.1970524169311143
0.1920255231919718
0.1870844149464661
0.1822294435971296
0.1774608609856324
0.1727788234604278
0.16818339589505
0.1636745556533367
0.1592521964968312
0.1549161324303009
0.1506661014820163
0.1465017694157718
0.1424227333720224
0.1384285254354194
0.1345186161270331
0.1306924178191239
0.1269492880697844
0.1232885328754623
0.1197094098406867
0.1162111312644342
0.1127928671423524
0.1094537480839383
0.1061928681447807
0.1030092875729058
0.09990203546873834
0.09687011235878777
0.09391249268375615
0.0910281272018017
0.08821594530698772
0.08547485726313692
0.08280375635383179
0.08020152095012467
0.077667016497399
0.07519909742183149
0.07279660895688793
0.07045838889128081
0.06818326923996393
0.06597007783967337
0.06381763987048972
0.06172477930498436
0.05969032028664601
0.05771308843856555
0.0557919121041064
0.05392562352119473
0.05211305993218249
0.05035306463099679
0.04864448794911544
0.04698618818219421
0.04537703245890384
0.04381589755356103
0.04230167064422546
0.04083325001856875
0.03940954572966487
0.03802948020277447
0.03669198879430308
0.03539602030470223
0.03414053744758224
0.03292451727715345
0.03174695157515599
0.03060684719837629
0.02950322638843119
0.02843512704580308
0.02740160296983919
0.02640172406601511
0.02543457652166774
0.02449926295169452
0.02359490251586303
0.0227206310092021
0.02187560092671328
0.02105898150370139
0.02026995873294223
0.01950773535995109
0.01877153085735817
0.01806058137980777
0.01737413970070208
0.01671147513190001
0.0160718734272475
0.01545463667078866
0.01485908315090976
0.01428454722119131
0.01373037914905137
0.01319594495306185
0.01268062623009445
0.01218381997276938
0.01170493837804729
0.01124340864760381
0.01079867278092618
0.01037018736180662
0.009957423338909793
0.009559865801052961
0.009177013747826833
0.008808379856084588
0.008453490242877263
0.008111884225343697
0.007783114078135225
0.007466744788827652
0.007162353811769173
0.00686953082070106
0.006587877460658371
0.006317007099494459
0.00605654457940821
0.005806125968850683
0.005565398315133353
0.005334019398041765
0.005111657484553121
0.004897991085039813
0.004692708711212046
0.004495508636114107
0.004306098656276578
0.004124195856262483
0.003949526375721662
0.003781825179150866
0.003620835828526096
0.00346631025890655
0.00331800855720904
0.003175698744218752
0.003039156559908341
0.00290816525209725
0.002782515368627737
0.0026620045533584
0.002546437345975591
0.002435624985034547
0.002329385213569533
0.002227542088536656
0.00212992579617708
0.002036372472875081
0.001946724028528401
0.001860827970363614
0.0017785372300639
0.001699709996701844
0.001624209555046983
0.001551904127374296
0.001482666718141247
0.001416374962133333
0.00135291097653293
0.001292161216750165
0.001234016335928102
0.001178371047972828
0.001125123994124509
0.001074177613038156
0.001025438014321337
0.0009788148555086172
0.0009342212223905727
0.0008915735126580319
0.0008507913227737648
0.0008117973380775454
0.0007745172259847515
0.0007388795323366334
0.0007048155807503464
0.0006722593749376076
0.0006411475039343479
0.0006114190501827873
0.0005830155003978827
0.00055588065917899
0.0005299605652712677
0.0005052034104750217
0.0004815594610387638
0.0004589809816289037
0.0004374221616693366
0.000416839044066291
0.0003971894562595019
0.0003784329435181103
0.000360530704442747
0.0003434455285943581
0.0003271417362190395
0.0003115851199886644
0.0002967428887213417
0.0002825836130316091
0.0002690771728169384
0.0002561947065894473
0.0002439085625393853
0.0002321922513443071
0.0002210204006033569
0.0002103687109146074
0.000200213913484053
0.0001905337292842405
0.0001813068296553905
0.0001725127983481106
0.0001641320949335562
0.0001561460195687306
0.0001485366790528458
0.0001412869541232696
0.0001343804679880511
0.0001278015560131813
0.0001215352365555757
0.00011556718290099
0.0001098836962483873
0.0001044716797533519
9.931861351874508e-05
9.441253057938183e-05
8.974199380963136e-05
8.529607370744857e-05
8.106432706637973e-05
7.703677645855987e-05
7.320389052852303e-05
6.955656507695458e-05
6.608610487916411e-05
6.278420622757983e-05
5.964294016989801e-05
5.66547364247695e-05
5.381236792864123e-05
5.110893601640041e-05
4.853785622484933e-05
4.609284461701498e-05
4.37679047096734e-05
4.155731492825393e-05
3.945561656411674e-05
3.745760223488186e-05
3.555830483407515e-05
3.375298692112983e-05
3.20371305577905e-05
3.040642756873333e-05
2.885677022588758e-05
2.738424230553716e-05
2.598511052263769e-05
2.465581633990963e-05
2.339296811997184e-05
2.219333360813156e-05
2.105383274611084e-05
1.997153078948848e-05
1.894363170447295e-05
1.796747187626349e-05
1.704051407275668e-05
1.616034166262655e-05
1.532465311938098e-05
1.45312567312223e-05
1.377806554054761e-05
1.306309252923056e-05
1.238444600729572e-05
1.174032519603906e-05
1.112901601313441e-05
1.054888704830615e-05
9.998385705663888e-06
9.476034534131707e-06
8.980427704209252e-06
8.510227670420348e-06
8.064161946510826e-06
7.641020054055505e-06
7.239650595165115e-06
6.858958464721532e-06
6.497902177107387e-06
6.155491342555213e-06
5.830784214192292e-06
5.522885396796355e-06
5.230943617574688e-06
4.954149627202074e-06
4.691734181953603e-06
4.442966135723485e-06
4.207150596225025e-06
3.983627189595827e-06
3.771768398515781e-06
3.570977966163262e-06
3.380689385933412e-06
3.200364456762371e-06
3.029491916766377e-06
2.867586122092777e-06
2.714185810458853e-06
2.56885289315012e-06
2.431171336877201e-06
2.300746082566554e-06
2.177202012072447e-06
2.060182963430323e-06
1.949350799926938e-06
1.844384532557333e-06
1.744979466950684e-06
1.650846380085006e-06
1.561710781978379e-06
1.477312171810667e-06
1.397403350727925e-06
1.321749741371266e-06
1.250128755723051e-06
1.182329201565045e-06
1.118150745197964e-06
1.057403418263225e-06
9.999070705729652e-07
9.45490757460507e-07
8.939922396026812e-07
8.452576058652018e-07
7.991409506059845e-07
7.555039665827562e-07
7.142155367722832e-07
6.751513378255067e-07
6.381934953008679e-07
6.032302586093978e-07
5.701557060282019e-07
5.388694331928936e-07
5.092762755782248e-07
4.812860449994812e-07
4.548132674211884e-07
4.297769439848708e-07
4.061003251909903e-07
3.837106964520185e-07
3.625391544418414e-07
3.425204282117917e-07
3.235926832875534e-07
3.056973416469472e-07
2.887789159530552e-07
2.72784851849987e-07
2.576653804763715e-07
2.433733696493157e-07
2.298641737781475e-07
2.170955298600385e-07
2.050274069837465e-07
1.93621909268664e-07
1.828431584116487e-07
1.726571910213817e-07
1.630318487143836e-07
1.539367001649837e-07
1.453429286943501e-07
1.372232704786012e-07
1.29551910517392e-07
1.223044309264003e-07
1.154577174112673e-07
1.089898953241225e-07
1.028802671267656e-07
9.710925587575909e-08
9.16583312715217e-08
8.650996365810547e-08
8.164757850157385e-08
7.705548553933483e-08
7.271884649039571e-08
6.862361842012908e-08
6.47565264481082e-08
6.11050133472951e-08
5.765721040675071e-08
5.44018824545962e-08
5.132842240599906e-08
4.842678597132635e-08
4.568748506927085e-08
4.310153591499775e-08
4.066045764003133e-08
3.835622827194102e-08
3.618126431649439e-08
3.412839426793238e-08
3.21908439405873e-08
3.036220509173179e-08
2.86364279067436e-08
2.700778950683529e-08
2.54708774071472e-08
2.402058360642825e-08
2.265207947488329e-08
2.136079941833723e-08
2.014243776432726e-08
1.899291317552127e-08
1.790837343964514e-08
1.688518296810545e-08
1.59199154386309e-08
1.500932224992238e-08
1.415034394338646e-08
1.334008215396366e-08
1.257580297335061e-08
1.185492741715978e-08
1.117501054104576e-08
1.053375105553818e-08
9.928971676312409e-09
9.358613121928519e-09
8.820735965903243e-09
8.313506824092076e-09
7.835194917654593e-09
7.384170788275703e-09
6.958889784544318e-09
6.557898906621509e-09
6.179815413910613e-09
5.823349096689516e-09
5.487275597187351e-09
5.170436584060758e-09
4.871754889581913e-09
4.590193019780537e-09
4.324774140392747e-09
4.074580629807475e-09
3.838750616649842e-09
3.616460239025087e-09
3.406945110006986e-09
3.209471848061663e-09
3.023358819039543e-09
2.847956224491893e-09
2.68265253925175e-09
2.526868955240446e-09
2.380065217189401e-09
2.241726635653253e-09
2.111370814199753e-09
1.98853618610496e-09
1.872797765034411e-09
1.763744185839856e-09
1.660996334417586e-09
1.564193105475844e-09
1.472995232195007e-09
1.387082267158324e-09
1.306142014426439e-09
1.229887233200741e-09
1.158053900109831e-09
1.090389047069557e-09
1.026648983839951e-09
9.666052656622256e-10
9.100517979589211e-10
8.567867456052969e-10
8.06621466354382e-10
7.593719779182084e-10
7.1487723917123e-10
6.729718601550027e-10
6.335066613248573e-10
5.963438164361171e-10
5.613452746488585e-10
5.283852158523292e-10
4.973500079834123e-10
4.68122120435773e-10
4.40599093584046e-10
4.14683915904007e-10
3.902849593895768e-10
3.673095410666131e-10
3.456816536039578e-10
3.253188938000763e-10
3.061473525886767e-10
2.880989952831696e-10
2.711103311459821e-10
2.551240553572767e-10
2.400781094737237e-10
2.259184071651221e-10
2.125890556925997e-10
2.00041538411906e-10
1.882221199979436e-10
1.770936456616934e-10
1.666184733879926e-10
1.567527697843979e-10
1.474690167094392e-10
1.387320906386856e-10
1.305128663002572e-10
1.22775393657631e-10
1.154949231500946e-10
1.086471438365635e-10
1.022079123376869e-10
9.614779792851366e-11
9.044872729488168e-11
8.50887857957481e-11
8.004566059578712e-11
7.529971045569029e-11
7.083343996356448e-11
6.662420888939946e-11
6.266303922591083e-11
5.893044115081594e-11
5.541840731670119e-11
5.211518090945512e-11
4.90096459355442e-11
4.608772130813043e-11
4.334235896143882e-11
4.075744313483354e-11
3.832597690099443e-11
3.603840207756016e-11
3.389026727718434e-11
3.187029199804674e-11
2.996778990502308e-11
2.818212125497261e-11
2.650449959499716e-11
2.49246732344263e-11
2.343926749465881e-11
2.204343443695121e-11
2.072817071819567e-11
1.949111415476376e-11
1.832654143406708e-11
1.723347307630934e-11
1.620126698131395e-11
1.522726554623753e-11
1.431037205211552e-11
1.344656794530161e-11
1.263484882717623e-11
1.187076949957138e-11
1.115525413639417e-11
1.048297368882981e-11
9.852094663159234e-12
9.264400093986779e-12
8.711335985501991e-12
8.197007062835336e-12
7.712789436255765e-12
7.258634044843088e-12
6.831104899649153e-12
6.430610053078802e-12
6.048032124167486e-12
5.685655560605088e-12
5.33673432446217e-12
5.00657475850271e-12
4.693932909420676e-12
4.399584607099379e-12
4.128096660622718e-12
3.871058940554797e-12
3.632931503944954e-12
3.414934478136813e-12
3.211987611652171e-12
3.026096828364618e-12
2.851112048345189e-12
2.688205233523761e-12
2.532824205663644e-12
2.388283194535189e-12
2.250847533958688e-12
2.118076759820682e-12
1.993198805090968e-12
1.871518789597753e-12
1.755044789713678e-12
1.643245303644581e-12
1.532740717355738e-12
1.423306121072149e-12
1.328028254884818e-12
1.240895125926854e-12
1.166218944456623e-12
1.1013306695162e-12
