2.000000000e-01
2.500000000e-01
3.000000000e-01
3.500000000e-01
3.750000000e-01
4.000000000e-01
4.250000000e-01
4.500000000e-01
4.750000000e-01
5.000000000e-01
5.250000000e-01
5.500000000e-01
5.750000000e-01
6.000000000e-01
6.250000000e-01
6.500000000e-01
6.750000000e-01
7.000000000e-01
7.250000000e-01
7.500000000e-01
7.750000000e-01
8.000000000e-01
8.250000000e-01
8.500000000e-01
8.750000000e-01
9.000000000e-01
9.250000000e-01
9.500000000e-01
9.750000000e-01
1.000000000e+00
1.025000000e+00
1.050000000e+00
1.075000000e+00
1.100000000e+00
1.125000000e+00
1.150000000e+00
1.175000000e+00
1.200000000e+00
1.225000000e+00
1.250000000e+00
1.275000000e+00
1.300000000e+00
1.325000000e+00
1.350000000e+00
1.375000000e+00
1.400000000e+00
1.425000000e+00
1.450000000e+00
1.475000000e+00
1.500000000e+00
1.525000000e+00
1.550000000e+00
1.575000000e+00
1.600000000e+00
1.625000000e+00
1.650000000e+00
1.675000000e+00
1.700000000e+00
1.725000000e+00
1.750000000e+00
1.775000000e+00
1.800000000e+00
1.825000000e+00
1.850000000e+00
1.875000000e+00
1.900000000e+00
1.925000000e+00
1.950000000e+00
1.975000000e+00
2.000000000e+00
2.025000000e+00
2.050000000e+00
2.075000000e+00
2.100000000e+00
2.125000000e+00
2.150000000e+00
2.175000000e+00
2.200000000e+00
2.225000000e+00
2.250000000e+00
2.275000000e+00
2.300000000e+00
2.325000000e+00
2.350000000e+00
2.375000000e+00
2.400000000e+00
2.425000000e+00
2.450000000e+00
2.475000000e+00
2.500000000e+00
2.525000000e+00
2.550000000e+00
2.575000000e+00
2.600000000e+00
2.625000000e+00
2.650000000e+00
2.675000000e+00
2.700000000e+00
2.725000000e+00
2.750000000e+00
2.775000000e+00
2.800000000e+00
2.825000000e+00
2.850000000e+00
2.875000000e+00
2.900000000e+00
2.925000000e+00
2.950000000e+00
2.975000000e+00
3.000000000e+00
3.025000000e+00
3.050000000e+00
3.075000000e+00
3.100000000e+00
3.125000000e+00
3.150000000e+00
3.175000000e+00
3.200000000e+00
3.225000000e+00
3.250000000e+00
3.275000000e+00
3.300000000e+00
3.325000000e+00
3.350000000e+00
3.375000000e+00
3.400000000e+00
3.425000000e+00
3.450000000e+00
3.475000000e+00
3.500000000e+00
3.525000000e+00
3.550000000e+00
3.575000000e+00
3.600000000e+00
3.625000000e+00
3.650000000e+00
3.675000000e+00
3.700000000e+00
3.725000000e+00
3.750000000e+00
3.775000000e+00
3.800000000e+00
3.825000000e+00
3.850000000e+00
3.875000000e+00
3.900000000e+00
3.925000000e+00
3.950000000e+00
3.975000000e+00
4.000000000e+00
4.200000000e+00
4.400000000e+00
4.600000000e+00
4.800000000e+00
5.000000000e+00
5.200000000e+00
5.400000000e+00
5.600000000e+00
5.800000000e+00
6.000000000e+00
6.250000000e+00
6.500000000e+00
6.750000000e+00
7.000000000e+00
7.250000000e+00
7.500000000e+00
7.750000000e+00
8.000000000e+00
8.500000000e+00
9.000000000e+00
9.500000000e+00
1.000000000e+01
1.050000000e+01
1.100000000e+01
1.150000000e+01
1.200000000e+01
