1.5520558
1.6322962
1.7242384
1.827124
1.8825142
1.9404747
2.0009818
2.064011
2.1295471
2.197581
2.2681085
2.3411244
2.4166416
2.4946745
2.5752091
2.6582689
2.7438656
2.8320137
2.9227285
3.0160262
3.1119097
3.2104232
3.3115699
3.4153619
3.5218022
3.6309361
3.7427657
3.8573033
3.9745643
4.0945586
4.217298
4.3427892
4.4710392
4.6020547
4.7358394
4.8723954
5.0117333
5.1538319
5.2986942
5.4463129
5.5966778
5.7497754
5.9055904
6.0641046
6.2252897
6.3891233
6.5555762
6.7246156
6.8962044
7.0703019
7.2468525
7.4258294
7.607167
7.7908075
7.9766882
8.164741899999999
8.3548966
8.547075299999999
8.7411963
8.9371724
9.134911300000001
9.3343153
9.535281299999999
9.737701100000001
9.9414335
10.146413
10.35249
10.559534
10.767408
10.975974
11.185083
11.394585
11.604323
11.814134
12.023852
12.233305
12.442316
12.650711
12.858292
13.064875
13.270268
13.474244
13.67666
13.877287
14.075922
14.272356
14.466386
14.657796
14.84638
15.031928
15.21423
15.393076
15.568265
15.739587
15.90677
16.069755
16.228279
16.382154
16.531193
16.675217
16.814055
16.947542
17.075518
17.197835
17.314352
17.424941
17.529473
17.627819
17.719924
17.805682
17.885009
17.957844
18.024136
18.083846
18.136947
18.183425
18.223281
18.256528
18.283188
18.303304
18.316927
18.324121
18.324966
18.319546
18.307963
18.29033
18.26677
18.237416
18.202409
18.161903
18.116058
18.065042
18.00903
17.948204
17.882751
17.812855
17.738733
17.660585
17.578595
17.492976
17.403939
17.31169
17.216437
17.118387
17.017747
16.914721
16.809512
16.702318
16.593335
16.482746
15.56218
14.633562
13.756287
12.964976
12.275173
11.688668
11.199023
10.795643
10.466492
10.199705
9.937522
9.7377793
9.5858417
9.470074200000001
9.381631499999999
9.313746999999999
9.261311299999999
9.2204829
9.1628639
9.1255778
9.100169899999999
9.0819776
9.068368599999999
9.0577936
9.049315699999999
9.042368099999999
