1.5343252
1.6037709
1.6818386
1.7674552
1.8128357
1.8598134
1.9083237
1.958298
2.0096774
2.0624084
2.1164422
2.1717263
2.228233
2.2859037
2.3447268
2.4046578
2.4656642
2.5277148
2.5907798
2.6548304
2.71985
2.785789
2.8526317
2.9203493
2.9889219
3.0583149
3.1285076
3.1994729
3.2711865
3.3436217
3.4167795
3.4905866
3.565038
3.6401081
3.7157705
3.7919989
3.8687695
3.9460519
4.0238196
4.1020452
4.1807009
4.2597584
4.3391898
4.4189523
4.4990404
4.5794147
4.6600456
4.7409032
4.8219576
4.9031784
4.9845437
5.0660028
5.1475338
5.2291048
5.3106835
5.3922376
5.4737342
5.5551402
5.6364225
5.7175475
5.7984816
5.8791911
5.959642
6.0398005
6.119654
6.1991246
6.2781988
6.3568419
6.4350191
6.5126959
6.5898374
6.6664092
6.7423767
6.8177056
6.8923616
6.9663109
7.0395196
7.1119571
7.1835853
7.2543736
7.3242899
7.3932654
7.4613443
7.5284574
7.5945745
7.6596663
7.7237069
7.7866632
7.8485108
7.9092238
7.968777
8.0271452
8.0843089
8.140242799999999
8.1948875
8.248302000000001
8.3004297
8.3512539
8.4007591
8.448931399999999
8.495758199999999
8.5412287
8.5853334
8.6280644
8.6694154
8.709379999999999
8.747961500000001
8.785154
8.820959500000001
8.8553769
8.888414300000001
8.9200775
8.950369500000001
8.9793015
9.006884400000001
9.0331303
9.058053599999999
9.081666999999999
9.1039957
9.125050399999999
9.1448538
9.163427499999999
9.1807911
9.1969747
9.2120005
9.225895
9.2386854
9.2504002
9.261068099999999
9.2707196
9.279385
9.287095600000001
9.293883299999999
9.299780200000001
9.3048187
9.3090271
9.3124476
9.3151131
9.3170473
9.318292400000001
9.318872199999999
9.3188236
9.318178700000001
9.316969500000001
9.3152273
9.312982999999999
9.310267
9.3071088
9.3035377
9.2995777
9.257234
9.204027099999999
9.1486935
9.096784
9.051244799999999
9.0132364
8.9827817
8.9592677
8.941789399999999
8.9293604
8.9194853
8.9143837
8.912763999999999
8.913486300000001
8.915789699999999
8.9190825
8.9229372
8.9270522
8.9353157
8.9429739
8.9497248
8.9555319
8.9604663
8.9646387
8.9681687
8.9711698
