1.250180134468504e-13
7.605332545538336e-14
4.626662202842067e-14
2.945236841620053e-14
1.992591105798089e-14
1.457110850615777e-14
1.182944860919437e-14
1.052319747916187e-14
1.020290901143461e-14
1.007642660308863e-14
1.075784540523117e-14
1.128846230720951e-14
1.139818903998982e-14
1.162916418270026e-14
1.144696209036702e-14
1.102286185375975e-14
1.04693330760087e-14
9.194376409880004e-15
7.703969682269657e-15
6.560833846561792e-15
5.916762258507097e-15
4.758028215806084e-15
4.662622679250602e-15
7.578819657255287e-15
9.831911388816651e-15
1.423683717008706e-14
2.179080998407403e-14
3.322064922314739e-14
4.583964754557433e-14
6.423578174617864e-14
8.686771597400853e-14
1.144641953532715e-13
1.503295213639133e-13
1.978545801479065e-13
2.587124482829042e-13
3.410757401528669e-13
4.51765755337181e-13
6.008759875495419e-13
8.009896437452007e-13
1.072602228999431e-12
1.436946197870212e-12
1.923091675086897e-12
2.571139294043244e-12
3.429967085909936e-12
4.563267702838936e-12
6.053413267603705e-12
8.00554128860163e-12
1.055560605299057e-11
1.38763833986348e-11
1.818910059846375e-11
2.377644400926172e-11
3.099658365053733e-11
4.030276166424027e-11
5.226815137950501e-11
6.7615219358521e-11
8.724836325266396e-11
1.123048601095264e-10
1.442036389866101e-10
1.847137276014819e-10
2.360367797884276e-10
3.009038245222579e-10
3.826969610252585e-10
4.855905917257503e-10
6.147337227690036e-10
7.764534421467828e-10
9.785108508148406e-10
1.230409245223893e-09
1.543749624504712e-09
1.932674055711278e-09
2.414378651259656e-09
3.009729937787582e-09
3.743995787420627e-09
4.647712783394804e-09
5.757706526833397e-09
7.118302474579465e-09
8.782740724233853e-09
1.081485086324493e-08
1.329100594618227e-08
1.630241363629855e-08
1.995779232348452e-08
2.438649179159645e-08
2.974212318264513e-08
3.620677595911506e-08
4.399591359310627e-08
5.336403150124851e-08
6.46111992018164e-08
7.809060626577949e-08
9.421724769535441e-08
1.134779045070359e-07
1.364425963598142e-07
1.637776985365403e-07
1.962609250113557e-07
2.347984428981155e-07
2.804443531696518e-07
3.34422846184825e-07
3.981533521694608e-07
4.732790272526191e-07
5.6169896870519e-07
6.656045837377313e-07
7.87520554502282e-07
9.303509037690186e-07
1.097430692925235e-06
1.292583967849344e-06
1.520188712597433e-06
1.785249477372187e-06
2.093478433443646e-06
2.45138568688482e-06
2.866379737574829e-06
3.346879051654343e-06
3.902435779399012e-06
4.543872734327549e-06
5.283434794182118e-06
6.134956001978429e-06
7.114043698966093e-06
8.23828110751951e-06
9.527449866458151e-06
1.100377411377828e-05
1.269218776670165e-05
1.462062677735954e-05
1.682034817206893e-05
1.932627780435197e-05
2.217738880359276e-05
2.541711278527416e-05
2.909378594320828e-05
3.326113221570492e-05
3.797878576449057e-05
4.331285505170192e-05
4.933653095830388e-05
5.613074171027121e-05
6.378485690443312e-05
7.239744300015685e-05
8.207707271739411e-05
9.294319075221687e-05
0.0001051270382199824
0.0001187726380895393
0.0001340378438673548
0.0001510954535995694
0.0001701343911288807
0.0001913609563825624
0.0002150001466049031
0.000241297053431861
0.0002705183390395041
0.0003029537896524985
0.0003389179440800004
0.0003787517994149308
0.0004228245966546706
0.0004715356870826872
0.0005253164782129419
0.0005846324587965808
0.0006499853017652517
0.0007219150443237477
0.0008010023435985724
0.0008878708049981116
0.0009831893812120595
0.00108767483776842
0.001202094281773793
0.001327267749412011
0.00146407084639412
0.001613437436638108
0.001776362371671036
0.001953904254313187
0.002147188228984549
0.002357408789123001
0.0025858325940412
0.00283380128372692
0.003102734281894275
0.003394131576129776
0.003709576461640509
0.004050738238036262
0.004419374843496574
0.004817335413612621
0.005246562750449613
0.005709095684614329
0.006207071317587712
0.006742727124829363
0.007318402904582357
0.007936542555407327
0.00859969566237005
0.009310518878389511
0.01007177707831881
0.01088634426976365
0.01175720424265194
0.01268745093590846
0.01368028850873815
0.01473903109279988
0.01586710221079435
0.01706803384457507
0.01834546513128181
0.01970314067836619
0.02114490847457757
0.02267471738654543
0.02429661422760829
0.02601474037995686
0.02783332796752682
0.02975669555956965
0.03178924340109476
0.03393544816292848
0.03619985719771532
0.03858708230915834
0.04110179301923265
0.04374870933843395
0.04653259404022364
0.04945824443370811
0.05253048365467634
0.05575415146605953
0.05913409458409381
0.06267515654168089
0.06638216709145706
0.07025993118233875
0.07431321750846559
0.07854674666014805
0.08296517889966271
0.08757310157297175
0.09237501620589572
0.09737532529098705
0.1025783188081081
0.1079881605124118
0.113608874007792
0.1194443286667231
0.1254982254097298
0.131774082401206
0.1382752207046717
0.1450047499195033
0.1519655538710551
0.1591602763708839
0.1665913071132953
0.1742607677572249
0.182170498217472
0.1903220432463412
0.1987166393206679
0.2073552019037487
0.2162383131324441
0.225366209953398
0.234738772796155
0.2443555147905143
0.2542155715965441
0.2643176918941155
0.2746602285489738
0.2852411305418233
0.296057935657223
0.3071077639950542
0.3183873123432808
0.3298928494211903
0.3416202120821125
0.3535648024489059
0.3657215860149722
0.3780850907352737
0.3906494071393605
0.403408189605592
0.4163546586815678
0.4294816042436289
0.4427813894954319
0.4562459563648791
0.4698668333625345
0.4836351447962512
0.4975416186824067
0.5115765930824394
0.5257300243322124
0.5399915011017924
0.5543502609780107
0.5687952055846333
0.5833149138054069
0.5978976559467668
0.6125314104394465
0.6272038819066197
0.6419025197906318
0.6566145374275483
0.671326931824637
0.686026504298067
0.700699881767792
0.7153335386263668
0.7299138191232687
0.7444269602001266
0.7588591148032334
0.7731963755352502
0.7874247986154804
0.8015304280880559
0.8154993201767009
0.829317567793468
0.842971325068527
0.8564468318767164
0.8697304382984352
0.8828086289066183
0.8956680468816737
0.908295517828446
0.9206780732835078
0.9328029738543626
0.944657731876566
0.9562301335883603
0.967508260710321
0.9784805114309973
0.9891356207489965
0.9994626800645231
1.009451156029219
1.019090908552957
1.028372207974121
1.037285751355995
1.045822677826098
1.053974582990141
1.061733532324556
1.069092073553681
1.076043247988392
1.08258060077324
1.088698190095228
1.094390595269074
1.099652923708518
1.104480816776819
1.108870454493073
1.112818559170751
1.116322397914064
1.119379783993555
1.121989077109406
1.124149182530498
1.125859549184874
1.127120166660134
1.127931561171402
1.128294790519606
1.128211438022379
1.127683605491545
1.126713905239952
1.125305451181034
1.123461849055802
1.121187185795267
1.118486018110614
1.115363360295383
1.111824671303096
1.107875841142153
1.103523176607587
1.098773386443992
1.093633565933192
1.088111180966472
1.082214051647783
1.075950335462462
1.069328510111694
1.062357356005193
1.055045938468323
1.04740358970993
1.039439890582971
1.031164652223803
1.022587897576157
1.01371984286945
1.004570879093643
0.9951515534822452
0.9854725510677632
0.9755446763277796
0.965378834992021
0.9549860160472849
0.9443772739465379
0.9335637110803545
0.9225564605202902
0.9113666690881791
0.9000054807808792
0.8884840205577288
0.87681337854054
0.8650045946277785
0.8530686435629048
0.841016420477952
0.8288587269153159
0.8166062573664895
0.8042695863232899
0.7918591558729257
0.7793852638486444
0.7668580525296277
0.7542874979164551
0.7416833995717065
0.7290553710414223
0.7164128308616636
0.7037649941443254
0.6911208647617678
0.6784892281119534
0.6658786444758679
0.6532974429627714
0.6407537160207173
0.6282553145118545
0.6158098433420169
0.6034246576566268
0.5911068595926376
0.5788632955579127
0.5667005540346112
0.5546249638860253
0.5426425931601372
0.5307592483766528
0.5189804742818986
0.5073115540735204
0.4957575100604611
0.4843231047370712
0.4730128422556638
0.4618309702872097
0.4507814822695301
0.4398681200081919
0.4290943766107602
0.418463499736787
0.4079784951453499
0.3976421305309149
0.3874569396211236
0.3774252265209341
0.3675490702856608
0.3578303297038143
0.348270648280403
0.3388714593953388
0.3296339916216364
0.3205592741868542
0.3116481425590591
0.3029012441457573
0.2943190440867679
0.2859018311316633
0.2776497235865704
0.2695626753102008
0.261640481747467
0.2538827859856264
0.2462890848231939
0.2388587348394595
0.2315909584512661
0.2244848499496538
0.2175393815020047
0.2107534091122697
0.2041256785293186
0.1976548310901536
0.1913394094891148
0.1851778634667753
0.1791685554179527
0.1733097659110425
0.1675996991048443
0.1620364880549264
0.1566181999072987
0.1513428409809531
0.1462083617340768
0.1412126616037284
0.1363535937136542
0.1316289694499252
0.1270365629071803
0.1225741152026128
0.1182393386503727
0.1140299207933579
0.1099435282937028
0.105977810685551
0.1021304039892278
0.09839893418283613
0.09478102053081597
0.09127427877104777
0.0878763241635427
0.0845847744015398
0.0813972523849769
0.07831138885863348
0.07532482491569099
0.07243521436854508
0.06964022598907131
0.06693754562130635
0.06432487817034675
0.06179994946838331
0.05936050802004814
0.05700432662995671
0.0547292039160953
0.05253296571309315
0.05041346636718678
0.04836858992523374
0.04639625122114118
0.0444943968639062
0.04266100613175514
0.04089409177426138
0.03919170072502075
0.03755191472840452
0.0359728508841241
0.03445266211340187
0.03298953754961235
0.03158170285688738
0.030227420479877
0.02892498982747863
0.02767274739379686
0.02646906681941663
0.02531235889610675
0.02420107151802709
0.02313368958251533
0.0221087348437369
0.02112476572148453
0.02018037706757877
0.01927419989258498
0.01840490105583561
0.01757118292168987
0.0167717829839814
0.01600547346089428
0.01527106086265104
0.0145673855343508
0.01389332117638158
0.01324777434420406
0.01262968392943891
0.01203802062416502
0.01147178637038104
0.01093001379645495
0.01041176564211942
0.009916134173642243
0.009442240590649619
0.00898923442610145
0.008556292940904202
0.00814262051434031
0.007747448031597963
0.007370032269587092
0.007009655282105937
0.006665623785544145
0.006337268545992967
0.006023943768650675
0.005725026490418473
0.005439915976448768
0.005168033121493475
0.004908819856612267
0.004661738561954672
0.004426271486163397
0.004201920172979571
0.003988204895565751
0.003784664098961761
0.003590853851054287
0.003406347302450367
0.003230734155551955
0.003063620143130402
0.002904626516690941
0.002753389544765341
0.002609560021357554
0.002472802784714301
0.002342796246579443
0.002219231931943048
0.002101814029417266
0.001990258952231894
0.001884294909950828
0.001783661490871519
0.001688109255144467
0.001597399338483178
0.0015113030664911
0.001429601579513456
0.001352085467900885
0.001278554417652237
0.001208816866282438
0.001142689668826203
0.001079997773803147
0.001020573909085599
0.0009642582774369654
0.0009108982616182911
0.0008603481388708491
0.0008124688046178427
0.0007671275052205949
0.0007241975795740011
0.0006835582094245033
0.0006450941781609181
0.0006086956379189315
0.0005742578848023336
0.0005416811420372594
0.0005108703508769632
0.0004817349690202112
0.0004541887764174173
0.0004281496881663656
0.0004035395744227223
0.000380284087049161
0.0003583124928606569
0.0003375575132366333
0.0003179551699557989
0.0002994446370230502
0.0002819680983280373
0.0002654706109820389
0.0002498999740788693
0.000235206602810027
0.0002213434076448349
0.0002082656785013459
0.0001959309737127094
0.0001842990135666875
0.0001733315783882952
0.0001629924108641394
0.0001532471225562158
0.0001440631044203233
0.0001354094412031616
0.0001272568295296884
0.0001195774996168399
0.0001123451403998751
0.000105534828003519
9.912295738367271e-05
9.308717706021397e-05
8.740632680264598e-05
8.206037811624461e-05
7.703037751378453e-05
7.229839229873211e-05
6.784745895395857e-05
6.366153388839963e-05
5.972544649360636e-05
5.602485439881796e-05
5.254620086190725e-05
4.927667419818396e-05
4.620416910410926e-05
4.331724990873142e-05
4.060511551801149e-05
3.805756614040967e-05
3.566497159141559e-05
3.341824116291692e-05
3.130879497798165e-05
2.93285367790899e-05
2.746982804751883e-05
2.572546343873718e-05
2.408864742709311e-05
2.255297216666989e-05
2.111239643113906e-05
1.976122564812531e-05
1.849409296816116e-05
1.730594128116515e-05
1.619200617924532e-05
1.514779979678971e-05
1.416909549254603e-05
1.325191330987509e-05
1.239250623513788e-05
1.158734717564962e-05
1.083311658223146e-05
1.01266907945466e-05
9.465130958434459e-06
8.845672566016867e-06
8.265715528657507e-06
7.722814815653566e-06
7.214671587060073e-06
6.739124775544711e-06
6.294143200476691e-06
5.877818045948437e-06
5.488355793441539e-06
5.124071511769175e-06
4.78338254671169e-06
4.464802549247915e-06
4.166935837175742e-06
3.888472058697461e-06
3.628181176020783e-06
3.384908740037246e-06
3.157571384896886e-06
2.94515262451138e-06
2.746698852942756e-06
2.56131560519375e-06
2.388164025673307e-06
2.226457511920883e-06
2.075458569816629e-06
1.934475874480514e-06
1.802861464000129e-06
1.68000809150116e-06
1.565346782545279e-06
1.458344480150935e-06
1.358501867373399e-06
1.26535128084147e-06
1.178454769842917e-06
1.097402281956286e-06
1.021809933124465e-06
9.513183893487804e-07
8.855913445305456e-07
8.243140894070037e-07
7.671921600082087e-07
7.139500881890969e-07
6.643301978826192e-07
6.18091497108719e-07
5.750086274340108e-07
5.348708811997298e-07
4.974812673310637e-07
4.626556528498467e-07
4.302219440301034e-07
4.000193376457258e-07
3.718975507675699e-07
3.457162140911712e-07
3.213441874281649e-07
2.986589999618529e-07
2.775462743151268e-07
2.578992136279445e-07
2.396181038295595e-07
2.226098675984057e-07
2.067876289075518e-07
1.920702992187139e-07
1.783822226272517e-07
1.656528107852873e-07
1.538162018816007e-07
1.428109686517343e-07
1.325798250229608e-07
1.230693377861184e-07
1.14229699993177e-07
1.060144625738357e-07
9.838033028744798e-08
9.128695314891737e-08
8.469671926778456e-08
7.857458257083682e-08
7.288789039932014e-08
6.760621923191531e-08
6.270122408595271e-08
5.814651157816521e-08
5.391750073204221e-08
4.99912999416525e-08
4.63465911991912e-08
4.29635413000578e-08
3.982367978930375e-08
3.690982069802044e-08
3.420596814642254e-08
3.169724504689796e-08
2.936980511862352e-08
2.721075578919925e-08
2.520811275769688e-08
2.335071953309013e-08
2.16282134164891e-08
2.003094723173023e-08
1.854996678560491e-08
1.717693087217084e-08
1.590409549441976e-08
1.472426299240216e-08
1.363074016607189e-08
1.261731042144456e-08
1.1678197622959e-08
1.080803134434795e-08
1.000183073705759e-08
9.254961128571644e-09
8.563124561392295e-09
7.922322156998261e-09
7.328845450730851e-09
6.779245637517255e-09
6.270320427592195e-09
5.799111430959935e-09
5.362860306517249e-09
4.959004595292544e-09
4.585172927945819e-09
4.239171668170742e-09
3.91895009294526e-09
3.622617371280129e-09
3.348417773276003e-09
3.094716033175568e-09
2.860003306382115e-09
2.642873275884403e-09
2.442031582408336e-09
2.256267504184858e-09
2.084473778406362e-09
1.925604900292235e-09
1.778708835664411e-09
1.642889489300924e-09
1.517320603342123e-09
1.401237637484823e-09
1.293928535577817e-09
1.194739926840521e-09
1.103064262938114e-09
1.018345546125399e-09
9.400590725370781e-10
8.677235868329844e-10
8.008979693277708e-10
7.39162934321681e-10
6.821381001527485e-10
6.294653698804807e-10
5.808248618003194e-10
5.358998269428414e-10
4.944130193504616e-10
4.561044741339694e-10
4.207283462193874e-10
3.880657978702225e-10
3.579107351438887e-10
3.300681591325378e-10
3.043693976191326e-10
2.806488703824803e-10
2.587603898108807e-10
2.385654767250529e-10
2.199366678581791e-10
2.027508812711751e-10
1.868964422472531e-10
1.722706629131844e-10
1.587796411166396e-10
1.46331051911561e-10
1.348500931484288e-10
1.242589251142422e-10
1.144873771425105e-10
1.054703222526539e-10
9.715527603178332e-11
8.949100477391847e-11
8.24291195534646e-11
7.592436109704841e-11
6.992971307701896e-11
6.440343807388123e-11
5.93094915341576e-11
5.461695812208525e-11
5.029520773004754e-11
4.631191857596764e-11
4.264097387397687e-11
3.925755525495765e-11
3.613568154343078e-11
3.325984695969214e-11
3.060825805671753e-11
2.816470195114257e-11
2.591171692918751e-11
2.383958600946488e-11
2.19376058171345e-11
2.018610602921127e-11
1.857566008325537e-11
1.709107394646328e-11
1.57230402655214e-11
1.446578946185763e-11
1.330916536300893e-11
1.225041264252623e-11
1.127386086849587e-11
1.036909429458758e-11
9.528672500622173e-12
8.755939835474239e-12
8.047444539487585e-12
7.390168178142268e-12
6.793356615676661e-12
6.245114271619642e-12
5.739770066769748e-12
5.276443542169154e-12
4.851587033975682e-12
4.463475907683239e-12
4.104248329210249e-12
3.779513523524368e-12
3.477730317645413e-12
3.1986007204443e-12
2.937864052353764e-12
2.699532059949437e-12
2.475840833629194e-12
2.268480899966346e-12
2.078012968413177e-12
1.90473579161603e-12
1.746688702002873e-12
1.602452829721195e-12
1.475581566814751e-12
1.35618166970806e-12
1.248894002033669e-12
1.153384696223458e-12
1.06534430669212e-12
9.797497657887467e-13
9.003793601179795e-13
8.268477425101966e-13
7.605170080778069e-13
6.945833660373766e-13
6.288203237303014e-13
5.72470646409166e-13
5.194358589811346e-13
4.766862459272236e-13
4.381188723335966e-13
4.062229578854319e-13
3.77361015259119e-13
3.460320690552321e-13
3.195349833682185e-13
2.931795043403832e-13
2.739074754968462e-13
2.543729664468939e-13
2.341409997255181e-13
2.15824007896201e-13
2.005488351317765e-13
1.81011036258775e-13
1.577994293729743e-13
1.380338844565265e-13
1.245010139057761e-13
1.093806207310166e-13
9.852027916770792e-14
9.483391972152853e-14
8.861643431168586e-14
8.67925773433897e-14
8.392872705895695e-14
8.462007770576267e-14
8.430058301135365e-14
8.08642316273263e-14
6.894562888989221e-14
6.03720563346422e-14
4.489953757547363e-14
3.313962629699468e-14
2.352609924783738e-14
2.118056247191936e-14
2.012368799959059e-14
2.134868439033437e-14
2.264958123899479e-14
2.600437235093361e-14
2.806360737462057e-14
3.282957473142172e-14
3.623790732521856e-14
3.185366905984242e-14
2.457806145042596e-14
1.86637781722563e-14
1.154192012129284e-14
6.545558182923977e-15
5.235786517710596e-15
2.153404201468475e-15
2.275769526250403e-15
3.831435674198345e-16
4.819757190694027e-15
7.075087881962934e-15
9.049199822473245e-15
1.038133337225384e-14
8.557121585048709e-15
8.386471385771405e-15
1.037477128128422e-14
1.163139929643054e-14
1.248513977174753e-14
1.000263035469463e-14
3.378639301111131e-15
-1.736608138505176e-15
-4.036374706311908e-15
-6.142463910474048e-15
-9.174227320141149e-15
-7.105553790143672e-15
4.814164380935661e-16
7.09669755256151e-15
9.212524165395761e-15
9.108968099324867e-15
8.197181096533097e-15
4.732998678890153e-15
3.188506992093409e-15
-8.490739813973065e-16
-2.567839615358232e-15
-3.339826979380926e-15
-2.09236544200909e-15
-2.560210345095181e-15
8.961605675845377e-16
4.467063937890161e-15
5.218036857214807e-15
5.028179478392713e-15
1.001649081500979e-15
-2.003988072576716e-15
-7.083004283334518e-15
-7.397651806343897e-15
-2.138878751973253e-15
-2.685762293184145e-16
2.878058387968488e-15
1.655841050583131e-15
5.852313309058887e-15
1.013327863578089e-14
9.763590318708683e-15
7.722098706431629e-15
1.496830033815113e-15
-3.782740886969058e-15
-8.509103043568383e-15
-1.214470868034478e-14
-1.369771452127759e-14
-9.462594735505848e-15
-2.871240923510105e-15
2.422207819062892e-15
8.349311857969734e-15
1.258290620402253e-14
1.191956052066481e-14
7.585658817927905e-15
6.518999752778608e-15
4.237165092262263e-15
1.055526540279487e-15
-3.78107356266903e-15
-1.141483485665524e-14
-1.581326296140865e-14
-1.684927874734263e-14
-1.087905072259266e-14
-2.703260967932005e-15
6.495928710607298e-15
1.300261201011809e-14
1.203897154579052e-14
1.205108300881791e-14
9.78848903126643e-15
7.790741157113995e-15
2.772473642075745e-15
-3.34000771488592e-15
-1.253844506350366e-14
-1.240665953441397e-14
-1.112323107290329e-14
-6.995993651866238e-15
-6.957146494807361e-15
-4.130717198684743e-15
4.58702778713099e-15
1.192985823867981e-14
1.327841814674551e-14
1.285666168388156e-14
7.99018321562017e-15
1.040139030302019e-15
-2.968645778861583e-15
-6.150915575188698e-15
-8.349720822565308e-15
-7.184901910143473e-15
-9.325387038281079e-15
-7.739303134864662e-15
-1.725793933303315e-15
6.124224555288949e-15
7.920794246950292e-15
7.609886315695778e-15
4.460229056746497e-15
2.353804870358934e-15
-3.812883933742474e-16
-3.403312361541541e-16
-1.598216713746337e-15
-1.443746756353508e-15
-2.124179025720056e-15
-1.545909061233724e-15
-2.244885822963908e-15
-1.376606353350335e-15
-1.034640817124263e-15
-1.405718241606907e-15
-1.051243173726159e-15
3.799048772741755e-15
2.649621956251455e-15
1.74398086121703e-15
1.743698633147993e-15
-1.119113770944136e-15
-2.349712009558919e-15
-1.907226170114894e-15
-5.169072306946041e-16
5.066359311127789e-16
3.350389267426577e-15
5.542278588022179e-15
6.168031129246613e-16
-4.53436101160618e-15
-1.649062257137228e-15
-4.202666046356592e-15
-3.643275662559832e-15
-4.952612146792103e-15
-1.76954914124952e-15
3.826878568105217e-15
5.260251562249447e-15
6.358403395839206e-15
2.864912286492805e-15
1.952374601811179e-15
1.234801260582152e-15
1.082315765809351e-16
-1.665357022217964e-15
-3.414054205207578e-15
-3.298784825244714e-15
-4.123278116749169e-15
-2.571586220415757e-15
-2.830836935055663e-15
-2.675032139561159e-15
2.246823635353298e-15
8.382551466365496e-16
8.95017393057218e-16
4.952445400204041e-15
5.169595680288263e-15
3.797594949741769e-15
1.183852884992438e-15
3.121772706573427e-15
2.282715023118103e-15
1.590021789314132e-16
-4.071855963450298e-15
-6.444722886389307e-15
-1.064899774569373e-14
-9.224908056929331e-15
-6.85277805876596e-15
-1.607903886784975e-16
4.998961365534006e-15
7.18378289922463e-15
1.025885037512184e-14
1.292037696937869e-14
8.148324022049534e-15
2.430480278299956e-15
5.113751556271035e-16
-3.27333977496382e-15
-8.914764987928837e-15
-1.018985235575915e-14
-1.175884766441118e-14
-1.120926151434679e-14
-7.640286179007226e-15
-1.03870973373793e-16
9.509434372673631e-15
1.546780760506739e-14
1.282195202530247e-14
8.576786190400783e-15
3.965735322508129e-15
2.365452082244292e-16
-5.489641847331233e-15
-4.169791310012018e-15
-7.977558844668116e-15
-4.894922789105424e-15
-2.397490158910541e-15
-4.694715053688088e-15
-1.184620474225136e-15
2.230276622703547e-15
-5.199678909388263e-16
8.634049784827534e-16
-6.417878818635432e-16
3.594511446815087e-15
3.227798426961171e-15
5.39334941939945e-15
4.392180213802499e-15
-1.174310128910725e-16
1.796922505743639e-15
8.623110667346944e-16
-1.517886396369473e-15
-2.076771423049594e-15
-1.954516540651279e-15
-8.266177940024788e-16
-3.653663184193326e-15
-9.016090855488215e-15
-1.027281790084873e-14
-8.413733964485277e-15
-3.361582625720726e-15
8.288399356293022e-15
1.414825510142118e-14
