6.134184051163342e-13
3.546766150030004e-13
2.070441670808446e-13
1.214806620704827e-13
7.202645163342135e-14
4.321611764594943e-14
2.633502663289293e-14
1.643433168944632e-14
1.054132862131157e-14
7.230123153118695e-15
5.401803908518889e-15
4.297140815838349e-15
4.082622730161897e-15
3.991003581367867e-15
4.300658358801794e-15
4.966683341301848e-15
5.921880184759632e-15
6.421968938085507e-15
7.086943235320731e-15
7.407852267556949e-15
7.596425741207816e-15
8.449314504886776e-15
7.999691331914947e-15
7.236481924609849e-15
6.307287327481258e-15
5.385120679551802e-15
3.988872896751083e-15
2.2416445227649e-15
1.019088020753577e-15
9.802072471112895e-16
1.480098766878166e-15
3.373192194961639e-15
7.751910178625117e-15
1.277707041452395e-14
2.219367719379987e-14
3.311234270302424e-14
4.788310375266602e-14
6.591295524508031e-14
8.847168633856942e-14
1.157928638876054e-13
1.498914651130673e-13
1.924532239701053e-13
2.469622654813951e-13
3.181114479573846e-13
4.122318235640334e-13
5.381887616078747e-13
7.060653127444407e-13
9.310088844453246e-13
1.232637978291085e-12
1.634562229156076e-12
2.167816564510846e-12
2.872535323546612e-12
3.800596182514975e-12
5.01735201571152e-12
6.605472045896681e-12
8.673007049413728e-12
1.135629850513373e-11
1.482978354174343e-11
1.931292585355566e-11
2.50859783445141e-11
3.250073732639798e-11
4.200079461238179e-11
5.414324683079712e-11
6.96246700137801e-11
8.931654008060398e-11
1.143038540516474e-10
1.459360472860791e-10
1.858851521353639e-10
2.362222557103666e-10
2.995037079998074e-10
3.78878427938335e-10
4.782202378776043e-10
6.022759660109311e-10
7.568615939135699e-10
9.490748447181e-10
1.187570585578436e-09
1.482872067001122e-09
1.847754426681154e-09
2.297691132885175e-09
2.851388386873536e-09
3.531416271163522e-09
4.364952285887746e-09
5.384663125156325e-09
6.629732229139628e-09
8.147080003750764e-09
9.992779309467944e-09
1.223372468914575e-08
1.494956922292788e-08
1.823499335765547e-08
2.220233882908836e-08
2.698466006190677e-08
3.273928077557577e-08
3.965189070607307e-08
4.794128515472101e-08
5.786483050851176e-08
6.972474959724073e-08
8.387534703371522e-08
1.007312877665542e-07
1.207770750641522e-07
1.445778807302338e-07
1.727918809827796e-07
2.061843131821731e-07
2.456434304460231e-07
2.921986390762632e-07
3.470410414166682e-07
4.115466850582281e-07
4.873028076994272e-07
5.761374377950003e-07
6.801527119901589e-07
8.017623188114296e-07
9.437335153201337e-07
1.109234201794088e-06
1.301885578088045e-06
1.525820945978788e-06
1.785751285637497e-06
2.087038262777761e-06
2.43577538597407e-06
2.838878087358792e-06
3.30418354662197e-06
3.840561158617989e-06
4.45803456538289e-06
5.16791628944302e-06
5.982956013580395e-06
6.917503652567357e-06
7.987688419057752e-06
9.211615137406477e-06
1.060957915168142e-05
1.220430123190286e-05
1.402118406787765e-05
1.608859184145039e-05
1.843815448424441e-05
2.11050982818259e-05
2.41286045643786e-05
2.755219826151052e-05
3.142416816165582e-05
3.57980207418275e-05
4.073296947199922e-05
4.629446151476145e-05
5.255474377094097e-05
5.959347028971959e-05
6.749835398769895e-05
7.636586522422433e-05
8.630197850178528e-05
9.742296836254583e-05
0.0001098562568494578
0.0001237413151279172
0.0001392306213826845
0.0001564906765375456
0.0001757030795639294
0.0001970656639715815
0.0002207936971722107
0.0002471211441869338
0.0002763019967433969
0.0003086116690375169
0.0003443484607811239
0.00038383508829144
0.000427420284035184
0.0004754804644651066
0.0005284214662955648
0.0005866803502907938
0.0006507272719300429
0.0007210674176893773
0.0007982430049794777
0.0008828353441400271
0.0009754669594633267
0.001076803766555272
0.001187557302636639
0.001308487005312266
0.001440402536038973
0.001584166142489624
0.001740695054675296
0.001910963908749341
0.002096007191059994
0.002296921696232924
0.002514868990231347
0.002751077870508017
0.003006846814244804
0.00328354640405215
0.003582621722498739
0.003905594702986355
0.004254066426437421
0.004629719351965165
0.005034319467792981
0.005469718351703496
0.005937855125387714
0.0064407582901678
0.006980547430069976
0.00755943476586674
0.00817972654813295
0.008843824271285827
0.009554225695145481
0.01031352565890935
0.01112441666955967
0.01198968925315479
0.01291223204964212
0.01389503163827357
0.01494117207892168
0.01605383415141488
0.01723629428381347
0.01849192315045999
0.01982418392924636
0.02123663020572115
0.02273290350823758
0.02431673047007576
0.0259919196012417
0.02776235766412586
0.02963200564511897
0.0316048943101994
0.03368511934732644
0.03587683608238247
0.0381842537701531
0.04061162945912068
0.04316326142352567
0.04584348217486393
0.04865665104502618
0.05160714635184266
0.05469935715407421
0.05793767459578634
0.06132648286240368
0.06487014974767515
0.06857301685372712
0.07243938944066006
0.07647352593229045
0.0806796271116407
0.08506182501228161
0.08962417153877324
0.09437062684189636
0.09930504746228015
0.1044311742879869
0.109752620337515
0.1152728584105651
0.120995208640119
0.1269228259662555
0.1330586875890687
0.1394055804148303
0.1459660885451364
0.15274258084837
0.1597371986371513
0.1669518435167958
0.1743881654197436
0.1820475508803163
0.18993111159184
0.1980396732720158
0.2063737649110995
0.2149336084101183
0.2237191086524847
0.232729844048625
0.2419650575989318
0.2514236485879991
0.2611041648683783
0.2710047956323048
0.2811233646963514
0.291457324679413
0.3020037527892511
0.3127593475643454
0.3237204248886072
0.3348829130886242
0.3462423493627614
0.3577938801806912
0.3695322635872334
0.3814518708177665
0.3935466869184366
0.4058103122584487
0.4182359660488715
0.4308164911295089
0.443544359508952
0.4564116786047439
0.4694101983818201
0.4825313195250427
0.495766102532179
0.5091052776931767
0.5225392559374252
0.5360581405241435
0.5496517396151117
0.5633095796498711
0.5770209195184419
0.5907747655030868
0.6045598869291237
0.6183648325421606
0.632177947524391
0.6459873911401482
0.6597811549710391
0.6735470816640969
0.6872728841970358
0.700946165566133
0.714554438886556
0.7280851478576976
0.7415256875006341
0.7548634251603338
0.7680857216759241
0.7811799527090443
0.7941335301790733
0.8069339237058744
0.819568682050939
0.8320254544575779
0.8442920118756316
0.8563562680195055
0.8682063001688685
0.8798303697137726
0.8912169423394135
0.9023547078282635
0.9132325994320601
0.9238398127396238
0.9341658240548195
0.9442004081813753
0.9539336555897723
0.9633559889270252
0.97245817881513
0.9812313589699176
0.9896670405410617
0.9977571256563198
1.005493920141482
1.012870145369284
1.019878949268639
1.026513916421158
1.032769077260925
1.038638916362549
1.044118379766074
1.049202881371229
1.053888308350438
1.058171025605229
1.062047879264769
1.065516199201706
1.068573800620059
1.071218984669915
1.073450538119008
1.075267732092352
1.076670319871
1.077658533814164
1.078233081373686
1.078395140234558
1.078146352604346
1.077488818663822
1.076425089258347
1.07495815780444
1.073091451450369
1.070828821521664
1.068174533269586
1.065133254997299
1.061710046558916
1.057910347293302
1.053739963428524
1.049205054962174
1.044312122079569
1.039067991125053
1.033479800198294
1.027554984414484
1.021301260835869
1.014726613138824
1.007839276030388
1.000647719477172
0.9931606327851336
0.98538690854547
0.9773356265096248
0.9690160374051964
0.9604375467474511
0.9516096986820938
0.9425421598752569
0.9332447035081457
0.9237271933858588
0.9139995682114646
0.9040718260552242
0.8939540090286385
0.8836561882111515
0.8731884488356793
0.8625608757699158
0.8517835393174629
0.8408664813516089
0.829819701824855
0.8186531456527394
0.8073766900066344
0.7960001320312375
0.7845331769800101
0.7729854267891468
0.761366369097645
0.7496853667493822
0.7379516477857261
0.7261742959140673
0.7143622414687888
0.702524252858873
0.6906689285141329
0.6788046893329815
0.6669397716314474
0.6550822206153499
0.6432398843503808
0.6314204082210136
0.6196312298759068
0.6078795746633702
0.5961724515733094
0.584516649656625
0.5729187349123214
0.5613850476342346
0.5499217002076739
0.5385345753577708
0.5272293248275539
0.5160113684776051
0.5048858937956353
0.493857855801658
0.4829319773468509
0.472112749781611
0.4614044339812087
0.4508110617150378
0.4403364373417309
0.4299841398214244
0.4197575250256035
0.4096597283376026
0.3996936675281486
0.3898620458824745
0.380167355566667
0.370611881215735
0.3611977037325479
0.3519267042828678
0.3428005684693583
0.3338207906754833
0.3249886785594915
0.3163053576882816
0.3077717762966595
0.2993887101521259
0.2911567675109966
0.2830763941554695
0.2751478785091467
0.2673713568177213
0.2597468183714041
0.2522741107542906
0.2449529451142448
0.2377829014525172
0.230763433921813
0.2238938761129686
0.217173446318026
0.2106012527647036
0.2041762988223753
0.1978974881704015
0.1917636299124961
0.1857734436269934
0.1799255643501137
0.1742185474926906
0.1686508736837574
0.1632209535290461
0.157927132278017
0.1527676943964985
0.1477408680441832
0.1428448294528839
0.1380777071996825
0.1334375863731536
0.1289225126282723
0.1245304961272893
0.1202595153647811
0.1161075208761368
0.1120724388304897
0.1081521745042782
0.1043446156334917
0.1006476356444501
0.09705909676384979
0.09357685301029307
0.09019875306504865
0.08692264302127624
0.0837463690126875
0.08066777972437691
0.07768472878897492
0.07479507706703427
0.07199669481186412
0.0692874637206766
0.06666527887465061
0.06412805057081496
0.06167370604690881
0.05930019110189616
0.05700547161432962
0.05478753496019519
0.05264439133289055
0.05057407496775157
0.0485746452738615
0.04664418787588397
0.04478081556878891
0.0429826691890656
0.04124791840405757
0.03957476242159916
0.03796143062285635
0.03640618312178989
0.03490731125483154
0.03346313800258941
0.0320720183460727
0.03073233956014646
0.02944252144740173
0.02820101651551208
0.02700631010025347
0.02585692043665463
0.02475139868090286
0.02368832888565445
0.02266632793151101
0.02168404541682003
0.02074016350813329
0.01983339675365228
0.018962491861996
0.01812622744870007
0.01732341375236334
0.0165528923225844
0.01581353568170366
0.01510424696236773
0.01442395952297303
0.01377163654267244
0.01314627059766167
0.01254688322049659
0.01197252444406998
0.01142227233192365
0.0108952324963107
0.01039053760548284
0.009907346881525659
0.009444845590226889
0.009002244524253262
0.008578779480790669
0.00817371073470716
0.007786322508400226
0.007415922439298967
0.007061841046098163
0.006723431194542788
0.006400067563655718
0.006091146113217153
0.00579608355327745
0.005514316816504095
0.005245302533917062
0.004988516514623879
0.004743453230162953
0.004509625303972426
0.004286563006601666
0.0040738137569854
0.003870941630238072
0.003677526872312472
0.003493165421863168
0.003317468439678257
0.003150061845904551
0.002990585865313689
0.002838694580865581
0.002694055495706528
0.002556349103830002
0.002425268469495783
0.002300518815496191
0.002181817120379898
0.002068891724701304
0.001961481946349062
0.001859337704936455
0.001762219155342617
0.001669896330339891
0.001582148792302998
0.001498765293955123
0.001419543448123073
0.001344289406407081
0.001272817546760852
0.001204950169805349
0.00114051720380699
0.001079355918235885
0.001021310645802207
0.0009662325128424725
0.0009139791778924606
0.0008644145783797578
0.0008174086852283425
0.0007728372652806147
0.0007305816513767827
0.0006905285199532033
0.0006525696759859397
0.0006166018451436243
0.0005825264729689798
0.0005502495309405292
0.0005196813292609227
0.0004907363361839087
0.000463333003781797
0.0004373935999083728
0.000412844046262732
0.0003896137623462936
0.0003676355151769649
0.0003468452746052625
0.0003271820740520896
0.0003085878765289428
0.0002910074457795732
0.0002743882223893714
0.0002586802047141605
0.0002438358344839609
0.0002298098869308552
0.0002165593652658761
0.0002040433994405743
0.0001922231489829123
0.0001810617097642528
0.0001705240246587802
0.0001605767978466942
0.0001511884127007829
0.0001423288531279888
0.0001339696282434705
0.0001260837002286163
0.0001186454152692594
0.0001116304374951688
0.0001050156857727224
9.877927325368788e-05
9.290044957534591e-05
8.735954562294772e-05
8.21379207271262e-05
7.721791227311807e-05
7.258278749030385e-05
6.821669751055032e-05
6.410463345635782e-05
6.023238455400716e-05
5.658649818632639e-05
5.315424177333701e-05
4.992356643430928e-05
4.688307232666014e-05
4.40219756503131e-05
4.133007717245608e-05
3.879773227557982e-05
3.641582241179158e-05
3.417572792004295e-05
3.206930217656594e-05
3.008884697413069e-05
2.822708910187935e-05
2.647715807272909e-05
2.483256493853499e-05
2.328718215498602e-05
2.183522443628451e-05
2.047123056006506e-05
1.919004608031617e-05
1.798680693158156e-05
1.685692380033126e-05
1.579606735690639e-05
1.480015417058536e-05
1.386533340028859e-05
1.298797413126988e-05
1.21646533605152e-05
1.13921446286769e-05
1.066740721695257e-05
9.98757591204116e-06
9.349951309426077e-06
8.75199062002687e-06
8.191298955540258e-06
7.665621092603963e-06
7.172833647923695e-06
6.710937679670985e-06
6.278051713022291e-06
5.872405063994602e-06
5.492331607464957e-06
5.136263818598441e-06
4.802727178768714e-06
4.490334854395534e-06
4.197782682021824e-06
3.923844424549495e-06
3.667367285240435e-06
3.427267668397479e-06
3.202527173431632e-06
2.992188831071288e-06
2.795353498903525e-06
2.611176513690468e-06
2.438864486293548e-06
2.277672310377908e-06
2.126900322938561e-06
1.985891620498615e-06
1.854029535314288e-06
1.730735250891248e-06
1.615465546761776e-06
1.507710698246669e-06
1.406992464831218e-06
1.312862222883472e-06
1.224899166659342e-06
1.142708657691069e-06
1.065920635922825e-06
9.941881420622681e-07
9.271859158808288e-07
8.646090840374768e-07
8.061719097058054e-07
7.516066405330424e-07
7.006624061983119e-07
6.531041734480244e-07
6.087118003050963e-07
5.672790859046547e-07
5.286129447196189e-07
4.925325795802243e-07
4.588687178215816e-07
4.274629096754316e-07
3.981668470966588e-07
3.708417306532966e-07
3.453576821174092e-07
3.215931868225033e-07
2.994345592181394e-07
2.787754643681966e-07
2.595164452977181e-07
2.415644939789181e-07
2.248326461303345e-07
2.09239594537063e-07
1.94709331479411e-07
1.811708059493316e-07
1.685576217536066e-07
1.568077334184023e-07
1.458631582891193e-07
1.35669734155451e-07
1.261768675982686e-07
1.173372917528574e-07
1.091068696348564e-07
1.014443912236302e-07
9.431137003161292e-08
8.767187273350137e-08
8.149236443953536e-08
7.574153377596314e-08
7.039016917494686e-08
6.541100193950068e-08
6.07785874566449e-08
5.646919292751125e-08
5.246067711143621e-08
4.873239330544138e-08
4.526507569591849e-08
4.204076603088576e-08
3.904270811876025e-08
3.625529532917451e-08
3.36639670439738e-08
3.125514703529678e-08
2.901619624933462e-08
2.693532038853749e-08
2.500153791804429e-08
2.32046146484231e-08
2.153502174552369e-08
1.998387469615992e-08
1.854289874808268e-08
1.720438731627926e-08
1.596117001455209e-08
1.480656377404066e-08
1.373434369052679e-08
1.273871593245021e-08
1.181430220922317e-08
1.095607887926816e-08
1.015937277860806e-08
9.419840507456944e-09
8.733436162739196e-09
8.096397586555229e-09
7.50522917518887e-09
6.956676510086881e-09
6.447708646873402e-09
5.975505054599258e-09
5.537447285064247e-09
5.13110856228342e-09
4.754217086159002e-09
4.40467296290961e-09
4.08050785016718e-09
3.779913056678366e-09
3.501188691319036e-09
3.242766965884426e-09
3.003192862886798e-09
2.781108201779452e-09
2.575250138598163e-09
2.384451550535065e-09
2.207625681912331e-09
2.043761093552e-09
1.891928078385069e-09
1.751248567199337e-09
1.620914315711255e-09
1.500172958153192e-09
1.388322264747345e-09
1.28471119718468e-09
1.188743495637865e-09
1.099866559720567e-09
1.017562316670348e-09
9.413419618564003e-10
8.707724382228221e-10
8.054361520066683e-10
7.449513901355658e-10
6.889631960168e-10
6.371405669377684e-10
5.891845617559559e-10
5.448035725436364e-10
5.037273572487067e-10
4.657184966824363e-10
4.305430507021105e-10
3.979971066793566e-10
3.678794239347377e-10
3.400153794683935e-10
3.142411439488861e-10
2.903973394639489e-10
2.683457161330813e-10
2.479586547602064e-10
2.291112008825296e-10
2.116787601518646e-10
1.955651951352656e-10
1.806693092997806e-10
1.668988071695844e-10
1.541649016911942e-10
1.423928749585303e-10
1.315072006717009e-10
1.214430269593755e-10
1.121426923254456e-10
1.035455255293025e-10
9.560078058177283e-11
8.826237228315897e-11
8.147977645372729e-11
7.521676025211141e-11
6.942939476893028e-11
6.409482467504146e-11
5.91604674127956e-11
5.460442585354843e-11
5.039720702424566e-11
4.651059027615892e-11
4.2918708864793e-11
3.960296966896827e-11
3.653876357768234e-11
3.371208766270259e-11
3.110127613144155e-11
2.868560808788758e-11
2.645609829363521e-11
2.439610099538702e-11
2.249951170186516e-11
2.074874493803603e-11
1.913361082262356e-11
1.764765893447524e-11
1.628182554775957e-11
1.501971123209843e-11
1.38505749716486e-11
1.277256080652023e-11
1.177723641296689e-11
1.085562632243803e-11
1.000741157595697e-11
9.217593100539394e-12
8.488359377127762e-12
7.818997841309838e-12
7.203496661797027e-12
6.639238126585169e-12
6.120262168632819e-12
5.644994656360601e-12
5.202079826277684e-12
4.795088414292246e-12
4.422026470316674e-12
4.074716552831131e-12
3.754122890482114e-12
3.459862503547474e-12
3.186529459387974e-12
2.934520593808818e-12
2.703331066081926e-12
2.486221204480415e-12
2.282518539771286e-12
2.099789896494264e-12
1.929048201323401e-12
1.782403688757733e-12
1.642292667367821e-12
1.513573585160282e-12
1.394602777355715e-12
1.284419164079919e-12
1.185161653847285e-12
1.091859128714207e-12
1.008944032895818e-12
9.282994509048918e-13
8.549501166912901e-13
7.889612014075521e-13
7.235350587980479e-13
6.588636290124098e-13
6.029903295564477e-13
5.501284652412712e-13
5.069599842741367e-13
4.64177047066345e-13
4.283940072024697e-13
3.972397087838058e-13
3.720185353550019e-13
3.464290921335078e-13
3.211110589921359e-13
2.985356511668655e-13
2.759908126728711e-13
2.505846260075805e-13
2.281256632517834e-13
2.046012015894506e-13
1.856468649267735e-13
1.6797183680948e-13
1.515007175955886e-13
1.355353244145091e-13
1.235501461512931e-13
1.171325435878107e-13
1.152218437463066e-13
1.124012186205871e-13
1.056890793532011e-13
9.349578648058747e-14
8.712869625121338e-14
8.086478467012817e-14
7.676114047997934e-14
6.911827005051361e-14
6.106712423214283e-14
5.438474563698482e-14
4.657732372578567e-14
3.717991713555431e-14
2.662864046785399e-14
2.496241866083313e-14
2.646399343066668e-14
2.845869585568234e-14
3.199038294615925e-14
3.387468588563779e-14
3.556269768098836e-14
3.349893454886721e-14
3.305301155821134e-14
2.89537792851347e-14
2.39978688054955e-14
1.732310439583868e-14
7.540436046869651e-15
3.427121412753569e-15
1.68891387506469e-15
1.068525137534376e-15
3.53554271911492e-15
4.89623871176948e-15
8.319390526897298e-15
1.065922053316266e-14
1.499973555517158e-14
1.662403626472041e-14
1.723270528224054e-14
1.503522868648426e-14
1.169199363512426e-14
4.636679075982688e-15
1.412306474556229e-15
-1.191990773539364e-15
-2.880679611764581e-15
-4.99170623310201e-15
-3.007047285367114e-15
-3.899721405277225e-15
-5.319082548199217e-16
3.008932450944739e-15
5.773906827290988e-15
7.943153353104781e-15
1.004552229013744e-14
1.046589910938218e-14
6.883641945392056e-15
2.926102676969368e-15
-2.243377382779078e-15
-3.898562959408419e-15
2.647695355186321e-16
6.767488186101193e-16
-5.374634681318607e-16
-8.053448887731512e-16
-1.239838444186932e-15
-4.490045895136002e-15
-4.794228633495393e-15
-1.513437976355598e-15
2.1503320975941e-15
4.764115401253569e-15
6.077489995410002e-15
7.253499202642526e-15
3.992373274060938e-15
5.314266261956846e-15
4.276778271371301e-16
-1.589633450561313e-15
-2.792787861958376e-15
-3.467669246920235e-15
-6.410008209142298e-15
-4.049879781238741e-15
-1.156102223526806e-15
2.674961344604871e-17
2.704413315765479e-15
1.575619688803508e-15
2.562957368084055e-15
3.324991261822844e-15
2.683585816210168e-15
-2.052025674603434e-15
-1.737285685221021e-15
-1.173936173646482e-15
4.65077450622755e-16
4.099337979319859e-15
3.623563291219429e-15
3.990676086610805e-16
-1.124586804333563e-15
3.603411063026172e-17
-2.974754441339486e-16
-1.011364861249093e-15
-2.961068365954055e-15
-6.824820845142036e-15
-1.085128719411823e-14
-6.644835793926113e-15
2.326314899300302e-15
7.977142513356145e-15
1.072269123977776e-14
1.21140249816572e-14
9.186265605167807e-15
4.135507299826855e-15
-6.441227191452125e-16
-7.487136893651116e-15
-1.069381156296296e-14
-7.519457351007146e-15
-7.949628863788095e-15
-5.378112262484049e-15
-2.658957689364778e-15
2.145131395414423e-15
4.013814813722322e-15
1.409332240180731e-15
4.440080841868033e-15
7.295609104986127e-15
9.991763112215557e-15
8.356758600378054e-15
3.234669002733698e-15
2.397638086474167e-16
-4.567925177316989e-15
-5.204413450152082e-15
-1.192309113143496e-14
-9.740027164377644e-15
-6.560594849504196e-15
-4.591535068394791e-15
-7.36350682158181e-16
5.263456815273255e-15
7.455327727732927e-15
7.105942920597981e-15
4.665724111781143e-15
3.958751428899242e-15
6.720578892889584e-15
6.536155947101253e-15
5.202339052088732e-15
6.805948695988326e-16
-7.814721940232631e-15
-1.372776035422152e-14
-1.30276932203833e-14
-1.167971668078955e-14
-7.507711920554761e-15
5.24539545750728e-16
6.943589504833274e-15
1.224514913579019e-14
1.185770843179035e-14
9.710559807230386e-15
5.423520961312094e-15
3.591547842936236e-15
-5.847017377669353e-16
-4.456024252007081e-15
-7.374675218300038e-15
-9.312185520368516e-15
-4.663971967532517e-15
-4.395802853529015e-15
-2.37403084217077e-15
2.262172467283623e-16
-7.775168666807382e-16
2.909794639993984e-15
3.265019115507872e-15
2.380041891854007e-15
2.440868567338546e-15
4.293168955064879e-15
6.898899814040875e-15
4.970128228763409e-15
2.294869526339476e-15
1.431558523249462e-15
-4.040860468435956e-15
-8.708661794891912e-15
-9.89694916774266e-15
-6.530057185212325e-15
-5.21961709584405e-15
-3.872093520768632e-15
9.65803163846899e-16
6.684575580545614e-15
9.052885431361935e-15
1.05693792755567e-14
6.169820827597766e-15
2.993436409966459e-15
-6.512005001597104e-16
-4.792919124676605e-15
-5.03755153653075e-15
-6.931656062720578e-15
-6.528796075203866e-15
-2.661712559994823e-15
4.327559882485289e-16
4.160121523839153e-15
1.758601750704035e-15
1.817088996049309e-15
-8.661531534972887e-16
-2.425369724454509e-16
7.967280176718861e-16
2.01468598430566e-15
5.123081214790214e-15
4.718112140781528e-18
-2.488908758205728e-15
-1.400679801509131e-15
-1.242675692764735e-15
-1.002835875000369e-15
1.15064845571022e-15
1.485817428469263e-15
-2.319244974433272e-15
-4.529854852875124e-15
-2.949125090296561e-15
-4.240107675432061e-16
3.341990709652465e-15
5.187372506628043e-15
1.213504285894414e-15
2.466525208315091e-15
4.992115140669311e-16
-3.045082559733915e-15
-4.979585549433287e-15
-2.989027939525306e-15
