-1.030079669815361e-12
-6.14145704446683e-13
-3.686314193240245e-13
-2.228681177403262e-13
-1.366155976002552e-13
-8.509745308657286e-14
-5.412590125022932e-14
-3.55527665116767e-14
-2.433528393154816e-14
-1.767715910859635e-14
-1.402696192168829e-14
-1.169468160903375e-14
-1.020701343767461e-14
-9.325738911094134e-15
-8.901544888829879e-15
-8.57815215640165e-15
-8.35699803457042e-15
-8.711500645707891e-15
-8.815460787998907e-15
-9.07184561134521e-15
-9.74876538194082e-15
-9.982242772188495e-15
-1.250536679378379e-14
-1.316933845227404e-14
-1.409795212026322e-14
-1.446965016818414e-14
-1.508147239308535e-14
-1.354280675836368e-14
-1.169160019038319e-14
-5.90015638219345e-15
1.786039116475496e-15
1.521018567698951e-14
3.489345577374348e-14
6.151889854952395e-14
1.004898773001096e-13
1.517976393745063e-13
2.208926874307967e-13
3.131470788087963e-13
4.365440335123713e-13
5.995161208845269e-13
8.157109814938753e-13
1.099843765360434e-12
1.476086456196043e-12
1.972340244110632e-12
2.6262154471199e-12
3.487506920402354e-12
4.618885314903226e-12
6.10264448088429e-12
8.044812639100328e-12
1.057914911024289e-11
1.388027375959766e-11
1.816586467786951e-11
2.371803176617155e-11
3.088670757532327e-11
4.012141760658378e-11
5.198346744152267e-11
6.718328733785905e-11
8.660771821105411e-11
1.11369390317602e-10
1.428567307437854e-10
1.827998065224337e-10
2.33347712254415e-10
2.971637639102228e-10
3.775467250202867e-10
4.785609900355909e-10
6.052139260574086e-10
7.636556164310337e-10
9.614234447858147e-10
1.207734887685439e-09
1.513839528156305e-09
1.893433608162286e-09
2.363160210618171e-09
2.943200476775791e-09
3.657973840463458e-09
4.536970076333275e-09
5.615729640204654e-09
6.936998137208852e-09
8.552089884631796e-09
1.052248318476212e-08
1.292169478578015e-08
1.583747033123232e-08
1.937434263675255e-08
2.365661619311193e-08
2.883183469544666e-08
3.507481119949915e-08
4.259230057254623e-08
5.162840183576923e-08
6.247080227818436e-08
7.545797198545814e-08
9.098744781006082e-08
1.095253495661139e-07
1.316172902602579e-07
1.579008654321112e-07
1.891199319926432e-07
2.261408851194191e-07
2.699711983919592e-07
3.217804968585917e-07
3.829244490940741e-07
4.549718446272181e-07
5.397351733314998e-07
6.393051358277517e-07
7.560894907300131e-07
8.928567358935e-07
1.052785221384874e-06
1.23951823086701e-06
1.457225654717202e-06
1.710672907807565e-06
2.005297836400979e-06
2.347296402724891e-06
2.743717983643269e-06
3.202571213740948e-06
3.732941340319135e-06
4.345120149362204e-06
5.050749575120241e-06
5.862980195032626e-06
6.796645879004495e-06
7.868455942285688e-06
9.097206220838804e-06
1.050401058962193e-05
1.211255449939179e-05
1.394937219284246e-05
1.604414935316673e-05
1.843005298596705e-05
2.114409043841501e-05
2.422749949434446e-05
2.77261715760357e-05
3.169111012201291e-05
3.617892636737745e-05
4.125237499683648e-05
4.698093184462987e-05
5.344141587755722e-05
6.07186577833049e-05
6.890621750143161e-05
7.810715303237624e-05
8.84348428124059e-05
0.0001000138639311425
0.0001129809283522963
0.0001274858792561103
0.0001436927494623997
0.0001617808840562633
0.0001819461316055764
0.0002044021070931364
0.0002293815260579514
0.0002571376088813766
0.00028794555757625
0.0003221041078825923
0.0003599371580513314
0.0004017954741553663
0.0004480584722622616
0.0004991360773112242
0.0005554706588150981
0.0006175390428119058
0.0006858545985584669
0.0007609693989730393
0.0008434764522760003
0.0009340120027632861
0.001033257897785972
0.00114194401686528
0.00126085075968778
0.001390811587434002
0.001532715612679704
0.001687510232066452
0.00185620379436975
0.002039868297977849
0.002239642108622457
0.002456732689569059
0.002692419335138344
0.002948055896501468
0.003225073490829877
0.003524983180739112
0.003849378613128622
0.004199938604982794
0.004578429661332611
0.004986708413992806
0.005426723964097813
0.00590052011484337
0.006410237479116995
0.00695811544404487
0.007546493979572693
0.008177815270824647
0.008854625158985031
0.00957957437363972
0.01035541953638035
0.01118502392269368
0.01207135795987454
0.01301749944603069
0.01402663347312796
0.01510205203305043
0.01624715329565888
0.01746544053633523
0.01876052070067918
0.02013610259145646
0.02159599465813745
0.02314410238280495
0.024784425241609
0.02652105323434263
0.0283581629717921
0.03030001330511394
0.03235094049891867
0.03451535293094064
0.03679772531806844
0.03920259246539062
0.04173454252884565
0.04439820980413781
0.04719826703018147
0.05013941721666271
0.05322638500143152
0.05646390753593417
0.05985672492359202
0.0634095702066315
0.06712715892315473
0.07101417825072895
0.07507527574298928
0.07931504769798774
0.08373802716122032
0.08834867159797921
0.09315135026211892
0.09815033127515642
0.1033497684669595
0.1087536879885076
0.1143659747451769
0.1201903586876672
0.1262304009798363
0.1324894801064521
0.1389707779363443
0.1456772657999699
0.1526116906259145
0.1597765611595423
0.1671741343372151
0.1748064018322983
0.1826750768373126
0.190781581130276
0.199127032450568
0.207712232266307
0.2165376539448676
0.2256034313923402
0.2349093482093841
0.244454827384628
0.2542389216090221
0.264260304215142
0.2745172608045442
0.2850076816051826
0.2957290545748941
0.306678459338608
0.3178525619437311
0.3292476104715181
0.3408594315350404
0.3526834277012923
0.3647145759720887
0.3769474272296006
0.3893761064680396
0.4019943138194795
0.414795326889195
0.4277720053783231
0.4409167970052263
0.4542217423119453
0.467678478102681
0.4812782426767098
0.4950118864736986
0.5088698851375427
0.5228423513589023
0.5369190450902537
0.551089384734733
0.5653424607899309
0.5796670508819795
0.5940516354533515
0.6084844140069976
0.6229533221473266
0.6374460495694809
0.6519500588147668
0.6664526047196616
0.6809407545085557
0.6954014084735856
0.7098213212697393
0.7241871236992756
0.7384853449591776
0.7527024352966842
0.7668247889793377
0.780838767587104
0.7947307235020756
0.8084870235724749
0.8220940728914489
0.8355383385870067
0.8488063736231498
0.8618848404904211
0.8747605347721092
0.8874204085271227
0.8998515933775374
0.9120414232960317
0.9239774569809748
0.9356474998150605
0.9470396253543679
0.9581421962395519
0.9689438845311282
0.9794336913646333
0.9896009659249112
0.999435423695861
1.008927163898019
1.018066686136201
1.026844906156417
1.035253170709094
1.04328327148754
1.050927458081402
1.058178449987461
1.065029447586076
1.071474142083286
1.077506724402308
1.083121892992495
1.088314860620709
1.093081360063368
1.097417648710747
1.101320512082517
1.104787266233665
1.107815759115875
1.110404370845049
1.112552012922718
1.114258126425469
1.115522679136535
1.11634616168462
1.116729582664949
1.116674462797826
1.116182828151625
1.115257202431433
1.113900598418087
1.112116508536008
1.109908894606712
1.107282176824093
1.104241221965882
1.100791330930318
1.096938225587297
1.092688034999608
1.088047281056868
1.083022863553497
1.077622044808347
1.071852433815805
1.065721969982857
1.059238906496633
1.052411793353421
1.045249460134591
1.037760998535029
1.029955744713907
1.021843261510831
1.013433320539163
1.004735884222725
0.9957610877950469
0.986519221334094
0.9770207118718223
0.9672761055867385
0.9572960501411752
0.9470912771751936
0.9366725850154194
0.9260508216317371
0.9152368678525611
0.9042416208930945
0.89307597820199
0.881750821671069
0.8702770022338986
0.8586653248602665
0.8469265339907562
0.8350712994112177
0.823110202603765
0.8110537235914067
0.7989122282739555
0.7866959562875129
0.7744150093812107
0.7620793403324035
0.7496987424095212
0.737282839381239
0.7248410760973243
0.7123827096266695
0.6999168009697525
0.6874522073456227
0.6749975750343968
0.6625613327794543
0.6501516857427149
0.6377766100303291
0.6254438477823868
0.6131609028008386
0.6009350367163134
0.5887732656761342
0.5766823575505103
0.5646688296468202
0.5527389469191616
0.5408987206790096
0.529153907773922
0.5175100102149964
0.5059722752399138
0.4945456958034314
0.4832350114978654
0.4720447098692195
0.4609790281109814
0.4500419551192817
0.4392372338923251
0.4285683642665093
0.4180386059629396
0.4076509819297175
0.3974082819628859
0.3873130665872461
0.3773676711885631
0.3675742103711562
0.3579345825255675
0.3484504745896764
0.3391233669838626
0.3299545387085879
0.3209450725846109
0.3120958606261142
0.3034076095309387
0.2948808462662575
0.2865159237373658
0.278313026523281
0.2702721766686257
0.2623932395184924
0.2546759295814704
0.2471198164126575
0.2397243305005608
0.2324887691494233
0.2254123023455301
0.2184939785924327
0.2117327307047133
0.2051273815526892
0.1986766497566919
0.1923791553216396
0.1862334251957412
0.1802378987436708
0.1743909331307954
0.1686908086192724
0.163135733769343
0.1577238505333489
0.152453239235571
0.1473219234364751
0.1423278746833715
0.1374690171431393
0.1327432321078934
0.1281483623688811
0.1236822164590303
0.11934257276702
0.1151271835207307
0.1110337786345152
0.1070600694185654
0.1032037521510451
0.09946251151526872
0.09583402390179348
0.09231596057419575
0.08890599070009586
0.08560178424714984
0.08240101474506022
0.07930136191501065
0.07630051416887962
0.0733961709814992
0.07058604513610116
0.06786786484435831
0.06523937574342618
0.06269834277318739
0.06024255193744399
0.0578698119502267
0.05557795576909271
0.05336484201838278
0.05122835630654888
0.04916641244183999
0.04717695354780022
0.04525795308087585
0.04340741575338691
0.04162337836559456
0.03990391055057366
0.03824711543453019
0.03665113021612749
0.03511412666784176
0.03363431156216985
0.03220992702591095
0.03083925082557593
0.02952059658719969
0.0282523139535931
0.02703278868224729
0.02586044268731141
0.02473373402800177
0.0236511568458624
0.0226112412538293
0.02161255318025252
0.02065369417096724
0.01973330115159573
0.01885004615233155
0.018002635997804
0.01718981196462907
0.01641034940924104
0.01566305736805589
0.0149467781319473
0.01426038679727816
0.01360279079559133
0.01297292940402839
0.01236977323828524
0.01179232372984441
0.01123961258921315
0.01071070125698171
0.01020468034423675
0.009720669063878416
0.00925781465422335
0.008815291796309166
0.00839230202624232
0.007988073143901446
0.00760185861910622
0.007232936996309123
0.006880611298939346
0.00654420843430768
0.00622307860010582
0.005916594693275555
0.005624151722115514
0.005345166222351239
0.005079075677851599
0.004825337946834527
0.00458343069396118
0.004352850828952573
0.004133113952193697
0.003923753807816434
0.00372432174472907
0.00353438618588042
0.003353532106147821
0.003181360519168998
0.003017487973368454
0.002861546057469939
0.002713180915635174
0.002572052772409728
0.002437835467623825
0.002310216001357096
0.002188894089151864
0.002073581727440093
0.00196400276926962
0.001859892510309529
0.00176099728518983
0.001667074074112304
0.001577890119749579
0.001493222554345814
0.001412858036955523
0.00133659240076263
0.001264230310385076
0.001195584929051557
0.001130477595545204
0.001068737510721572
0.001010201433607689
0.0009547133868089551
0.0009021243710939925
0.000852292089101088
0.0008050806778695876
0.000760360450113567
0.0007180076440506997
0.0006779041815861298
0.0006399374347211204
0.0006039999999542642
0.0005699894805210924
0.0005378082763007811
0.0005073633811255058
0.0004785661874143512
0.0004513322979087862
0.0004255813442550064
0.0004012368123688835
0.0003782258742761352
0.0003564792263168023
0.0003359309335469902
0.0003165182801046558
0.0002981816253670492
0.0002808642657796253
0.0002645123021169959
0.0002490745120385718
0.0002345022277400757
0.0002207492186125662
0.0002077715786306017
0.0001955276184166048
0.0001839777617510018
0.000173084446413725
0.0001628120291997509
0.0001531266949528731
0.0001439963694686479
0.000135390636169209
0.0001272806563636017
0.0001196390929685965
0.0001124400376067712
0.0001056589408852881
9.927254579697906e-05
9.325882407368092e-05
8.759691543143433e-05
8.22670695139877e-05
7.725059054651087e-05
7.252978445178593e-05
6.808790844975095e-05
6.39091229741217e-05
5.997844581824728e-05
5.628170843908292e-05
5.280551432342747e-05
4.953719930004451e-05
4.646479377504231e-05
4.357698672805227e-05
4.086309149538982e-05
3.831301315154943e-05
3.591721750658562e-05
3.366670160175707e-05
3.155296567414196e-05
2.956798646132301e-05
2.770419187392582e-05
2.595443689828244e-05
2.43119807130549e-05
2.277046494724612e-05
2.132389305020335e-05
1.996661068219762e-05
1.869328712246217e-05
1.749889762813628e-05
1.637870667019855e-05
1.532825207152584e-05
1.43433299581897e-05
1.341998044053379e-05
1.255447412381193e-05
1.174329926152344e-05
1.09831496343461e-05
1.02709130099065e-05
9.60366026892964e-06
8.97863507351679e-06
8.393244108054207e-06
7.845047828204983e-06
7.331751732280129e-06
6.851198083986299e-06
6.40135806916877e-06
5.980324426377485e-06
5.586304414972924e-06
5.217613243674978e-06
4.872667797248268e-06
4.549980740082258e-06
4.248154941813664e-06
3.965878214940552e-06
3.701918332207583e-06
3.455118336055888e-06
3.224392111120291e-06
3.008720199698468e-06
2.80714585258822e-06
2.618771319482868e-06
2.442754323643804e-06
2.278304749421352e-06
2.12468154991405e-06
1.981189770176742e-06
1.847177797399727e-06
1.722034736279392e-06
1.605187948917357e-06
1.496100750203676e-06
1.394270214440373e-06
1.299225110091843e-06
1.210523984415806e-06
1.127753327561719e-06
1.050525859483204e-06
9.784789310887103e-07
9.112729982881324e-07
8.485901755109977e-07
7.901329225523881e-07
7.356227697421754e-07
6.847991326041609e-07
6.374181900975756e-07
5.932518572978503e-07
5.520867680047076e-07
5.137233825236238e-07
4.779751026535018e-07
4.446674537456912e-07
4.136373173168178e-07
3.847322338813549e-07
3.57809695194231e-07
3.327365244124315e-07
3.093882936988366e-07
2.876487444951425e-07
2.674092752923309e-07
2.485684562375173e-07
2.3103155089349e-07
2.147101047552107e-07
1.995215271533694e-07
1.853887122012811e-07
1.722396901562704e-07
1.60007297953264e-07
1.486288523542507e-07
1.380458712427654e-07
1.282037875653963e-07
1.190516892114174e-07
1.105421115847797e-07
1.026307744133548e-07
9.527637816105934e-08
8.844043043091257e-08
8.208703907452633e-08
7.618274927302934e-08
7.069638214397765e-08
6.559886918556561e-08
6.086314276167609e-08
5.646396308933558e-08
5.23778254587803e-08
4.858284124074518e-08
4.505861268136715e-08
4.178615995595181e-08
3.874778233805741e-08
3.592702023219861e-08
3.33085455470024e-08
3.087809135052289e-08
2.862237442912331e-08
2.652903941996077e-08
2.458657770599046e-08
2.278429488000212e-08
2.111223616250378e-08
1.956113330239569e-08
1.812238220744319e-08
1.678796903653578e-08
1.555044963334909e-08
1.440289074444367e-08
1.33388488926364e-08
1.235233850989791e-08
1.143778972886161e-08
1.059004145666002e-08
9.804282106000746e-09
9.076046158543095e-09
8.401188162839507e-09
7.775847897845864e-09
7.196452879861509e-09
6.659667758418338e-09
6.162404991397984e-09
5.701796343964572e-09
5.275175034601138e-09
4.880075482714552e-09
4.5141944144852e-09
4.175401425922762e-09
3.861710062464862e-09
3.571294457439311e-09
3.302449476901139e-09
3.053599212743801e-09
2.823278436599464e-09
2.610126133766292e-09
2.412876311075684e-09
2.230356789038731e-09
2.061476957695396e-09
1.905235903274559e-09
1.760692459973461e-09
1.626986584328473e-09
1.503312239150577e-09
1.388933173335535e-09
1.283164166763485e-09
1.185356030560862e-09
1.094920969019325e-09
1.011307049036021e-09
9.340138004534992e-10
8.62561333714454e-10
7.965123346616492e-10
7.354665104738689e-10
6.790516012620852e-10
6.269190917821986e-10
5.787441312821748e-10
5.342301538289508e-10
4.931019591541233e-10
4.551001034044819e-10
4.199971226546743e-10
3.875769671205649e-10
3.57633930898937e-10
3.299870706978539e-10
3.044569810155262e-10
2.80885021544808e-10
2.591183662962071e-10
2.39018330311647e-10
2.204552372974304e-10
2.033228201466098e-10
1.875096997152004e-10
1.729112483001456e-10
1.594420131224106e-10
1.470117008376598e-10
1.355402138857188e-10
1.249529164737468e-10
1.151932138244371e-10
1.061838944397464e-10
9.787089480405938e-11
9.020346862710896e-11
8.313202572494946e-11
7.660973471329016e-11
7.059938084000574e-11
6.5057271944233e-11
5.994383432644447e-11
5.522608936297068e-11
5.087392979107258e-11
4.685752231200609e-11
4.315348838214443e-11
3.974376030643871e-11
3.660337607503452e-11
3.371001756481412e-11
3.104812624030291e-11
2.859920222495704e-11
2.633882796378114e-11
2.425438722079193e-11
2.233088285286399e-11
2.055616674843146e-11
1.892150385185755e-11
1.740935189649948e-11
1.60183251398061e-11
1.474030954584258e-11
1.35628478597296e-11
1.248069871106625e-11
1.148700387632424e-11
1.057233431756287e-11
9.734781664753352e-12
8.959720782217452e-12
8.245355547970386e-12
7.590531630740001e-12
6.984281703764715e-12
6.420948278351576e-12
5.901430059632506e-12
5.421275676348228e-12
4.98442217343047e-12
4.580182545177001e-12
4.209832700125006e-12
3.868693954497198e-12
3.557311176718547e-12
3.274122086814236e-12
3.013462743830712e-12
2.776436509542343e-12
2.552434137518172e-12
2.352432069858881e-12
2.163527861353599e-12
1.991710566283876e-12
1.829757692153323e-12
1.678852103681897e-12
1.53790166096964e-12
1.403759348166803e-12
1.28124135480596e-12
1.172963303419498e-12
1.078858241348384e-12
9.931430576834746e-13
9.200235228961042e-13
8.558762683825575e-13
7.9507452143017e-13
7.333023350265415e-13
6.746594512545827e-13
6.129855877011989e-13
5.584545083789665e-13
5.063188979005497e-13
4.638398837358674e-13
4.229501100104099e-13
3.8227704673379e-13
3.519021929022964e-13
3.25938099984481e-13
3.029483602291727e-13
2.802841944343908e-13
2.635246042232643e-13
2.400074027634064e-13
2.200138803074296e-13
2.017383863518703e-13
1.842520171785273e-13
1.714057478683145e-13
1.591942009746135e-13
1.495308357900126e-13
1.345232075741772e-13
1.178895276129562e-13
1.010436636339879e-13
8.795392778330729e-14
8.160732492567748e-14
7.8246738292231e-14
7.704839322397848e-14
7.113093418963578e-14
6.856568098856272e-14
6.548833990734164e-14
6.099222270713223e-14
5.252824958856174e-14
5.103905556872279e-14
4.684256443686208e-14
4.157452389684729e-14
3.67910325390591e-14
3.029679518567286e-14
2.585752353781078e-14
2.150557614605435e-14
1.613303109730887e-14
1.392743700465665e-14
1.790697113001712e-14
2.116830666276621e-14
2.339603639415419e-14
2.504497583686879e-14
2.305582248425128e-14
1.708735648268077e-14
1.174291192020211e-14
9.431153143806471e-15
8.835134720852177e-15
7.31046310722032e-15
7.212547015479323e-15
6.313942719879741e-15
6.451557163088521e-15
6.106631853477954e-15
5.518400245444869e-15
5.277639091864005e-15
4.466197514509674e-15
2.91070501837225e-15
4.974603104657775e-15
6.570482344169384e-15
8.646405783886304e-15
5.145475038440772e-15
2.796586059143065e-15
7.182056237106965e-16
9.38598673464651e-16
4.085032507221186e-15
1.962700736794291e-15
3.705761766052887e-15
2.995605508531493e-15
-1.786846763230787e-15
-4.928785500178669e-15
-3.906845398934224e-15
-5.528779859951685e-16
4.90248073858385e-15
6.755968782867196e-15
5.978769973214743e-15
7.454742194481231e-15
4.688368523189956e-15
2.135532591287678e-17
-4.388960068504704e-15
-4.088081010400397e-15
-6.298206715442408e-15
-5.765699649980932e-15
-3.985184298271494e-15
-2.905952128223028e-16
5.094185935583707e-15
7.517126434791103e-15
9.113685265388834e-15
7.210373730260913e-15
2.007407023213398e-15
2.437124764681805e-15
-1.235048010241865e-15
-4.679827943518248e-15
-9.856504006181956e-15
-1.258022431342946e-14
-1.086393901856459e-14
-3.206554479991896e-15
7.480409781609616e-15
1.29121982352491e-14
9.970016789902015e-15
7.897296715408742e-15
7.202808674237591e-15
3.126241589208215e-15
-2.039720870046248e-15
-5.49303040512832e-15
-6.73152353943616e-15
-6.72867169428545e-15
-5.626871382220962e-15
-4.410783392532665e-15
-5.112748591801949e-15
-4.525205231514348e-15
2.158923177586199e-15
6.215249695376653e-15
6.053594654202678e-15
8.134851564712914e-15
9.84326394895976e-15
7.691133709048535e-15
3.91400645117983e-15
-9.140848047920852e-16
-5.478277908695558e-15
-1.061708801828805e-14
-1.077515086138024e-14
-6.896621691029684e-15
-4.279916892881491e-15
-9.533669967625177e-16
1.916869605789462e-15
9.266718124032438e-16
2.913988701922341e-15
5.529432952932497e-15
8.691771059756211e-15
1.053797291791497e-14
7.691931326228785e-15
4.682101785028173e-15
4.979238863721447e-16
-5.050934193054358e-15
-9.412248014493772e-15
-1.087388686827522e-14
-1.109812524367762e-14
-1.305027579374679e-14
-8.71083442552618e-15
3.089935644498559e-16
9.793577665810199e-15
1.314311098023041e-14
1.532900822315643e-14
1.277087018769696e-14
5.274741720549276e-15
1.027165594605542e-15
-3.123414756923139e-15
-5.936980455361573e-15
-5.512199924076926e-15
-8.231550255582122e-15
-9.323342122865519e-15
-7.98978636073235e-15
-6.331659045466025e-15
-1.455030080117371e-15
2.786237803124172e-15
8.496842427475972e-15
7.022694534020724e-15
6.398370996223469e-15
3.427561765148707e-15
3.167346893497927e-15
1.596305808099336e-15
6.250095221095921e-15
6.469783284256272e-15
-2.481234602405288e-15
-9.413333928985225e-15
-1.267683203728364e-14
-1.209488799669225e-14
-8.825990580104079e-15
-6.624114371102421e-15
-3.236325583858062e-15
4.556060663998738e-15
1.255518717016838e-14
1.181057785029111e-14
1.414784033698665e-14
1.250608356897489e-14
8.116305499972232e-15
-1.454817650559814e-15
-9.588623652663426e-15
-1.031460754383183e-14
-1.107061466507883e-14
-1.200364436523808e-14
-1.326126648383297e-14
-7.977036471605098e-15
-1.563385576597127e-16
7.427909332597366e-15
1.426258723533912e-14
1.491254524053363e-14
1.393297890039108e-14
8.039988500732544e-15
1.886441836079828e-15
-4.706949028188476e-15
-9.55760102436419e-15
-1.208813995988279e-14
-8.888190048615128e-15
-1.633682369987367e-15
1.150456369138065e-15
-1.949729336826812e-15
-4.091913376647968e-15
-1.718348931356884e-15
2.273441125399309e-15
6.475928389030789e-15
6.837561538353402e-15
5.752169786322696e-15
7.142416234737508e-15
3.257431196774578e-15
2.737738669556341e-15
-6.695017995671104e-17
-7.896494844175272e-15
-1.134048564473814e-14
-7.842888725328334e-15
-3.61969397226734e-15
-8.236307957878454e-16
2.168207784364167e-16
5.521502326143089e-15
4.435861729050402e-15
1.954270012394594e-15
2.376159319532466e-16
2.286180649516398e-15
1.56325036838916e-15
7.721619883124148e-16
1.281891441987704e-15
3.308070092247376e-15
1.463808605445691e-15
-3.003224225831553e-15
-5.769669454339621e-15
-4.501290703045529e-15
-2.296468977404284e-15
-4.800632161814718e-15
-6.570621139217031e-15
-1.251767275824385e-15
4.197769493613062e-15
7.040651802963841e-15
9.652723240764287e-15
5.716282311629938e-15
2.160872579738634e-15
2.162985101876298e-15
3.496447796318871e-16
-1.740474060552093e-15
-4.556710318175936e-15
-6.154251641460878e-15
-7.834678993019573e-15
-6.072006469395735e-15
-4.761655545800628e-15
-9.462752603757632e-16
2.600906413461435e-15
4.816852358541242e-15
1.057197508626601e-14
8.941215559951564e-15
5.748240558428335e-15
