-6.190965185537054e-13
-3.703595477961613e-13
-2.255750530555179e-13
-1.373677315709529e-13
-8.365928963309102e-14
-5.062955272599414e-14
-3.030516358059445e-14
-1.777828992643877e-14
-9.671252402399685e-15
-4.381503231635133e-15
-1.185724100827411e-15
7.0602082992524e-16
1.933350268864168e-15
2.577887894703841e-15
2.200411294613765e-15
1.689061282163913e-15
3.821563135960507e-16
-1.882313620318969e-15
-4.201671450715036e-15
-6.630404707662847e-15
-1.092673098225301e-14
-1.612551707863774e-14
-2.225534159904994e-14
-3.106495453047006e-14
-4.16317604085967e-14
-5.621254975563962e-14
-7.731010180719662e-14
-1.055271756426493e-13
-1.44264794635639e-13
-1.97924971485192e-13
-2.718252392053861e-13
-3.731964630319055e-13
-5.138331021580851e-13
-7.063981728539425e-13
-9.677697250693819e-13
-1.32340350430271e-12
-1.805083774663812e-12
-2.453420918116009e-12
-3.322499027618566e-12
-4.48529341446729e-12
-6.033251788444253e-12
-8.087467817208924e-12
-1.080544458040853e-11
-1.439025474267991e-11
-1.910481723718363e-11
-2.528720236286622e-11
-3.337296018896068e-11
-4.391836493321704e-11
-5.763446575711119e-11
-7.542874166269713e-11
-9.84534692320081e-11
-1.281676661417403e-10
-1.664174062019103e-10
-2.155272214003174e-10
-2.784224917867279e-10
-3.587653171925035e-10
-4.611438374918099e-10
-5.912774377799485e-10
-7.562858406550351e-10
-9.650077575270959e-10
-1.22839077021054e-09
-1.559962630628992e-09
-1.976398213315756e-09
-2.498204238311829e-09
-3.150545335285499e-09
-3.964226887027234e-09
-4.976878407510003e-09
-6.234362356298773e-09
-7.792453215131618e-09
-9.718833351736677e-09
-1.209545854397113e-08
-1.502136234679208e-08
-1.861596083987444e-08
-2.302295404474578e-08
-2.841490936581729e-08
-3.499865066900776e-08
-4.302156013392311e-08
-5.277895266112503e-08
-6.462268351253754e-08
-7.897116735770556e-08
-9.632102755668862e-08
-1.172606129303807e-07
-1.424856479037872e-07
-1.728173249779037e-07
-2.092231744127408e-07
-2.528411036553813e-07
-3.050070238668654e-07
-3.672865529030327e-07
-4.41511316844325e-07
-5.298204585175405e-07
-6.347079951293698e-07
-7.590767578742702e-07
-9.062997230609018e-07
-1.080289606206431e-06
-1.285577686643794e-06
-1.527402937196061e-06
-1.811812586971751e-06
-2.145775386710099e-06
-2.537308929408304e-06
-2.995622478013939e-06
-3.531276866324313e-06
-4.156363173263431e-06
-4.884702074925922e-06
-5.732066332531947e-06
-6.716428450558884e-06
-7.858235771561378e-06
-9.180715518111024e-06
-1.071021246931013e-05
-1.247656213340751e-05
-1.451350245279938e-05
-1.685912726682171e-05
-1.955638490668302e-05
-2.265362553136093e-05
-2.620520092733902e-05
-3.027212072094206e-05
-3.492276909911586e-05
-4.023368629165011e-05
-4.629041924730171e-05
-5.318844603691297e-05
-6.10341786779866e-05
-6.994604916377621e-05
-8.005568355636335e-05
-9.150916907585279e-05
-0.0001044684191336104
-0.0001191126412475869
-0.0001356399127270199
-0.0001542688689601629
-0.0001752405094151255
-0.0001988201273704179
-0.0002252993674001426
-0.0002549984146277697
-0.0002882683197371029
-0.0003254934633918631
-0.0003670941632466022
-0.0004135294261841828
-0.0004652998478131258
-0.0005229506604701003
-0.0005870749302001134
-0.0006583169022759155
-0.0007373754950434245
-0.0008250079518483753
-0.0009220336545378923
-0.001029338084859148
-0.001147876917820351
-0.001278680246278091
-0.001422856937688612
-0.001581599117296118
-0.001756186764854328
-0.001947992414314598
-0.002158485943588355
-0.002389239442738924
-0.002641932145985341
-0.002918355408955624
-0.003220417715084582
-0.003550149688693137
-0.00390970909460661
-0.004301385801100319
-0.0047276066786252
-0.005190940410779774
-0.005694102185256722
-0.006239958236590521
-0.00683153020908961
-0.00747199930312812
-0.008164710174638873
-0.008913174546197309
-0.009721074494949076
-0.01059226537885657
-0.01153077835663243
-0.0125408224671125
-0.01362678621921498
-0.01479323865434303
-0.01604492983906091
-0.01738679073906893
-0.0188239324409818
-0.02036164466951283
-0.02200539356313354
-0.02376081866743053
-0.02563372909819733
-0.02763009884821208
-0.02975606118705192
-0.03201790212501354
-0.03442205290845014
-0.03697508150564551
-0.03968368307169388
-0.04255466935038524
-0.04559495700085231
-0.04881155483204788
-0.05221154991754244
-0.05580209260129422
-0.05959038036795142
-0.06358364058982302
-0.06778911215641799
-0.07221402597932053
-0.07686558441342488
-0.0817509395888394
-0.08687717069534442
-0.09225126025362115
-0.09788006939180043
-0.1037703122051221
-0.1099285292164199
-0.1163610600119723
-0.1230740151177918
-0.130073247163374
-0.1373643214503901
-0.1449524859668754
-0.1528426409548062
-0.1610393081261048
-0.1695465995986597
-0.1783681867043775
-0.1875072687303348
-0.1969665417321155
-0.2067481675392623
-0.2168537430414833
-0.22728426993634
-0.2380401250105633
-0.2491210311163217
-0.2605260289770899
-0.2722534499162886
-0.2843008897026837
-0.2966651835863797
-0.3093423827001382
-0.322327731962372
-0.3356156495637849
-0.349199708231922
-0.3630726183324365
-0.3772262129758633
-0.3916514352514969
-0.40633832764709
-0.4212760238361209
-0.4364527428577443
-0.4518557858307727
-0.4674715352917756
-0.4832854571826223
-0.4992821056450451
-0.5154451305966811
-0.5317572881885285
-0.5482004541886122
-0.5647556402668278
-0.5814030132940796
-0.5981219175735738
-0.6148909000527597
-0.6316877385062508
-0.6484894726139303
-0.665272438011408
-0.6820123031512494
-0.698684108928008
-0.7152623109972371
-0.731720824726764
-0.7480330729130754
-0.7641720359052565
-0.7801103036190339
-0.7958201293197051
-0.8112734860549727
-0.8264421274514835
-0.8412976506493077
-0.8558115565618994
-0.8699553070603211
-0.8837003850772742
-0.897018364023648
-0.9098809804012169
-0.92226020275011
-0.9341282962959443
-0.9454578879649349
-0.9562220341475145
-0.9663942890651485
-0.9759487722901625
-0.9848602351254609
-0.9931041261148676
-1.000656655779506
-1.00749486013011
-1.013596662701405
-1.018940934901112
-1.023507554464456
-1.027277461939983
-1.030232714906584
-1.032356539783547
-1.033633381061349
-1.034048947737512
-1.033590256894617
-1.032245674183488
-1.030004951127002
-1.026859259119537
-1.022801219953598
-1.017824932849654
-1.011925997822475
-1.005101535364331
-0.997350202379142
-0.9886722042530439
-0.9790693030848348
-0.9685448219880977
-0.9571036455096922
-0.9447522161634816
-0.9314985270334994
-0.9173521105276722
-0.9023240232655894
-0.8864268271973584
-0.8696745670161166
-0.8520827438973116
-0.8336682857073805
-0.8144495137229316
-0.7944461059973498
-0.7736790574935133
-0.7521706370866974
-0.7299443416274853
-0.7070248471575584
-0.6834379574486791
-0.6592105500272277
-0.6343705198413249
-0.6089467207917393
-0.5829689052572553
-0.5564676618093584
-0.5294743513044873
-0.5020210415344113
-0.4741404406587192
-0.4458658295857064
-0.4172309935154218
-0.3882701528397114
-0.3590178935785018
-0.329509097565557
-0.2997788725606034
-0.2698624824904993
-0.2397952780068154
-0.2096126275372016
-0.1793498490235968
-0.1490421425092202
-0.1187245237499838
-0.08843175901410689
-0.0581983012254674
-0.02805822760728395
0.001954821035240075
0.03180769925399225
0.0614678139891448
0.09090317957042296
0.1200824705782045
0.1489750724595799
0.1775511298034034
0.2057815921871103
0.2336382575144392
0.2610938127820455
0.288121872208806
0.3146970126824695
0.3407948064832673
0.3663918512428944
0.3914657971209261
0.4159953711753348
0.43996039893149
0.4633418231531311
0.4861217198129872
0.5082833112906434
0.5298109768118343
0.5506902601727344
0.5709078747902783
0.5904517061132298
0.6093108114607284
0.6274754173334954
0.6449369142730698
0.6616878493404439
0.6777219162772042
0.6930339434451388
0.707619879612744
0.7214767776906434
0.7346027765081869
0.7469970807110542
0.7586599388927454
0.7695926200432563
0.7797973884255099
0.7892774769830357
0.7980370593745428
0.8060812207602727
0.8134159274272477
0.8200479953743559
0.8259850579630491
0.8312355327168304
0.8358085873792634
0.8397141053278825
0.8429626504720594
0.8455654317350078
0.8475342671937997
0.8488815479832545
0.8496202020446547
0.8497636578183387
0.8493258079687133
0.8483209732245403
0.8467638664437883
0.8446695569527025
0.8420534352247933
0.8389311779719215
0.835318713725557
0.8312321890026165
0.826687935087165
0.8217024354816814
0.8162922940806175
0.8104742041145614
0.8042649179271023
0.7976812176098632
0.7907398865378772
0.7834576818395408
0.7758513078285767
0.7679373904418024
0.7597324526887236
0.7512528911359077
0.7425149534423275
0.7335347169527793
0.7243280683685229
0.7149106844937013
0.7052980140742084
0.6955052607290118
0.6855473669573722
0.6754389992216014
0.6651945340931379
0.6548280454593592
0.6443532927790475
0.6337837103677348
0.6231323977068124
0.612412110748102
0.6016352542012585
0.5908138747814466
0.5799596553821911
0.5690839101469756
0.5581975804183005
0.5473112315574256
0.536435050605353
0.5255788447340332
0.5147520404512802
0.5039636835382687
0.4932224397092353
0.4825365959608905
0.4719140625599486
0.4613623756310445
0.4508887003214861
0.4404998345294935
0.4302022131628175
0.4200019128776825
0.40990465726068
0.3999158224306058
0.3900404430448895
0.3802832186794426
0.3706485205382132
0.3611403984603845
0.3517625882006045
0.3425185189625439
0.3334113211584058
0.3244438343627323
0.3156186154379911
0.3069379468034968
0.298403844822953
0.2900180682880326
0.28178212697833
0.2736972902821951
0.2657645958515675
0.2579848582687324
0.2503586777068901
0.2428864485697347
0.2355683680983105
0.2284044449236519
0.2213945075467817
0.2145382127327936
0.2078350538102297
0.2012843688691138
0.1948853488399308
0.1886370454400389
0.1825383789781204
0.1765881460101385
0.170785026841046
0.1651275928629229
0.1596143137242646
0.1542435643243579
0.1490136316259389
0.1439227212820428
0.1389689640730936
0.1341504221515634
0.1294650950918247
0.1249109257439329
0.1204858058922735
0.1161875817152733
0.1120140590440422
0.1079630084203543
0.1040321699564383
0.1002192579994925
0.09652196560000552
0.09293796878438559
0.08946493063415031
0.08610050517508989
0.08284234108036703
0.07968808518898435
0.07663538584237134
0.07368189604255725
0.0708252764358385
0.06806319812659008
0.06539334532424329
0.06281341782736344
0.0603211333490857
0.05791422968835606
0.05559046675183598
0.0533476284304573
0.0511835243350918
0.04909599139600775
0.04708289533079672
0.04514213198590111
0.04327162855584343
0.04146934468469973
0.03973327345444504
0.03806144226481052
0.0364519136093639
0.03490278575214341
0.0334121933091806
0.03197830773935623
0.03059933774907301
0.02927352961532051
0.02799916743089921
0.0267745732758501
0.02559810731908308
0.02446816785411712
0.02338319127287519
0.02234165198108274
0.02134206225887285
0.02038297207002239
0.01946296882341795
0.01858067709013828
0.01773475827911833
0.01692391027437863
0.01614686703673431
0.01540239817305002
0.01468930847595683
0.01400643743640615
0.01335265873157544
0.01272687969047699
0.01212804073967767
0.01155511483133917
0.01100710685567703
0.01048305303982413
0.009982020334991602
0.009503105793812991
0.009045435939600594
0.008608166129126007
0.008190479910339969
0.007791588376549382
0.007410729518422903
0.007047167575037643
0.006700192385273018
0.006369118740570007
0.006053285740191939
0.005752056149837463
0.00546481576461829
0.005190972777198554
0.004929957151886656
0.004681220005414064
0.004444232994981187
0.004218487714125587
0.004003495096985556
0.003798784831531026
0.003603904782142804
0.003418420421933822
0.003241914275092869
0.003073985369596739
0.002914248700553567
0.00276233470443307
0.002617888744368821
0.002480570606629718
0.002350054008438635
0.002226026117161731
0.002108187080975741
0.001996249571027589
0.0018899383351387
0.001788989763035533
0.001693151463030515
0.001602181850122204
0.001515849745453492
0.001433933987045612
0.001356223051709932
0.001282514687949659
0.001212615559823819
0.001146340901519662
0.001083514182629563
0.001023966783827377
0.0009675376828505274
0.0009140731505607177
0.000863426456940281
0.000815457586822419
0.0007700329651612033
0.0007270251915922493
0.0006863127841584887
0.0006477799319554456
0.0006113162564739372
0.0005768165814482289
0.0005441807110057958
0.0005133132159019336
0.0004841232276136312
0.0004565242400666455
0.0004304339188188724
0.0004057739174832877
0.0003824697011931938
0.0003604503768478195
0.0003396485300042292
0.0003200000681889671
0.0003014440704065231
0.0002839226426626275
0.0002673807793471349
0.0002517662302100749
0.0002370293728429115
0.0002231230903551506
0.0002100026542075411
0.0001976256119060918
0.0001859516794841404
0.0001749426385325506
0.0001645622376372222
0.0001547760980760833
0.0001455516236207681
0.0001368579142363416
0.0001286656836301944
0.0001209471804273084
0.0001136761128449208
0.000106827576781138
0.0001003779871034741
9.430501208449679e-05
8.858751080745495e-05
8.320547346579035e-05
7.813996441923397e-05
7.3373067860912e-05
6.888783606870185e-05
6.466824003068779e-05
6.069912244924548e-05
5.696615292290613e-05
5.345578533746531e-05
5.015521722245754e-05
4.705235110989766e-05
4.413575774669807e-05
4.139464110122362e-05
3.881880508196308e-05
3.639862187619584e-05
3.41250018786815e-05
3.198936507834271e-05
2.998361389772879e-05
2.810010736315576e-05
2.633163659622808e-05
2.467140152287603e-05
2.31129887794165e-05
2.165035072791773e-05
2.027778555961774e-05
1.898991839934889e-05
1.778168339785169e-05
1.664830675186256e-05
1.558529058812738e-05
1.458839772156279e-05
1.365363717600326e-05
1.277725047441108e-05
1.195569867752977e-05
1.11856500716373e-05
1.046396853558402e-05
9.787702529632876e-06
9.154074649657367e-06
8.560471768582563e-06
8.004435699720855e-06
7.483654359546884e-06
6.995953421301991e-06
6.539288422000169e-06
6.111737282482911e-06
5.711493266942213e-06
5.336858304502456e-06
4.986236697266617e-06
4.658129174750028e-06
4.351127258408979e-06
4.06390798200013e-06
3.795228853364361e-06
3.543923149403497e-06
3.308895451302529e-06
3.089117421507303e-06
2.883623837080936e-06
2.691508858783429e-06
2.511922483308516e-06
2.34406721583923e-06
2.187194941473335e-06
2.0406039408507e-06
1.903636135564559e-06
1.775674443365375e-06
1.656140292321014e-06
1.54449131297302e-06
1.440219126270136e-06
1.342847285048383e-06
1.251929333313114e-06
1.167046955477929e-06
1.087808277729715e-06
1.013846229656479e-06
9.448170194176836e-07
8.803987146146639e-07
8.202898715188707e-07
7.642082800696813e-07
7.118897719143082e-07
6.630870906409669e-07
6.175688604295962e-07
5.751185528390715e-07
5.355335971936735e-07
4.986244876075963e-07
4.642139724940431e-07
4.321362575062446e-07
4.022363194637898e-07
3.743691948747343e-07
3.483993685397857e-07
3.2420015098335e-07
3.016531355380821e-07
2.806476618010174e-07
2.610803237996602e-07
2.428544991440849e-07
2.258799323658893e-07
2.100722955362055e-07
1.953528479913024e-07
1.816480383717098e-07
1.68889187430904e-07
1.570121791629997e-07
1.459571398428929e-07
1.356681939008343e-07
1.260931793024442e-07
1.171834136534153e-07
1.088934790588231e-07
1.01180993300906e-07
9.400641562322553e-08
8.733286613197485e-08
8.112594228244512e-08
7.535356349158857e-08
6.998581575128525e-08
6.4994798995112e-08
6.035450515554518e-08
5.604069229183459e-08
5.203076105002662e-08
4.830363857798598e-08
4.483969881914741e-08
4.162064464352051e-08
3.862943969082221e-08
3.585020013768855e-08
3.326813492967752e-08
3.086947640091019e-08
2.864139093469312e-08
2.657193870569624e-08
2.464998883523808e-08
2.286518748607289e-08
2.120789745554164e-08
1.966914212021284e-08
1.824056701347475e-08
1.691439268053438e-08
1.568338893119583e-08
1.454082308349661e-08
1.348042514317269e-08
1.249637394523246e-08
1.158325041195143e-08
1.073600965132376e-08
9.949960429768449e-09
9.220746840656335e-09
8.544315492682396e-09
7.916898893772107e-09
7.334989605649817e-09
6.795340146523898e-09
6.294921082094641e-09
5.830916871422714e-09
5.400710172631507e-09
5.001874583052991e-09
4.632149331131749e-09
4.289434885571451e-09
3.971783402939944e-09
3.677387003498688e-09
3.404560711449966e-09
3.151742244761753e-09
2.917485655698071e-09
2.700441798942818e-09
2.499360330284679e-09
2.31308939563434e-09
2.140553520202315e-09
1.980750881342822e-09
1.832751046263585e-09
1.69568837458051e-09
1.568768049065882e-09
1.451248198839035e-09
1.342443648323975e-09
1.241708969323007e-09
1.148449210779211e-09
1.062123672400847e-09
9.822152107845646e-10
9.08258901778049e-10
8.398120499476221e-10
7.764717952753097e-10
7.17857769470871e-10
6.636298585672037e-10
6.13456682449401e-10
5.670406323875651e-10
5.241019708520013e-10
4.843843993556056e-10
4.476544048278388e-10
4.136800987894635e-10
3.822562747854911e-10
3.531964599778435e-10
3.263259026672699e-10
3.014796849317205e-10
2.785035690172152e-10
2.572656050851688e-10
2.376300194593314e-10
2.194818726920636e-10
2.027057344738633e-10
1.87201260319215e-10
1.728738370775037e-10
1.596315844929937e-10
1.473951906297361e-10
1.360885998653565e-10
1.256436286478246e-10
1.159929765470251e-10
1.070772783998821e-10
9.884248878276795e-11
9.122880961297136e-11
8.420199831297529e-11
7.771155478896209e-11
7.17150198861017e-11
6.617881888996273e-11
6.106397069713329e-11
5.634277607587013e-11
5.197952126548452e-11
4.79551526260985e-11
4.423787342457235e-11
4.08117934735527e-11
3.765113828911134e-11
3.473182689696036e-11
3.203839222202983e-11
2.954934367423931e-11
2.725435944863169e-11
2.513065573900175e-11
2.316635091868316e-11
2.135346167423892e-11
1.968379593548342e-11
1.814366174644931e-11
1.672984720731082e-11
1.543056649911817e-11
1.422794970801943e-11
1.312062156136761e-11
1.209698893596413e-11
1.115414118447265e-11
1.028298230193832e-11
9.471000616871054e-12
8.723913473163728e-12
8.033774123900863e-12
7.396783474583819e-12
6.808647159436453e-12
6.26765471678034e-12
5.776636660523532e-12
5.328584887263496e-12
4.912446415429232e-12
4.53009750483222e-12
4.177997557518351e-12
3.856049315845709e-12
3.555945689458242e-12
3.27416916712703e-12
3.012925740958282e-12
2.768541930056633e-12
2.541433545950665e-12
2.334407714506699e-12
2.14586793611292e-12
1.971632385679848e-12
1.812231909728255e-12
1.668730559297541e-12
1.539553400980326e-12
1.425792625275913e-12
1.319110438962319e-12
1.220687349093753e-12
1.129957686154386e-12
1.043522377988358e-12
9.609633497798358e-13
8.815583771252835e-13
8.061661352843373e-13
7.326972667179776e-13
6.636991997040322e-13
6.011295320645258e-13
5.497600118247698e-13
5.093691893451629e-13
4.726875347737775e-13
4.366207872784969e-13
4.070853584652587e-13
3.836355356503926e-13
3.6026793369942e-13
3.375310166060107e-13
3.160271279608735e-13
2.915182337572452e-13
2.634763415968343e-13
2.360465300282891e-13
2.069149760192058e-13
1.816172339182173e-13
1.556545895917853e-13
1.412130350789115e-13
1.284529260943891e-13
1.200127487174818e-13
1.1627233589252e-13
1.190504938300263e-13
1.162733591960299e-13
1.142205306224174e-13
1.097225502408589e-13
1.039851931564516e-13
9.607964283707933e-14
8.552392089547649e-14
6.989606595090722e-14
5.922105827276889e-14
4.279049215987882e-14
3.06103390488023e-14
2.272819508431364e-14
1.99917492077748e-14
2.294626129064251e-14
2.820410556132019e-14
3.552736924805409e-14
3.917203238163989e-14
4.172263472999084e-14
4.458182439387956e-14
4.411728995769019e-14
3.641809615239676e-14
2.652205061556569e-14
1.979194333139698e-14
1.251322312038567e-14
7.667321526270051e-15
3.015894500467107e-15
9.351958026224163e-17
-2.428603264411975e-15
-4.500655874537731e-16
1.179837672953947e-15
5.933643423399181e-15
8.601591640331593e-15
1.456450931173621e-14
1.81771998241526e-14
2.051684327147995e-14
2.002075650592558e-14
1.887565664928026e-14
1.443505434062998e-14
6.183998079457684e-15
-1.950250167965655e-15
-5.13262262829484e-15
-9.252472818816895e-15
-1.140699007140681e-14
-8.904467162669433e-15
-2.214936530664842e-15
3.439551406336238e-15
6.782972701404906e-15
5.576342143026842e-15
4.499471058696307e-15
4.645466332161467e-15
6.502413696061266e-15
9.865367337772423e-15
1.03051779439025e-14
9.632427892524897e-15
5.499252891325091e-15
2.382901137102317e-15
-3.06009823007646e-15
-6.171653243470148e-15
-7.788389901407759e-15
-9.921470641921457e-15
-1.138352145116268e-14
-7.961967371992433e-15
-1.616722971659544e-15
6.729485474002503e-16
5.177491456187182e-15
8.967563477972888e-15
8.498089303545939e-15
1.31838760742079e-14
1.471091413189611e-14
1.22528754143948e-14
6.17102148744072e-15
-3.185451346645507e-15
-9.859018265898887e-15
-1.324393624866492e-14
-1.308502831086394e-14
-1.288671950976978e-14
-1.304979972726672e-14
-6.823477424202899e-15
-1.322138713698279e-15
2.645345448171012e-15
1.202129948723272e-14
1.831434459558709e-14
1.883795726032173e-14
1.604133373230848e-14
1.011691216003267e-14
-3.341968344879178e-16
-6.432664075047663e-15
-1.207504383041073e-14
-1.548249489167068e-14
-1.783212364896487e-14
-1.555462673078629e-14
-9.153699845966261e-15
-6.471526996200924e-16
6.010131094556436e-15
1.287971253469429e-14
1.395645483179375e-14
1.193952191897385e-14
1.077168528706843e-14
1.114666285059849e-14
4.418942234284475e-15
-2.696170993576346e-15
-1.054317419792813e-14
-1.598647852844469e-14
-1.521412400299734e-14
-7.680461447205789e-15
-5.480584776657258e-15
1.595573468883103e-15
7.215337730047836e-15
9.883336778239471e-15
8.89918006324975e-15
3.007916886130619e-15
-1.625329211532829e-15
-4.257955794712965e-16
2.031779102533823e-15
1.889509804947371e-16
1.150776193515894e-15
-2.847104192674203e-15
-4.709292603795974e-16
1.107168437203678e-15
1.391722693459797e-15
-2.377568444007836e-15
-2.892509602060847e-15
-6.199824419320212e-15
-4.558880183631433e-15
-3.897777462098767e-15
-1.557158215481275e-15
2.764106591749131e-15
2.848741099999159e-15
7.488930609155857e-15
1.0397637408439e-14
7.160490299209083e-15
2.944670188131154e-15
2.138301114579058e-15
-2.306797312802139e-15
-6.150414917755242e-15
-7.400736269451603e-15
-1.113857217052453e-14
-7.931076957511796e-15
-6.85254075208807e-15
-1.885056065833308e-15
4.191528309196445e-15
9.974471379380426e-15
9.055168013577128e-15
7.231131504131666e-15
7.064386471946548e-15
5.309439190318126e-15
-4.892550646331794e-16
-4.440740518845674e-15
-4.528173523798866e-15
-3.512704134793035e-15
-4.932155131419236e-15
-7.359016226477673e-15
-8.103907963557649e-15
-5.504587258158453e-15
-5.10928766551076e-15
-7.443439608142568e-16
9.14987828903387e-15
1.389303038717212e-14
1.50946932795452e-14
9.56378363311654e-15
6.542368974949771e-15
-1.211059975319771e-15
-5.690236777803892e-15
-1.089094880201383e-14
-1.407320079845571e-14
-1.181465219673727e-14
-1.016350953540956e-14
-4.51478934204711e-15
3.357700173493841e-15
8.335556203226983e-15
7.537927907694796e-15
1.109663779270596e-14
1.121334873881821e-14
7.764945476032362e-15
5.917581116622228e-15
2.735658132428413e-15
-4.491094103765654e-15
-1.053416655189988e-14
-1.378034608749723e-14
-1.29197379748654e-14
-1.253717240112828e-14
-5.207070847411393e-15
2.441903561437182e-15
7.327679091888571e-15
1.138292557885648e-14
1.589287307038795e-14
1.131738605794e-14
7.866249503441419e-15
1.179820079389866e-15
