-1.026252829362784e-13
-6.058446361856847e-14
-3.566675521758551e-14
-2.082591591402383e-14
-1.222388918808515e-14
-6.991396631095712e-15
-3.769870440307713e-15
-1.641029589097765e-15
-2.393749732809121e-17
1.082405904916456e-15
2.292068818116615e-15
3.345772928815622e-15
4.299574761572327e-15
5.39956660893452e-15
6.23227507997718e-15
7.265159570542467e-15
7.964146969783096e-15
8.935748128343863e-15
9.172582929268135e-15
9.58762436030584e-15
9.542266425957352e-15
9.632296526957863e-15
1.021864722036818e-14
1.12178717255368e-14
1.262907825664701e-14
1.641332242521637e-14
2.229889195966189e-14
3.204284820497533e-14
4.63658893155587e-14
6.822329962812443e-14
1.004039830431324e-13
1.450328438560795e-13
2.07697746559309e-13
2.953836108851152e-13
4.160458941456862e-13
5.799133726001056e-13
8.048862268974164e-13
1.110100576707973e-12
1.524552127051808e-12
2.083867549118918e-12
2.837599613855933e-12
3.850138453081907e-12
5.20600069228742e-12
7.01727896324372e-12
9.430685885566206e-12
1.263663788483656e-11
1.688245692597101e-11
2.248990079106188e-11
2.987659028744212e-11
3.957715347857671e-11
5.228091158847385e-11
6.887240339031228e-11
9.048242368516787e-11
1.185500664253729e-10
1.549067932880345e-10
2.018746560311165e-10
2.623870427337852e-10
3.401471837415173e-10
4.398106001980325e-10
5.672210923026571e-10
7.29689973743949e-10
9.363472790116648e-10
1.198563845896432e-09
1.530462132889869e-09
1.949550218003008e-09
2.477468678853477e-09
3.140915748741208e-09
3.972741427046919e-09
5.013279309468371e-09
6.311935228595696e-09
7.929093238351009e-09
9.938389680742403e-09
1.242942782367734e-08
1.551100070715732e-08
1.93149241101544e-08
2.400056389086078e-08
2.976020054442146e-08
3.682534452021365e-08
4.547417589871807e-08
5.604027516301716e-08
6.892286608606469e-08
8.459879054494871e-08
1.036364936903397e-07
1.267123154056658e-07
1.546294422636899e-07
1.883398973904068e-07
2.289700258571996e-07
2.778499500605931e-07
3.365475720177153e-07
4.069077296372723e-07
4.910972236488502e-07
5.916564730849622e-07
7.115586813300823e-07
8.542774627971916e-07
1.02386400328575e-06
1.225034911279212e-06
1.463272065758582e-06
1.744935854779431e-06
2.077393365286749e-06
2.469163188775249e-06
2.930078666343318e-06
3.471471545990921e-06
4.10637830087816e-06
4.849771816806467e-06
5.718820961625401e-06
6.733180747769789e-06
7.915316137381887e-06
9.29086273403005e-06
1.088902786102076e-05
1.274303577387739e-05
1.489062098625077e-05
1.737457395370922e-05
2.024334362560463e-05
2.355170161861015e-05
2.736147303485651e-05
3.174233921116862e-05
3.677271792491732e-05
4.254072683258001e-05
4.914523615074305e-05
5.669701681287174e-05
6.531999050393997e-05
7.515258818884518e-05
8.634922386278386e-05
9.908189035763131e-05
0.0001135418841270699
0.0001299416659198994
0.0001485168642679022
0.000169528429012099
0.0001932649430142315
0.0002200450982983235
0.0002502203428479007
0.0002841777042312363
0.0003223427958280387
0.000365183010903958
0.0004132109091599
0.0004669877995843649
0.000527127522580625
0.0005943004332708434
0.0006692375867993431
0.0007527351263607842
0.0008456588846289391
0.0009489492027439726
0.001063625953190334
0.0011907937498686
0.001331647343723788
0.001487477203659979
0.001659675275173944
0.001849740901110274
0.002059286890734111
0.002290045720207672
0.00254387584822507
0.002822768126711753
0.003128852281588692
0.003464403440401935
0.003831848676084251
0.004233773537699962
0.004672928534976645
0.005152235537810196
0.005674794055445388
0.006243887349668995
0.006862988339937742
0.007535765253732086
0.008266086968889612
0.009058028001139421
0.00991587307668142
0.01084412123642906
0.011847489413669
0.01293091541944703
0.014099560280914
0.01535880986112282
0.01671427570018348
0.01817179501296567
0.01973742977050153
0.02141746480965032
0.02321840489416127
0.02514697066787758
0.02721009343675865
0.02941490870852249
0.03176874844432559
0.03427913194942025
0.03695375535546341
0.03980047964386797
0.04282731715134085
0.04604241653394771
0.04945404613242758
0.05307057571757124
0.05690045659099599
0.06095220000638821
0.06523435392288861
0.06975547806157351
0.07452411728342731
0.07954877330275247
0.08483787473735903
0.09039974555644729
0.09624257193539228
0.1023743675857158
0.1088029376228054
0.1155358410189135
0.1225803517621262
0.1299434187746885
0.1376316247145369
0.1456511437761991
0.1540076985893331
0.1627065163998116
0.1717522846306513
0.1811491060028416
0.1909004533840068
0.2010091245079396
0.2114771968060097
0.2223059824861082
0.2334959840895986
0.2450468507357365
0.2569573352278812
0.2692252523060429
0.2818474382026666
0.2948197117648547
0.3081368373747023
0.321792489850192
0.3357792216276799
0.350088432383703
0.3647103413716223
0.3796339627010843
0.3948470837214799
0.4103362468001014
0.4260867346223368
0.4420825592667623
0.4583064552476839
0.4747398766389304
0.4913629985312679
0.5081547228864097
0.5250926889800349
0.5421532885590621
0.559311685756041
0.5765418419491668
0.59381654553563
0.6111074467233026
0.628385097372709
0.6456189958318955
0.6627776368565901
0.6798285664739214
0.6967384417886971
0.7134730956544421
0.7299976060469402
0.7462763701413155
0.7622731828138588
0.7779513194105797
0.7932736225894766
0.8082025930435057
0.8227004841164599
0.8367293997701312
0.8502513951843083
0.8632285797072483
0.8756232229553444
0.8873978657227717
0.8985154330628079
0.9089393441962706
0.9186336187445237
0.9275629855595398
0.935693000624279
0.9429901671821577
0.9494220506864196
0.9549573878368307
0.9595661944314064
0.9632198742457007
0.9658913264761024
0.9675550500604782
0.9681872443987535
0.9677659065627393
0.9662709248985234
0.9636841683897911
0.9599895713588968
0.9551732131393176
0.9492233923631187
0.9421306956448928
0.9338880602425477
0.9244908304426126
0.9139368073993926
0.9022262921344367
0.8893621215558944
0.8753496972182363
0.8601970066959482
0.8439146374259829
0.8265157828560631
0.808016240876901
0.7884344044156835
0.7677912442092131
0.7461102837548291
0.723417566420644
0.6997416148236768
0.6751133825186881
0.6495661981595369
0.623135702277234
0.5958597768091309
0.567778467620186
0.5389339002091731
0.5093701888853763
0.4791333396931673
0.4482711473621134
0.4168330866398788
0.3848701983211391
0.3524349703538906
0.3195812144051146
0.2863639382737422
0.2528392145869915
0.2190640461822646
0.1850962286195786
0.1509942102715846
0.1168169504424237
0.08262377598614744
0.04847423687309614
0.01442796117237157
-0.01945549008453685
-0.05311676769567605
-0.08649687827627837
-0.1195373269895718
-0.1521802585755278
-0.1843685962424841
-0.2160461779903651
-0.2471578899562435
-0.2776497963736632
-0.3074692657643014
-0.3365650929931169
-0.3648876168280146
-0.3923888326858653
-0.4190225002368984
-0.4447442455811004
-0.4695116577263111
-0.4932843791102877
-0.5160241899618631
-0.537695086279199
-0.5582633512528447
-0.5776976199803027
-0.595968937337535
-0.6130508089322024
-0.6289192450330353
-0.6435527974260218
-0.6569325891676681
-0.6690423372216956
-0.6798683680227197
-0.6893996259859725
-0.6976276750445476
-0.7045466933021941
-0.7101534608899628
-0.7144473411721205
-0.7174302554357385
-0.7191066512552194
-0.7194834647194002
-0.7185700767033977
-0.716378263422608
-0.712922141486022
-0.7082181077145228
-0.7022847739851807
-0.695142897357962
-0.686815305785447
-0.6773268196790661
-0.6667041696442435
-0.6549759106899412
-0.6421723332104958
-0.6283253710709015
-0.6134685070973029
-0.5976366763050044
-0.5808661671830304
-0.5631945213408497
-0.5446604318473861
-0.5253036405632869
-0.5051648347842088
-0.4842855435005313
-0.462708033567384
-0.4404752060905089
-0.4176304933007484
-0.3942177562029051
-0.370281183265166
-0.3458651903956955
-0.3210143224580763
-0.295773156560893
-0.2701862073575219
-0.2442978345670613
-0.2181521529075792
-0.19179294463361
-0.1652635748498202
-0.1386069097658891
-0.111865238041523
-0.0850801953564273
-0.05829269233004941
-0.03154284589329161
-0.004869914206932967
0.02168776479012811
0.04809283113315633
0.07430895683084593
0.1003008960712233
0.1260345316042494
0.151476917283085
0.17659631675801
0.2013622383318618
0.2257454659922658
0.2497180866493924
0.2732535136175898
0.2963265063883877
0.3189131867583221
0.3409910513735488
0.3625389807669518
0.3835372449705401
0.4039675057903191
0.4238128158444826
0.4430576144640502
0.4616877205719124
0.4796903226554342
0.4970539659421452
0.5137685369036041
0.52982524520921
0.545216603263576
0.5599364034590747
0.5739796932732688
0.5873427483544897
0.6000230437232749
0.6120192232325994
0.623331067423046
0.6339594598971102
0.6439063523442382
0.6531747283538362
0.6617685661712537
0.6696928005282704
0.676953283651088
0.6835567455612864
0.6895107538014993
0.6948236727323622
0.6995046225177444
0.703563437884785
0.7070106267572347
0.7098573288772304
0.712115274544574
0.7137967435706198
0.7149145245112519
0.7154818742550391
0.715512478061708
0.7150204101558946
0.7140200949507483
0.7125262689469037
0.7105539433648899
0.7081183675772682
0.7052349934117034
0.7019194403760377
0.6981874618420046
0.6940549122355555
0.689537715263717
0.6846518332089329
0.6794132373204291
0.6738378793325219
0.6679416641448422
0.6617404236665775
0.6552498918314649
0.6484856807932324
0.6414632583139822
0.6341979263614133
0.6267048008997397
0.6189987928610233
0.6110945902908873
0.6030066416706279
0.594749140419878
0.5863360105481944
0.5777808934293972
0.5690971356799621
0.5602977781266806
0.5513955458480447
0.5424028392586937
0.5333317262146932
0.5241939351119046
0.5150008489428685
0.505763500283505
0.4964925671777771
0.4871983698903186
0.4778908684952033
0.468579661270408
0.4592739838735695
0.4499827092551501
0.4407143482683705
0.43147705094262
0.4222786083935612
0.4131264553443699
0.4040276732154672
0.3949889937444525
0.3860168031035893
0.3771171464863241
0.3682957331362984
0.3595579417810137
0.3509088264370397
0.3423531225563742
0.3338952534858105
0.3255393372138847
0.3172891933732565
0.3091483504702583
0.3011200533151512
0.293207270627806
0.2854127027963652
0.2777387897624254
0.2701877190095296
0.262761433632931
0.2554616404701997
0.2482898182750788
0.2412472259125085
0.2343349105562493
0.2275537158717903
0.2209042901682428
0.2143870945051404
0.2080024107382093
0.2017503494901625
0.1956308580339393
0.1896437280776604
0.1837886034421862
0.1780649876191245
0.1724722511995171
0.1670096391648324
0.161676278032561
0.1564711828505071
0.15139326403244
0.146441334029407
0.1416141138319646
0.1369102392997395
0.1323282673161041
0.1278666817634379
0.1235238993156577
0.119298275046384
0.1151881078525122
0.1111916456938646
0.1073070906468932
0.1035326037719891
0.09986630979493025
0.09630630160359582
0.09285064456155009
0.08949738063970697
0.08624453236801904
0.08309010660937441
0.08003209815839965
0.07706849316855274
0.07419727240960806
0.07141641435862156
0.0687238981276397
0.06611770623169463
0.06359582720094034
0.06115625804051828
0.05879700654214064
0.05651609345140533
0.05431155449468099
0.05218144226980513
0.05012382800476999
0.04813680318908255
0.04621848108196058
0.04436699810100091
0.04258051509529387
0.04085721850765381
0.039195321430788
0.0375930645615352
0.0360487170567373
0.03456057729476353
0.03312697354696523
0.03174626456339262
0.03041684007676942
0.02913712122845283
0.02790556092027337
0.02672064409592551
0.02558088795532605
0.02448484210553182
0.02343108865202575
0.02241824223387774
0.02144495000588323
0.0205098915707694
0.01961177886464174
0.018749355998781
0.01792139906089506
0.01712671587843693
0.0163641457465779
0.01563255912351855
0.01493085729579387
0.01425797201622456
0.01361286511663433
0.01299452809739517
0.01240198169603455
0.01183427543700864
0.01129048716470219
0.01076972256143042
0.01027111465220858
0.009793823297987484
0.009337034678989707
0.008899960769653551
0.008481838806675504
0.008081930751511885
0.007699522748660652
0.007333924580787804
0.006984469121911144
0.006650511789634468
0.006331429997624518
0.006026622609134721
0.005735509392532089
0.005457530479655633
0.005192145827662008
0.0049388346850956
0.004697095062788121
0.004466443210233449
0.004246413098004271
0.004036555906674128
0.003836439522668174
0.00364564804142884
0.003463781278368756
0.003290454287869842
0.003125296890697513
0.002967953209920375
0.002818081215651641
0.002675352278790556
0.002539450733918973
0.002410073451507642
0.002286929419550185
0.002169739334658845
0.00205823520271856
0.001952159949064329
0.001851267038254948
0.001755320103440999
0.001664092585280935
0.001577367380346708
0.001494936499053908
0.001416600732926226
0.001342169331172283
0.001271459686477579
0.001204297029913671
0.00114051413486878
0.001079951029887499
0.001022454720189823
0.0009678789177984066
0.0009160837801647648
0.0008669356571029206
0.0008203068458642931
0.0007760753542590097
0.0007341246715663382
0.0006943435471001962
0.0006566257763392544
0.0006208699943491081
0.000586979476377673
0.0005548619454474236
0.0005244293867279661
0.0004955978685983392
0.000468287370144318
0.0004424216149957466
0.0004179279112363106
0.0003947369973001075
0.0003727828936371629
0.0003520027599919267
0.000332336758150299
0.0003137279199599114
0.0002961220204989432
0.0002794674561904204
0.0002637151277295053
0.000248818327659237
0.0002347326324659313
0.0002214157990142623
0.000208827665192604
0.0001969300546680879
0.0001856866855100893
0.0001750630826527854
0.0001650264939912201
0.0001555458099948143
0.0001465914867762919
0.0001381354723697073
0.0001301511362437205
0.0001226132017729361
0.0001154976817212621
0.0001087818164839841
0.00010244401506452
9.646379865412756e-05
9.082174671244705e-05
8.549944546491499e-05
8.047943870346726e-05
7.574518081432671e-05
7.128099192843652e-05
6.707201511574875e-05
6.310417556290113e-05
5.936414161122741e-05
5.583928758959528e-05
5.251765841418399e-05
4.938793579479883e-05
4.643940605814768e-05
4.366192948543695e-05
4.104591109661356e-05
3.858227283545006e-05
3.626242707381424e-05
3.407825139417987e-05
3.202206458117268e-05
3.008660380427315e-05
2.826500286853787e-05
2.655077155138296e-05
2.493777596093269e-05
2.342021984476988e-05
2.199262681931991e-05
2.06498235239237e-05
1.938692355702147e-05
1.819931223749267e-05
1.708263212177343e-05
1.60327692755556e-05
1.504584026986259e-05
1.411817978793032e-05
1.324632888628339e-05
1.242702378606279e-05
1.165718530999238e-05
1.093390885454791e-05
1.025445489572237e-05
9.616239957205494e-06
9.016828056445437e-06
8.453922616459741e-06
7.925358775391435e-06
7.429096104285849e-06
6.963211734996595e-06
6.525893805436854e-06
6.115435299293592e-06
5.730228190441522e-06
5.368757897948282e-06
5.029598045647799e-06
4.711405508318907e-06
4.41291570640882e-06
4.132938189272975e-06
3.870352399923909e-06
3.62410373421802e-06
3.393199780336028e-06
3.176706761568583e-06
2.973746193899536e-06
2.783491706524326e-06
2.605166063433461e-06
2.438038301961233e-06
2.281421094163366e-06
2.134668205492857e-06
1.997172110380807e-06
1.868361754886077e-06
1.747700420924466e-06
1.634683721466609e-06
1.528837726862519e-06
1.429717161320465e-06
1.336903718985925e-06
1.250004485486235e-06
1.168650442551278e-06
1.092495052314659e-06
1.02121291422884e-06
9.544985233165006e-07
8.92065084348846e-07
8.33643390872938e-07
7.789807848107357e-07
7.278401602120079e-07
6.799990281390272e-07
6.352486444728372e-07
5.933931817215465e-07
5.542489436257984e-07
5.176436377885512e-07
4.834156917823627e-07
4.514135882145051e-07
4.214952631334525e-07
3.935275322882287e-07
3.673855394519556e-07
3.429522601185534e-07
3.20118018421924e-07
2.987800409516034e-07
2.788420196136507e-07
2.602137246358153e-07
2.428106218071995e-07
2.265535262642005e-07
2.113682680474474e-07
1.971853845817919e-07
1.839398343866695e-07
1.715707202252547e-07
1.600210072252503e-07
1.492373152873672e-07
1.391696707656834e-07
1.297713097365409e-07
1.209984609824014e-07
1.128101630605116e-07
1.051680908704596e-07
9.803639027620761e-08
9.138151203330463e-08
8.517207123589633e-08
7.93787209987476e-08
7.397400441668297e-08
6.893225305783912e-08
6.422945794308773e-08
5.984317053585999e-08
5.575241232507432e-08
5.193756862741286e-08
4.838030431534068e-08
4.506348516977798e-08
4.197109269437922e-08
3.908816545214322e-08
3.640071216648601e-08
3.389567522416991e-08
3.156084418993831e-08
2.938481881466172e-08
2.735694601452262e-08
2.546728080255367e-08
2.370653374997183e-08
2.206602947610822e-08
2.053765964426311e-08
1.911386743825038e-08
1.778759611086325e-08
1.655224885743938e-08
1.54016794027877e-08
1.433014694714762e-08
1.333229609865219e-08
1.240312479595379e-08
1.153796555041507e-08
1.0732460167816e-08
9.982551329522761e-09
9.284445936908098e-09
8.63461248959022e-09
8.02975060452747e-09
7.466790609940067e-09
6.942861753980483e-09
6.45529222577897e-09
6.001590473061632e-09
5.579435915108599e-09
5.18665946618248e-09
4.821239717656179e-09
4.481292825480247e-09
4.165062243642967e-09
3.870913305006344e-09
3.597327182040272e-09
3.342877210153287e-09
3.106241863356602e-09
2.886185609529559e-09
2.681558153911466e-09
2.491290037518537e-09
2.314388281495347e-09
2.149921860314267e-09
1.997030990627353e-09
1.854906768757554e-09
1.72279963659165e-09
1.600011800018602e-09
1.485888788928045e-09
1.37983148373825e-09
1.281276039424722e-09
1.18969364656231e-09
1.10459565342185e-09
1.025523153397749e-09
9.520597924324408e-10
8.838111592528782e-10
8.204072591270319e-10
7.615073954793674e-10
7.068021199782033e-10
6.559930839201942e-10
6.088021675183682e-10
5.649803482060209e-10
5.242837043804802e-10
4.86493795624037e-10
4.514073571159506e-10
4.18826686262164e-10
3.88579267908498e-10
3.60496221260756e-10
3.344251031028221e-10
3.102237732165067e-10
2.877590697599252e-10
2.669062371740614e-10
2.475516493568907e-10
2.295889162497284e-10
2.129197211002894e-10
1.974531609255064e-10
1.830976064545447e-10
1.697796051515307e-10
1.574233820157446e-10
1.459623420076073e-10
1.35326147150286e-10
1.254602411727763e-10
1.163084740304191e-10
1.078172740081263e-10
9.994215647319832e-11
9.26374075408533e-11
8.586663365558719e-11
7.958450786826222e-11
7.375470321703371e-11
6.834807960047269e-11
6.33359502201637e-11
5.869018818836112e-11
5.438028712546978e-11
5.038358175614112e-11
4.668093730529877e-11
4.325109534227129e-11
4.00725204382395e-11
3.712878073098026e-11
3.439920541014004e-11
3.18683187669005e-11
2.951973555664939e-11
2.734321878103406e-11
2.532373185325694e-11
2.345187887357293e-11
2.171610130316014e-11
2.010762180162909e-11
1.861513722112581e-11
1.723422606040697e-11
1.595879927945579e-11
1.477816731459948e-11
1.368239618532405e-11
1.267333004064222e-11
1.17368825345357e-11
1.087320425543079e-11
1.006893344149453e-11
9.321734658230926e-12
8.630327601789362e-12
7.985191130110091e-12
7.387567895724932e-12
6.832617739973178e-12
6.320996948813717e-12
5.843303771894145e-12
5.402826634396924e-12
4.997595695382964e-12
4.626866464716627e-12
4.286827562337709e-12
3.976854086423237e-12
3.68800174395693e-12
3.4151690924073e-12
3.157340406025847e-12
2.920864554920608e-12
2.702383952018276e-12
2.497712230697999e-12
2.304322614814633e-12
2.126527950488532e-12
1.963167833876179e-12
1.813980325330731e-12
1.673584893668964e-12
1.550000221352422e-12
1.439767414005051e-12
1.334097058614653e-12
1.240392361332507e-12
1.14934185949829e-12
1.063673412010653e-12
9.843995662206316e-13
9.10864641770326e-13
8.415607818485212e-13
7.761795315459586e-13
7.138757849823536e-13
6.554948271513236e-13
5.996964612299497e-13
5.519316977397551e-13
5.137335632302829e-13
4.762440688771021e-13
4.428229920948552e-13
4.130110985790247e-13
3.840056438038204e-13
3.56403564239222e-13
3.326612677843221e-13
3.11649962232168e-13
2.861724853594187e-13
2.570033264658029e-13
2.357592134915628e-13
2.155383293250201e-13
2.002215196518125e-13
1.819194480813808e-13
1.691841557264941e-13
1.558087948850912e-13
1.450281089335224e-13
1.357008294610826e-13
1.247026431986703e-13
1.16356041579716e-13
1.099669105499369e-13
1.047503960762784e-13
9.71426137777224e-14
8.880251076002062e-14
8.235335216489851e-14
7.689995734525898e-14
6.623144476372473e-14
5.899869538719989e-14
5.311712762189455e-14
4.658148825570282e-14
4.310797297343385e-14
3.902422741370841e-14
3.599420037636686e-14
3.829995904846128e-14
3.959055137958129e-14
4.079261709510427e-14
3.918934470325838e-14
3.60552288033765e-14
3.022600460310014e-14
2.531291127591799e-14
1.677919875925355e-14
1.443850577318823e-14
1.078076533352531e-14
1.093590415644645e-14
1.109965792408442e-14
1.143370649412813e-14
1.389197937833033e-14
1.505193961498811e-14
1.836887512275043e-14
1.783633599927903e-14
1.854807754591872e-14
1.445558245297714e-14
1.143494531688469e-14
7.401843613721803e-15
4.546793047419508e-16
-1.707422891702624e-15
-1.890145487579761e-15
-3.850428814446287e-15
2.016850820995539e-17
2.730376695121079e-15
8.252742246246121e-15
1.285870598206747e-14
1.552262769371247e-14
1.344434759781334e-14
9.835328892825615e-15
5.042138951435935e-15
1.966171359002368e-17
4.373540374313914e-16
-4.74453527867859e-15
-7.33263323241076e-15
-7.890516079567343e-15
-6.017503679010674e-15
-7.701272434864329e-16
4.179857880421909e-15
5.081708319929801e-15
1.039105639694358e-14
1.00568152043169e-14
8.484301855654333e-15
4.371560484815194e-15
2.846689146204911e-15
1.162539815672013e-16
-3.51874696229967e-15
-4.422716006921554e-15
-5.10438441238486e-15
-5.940864851641457e-15
-3.618776138260824e-15
-1.807816986956201e-15
2.734548556047378e-15
4.590558176450761e-15
3.113206686298722e-15
4.567857082804495e-15
6.530191374865735e-15
2.906953719361366e-15
-1.237231530456184e-15
-2.336437243236043e-15
-3.124850581597006e-15
-8.093312306583815e-17
1.904802994790994e-15
3.463854413834926e-16
-1.161703807676356e-15
1.212963032079349e-15
1.353192424877086e-15
-6.557567229083519e-16
-1.747699607540094e-15
-2.574521135007197e-15
-2.446841111919972e-15
-1.671665213102519e-15
-2.793929181921279e-16
3.418720780097263e-15
3.077782619987778e-15
4.309823576122056e-15
2.878302797534935e-15
1.418766761851245e-15
3.89976725463311e-16
-3.327951121596284e-15
-3.79316529506268e-15
-4.546614280591373e-15
2.38169119994483e-15
4.817029591747559e-15
8.911025710486367e-16
-5.599771985662712e-16
-3.308063133433585e-15
-3.56227541349465e-15
-1.746222952902573e-15
-1.994002011597487e-15
-4.040584071601227e-15
9.088243760000842e-16
5.878648207704822e-15
6.567224436111451e-15
6.056779624340914e-15
2.641323396066394e-15
3.51492175100443e-15
2.551953782457433e-15
-3.113856455092909e-15
-5.285444386058091e-15
-4.503919233810699e-15
-4.222566095762685e-15
-5.019756891040959e-15
-7.851607813180235e-15
-7.398884878671581e-15
-3.810526300532643e-16
3.877065486807488e-15
