-4.263961927155975e-15
-1.710427526703999e-15
-7.754033350266278e-16
1.011664186293805e-16
1.068395043705054e-15
2.010898816275052e-15
2.806767787494969e-15
3.879395599906093e-15
4.740164058449279e-15
5.797866110983256e-15
6.771501657143521e-15
7.688151775299796e-15
8.323723340601766e-15
9.210494484190149e-15
9.712323838111052e-15
1.007772475140874e-14
9.654031273818436e-15
9.080189473268785e-15
8.035588863142945e-15
6.266695706440914e-15
4.422199943163061e-15
2.115771028920952e-15
-1.377436558978543e-15
-5.024371431036681e-15
-1.02221199648368e-14
-1.525953658700049e-14
-2.183659663347067e-14
-3.033206265451913e-14
-3.970917805697156e-14
-5.290247365635053e-14
-6.833902764792382e-14
-9.062662957618881e-14
-1.197447104362959e-13
-1.610453553909789e-13
-2.158207690320608e-13
-2.931144212869306e-13
-4.00496303541958e-13
-5.47114321207652e-13
-7.476080843607697e-13
-1.023039493840185e-12
-1.396621899058839e-12
-1.903841687290592e-12
-2.588291396898764e-12
-3.508256814267538e-12
-4.74096642726655e-12
-6.388443915616213e-12
-8.582198544023465e-12
-1.149473548374061e-11
-1.535085784127635e-11
-2.044002166087025e-11
-2.713755037008266e-11
-3.592776505362265e-11
-4.743138342836805e-11
-6.244473809434717e-11
-8.19846177616557e-11
-1.073458088487644e-10
-1.401742942522593e-10
-1.825559730215634e-10
-2.371251661752099e-10
-3.072043884247859e-10
-3.969716168096619e-10
-5.116635939830926e-10
-6.578336363802828e-10
-8.436595725904437e-10
-1.079321192927295e-09
-1.377458030255219e-09
-1.75373193285079e-09
-2.227497678909585e-09
-2.822620033402235e-09
-3.568457845254754e-09
-4.501047378699262e-09
-5.664517269969314e-09
-7.112789242697184e-09
-8.911608040843665e-09
-1.114095441424668e-08
-1.389792642047902e-08
-1.730015004821891e-08
-2.148982130781098e-08
-2.66384869105556e-08
-3.295267838973949e-08
-4.06805473497563e-08
-5.011965699475063e-08
-6.162611749918637e-08
-7.562528332169825e-08
-9.262422862510484e-08
-1.132262999686657e-07
-1.381480439486008e-07
-1.68238852743911e-07
-2.045037326677703e-07
-2.481296404323693e-07
-3.005158759861287e-07
-3.633091018806079e-07
-4.38443617266678e-07
-5.281875692485305e-07
-6.351959025531491e-07
-7.625708834042298e-07
-9.139311668302555e-07
-1.093490454693521e-06
-1.306146887282911e-06
-1.557584448107495e-06
-1.854387747736146e-06
-2.204171692556619e-06
-2.615727745374611e-06
-3.099188834967545e-06
-3.666214825238234e-06
-4.330200712531779e-06
-5.10650989341179e-06
-6.012735062102938e-06
-7.068989514431421e-06
-8.298231821269704e-06
-9.726627063714711e-06
-1.138394805481205e-05
-1.330402019790991e-05
-1.552521386903592e-05
-1.809098846287093e-05
-2.105049247410069e-05
-2.44592242439542e-05
-2.837975824632494e-05
-3.288254200557338e-05
-3.804676901685076e-05
-4.396133321216993e-05
-5.072587077183468e-05
-5.845189523965629e-05
-6.726403209633507e-05
-7.730135907119348e-05
-8.871885860111398e-05
-0.0001016889889250538
-0.0001164033806426723
-0.0001330746662723249
-0.0001519384491688622
-0.0001732554182436974
-0.0001973136149694515
-0.000224430858975287
-0.0002549573382743104
-0.0002892783697556305
-0.0003278173351676955
-0.0003710387971861754
-0.0004194517995261037
-0.0004736133542806267
-0.0005341321196530535
-0.0006016722782861436
-0.0006769576219236402
-0.000760775835427436
-0.000853982970892938
-0.0009575081131903712
-0.001072358239185065
-0.001199623267661032
-0.001340481291004831
-0.0014962039808481
-0.0016681621574108
-0.001857831512520238
-0.002066798473282077
-0.002296766189484138
-0.002549560628811081
-0.002827136758064731
-0.003131584789367862
-0.003465136466885438
-0.003830171365016643
-0.004229223171076865
-0.00466498591725314
-0.005140320128705802
-0.005658258850610837
-0.006222013511372541
-0.006834979583406014
-0.007500741992096507
-0.008223080227859763
-0.009005973111793584
-0.009853603158911499
-0.01077036049039373
-0.01176084623268162
-0.0128298753490371
-0.01398247884465192
-0.01522390527934173
-0.01655962153421775
-0.01799531276137567
-0.01953688145819548
-0.02119044560380951
-0.02296233578824827
-0.02485909128373516
-0.02688745498539428
-0.02905436716775785
-0.03136695800013325
-0.03383253875662165
-0.03645859168348436
-0.03925275845947477
-0.04222282721254222
-0.04537671805309981
-0.04872246707540418
-0.05226820881527267
-0.05602215711967044
-0.05999258442132901
-0.06418779940802341
-0.06861612306597431
-0.07328586312491821
-0.07820528689105144
-0.08338259250204796
-0.08882587863441468
-0.09454311268179988
-0.1005420974832513
-0.1068304366265611
-0.113415498410392
-0.1203043785439489
-0.1275038616495952
-0.135020381706713
-0.1428599815046072
-0.1510282712423804
-0.1595303864057613
-0.1683709450322051
-0.1775540045595091
-0.1870830183677394
-0.1969607922058538
-0.2071894406797885
-0.2177703439516055
-0.2287041048953083
-0.2399905068500486
-0.2516284722043213
-0.2636160220212727
-0.2759502368764226
-0.288627219183371
-0.3016420571640103
-0.3149887907237063
-0.3286603794546462
-0.3426486729361977
-0.35694438361596
-0.3715370624173411
-0.3864150773312031
-0.4015655952000891
-0.4169745668377836
-0.4326267157507662
-0.448505530565286
-0.464593261379612
-0.4808709202049043
-0.4973182855874198
-0.5139139116358434
-0.530635141483901
-0.5474581253417067
-0.5643578432261986
-0.5813081323821293
-0.598281719540217
-0.6152502579500927
-0.632184369252068
-0.6490536901832901
-0.6658269240370586
-0.6824718969419128
-0.6989556187725378
-0.7152443486124568
-0.7313036646555927
-0.747098538431978
-0.7625934134314203
-0.7777522876870797
-0.7925387997100558
-0.8069163175632684
-0.8208480318703577
-0.8342970543770415
-0.847226519669168
-0.8595996850618016
-0.8713800281666974
-0.8825313480609754
-0.893017876274445
-0.9028043912240489
-0.9118563290703648
-0.9201398902533356
-0.9276221462082452
-0.9342711484167765
-0.9400560374586272
-0.9449471504427897
-0.9489161263477985
-0.9519360093471025
-0.9539813500159386
-0.9550283037883672
-0.9550547262280172
-0.9540402647252261
-0.9519664462364912
-0.9488167608134188
-0.9445767404625032
-0.9392340330366217
-0.9327784708354826
-0.9252021335625067
-0.9164994054349137
-0.9066670260968932
-0.8957041351358551
-0.8836123099775524
-0.8703955969118199
-0.856060535141836
-0.8406161736401327
-0.8240740807373961
-0.8064483463452219
-0.7877555766913084
-0.7680148815771587
-0.7472478540942376
-0.7254785428595977
-0.7027334168110195
-0.6790413225867779
-0.6544334346308883
-0.6289431981085212
-0.6026062648188057
-0.5754604222824342
-0.5475455161794318
-0.5189033664048338
-0.4895776769572025
-0.4596139399555912
-0.4290593340821922
-0.3979626177548147
-0.3663740173964101
-0.3343451111256789
-0.301928708249963
-0.2691787249471384
-0.2361500565311958
-0.2028984467318362
-0.1694803543857758
-0.1359528179733051
-0.1023733184352228
-0.06879964070739319
-0.03528973442246886
-0.00190157421448258
0.03130697992821677
0.06427832182414277
0.09695523733836237
0.1292810412710573
0.1611997124700803
0.1926560267550013
0.2235956872505999
0.2539654517344064
0.283713256630282
0.3127883372759288
0.3411413441211154
0.368724454527118
0.3954914798483877
0.4213979675193458
0.4464012978579608
0.4704607753378103
0.4935377140979019
0.5155955174763194
0.5365997514060658
0.5565182114876546
0.5753209836025747
0.5929804979511786
0.6094715764142667
0.6247714731915933
0.6388599086507295
0.6517190963786329
0.6633337634371829
0.6736911638265934
0.6827810852162455
0.6905958489951886
0.6971303037513359
0.7023818122885771
0.7063502322886338
0.7090378907809978
0.7104495525680288
0.7105923828032588
0.709475903920429
0.7071119471094286
0.703514598583361
0.6987001408576984
0.6926869893054071
0.6854956242495133
0.6771485188502747
0.6676700630830327
0.6570864840761291
0.645425763114848
0.6327175496076438
0.6189930723008552
0.6042850480589299
0.588627588499821
0.57205610479828
0.5546072109607295
0.5363186258671926
0.5172290743937022
0.497378187896477
0.4768064043585644
0.4555548684824686
0.4336653319936947
0.411180054430903
0.3881417046839551
0.3645932635481719
0.3405779275379541
0.3161390141828539
0.2913198690358683
0.2661637746032131
0.2407138614021238
0.215013021337862
0.1891038235782533
0.1630284330987626
0.1368285320428184
0.1105452440376192
0.08421906159599865
0.05788977672292989
0.03159641483215428
0.005377172057761006
-0.02073064396173807
-0.04669066976115445
-0.07246753813493237
-0.09802692659207761
-0.1233356021511125
-0.1483614624580285
-0.1730735732216483
-0.1974422019711732
-0.2214388481556562
-0.2450362696090838
-0.2682085054176339
-0.29093089523448
-0.3131800950943411
-0.3349340897934625
-0.3561722019028078
-0.3768750974984792
-0.3970247886956618
-0.4166046330711399
-0.4355993300736269
-0.4539949145215259
-0.4717787472999008
-0.4889395033691197
-0.5054671571982923
-0.5213529657504705
-0.5365894491351871
-0.5511703690588501
-0.5650907052000075
-0.5783466296269464
-0.5909354793832147
-0.602855727373745
-0.614106951701785
-0.6246898035875794
-0.6346059739744665
-0.6438581589401804
-0.6524500240477661
-0.6603861677856609
-0.6676720842205277
-0.6743141249580132
-0.6803194605188165
-0.6856960412538138
-0.6904525579366816
-0.6945984021429334
-0.6981436264929983
-0.7010989048487952
-0.7034754925716724
-0.705285186960785
-0.7065402879612525
-0.7072535592035888
-0.70743818944814
-0.7071077545165073
-0.7062761797974108
-0.70495770339466
-0.7031668399705284
-0.7009183453493283
-0.6982271819276762
-0.6951084849392247
-0.6915775296197351
-0.6876496993191364
-0.683340454611901
-0.6786653034239974
-0.6736397721986016
-0.6682793781257977
-0.6625996024640309
-0.6566158649843591
-0.6503434995365509
-0.6437977307372237
-0.6369936517873634
-0.6299462034347972
-0.6226701540989525
-0.6151800811376473
-0.6074903532409159
-0.5996151139440365
-0.5915682662555161
-0.5833634583949225
-0.5750140706187863
-0.5665332031213905
-0.5579336649908857
-0.5492279641934997
-0.5404282985641951
-0.5315465477784248
-0.5225942662810686
-0.5135826771461849
-0.5045226668422619
-0.4954247808836915
-0.4862992203278349
-0.4771558390799023
-0.468004141975303
-0.4588532836158469
-0.449712067936913
-0.4405889484639747
-0.4314920292209883
-0.4224290662588457
-0.4134074697761539
-0.4044343068065428
-0.3955163044338565
-0.3866598535014113
-0.377871012783991
-0.3691555135935549
-0.3605187647921526
-0.3519658581778601
-0.3435015742135735
-0.3351303880700314
-0.3268564759555735
-0.3186837217080372
-0.3106157236193562
-0.3026558014668588
-0.2948070037264047
-0.2870721149438821
-0.279453663244735
-0.2719539279559191
-0.2645749473183352
-0.2573185262691193
-0.2501862442741698
-0.2431794631934892
-0.2362993351598888
-0.2295468104535527
-0.2229226453565191
-0.2164274099729164
-0.2100614960029016
-0.203825124454272
-0.1977183532787342
-0.1917410849210447
-0.1858930737701406
-0.1801739335032457
-0.1745831443123508
-0.169120060004251
-0.1637839149664307
-0.1585738309923632
-0.1534888239613785
-0.148527810365556
-0.1436896136775559
-0.1389729705551405
-0.134376536879921
-0.1298988936287338
-0.1255385525731789
-0.1212939618044882
-0.1171635110822058
-0.1131455370057534
-0.1092383280087287
-0.1054401291751755
-0.1017491468780617
-0.09816355324053806
-0.09468149042113609
-0.09130107472496615
-0.0880204005415484
-0.08483754411100089
-0.08175056712071434
-0.07875752013492125
-0.07585644586006678
-0.07304538224852755
-0.07032236544392823
-0.0676854325711511
-0.06513262437427177
-0.06266198770589318
-0.06027157787157074
-0.0579594608335518
-0.0557237152775746
-0.05356243454578763
-0.05147372843941388
-0.04945572489560479
-0.04750657154324192
-0.04562443714156218
-0.04380751290501502
-0.04205401371814589
-0.04036217924486418
-0.03873027493644897
-0.03715659294234624
-0.0356394529274568
-0.03417720280006414
-0.03276821935403285
-0.03141090882883937
-0.03010370739132423
-0.02884508154304111
-0.02763352845715681
-0.02646757624807666
-0.02534578417719699
-0.0242667427981725
-0.02322907404521691
-0.0222314312677941
-0.02127249921466291
-0.02035099397009442
-0.01946566284528253
-0.01861528422806261
-0.0177986673938944
-0.01701465228056842
-0.01626210922901045
-0.01553993869276961
-0.01484707091868613
-0.0141824656011641
-0.01354511151217826
-0.01293402610908517
-0.01234825512234955
-0.01178687212509929
-0.01124897808643771
-0.0107337009102797
-0.01024019496145477
-0.009767640580703998
-0.009315243589939315
-0.008882234789289839
-0.008467869447281711
-0.00807142678553069
-0.007692209459270484
-0.007329543034722271
-0.006982775464573436
-0.006651276562431512
-0.006334437477252412
-0.00603167016858264
-0.005742406883533698
-0.005466099636344753
-0.005202219691136802
-0.004950257048550928
-0.004709719936876243
-0.004480134308299128
-0.004261043340858197
-0.00405200694649555
-0.003852601285616385
-0.003662418288542477
-0.003481065184247558
-0.003308164036725243
-0.003143351289230367
-0.002986277316721795
-0.00283660598662683
-0.002694014228187949
-0.002558191610464601
-0.002428839929167361
-0.002305672802463622
-0.00218841527578952
-0.002076803435747116
-0.00197058403313272
-0.001869514115097347
-0.001773360666431626
-0.001681900259938113
-0.001594918715943715
-0.0015122107708693
-0.001433579754795796
-0.001358837277893591
-0.001287802925683549
-0.001220303963001048
-0.001156175046640677
-0.001095257946520705
-0.001037401275203927
-0.0009824602256744779
-0.0009302963172453661
-0.0008807771494664296
-0.0008337761638731998
-0.0007891724134411715
-0.0007468503395522211
-0.0007066995563515393
-0.000668614642329644
-0.0006324949390214211
-0.0005982443565170378
-0.000565771185813067
-0.0005349879176621754
-0.0005058110678556921
-0.0004781610087591076
-0.0004519618069196831
-0.000427141066623469
-0.0004036297791922257
-0.0003813621778649314
-0.0003602755981358304
-0.0003403103433596027
-0.0003214095554817127
-0.0003035190907182112
-0.0002865874000812117
-0.0002705654145621524
-0.0002554064348460912
-0.0002410660253578197
-0.0002275019125770288
-0.0002146738874308042
-0.0002025437116348074
-0.0001910750278985133
-0.0001802332737493881
-0.0001699855989872185
-0.0001603007865410357
-0.0001511491766498909
-0.0001425025942508062
-0.0001343342794318386
-0.0001266188208716682
-0.0001193320921213031
-0.0001124511906643487
-0.0001059543795906376
-9.982103183851357e-05
-9.403157690821245e-05
-8.856744989311756e-05
-8.341104279457086e-05
-7.854565803303487e-05
-7.395546399570206e-05
-6.962545264661864e-05
-6.554139900627725e-05
-6.168982253281086e-05
-5.80579502286801e-05
-5.463368147571933e-05
-5.14055544810047e-05
-4.836271429946757e-05
-4.549488232958383e-05
-4.279232725552137e-05
-4.024583735386554e-05
-3.784669410814678e-05
-3.558664709577848e-05
-3.345789003280861e-05
-3.145303803523514e-05
-2.956510591085556e-05
-2.778748754904269e-05
-2.611393624969403e-05
-2.453854605038033e-05
-2.305573397309668e-05
-2.16602231915208e-05
-2.034702701256444e-05
-1.91114335426631e-05
-1.794899120639279e-05
-1.685549493347467e-05
-1.582697309979273e-05
-1.485967511716091e-05
-1.395005963671204e-05
-1.30947833372688e-05
-1.229069030111573e-05
-1.153480192740308e-05
-1.082430734621188e-05
-1.015655435683837e-05
-9.529040795486777e-06
-8.939406384574819e-06
-8.385424979283671e-06
-7.864997241820182e-06
-7.376143661916477e-06
-6.916997980961584e-06
-6.485800939071995e-06
-6.080894367535377e-06
-5.70071557991903e-06
-5.343792051076523e-06
-5.008736421394442e-06
-4.694241722009269e-06
-4.399076884613608e-06
-4.122082462984431e-06
-3.862166626666181e-06
-3.618301336671206e-06
-3.389518738022399e-06
-3.174907760239252e-06
-2.973610874144964e-06
-2.784821067648096e-06
-2.607778942862338e-06
-2.441770002646588e-06
-2.286122068804746e-06
-2.140202874353395e-06
-2.003417730877196e-06
-1.875207385408685e-06
-1.755045979819881e-06
-1.642439089818227e-06
-1.536921912185111e-06
-1.438057544415916e-06
-1.345435350996141e-06
-1.258669441637562e-06
-1.177397203879387e-06
-1.101277953068813e-06
-1.029991630081428e-06
-9.632375943887303e-07
-9.007334752061551e-07
-8.422140936534465e-07
-7.874304333481225e-07
-7.361487001489324e-07
-6.88149397581694e-07
-6.432264776447387e-07
-6.011865522149521e-07
-5.618481181692115e-07
-5.250408572797955e-07
-4.906049580651157e-07
-4.583904833009564e-07
-4.282567789973457e-07
-4.000719048302601e-07
-3.737121189313402e-07
-3.490613740946656e-07
-3.260108431654502e-07
-3.04458501300383e-07
-2.843086876746373e-07
-2.654717304307353e-07
-2.47863582727273e-07
-2.314054614655496e-07
-2.160235459672617e-07
-2.016486609075239e-07
-1.882159819550707e-07
-1.75664788930169e-07
-1.639381972249914e-07
-1.529829267523364e-07
-1.427490757159443e-07
-1.331899087489886e-07
-1.242616697835238e-07
-1.159233841550251e-07
-1.081366873594689e-07
-1.008656726893671e-07
-9.407672351875742e-08
-8.773837374959204e-08
-8.182118053333242e-08
-7.629758227428731e-08
-7.114180167109438e-08
-6.632971259886102e-08
-6.183874659577348e-08
-5.764779976503651e-08
-5.373711876985402e-08
-5.008824127659705e-08
-4.668389929204438e-08
-4.350794337018311e-08
-4.054527026311176e-08
-3.778176272563168e-08
-3.520422098599053e-08
-3.280031299453451e-08
-3.055849699845439e-08
-2.84679971249988e-08
-2.651873769876136e-08
-2.470131137601518e-08
-2.300691573455926e-08
-2.142734193417411e-08
-1.995490991080281e-08
-1.858245434950668e-08
-1.730327337154677e-08
-1.611110779590949e-08
-1.500012034615557e-08
-1.396485450223209e-08
-1.300021074280167e-08
-1.210143654351214e-08
-1.126409529524222e-08
-1.048403814434804e-08
-9.757393678234099e-09
-9.080551079847517e-09
-8.450137917776396e-09
-7.863009306033126e-09
-7.316228584065743e-09
-6.807056159185689e-09
-6.332935539547042e-09
-5.891487478266124e-09
-5.480478464342131e-09
-5.097838006665291e-09
-4.741630094253445e-09
-4.410053773938456e-09
-4.101423558423947e-09
-3.814168449102948e-09
-3.546827973759517e-09
-3.298032658038052e-09
-3.066515756626596e-09
-2.851091838450172e-09
-2.650651282257371e-09
-2.464160746059959e-09
-2.290666128701112e-09
-2.129264262227998e-09
-1.979125648874959e-09
-1.839465403614469e-09
-1.709567032756803e-09
-1.588751009814307e-09
-1.476392505775565e-09
-1.37190384023471e-09
-1.274743748006849e-09
-1.184400252660101e-09
-1.100404956792736e-09
-1.022311900085181e-09
-9.497122013149534e-10
-8.822228879929925e-10
-8.194816645611617e-10
-7.611635424127055e-10
-7.069586267491907e-10
-6.565790055615567e-10
-6.097605945936663e-10
-5.662518277770739e-10
-5.258220419058067e-10
-4.882537254400636e-10
-4.53340348810397e-10
-4.20903647634234e-10
-3.907691261148195e-10
-3.627741011974053e-10
-3.367679811829025e-10
-3.126109860565721e-10
-2.901747201698064e-10
-2.693349899212979e-10
-2.499776096194379e-10
-2.320027971731276e-10
-2.153113266808038e-10
-1.998098987518637e-10
-1.854183982393226e-10
-1.720562888326947e-10
-1.596539304778382e-10
-1.481369117771416e-10
-1.374374002498794e-10
-1.275023031017728e-10
-1.182784385408576e-10
-1.097134654899887e-10
-1.017696253331866e-10
-9.439463757329905e-11
-8.755151762340002e-11
-8.11998990455763e-11
-7.530801138753407e-11
-6.984409334130865e-11
-6.477863799400369e-11
-6.007981634721551e-11
-5.572229716751743e-11
-5.167174199306677e-11
-4.791400887006061e-11
-4.442209647192533e-11
-4.117708696615426e-11
-3.816777584850186e-11
-3.537615281363346e-11
-3.278528315493854e-11
-3.038970147982949e-11
-2.81692422577703e-11
-2.610773980636572e-11
-2.420426594520912e-11
-2.243194117927601e-11
-2.079650080981148e-11
-1.927564002085385e-11
-1.786657784764415e-11
-1.656056291506287e-11
-1.534842137283725e-11
-1.422376866376315e-11
-1.317812795034574e-11
-1.220686613502944e-11
-1.130352872490527e-11
-1.046980869649293e-11
-9.698842326438079e-12
-8.979289290678529e-12
-8.315224157426401e-12
-7.694879091438943e-12
-7.128422300641173e-12
-6.606461802411939e-12
-6.12286680026957e-12
-5.675164962298952e-12
-5.259452811045254e-12
-4.872950055436447e-12
-4.520093605323695e-12
-4.189626238943616e-12
-3.88190913328836e-12
-3.591596115566918e-12
-3.322127072555111e-12
-3.069536659867098e-12
-2.838183376530288e-12
-2.619979597767593e-12
-2.420032231263109e-12
-2.236776163094507e-12
-2.070651475333381e-12
-1.921410125723501e-12
-1.784787999445683e-12
-1.657959370548562e-12
-1.538802749981482e-12
-1.425544947777944e-12
-1.323795660545493e-12
-1.226699187054219e-12
-1.135191243651233e-12
-1.049466103486965e-12
-9.708299284793387e-13
-8.972846961936177e-13
-8.273310480463521e-13
-7.600447627177617e-13
-6.974728970828669e-13
-6.371421406134089e-13
-5.837647187862685e-13
-5.372933878278435e-13
-4.981904573477494e-13
-4.720913601354641e-13
-4.465133733949075e-13
-4.234281891415124e-13
-4.012872710890324e-13
-3.756805718063935e-13
-3.446028172015738e-13
-3.113201573805085e-13
-2.840256065185568e-13
-2.56147962830872e-13
-2.306336559052382e-13
-2.065841211594585e-13
-1.847250055588071e-13
-1.679650827063193e-13
-1.571390196943634e-13
-1.488106579497516e-13
-1.420836214243135e-13
-1.379085800337006e-13
-1.334866448097823e-13
-1.311644838121031e-13
-1.262812811903338e-13
-1.166574225933767e-13
-1.072203524683149e-13
-9.658465924225384e-14
-8.664073670781103e-14
-7.377568590141453e-14
-5.883556432776627e-14
-4.786482892227111e-14
-4.023597523515411e-14
-3.529367294321447e-14
-3.682918578220136e-14
-3.778515935143685e-14
-4.336791585186543e-14
-4.56609874867193e-14
-4.517428123094146e-14
-4.271542719279566e-14
-3.943556786789519e-14
-3.811368303191793e-14
-3.314491257094127e-14
-2.923975180322069e-14
-2.73530836515196e-14
-2.152125170169677e-14
-1.651795617869352e-14
-1.173523663189732e-14
-8.147915967801598e-15
-8.368466727938596e-15
-5.79037293815458e-15
-5.753709720911783e-15
-2.535333796384222e-15
-9.619114562237081e-15
-9.846399428894418e-15
-1.483827734163523e-14
-1.503142766225042e-14
-1.742864744519281e-14
-1.490663583119322e-14
-1.363434628203385e-14
-1.470638892210514e-14
-1.027860393148081e-14
-6.540246483380937e-15
-5.900561840752045e-15
-2.187814215979249e-15
-8.977758514980361e-16
4.721826377966416e-15
9.612037406609976e-15
1.297808919145751e-14
1.002989414827151e-14
1.513400249740139e-15
-4.622697715665464e-15
-6.296479222523086e-15
-1.115248142009149e-14
-1.538344626450006e-14
-1.86213419745694e-14
-1.958124616839265e-14
-1.543679276519833e-14
-9.637675428237772e-15
1.363046210890787e-15
9.278764100398928e-15
1.631083254832949e-14
1.693743350008035e-14
1.556156038214654e-14
1.31853549004463e-14
9.015690890748309e-15
3.439580447487225e-15
-3.332587646711436e-15
-1.146241191061221e-14
-1.703854652742233e-14
-1.972631224888976e-14
-2.066508910815304e-14
-1.490923288881834e-14
-1.080718964563882e-14
-1.08176610924175e-15
5.212363625105187e-15
1.431256519704377e-14
1.921455275546556e-14
1.91834137895385e-14
1.819085121249218e-14
1.216734633149675e-14
4.693549070736832e-15
-1.024629883299967e-15
-7.935396466902425e-15
-1.238007780617689e-14
-1.580187523271951e-14
-1.974980270794825e-14
-1.792000138997069e-14
-1.371412350860657e-14
-6.244954578205781e-15
4.125648268031128e-15
1.376931021514188e-14
1.662425037489313e-14
1.655020904641424e-14
1.412663912253097e-14
1.240042572658736e-14
6.483328392997006e-15
2.099605244073185e-15
-7.075510929614006e-15
-1.019252130077452e-14
-9.153294753434704e-15
-1.153986864426971e-14
-1.032872889398046e-14
-8.896317288475929e-15
-6.390092722609605e-15
-3.994706169243569e-15
-1.125059121725492e-15
1.817841361458083e-15
8.56638356119474e-15
1.15338951548102e-14
1.466376762131301e-14
1.035174076716862e-14
6.129219171829738e-15
7.015513985250489e-15
3.193043041754577e-15
-3.255410619600767e-15
-1.039178973215452e-14
-1.47845471351647e-14
