-1.610908395648855e-13
-9.574616603493607e-14
-5.746976622816176e-14
-3.376578624439859e-14
-1.953487287886538e-14
-1.070339751983866e-14
-4.986096894053189e-15
-1.01615093750485e-15
2.007966900489311e-15
4.270439233728005e-15
6.261292226768612e-15
8.117714744321067e-15
1.007635292281428e-14
1.173471319540402e-14
1.334644824326256e-14
1.449236355097529e-14
1.531128112369905e-14
1.525550746476547e-14
1.454718635421902e-14
1.259992473268971e-14
9.450220497392635e-15
3.445883725798616e-15
-4.341705811579098e-15
-1.674123765032446e-14
-3.409845666847359e-14
-5.857258082031376e-14
-9.34357084618988e-14
-1.395198119456142e-13
-2.04724612889379e-13
-2.952759091821932e-13
-4.201425293534091e-13
-5.929703438017141e-13
-8.298521381417919e-13
-1.154608137862954e-12
-1.597912293289233e-12
-2.198641840819305e-12
-3.0129404611409e-12
-4.111898939195417e-12
-5.589376389283061e-12
-7.567927769535431e-12
-1.021199518777732e-11
-1.373035789722078e-11
-1.840025441673612e-11
-2.457974979257909e-11
-3.273189694526555e-11
-4.345751035719339e-11
-5.752801160147288e-11
-7.593450512511226e-11
-9.99500542063261e-11
-1.311948929481892e-10
-1.717391688543694e-10
-2.242077265622633e-10
-2.919289935955917e-10
-3.791051950217562e-10
-4.91033252725892e-10
-6.343707189267413e-10
-8.174597367745728e-10
-1.050733445465416e-09
-1.347206615690908e-09
-1.723065320337927e-09
-2.198399197508817e-09
-2.798083527416321e-09
-3.552834958494369e-09
-4.500504521502118e-09
-5.687617228168112e-09
-7.171230931281012e-09
-9.021159889773506e-09
-1.132263330481039e-08
-1.41794627569065e-08
-1.771781875085891e-08
-2.209070512586067e-08
-2.748327233462474e-08
-3.411908281954616e-08
-4.226752195414695e-08
-5.225250564418169e-08
-6.446272021252777e-08
-7.936362714672899e-08
-9.751150454994847e-08
-1.195698482905011e-07
-1.463284830939106e-07
-1.787257867047586e-07
-2.178744942484839e-07
-2.650915860961786e-07
-3.219328489052341e-07
-3.90232764342099e-07
-4.721504522083207e-07
-5.702224868624496e-07
-6.874235154146714e-07
-8.272356662996975e-07
-9.937279144560317e-07
-1.191646619401463e-06
-1.426518642393823e-06
-1.704768552091058e-06
-2.033851593476635e-06
-2.422404246058154e-06
-2.88041436780214e-06
-3.41941309979753e-06
-4.052690871729266e-06
-4.795540049870066e-06
-5.665526952025196e-06
-6.682796139864897e-06
-7.870410105788883e-06
-9.25472794189388e-06
-1.086582747587227e-05
-1.273797463345766e-05
-1.491014416113717e-05
-1.742659626253981e-05
-2.033751402326138e-05
-2.369970677383194e-05
-2.757738483368467e-05
-3.204301134667594e-05
-3.717823723001728e-05
-4.307492549500077e-05
-4.983627149454629e-05
-5.757802586700897e-05
-6.642982720024272e-05
-7.65366516300341e-05
-8.806038676213673e-05
-0.000101181537455652
-0.00011610107109737
-0.0001330424100451625
-0.0001522535789333997
-0.0001740095144366228
-0.0001986145449763077
-0.0002264050476151402
-0.0002577522890864629
-0.0002930654575403302
-0.0003327948919521977
-0.0003774355174879963
-0.0004275304911846699
-0.0004836750619185785
-0.0005465206483371494
-0.0006167791374731073
-0.0006952274055623129
-0.000782712061233588
-0.0008801544097388881
-0.0009885556351379508
-0.001109002195478196
-0.00124267142402412
-0.001390837329628346
-0.001554876607889979
-0.001736274862403932
-0.001936633002810684
-0.002157673781806618
-0.002401248461717391
-0.0026693436040707
-0.002964087962796288
-0.00328775944798567
-0.0036427921314101
-0.004031783260474709
-0.004457500249613586
-0.004922887612466093
-0.005431073790892569
-0.005985377841550089
-0.006589315929093727
-0.007246607579595905
-0.007961181642477716
-0.008737181901524921
-0.00957897228360359
-0.01049114159807052
-0.01147850774823317
-0.01254612135063371
-0.01369926868934006
-0.01494347394574363
-0.01628450062453468
-0.01772835211046814
-0.01928127128502567
-0.02094973912259515
-0.02274047220641702
-0.0246604190798499
-0.02671675536999128
-0.02891687761552815
-0.0312683957206424
-0.03377912398724114
-0.03645707064614247
-0.03931042583845466
-0.04234754799419167
-0.04557694854520587
-0.04900727495171279
-0.05264729198075935
-0.05650586121695245
-0.0605919187821587
-0.06491445122974859
-0.06948246963406024
-0.07430498184528576
-0.07939096293574008
-0.08474932385836652
-0.09038887832317319
-0.09631830796700384
-0.1025461258305068
-0.1090806382261735
-0.1159299050732119
-0.1231016987550505
-0.1306034616407984
-0.1384422623339315
-0.1466247507950902
-0.1551571124741746
-0.164045021562062
-0.1732935935734413
-0.1829073373715947
-0.1928901068422242
-0.2032450524071157
-0.2139745725382523
-0.2250802655489588
-0.2365628818097807
-0.248422276646462
-0.2606573641535861
-0.2732660721164735
-0.2862452983615921
-0.2995908687036937
-0.3132974967803961
-0.3273587460281557
-0.3417669939986013
-0.3565133993545828
-0.3715878717058171
-0.3869790445785157
-0.4026742517628252
-0.4186595072092071
-0.4349194887932253
-0.4514375260719604
-0.4681955923021492
-0.4851743009197751
-0.5023529065880253
-0.5197093110801302
-0.5372200740472755
-0.5548604288762549
-0.5726043037576305
-0.5904243479811282
-0.6082919636438303
-0.6261773427147004
-0.6440495095567925
-0.6618763689206457
-0.6796247593180648
-0.6972605118619238
-0.7147485143850143
-0.732052780817857
-0.7491365257152985
-0.7659622437146399
-0.7824917938883843
-0.7986864886756313
-0.8145071872469511
-0.8299143930680285
-0.8448683553322291
-0.8593291741269047
-0.8732569088761452
-0.8866116897503531
-0.8993538316986989
-0.9114439507664404
-0.9228430825972673
-0.9335128023979294
-0.9434153454632279
-0.9525137278676223
-0.9607718681315754
-0.9681547115876831
-0.9746283544174023
-0.9801601614839978
-0.9847188775068211
-0.9882747384073908
-0.9907995896384961
-0.9922670039474852
-0.9926523906759043
-0.9919330959678712
-0.9900884989671417
-0.9871001062997264
-0.9829516422463741
-0.9776291328931519
-0.9711209838366544
-0.9634180516062095
-0.9545137087723358
-0.9444039021809594
-0.9330872039803422
-0.920564855177294
-0.9068408014815029
-0.8919217213405601
-0.875817045884254
-0.8585389706698154
-0.8401024591118833
-0.8205252374704004
-0.7998277814217127
-0.7780332941178251
-0.7551676757892336
-0.7312594849360396
-0.706339891145337
-0.6804426197041348
-0.6536038880953507
-0.6258623345926485
-0.5972589391563419
-0.5678369368251658
-0.5376417239080691
-0.5067207572302619
-0.4751234467859389
-0.4429010421370888
-0.410106512894012
-0.3767944236947585
-0.3430208040664378
-0.308843013617886
-0.2743196030053354
-0.2395101711142586
-0.2044752189492607
-0.1692760006956551
-0.1339743724547106
-0.09863263915064542
-0.06331340010879369
-0.02807939381982013
0.007006657612261295
0.04188220382854813
0.07648502087717368
0.1107533646800255
0.1446261228187972
0.1780429641584753
0.2109444858383552
0.2432723571732894
0.2749694600176618
0.3059800251772328
0.3362497644494252
0.3657259979108826
0.3943577760852129
0.4220959966305223
0.4488935152358179
0.4747052504089503
0.4994882818895235
0.5232019424364068
0.5458079027524173
0.5672702493715874
0.5875555553128257
0.6066329433650286
0.6244741418864469
0.6410535330151961
0.6563481932556324
0.67033792637682
0.6830052886213445
0.6943356062419646
0.7043169854017427
0.7129403145405813
0.7201992592680444
0.7260902499053022
0.7306124618161101
0.7337677886793005
0.7355608089138432
0.735998745433189
0.7350914189687142
0.7328511952017627
0.7292929259379473
0.7244338846116561
0.7182936963896122
0.710894263194238
0.7022596839551476
0.6924161703853792
0.6813919586263945
0.6692172170785757
0.6559239507732082
0.6415459026296569
0.6261184519291044
0.6096785103704664
0.5922644160405407
0.5739158256587737
0.554673605441979
0.5345797209203844
0.5136771260574018
0.4920096519921778
0.4696218957421368
0.4465591091831026
0.4228670886063925
0.3985920651639479
0.3737805964818164
0.3484794597275416
0.3227355463995071
0.2965957590901548
0.2701069104748127
0.2433156247473329
0.2162682417242248
0.1890107238177343
0.1615885660588518
0.1340467093464492
0.1064294570810245
0.07878039533171795
0.05114231666279766
0.02355714772917557
-0.003934119258571837
-0.03129149111582304
-0.05847603424134421
-0.08544993109509945
-0.1121765325549742
-0.1386204061282276
-0.1647473800027929
-0.1905245829351142
-0.2159204799842707
-0.240904904116937
-0.2654490837269028
-0.2895256661106926
-0.3131087369551893
-0.3361738359040008
-0.3586979682782167
-0.380659613043939
-0.4020387271147873
-0.4228167460927242
-0.4429765815562997
-0.4625026150101703
-0.4813806886271028
-0.4995980929006158
-0.5171435513415747
-0.5340072023544287
-0.5501805784281801
-0.5656565827905384
-0.580429463664216
-0.5944947862820072
-0.6078494028092084
-0.6204914203106685
-0.632420166914773
-0.643636156318107
-0.6541410507850808
-0.6639376227895968
-0.6730297154398883
-0.681422201840164
-0.6891209435206138
-0.6961327480818922
-0.7024653261894339
-0.7081272480361487
-0.7131278993984985
-0.7174774374150306
-0.7211867462328011
-0.7242673926386599
-0.7267315817592521
-0.7285921129261053
-0.7298623358186954
-0.7305561070113322
-0.7306877470167953
-0.7302719978855648
-0.7293239814326474
-0.7278591581799337
-0.725893287115015
-0.7234423863331897
-0.7205226945952712
-0.7171506338462659
-0.7133427727585515
-0.7091157913725094
-0.7044864468760759
-0.6994715405359572
-0.6940878858060416
-0.6883522776469996
-0.6822814630952457
-0.6758921131002537
-0.6692007956348305
-0.6622239500950439
-0.6549778629888547
-0.6474786449145458
-0.639742208828794
-0.6317842496055185
-0.6236202248912633
-0.6152653372330075
-0.6067345174591368
-0.5980424092981205
-0.5892033552226545
-0.5802313835106124
-0.5711401964865579
-0.5619431599099084
-0.5526532934838022
-0.5432832624666474
-0.5338453703708718
-0.5243515527016663
-0.5148133716949701
-0.5052420120211752
-0.4956482774256901
-0.4860425882774719
-0.4764349799839538
-0.4668351022393038
-0.4572522190688895
-0.4476952096276025
-0.4381725697158579
-0.4286924139751918
-0.4192624787276054
-0.4098901254222727
-0.4005823446549936
-0.3913457607316987
-0.3821866367314433
-0.3731108800277284
-0.3641240482343677
-0.355231355547909
-0.3464376794605759
-0.3377475678035374
-0.3291652460850245
-0.3206946250929659
-0.3123393087358764
-0.304102602098004
-0.2959875196756277
-0.2879967937660406
-0.2801328829834805
-0.2723979808785664
-0.2647940246403732
-0.2573227038552985
-0.2499854693003294
-0.242783541750302
-0.2357179207799312
-0.2287893935440825
-0.2219985435167308
-0.2153457591720343
-0.208831242592133
-0.2024550179878473
-0.1962169401207777
-0.1901167026121976
-0.1841538461267992
-0.1783277664208298
-0.172637722244897
-0.167082843093675
-0.1616621367934406
-0.1563744969199244
-0.1512187100403156
-0.1461934627744734
-0.141297348672104
-0.1365288748999236
-0.1318864687350629
-0.1273684838619118
-0.1229732064701537
-0.1186988611531339
-0.1145436166046531
-0.110505591113411
-0.1065828578551514
-0.1027734499833313
-0.09907536552017154
-0.09548657204813013
-0.09200501120274021
-0.08862860296895651
-0.08535524978413618
-0.08218284045143134
-0.07910925386512939
-0.07613236255091217
-0.07325003602425341
-0.07046014397086252
-0.06776055925319042
-0.06514916074671982
-0.062623836010111
-0.06018248379348676
-0.05782301638937715
-0.0555433618311927
-0.05334146594322335
-0.05121529424660259
-0.04916283372586507
-0.04718209446080637
-0.04527111112842264
-0.04342794437947577
-0.04165068209448832
-0.03993744052373886
-0.03828636531582185
-0.03669563243936491
-0.0351634490024788
-0.03368805397475941
-0.03226771881617266
-0.0309007480167146
-0.02958547955102458
-0.02832028525233101
-0.02710357111032397
-0.02593377749684094
-0.02480937932297819
-0.02372888613128232
-0.02269084212689289
-0.02169382615159231
-0.02073645160411191
-0.01981736631013089
-0.01893525234534295
-0.01808882581461401
-0.01727683659021573
-0.01649806801219767
-0.01575133655385689
-0.01503549145520698
-0.0143494143269658
-0.01369201872751595
-0.01306224971525243
-0.01245908337883918
-0.01188152634761805
-0.01132861528417412
-0.0107994163610789
-0.01029302472364243
-0.009808563940701526
-0.009345185445309828
-0.008902067966783672
-0.008478416955625118
-0.008073464002775074
-0.0076864662546814
-0.007316705825548329
-0.006963489207871705
-0.006626146682487053
-0.006304031729165581
-0.005996520438734636
-0.005703010927773422
-0.005422922756651528
-0.005155696351757562
-0.004900792432700624
-0.004657691445099245
-0.004425892999488169
-0.004204915317096524
-0.003994294682880722
-0.003793584906450089
-0.003602356791153448
-0.003420197611850042
-0.003246710601576384
-0.003081514447439925
-0.002924242796001862
-0.002774543768383244
-0.002632079485265338
-0.002496525602020287
-0.002367570853952027
-0.002244916611867271
-0.00212827644796461
-0.002017375712224311
-0.001911951119180659
-0.001811750345150487
-0.001716531635831577
-0.001626063424312437
-0.001540123959377981
-0.001458500944070737
-0.001380991184456418
-0.001307400248448421
-0.001237542134590464
-0.001171238950655269
-0.001108320601962579
-0.00104862448924187
-0.0009919952159344833
-0.0009382843047290757
-0.0008873499231863853
-0.0008390566183088894
-0.0007932750598261323
-0.0007498817920473025
-0.0007087589940956771
-0.0006697942483991106
-0.0006328803171415402
-0.0005979149265786226
-0.0005648005589437701
-0.0005334442518060301
-0.0005037574047217533
-0.0004756555929301965
-0.000449058387916605
-0.0004238891846466188
-0.0004000750353243707
-0.0003775464894325015
-0.0003562374399185022
-0.0003360849753176817
-0.000317029237618566
-0.0002990132857361913
-0.0002819829643721529
-0.0002658867781209656
-0.0002506757706535248
-0.000236303408775075
-0.000222725471242763
-0.0002098999421330521
-0.0001977869086373856
-0.0001863484631258413
-0.0001755486093430329
-0.000165353172530825
-0.0001557297134388286
-0.0001466474459695683
-0.0001380771583967492
-0.0001299911379919903
-0.0001223630989816321
-0.0001151681136002763
-0.0001083825462674275
-0.0001019839906511621
-9.59512095578618e-05
-9.02640775115488e-05
-8.490352595513666e-05
-7.98514909130801e-05
-7.509086307571787e-05
-7.060544015879822e-05
-6.637988147480112e-05
-6.239966460855239e-05
-5.86510441263171e-05
-5.512101220508301e-05
-5.179726113722035e-05
-4.866814757865989e-05
-4.572265854535517e-05
-4.295037900060563e-05
-4.034146099292719e-05
-3.788659432270433e-05
-3.557697860993949e-05
-3.340429669881363e-05
-3.136068940615268e-05
-2.943873148996267e-05
-2.763140879234205e-05
-2.593209652275569e-05
-2.433453863705387e-05
-2.283282822490682e-05
-2.142138888805289e-05
-2.009495705834889e-05
-1.884856521263211e-05
-1.767752594006039e-05
-1.657741679944261e-05
-1.55440659864542e-05
-1.457353870905586e-05
-1.366212426114054e-05
-1.280632381512027e-05
-1.200283876028207e-05
-1.124855974687876e-05
-1.054055622107245e-05
-9.876066561350388e-06
-9.252488701599556e-06
-8.667371255076237e-06
-8.118405122993318e-06
-7.603415550887701e-06
-7.1203546284039e-06
-6.667294131430744e-06
-6.242418770319324e-06
-5.844019815220623e-06
-5.470489056845937e-06
-5.120313119050219e-06
-4.79206803964608e-06
-4.484414193466201e-06
-4.196091447179536e-06
-3.925914602051341e-06
-3.672769085147255e-06
-3.435606903695728e-06
-3.21344275685868e-06
-3.005350433247269e-06
-2.810459386433062e-06
-2.627951465390037e-06
-2.45705789318051e-06
-2.297056354643953e-06
-2.147268283112518e-06
-2.00705630162674e-06
-1.875821783254406e-06
-1.753002570059356e-06
-1.638070817495077e-06
-1.530530973767711e-06
-1.429917838615812e-06
-1.335794775498822e-06
-1.247751997211403e-06
-1.165404973671969e-06
-1.088392897420822e-06
-1.016377281234096e-06
-9.49040606318672e-07
-8.860850667863308e-07
-8.272313697760493e-07
-7.722176110353326e-07
-7.207982381677176e-07
-6.727430444293039e-07
-6.278362293096112e-07
-5.858755392638376e-07
-5.466714143495093e-07
-5.100462301238702e-07
-4.758335614630985e-07
-4.438774912723028e-07
-4.140319601736628e-07
-3.861601644667389e-07
-3.601339850995991e-07
-3.358334483680226e-07
-3.131462098662466e-07
-2.91967094646797e-07
-2.721976466915612e-07
-2.537456997093575e-07
-2.365250061778094e-07
-2.204548365865477e-07
-2.054596577203791e-07
-1.914688033866159e-07
-1.784161529893932e-07
-1.662398660020221e-07
-1.548820875132019e-07
-1.442887270390701e-07
-1.344091817129976e-07
-1.251961541057493e-07
-1.166054075346441e-07
-1.085955916093459e-07
-1.011280636711622e-07
-9.416668980811488e-08
-8.767771127254469e-08
-8.162957582105015e-08
-7.599280477509882e-08
-7.073985670989043e-08
-6.584500014387911e-08
-6.128419820732551e-08
-5.703499674641539e-08
-5.307643249553805e-08
-4.93889175290031e-08
-4.5954169251918e-08
-4.275512743229667e-08
-3.977584810106475e-08
-3.70014554803109e-08
-3.44180617045636e-08
-3.201271117000536e-08
-2.977330918477972e-08
-2.768856691975147e-08
-2.574795607596593e-08
-2.394165144591632e-08
-2.226048294944993e-08
-2.069589742203775e-08
-1.923992227567289e-08
-1.788512332251872e-08
-1.662456565302652e-08
-1.54517818094772e-08
-1.436073739974392e-08
-1.334582235506619e-08
-1.240178615801671e-08
-1.152374374726817e-08
-1.070714334054125e-08
-9.947736098493052e-09
-9.241571710218233e-09
-8.584957751951916e-09
-7.974463382298528e-09
-7.406896633916755e-09
-6.879272206357007e-09
-6.38881071792087e-09
-5.932932473985473e-09
-5.509225389812865e-09
-5.115451119111349e-09
-4.749518391818945e-09
-4.409478810329092e-09
-4.093523634928104e-09
-3.799964365651978e-09
-3.527235524370099e-09
-3.273878515639396e-09
-3.038528877190703e-09
-2.81992387175553e-09
-2.616882324066459e-09
-2.428307832379527e-09
-2.253182741533282e-09
-2.090563009228523e-09
-1.939566510918115e-09
-1.799363811172715e-09
-1.669193667552419e-09
-1.54834817242737e-09
-1.436168107226526e-09
-1.332038478695086e-09
-1.2353874294124e-09
-1.145683473813287e-09
-1.062430776991373e-09
-9.851701141201462e-10
-9.134701087628589e-10
-8.469376641937792e-10
-7.852054884195544e-10
-7.279342389749266e-10
-6.748035300312568e-10
-6.255133620711455e-10
-5.7979082617233e-10
-5.373790475255971e-10
-4.980496621374546e-10
-4.615706000185814e-10
-4.277432161747428e-10
-3.963744673522578e-10
-3.672845730601195e-10
-3.403080834517837e-10
-3.152925038713322e-10
-2.921014658673773e-10
-2.705990204698257e-10
-2.506653964145395e-10
-2.321852774699299e-10
-2.150609452842656e-10
-1.991903128516968e-10
-1.844888127793684e-10
-1.708615279974814e-10
-1.582322632128924e-10
-1.465270482356138e-10
-1.356786926177312e-10
-1.256264042576667e-10
-1.163129060726875e-10
-1.076863838227058e-10
-9.969555195778038e-11
-9.228895079926553e-11
-8.542950647061869e-11
-7.907466529812382e-11
-7.319126595740304e-11
-6.774113819958325e-11
-6.269658715355188e-11
-5.802128701302688e-11
-5.369513040814685e-11
-4.96870158535628e-11
-4.597838887839997e-11
-4.254635379090612e-11
-3.936854101632394e-11
-3.642364449719393e-11
-3.369983442872453e-11
-3.117733266231546e-11
-2.884154372998289e-11
-2.667947861333698e-11
-2.467706789863102e-11
-2.281686453579016e-11
-2.109937545556327e-11
-1.951140190704843e-11
-1.804185609205079e-11
-1.668824552198433e-11
-1.543539218449119e-11
-1.427880373516798e-11
-1.320626115232721e-11
-1.221408815898491e-11
-1.129534921640996e-11
-1.044494854464397e-11
-9.654990246800949e-12
-8.920057619285266e-12
-8.238016568765966e-12
-7.61514944630695e-12
-7.036683039160336e-12
-6.504811136559282e-12
-6.010767278430471e-12
-5.553837197420236e-12
-5.138027659185105e-12
-4.747337108225219e-12
-4.389951578397533e-12
-4.055099642615964e-12
-3.749011203338095e-12
-3.470780829398858e-12
-3.210827709215637e-12
-2.967803365230498e-12
-2.740227705203276e-12
-2.526182300218163e-12
-2.328909794348509e-12
-2.149523458090791e-12
-1.981687438472579e-12
-1.82857111329002e-12
-1.686853972292523e-12
-1.557018079613447e-12
-1.439259519985505e-12
-1.334878629164243e-12
-1.238915420941663e-12
-1.151133525805324e-12
-1.06764253783485e-12
-9.871102751375137e-13
-9.095759616310754e-13
-8.366887738155158e-13
-7.669495836028547e-13
-7.040857032050006e-13
-6.43451895817292e-13
-5.891985550472674e-13
-5.409533262024269e-13
-5.005213657936511e-13
-4.677641141199737e-13
-4.384850415219654e-13
-4.106263149781083e-13
-3.831247446413194e-13
-3.539751916443393e-13
-3.263859172226478e-13
-3.013648599597818e-13
-2.774471223983417e-13
-2.522629558559665e-13
-2.299726060869026e-13
-2.063012092204876e-13
-1.872896222175245e-13
-1.727382770243054e-13
-1.614841753315687e-13
-1.473157121036472e-13
-1.408804421883513e-13
-1.320133891749806e-13
-1.243487088145549e-13
-1.154360463545242e-13
-1.075391145486685e-13
-9.949822664216281e-14
-8.898888436072246e-14
-8.384806927307023e-14
-7.886537491864848e-14
-7.189982437943172e-14
-6.339154837976157e-14
-5.505600861699283e-14
-5.121519317807956e-14
-4.803924171722577e-14
-4.248024663733806e-14
-3.722094978362032e-14
-3.401847683823795e-14
-3.290438307356244e-14
-3.316190066002271e-14
-3.298513788528541e-14
-3.282125676317215e-14
-2.924403705688694e-14
-2.735427078598221e-14
-2.616057332737366e-14
-2.539885618707344e-14
-2.1545573021013e-14
-1.750757618484765e-14
-1.827059564710104e-14
-9.447341476119502e-15
-5.475844988527312e-15
-6.343117421721041e-15
-7.213800256932365e-15
-9.757060932424023e-15
-1.201670789105186e-14
-1.101786794832829e-14
-1.026510066053871e-14
-9.199492692757917e-15
-6.541656177438265e-15
-8.444096459522061e-15
-1.04864133673759e-14
-1.055920326815142e-14
-1.133782273962262e-14
-5.501276610783272e-15
-1.685947565441197e-15
8.568923169342971e-16
2.898720050686648e-15
2.99296788646097e-15
1.704295762300909e-15
-1.469742107109474e-15
-5.037127711156142e-15
-6.49584195516333e-15
-7.447183840928686e-15
-9.02571199627292e-15
-4.694731896365707e-15
-8.094026100575268e-16
4.497485698479324e-15
3.373688454943479e-15
6.031861938908734e-16
-3.193394549167378e-15
-6.879598372176474e-15
-6.451917724755099e-15
-4.679918613944753e-15
-2.266187248528131e-15
1.628510920247002e-16
2.490318996456469e-15
4.447270496971426e-15
8.051354791810658e-15
7.969193625002004e-15
7.166002449170006e-15
2.650594452600357e-15
-7.676545092130755e-15
-1.54068833729831e-14
-1.512379642566248e-14
-1.453722502609659e-14
-7.564741192362476e-15
3.472463774919616e-16
8.631936574876387e-15
1.089177168193576e-14
1.42972724211365e-14
1.434890645705238e-14
8.63104893958278e-15
2.754830425932757e-15
-2.420149621213391e-15
-7.380492182164976e-15
-1.38006200378301e-14
-1.610034544296143e-14
-1.117670971987959e-14
-6.866091927879033e-15
-1.243036454165168e-15
3.499839500864157e-15
7.135606549742456e-15
1.047405349712169e-14
1.16743043555405e-14
1.139507215819944e-14
7.213657234960229e-15
9.88066324108524e-16
-2.803324446336453e-15
-9.768299555031856e-15
-1.419462541172352e-14
-1.075273822244917e-14
-5.154922576487857e-15
-4.530296064135315e-16
3.621377500301461e-15
6.304562263485914e-15
6.402782810693029e-15
2.445907760387524e-15
-6.9293816956613e-17
-3.959201124789444e-16
3.752993052976678e-16
2.295472883750415e-15
2.315189070569888e-15
1.182845697686587e-15
2.7986882399929e-15
-8.464483777838519e-16
-3.644970274405977e-15
-5.353700432556455e-15
-4.326027139540221e-15
-4.784536689848517e-15
-2.560880150976137e-15
-1.071428188509345e-15
1.493419312422086e-15
3.84716172198436e-15
7.372743108521638e-15
8.022146221846553e-15
4.54310026282552e-15
9.572209650352899e-16
-4.797437558072892e-15
-6.331057614745051e-15
-5.305910710910478e-15
-1.172530174673458e-15
1.069896593766548e-15
-1.222187199143895e-17
-2.905269477758238e-16
1.227402282944402e-16
8.834343130818412e-16
1.909952176782876e-15
4.911613880657681e-16
-4.87976927230277e-16
-2.942991874348963e-16
-1.512097206647649e-15
