5.271966664957661e-14
2.842088351992043e-14
1.624495278571281e-14
8.696030809212629e-15
4.063856543608515e-15
1.308511773744562e-15
-6.068918963374642e-16
-2.078709021812794e-15
-3.355596864311203e-15
-4.650211655795239e-15
-5.882462580132789e-15
-6.951663140487925e-15
-7.955334177862293e-15
-8.932778753975852e-15
-9.521999015109812e-15
-9.810129082556466e-15
-1.002115449587282e-14
-1.047682117710385e-14
-9.608240955559081e-15
-9.855540073511868e-15
-9.779700151514857e-15
-1.011426906579435e-14
-1.169508165180624e-14
-1.505308067879003e-14
-2.175475948485076e-14
-3.27574288376639e-14
-5.00954407955553e-14
-7.621564881484797e-14
-1.154624892841523e-13
-1.712616999093157e-13
-2.508695126419314e-13
-3.637206671232827e-13
-5.200037836569287e-13
-7.367283736044116e-13
-1.034842765093765e-12
-1.443736410320855e-12
-2.000631031662694e-12
-2.758782022269818e-12
-3.78824349125479e-12
-5.178654361692522e-12
-7.052880095919144e-12
-9.571039148897539e-12
-1.294328993575099e-11
-1.744505669435975e-11
-2.343804270874451e-11
-3.138998624520453e-11
-4.191180627117608e-11
-5.579111165327849e-11
-7.404820847824148e-11
-9.799459250515564e-11
-1.293147531018311e-10
-1.701648684040464e-10
-2.23298369989796e-10
-2.922169880102792e-10
-3.81369490167779e-10
-4.963867195456529e-10
-6.443763363127133e-10
-8.342905579761224e-10
-1.077371670045975e-09
-1.387704378968489e-09
-1.782886702027624e-09
-2.284853639831696e-09
-2.920876854224254e-09
-3.724776881022226e-09
-4.738400583848299e-09
-6.013391199763236e-09
-7.613343876088246e-09
-9.61637239162128e-09
-1.211821126801489e-08
-1.523591973131545e-08
-1.911230223763943e-08
-2.392118816163285e-08
-2.987369684230485e-08
-3.722568036374394e-08
-4.628653328783918e-08
-5.742959539902053e-08
-7.110442235787505e-08
-8.785121474749382e-08
-1.083177608564605e-07
-1.332792783814489e-07
-1.636616151558598e-07
-2.005683200314541e-07
-2.45312151373315e-07
-2.994517042707496e-07
-3.648338744910237e-07
-4.436430118022831e-07
-5.384577010347694e-07
-6.523162137686436e-07
-7.887918199126198e-07
-9.520792721892356e-07
-1.14709392358488e-06
-1.379585101362378e-06
-1.656265534093108e-06
-1.984958817522789e-06
-2.374767085346215e-06
-2.836261294761544e-06
-3.3816967221833e-06
-4.025256509749844e-06
-4.783326365866347e-06
-5.674803716361591e-06
-6.721444922744482e-06
-7.948254387765445e-06
-9.3839199510434e-06
-1.106129994396324e-05
-1.301796664891406e-05
-1.529681132577639e-05
-1.794671650988538e-05
-2.102330169415907e-05
-2.458974884385242e-05
-2.871771462512143e-05
-3.348833656809248e-05
-3.899334078432492e-05
-4.533625922757842e-05
-5.26337648227592e-05
-6.101713315858355e-05
-7.063383971870203e-05
-8.164930194285614e-05
-9.424877562952645e-05
-0.0001086394154136558
-0.0001250525091980689
-0.0001437458964894766
-0.000165006580627612
-0.0001891535448118046
-0.0002165407816526405
-0.0002475605457371499
-0.0002826468382648472
-0.0003222791323774244
-0.0003669863480539552
-0.0004173510868834291
-0.000474014132503003
-0.0005376792219022327
-0.0006091180922448054
-0.0006891758065213869
-0.0007787763597350378
-0.0008789285655234943
-0.0009907322210148061
-0.001115384545406061
-0.001254186885155236
-0.001408551675965467
-0.001580009651280723
-0.00177021730751876
-0.001980964621995727
-0.002214182981846144
-0.002471953276080989
-0.002756514134574523
-0.003070270300389524
-0.003415801106631234
-0.003795869012521158
-0.004213428157485559
-0.004671632886025088
-0.005173846198042805
-0.005723648072011174
-0.006324843599130074
-0.006981470871255984
-0.007697808551122113
-0.008478383057914827
-0.009327975294420879
-0.01025162683234222
-0.01125464548120498
-0.0123426101475153
-0.01352137490019728
-0.01479707215149603
-0.0161761148521929
-0.01766519761556223
-0.0192712966611508
-0.02100166848604425
-0.02286384716512883
-0.02486564017103355
-0.02701512262951203
-0.02932062989756408
-0.03179074837799563
-0.03443430447922251
-0.03726035161847999
-0.04027815520440053
-0.04349717549902354
-0.04692704829769015
-0.05057756336250801
-0.05445864053550346
-0.0585803035105727
-0.0629526511972418
-0.06758582666233974
-0.07248998363456996
-0.07767525054693963
-0.08315169216145171
-0.08892926876367471
-0.09501779298533856
-0.1014268843108305
-0.1081659213093284
-0.1152439917217171
-0.12266984046192
-0.1304518156800748
-0.1385978130293687
-0.1471152182584717
-0.1560108483577125
-0.1652908913976016
-0.1749608453019309
-0.1850254557870968
-0.1954886536728706
-0.2063534918934966
-0.2176220824205227
-0.2292955334259209
-0.2413738869963476
-0.2538560576750952
-0.2667397722470841
-0.2800215110294886
-0.2936964510609671
-0.3077584115532866
-0.3221998019196817
-0.3370115728431468
-0.3521831706657573
-0.3677024955215054
-0.3835558635877114
-0.3997279737608874
-0.4162018792223334
-0.4329589641420136
-0.449978925920145
-0.4672397632987828
-0.4847177705830891
-0.5023875383750925
-0.5202219609853326
-0.538192250847453
-0.5562679601681285
-0.5744170099260668
-0.5926057265055072
-0.6107988859880089
-0.6289597662905377
-0.6470502072277112
-0.6650306784437914
-0.6828603553378232
-0.7004972028161095
-0.7178980668707747
-0.7350187738684492
-0.7518142373024594
-0.7682385719442226
-0.7842452150113284
-0.7997870541420669
-0.8148165618519125
-0.829285936017668
-0.8431472461197661
-0.8563525846566821
-0.8688542233212809
-0.8806047734208635
-0.8915573499124498
-0.9016657386242545
-0.9108845658842815
-0.919169469930277
-0.9264772734351887
-0.9327661564850539
-0.9379958295879691
-0.9421277056483794
-0.9451250696740821
-0.9469532455177446
-0.9475797601548979
-0.94697450685832
-0.9451099038792764
-0.9419610426114661
-0.9375058247094029
-0.9317250946099812
-0.9246027735346483
-0.9161259872381052
-0.9062851798294423
-0.8950742130919139
-0.8824904559476362
-0.8685348659306028
-0.853212060064248
-0.8365303734678757
-0.8185019052408091
-0.7991425517066042
-0.7784720269360443
-0.7565138700444152
-0.7332954389944749
-0.7088478907316451
-0.6832061475319818
-0.6564088495908126
-0.6284982937713028
-0.5995203586055005
-0.5695244156698318
-0.5385632274882629
-0.5066928322606841
-0.4739724156665724
-0.4404641701338275
-0.4062331419887902
-0.371347066936571
-0.3358761944333216
-0.2998931014969793
-0.2634724966066256
-0.2266910143600738
-0.1896270015879771
-0.1523602956997613
-0.1149719960406505
-0.07754422909957447
-0.04015990841986129
-0.002902490087303828
0.03414427529449173
0.07089659322303402
0.1072708775732931
0.1431840035908428
0.1785535606502792
0.213298103836214
0.2473374033942378
0.2805926911178652
0.3129869027472995
0.3444449154627793
0.3748937796029138
0.4042629437253556
0.4324844721777768
0.4594932543741835
0.4852272049989884
0.5096274544390846
0.5326385287249351
0.5542085183407527
0.5742892353044493
0.5928363579556408
0.6098095629836719
0.6251726442215505
0.6388936178348302
0.6509448135720631
0.6613029517757492
0.6699492059600852
0.6768692507673346
0.6820532952181315
0.6854961012122204
0.6871969872770777
0.6871598176689415
0.6853929769214329
0.6819093300390887
0.6767261685738628
0.6698651428606425
0.6613521807839553
0.6512173934344452
0.6394949681006741
0.6262230490774164
0.6114436068062293
0.595202295940972
0.5775483029034219
0.5585341835653694
0.538215691717792
0.5166515990074666
0.4939035070735722
0.4700356525950432
0.4451147060100152
0.4192095646680074
0.3923911411732169
0.3647321477096021
0.3363068771225979
0.3071909815543089
0.2774612494117635
0.2471953814330471
0.2164717666262716
0.1853692588297714
0.1539669546407108
0.1223439734341959
0.09057924017225102
0.05875127168834891
0.02693796710089499
-0.004783597011611596
-0.03633736607306154
-0.06764850103896924
-0.09864356545307862
-0.1292507055251929
-0.1593998227602462
-0.189022738704974
-0.218053351411389
-0.2464277832594423
-0.2740845198122526
-0.3009645394216917
-0.3270114333393137
-0.3521715161226606
-0.3763939261770851
-0.3996307162966529
-0.4218369341197639
-0.4429706924467364
-0.4629932293917327
-0.4818689583895404
-0.4995655081073272
-0.5160537523637037
-0.5313078301771661
-0.545305156081757
-0.5580264208974521
-0.569455583157532
-0.5795798514349523
-0.5883896578306214
-0.5958786229085544
-0.6020435124053438
-0.6068841860228334
-0.6104035386440939
-0.6126074343358835
-0.6135046335230778
-0.6131067137485605
-0.611427984400019
-0.6084853958131444
-0.6042984431704225
-0.5988890656200009
-0.5922815410566621
-0.5845023769847471
-0.5755801978989394
-0.5655456296151331
-0.5544311809787443
-0.5422711233886008
-0.5291013685446163
-0.514959344835345
-0.499883872771752
-0.4839150398604198
-0.4670940753097255
-0.4494632249394529
-0.4310656266661304
-0.411945186913536
-0.3921464582757065
-0.3717145187575278
-0.350694852897157
-0.3291332350656855
-0.3070756152187489
-0.284568007355739
-0.2616563809325831
-0.2383865554465606
-0.2148040984026048
-0.1909542268486183
-0.1668817126463777
-0.1426307916320856
-0.1182450768055494
-0.09376747567212614
-0.06924011183616349
-0.044704250925077
-0.02020023091341687
0.004232603097062082
0.0285559596031485
0.0527326569133084
0.07672667484242227
0.1005032018929629
0.1240286779419185
0.1472708324709069
0.1701987183889413
0.192782741502403
0.214994685696929
0.2368077339113144
0.2581964850002668
0.2791369665872854
0.2996066440077657
0.3195844254533977
0.3390506634402477
0.3579871527351827
0.3763771248755353
0.3942052394168312
0.411457572054863
0.4281215997651296
0.4441861831077883
0.4596415458501502
0.4744792520639149
0.4886921808626972
0.5022744989274039
0.5152216309711586
0.5275302282993645
0.5391981356249316
0.5502243563040397
0.560609016134289
0.5703533258570103
0.5794595425109431
0.5879309297919829
0.5957717175769266
0.6029870607348455
0.6095829973512168
0.6155664064947453
0.620944965658722
0.6257271080066843
0.6299219795331067
0.6335393962561868
0.6365898015498849
0.6390842237109682
0.6410342338592501
0.6424519042614187
0.6433497671668491
0.6437407742373357
0.6436382566502505
0.643055885958273
0.6420076357587128
0.6405077442230775
0.6385706775427138
0.6362110943506946
0.6334438111781994
0.6302837689734485
0.6267460007119232
0.6228456001291364
0.6185976916091416
0.6140174012606016
0.6091198291893837
0.6039200229782707
0.5984329523841458
0.5926734852616261
0.5866563647225179
0.5803961875240672
0.5739073836806748
0.567204197292377
0.5603006685810478
0.5532106171263961
0.5459476262820921
0.5385250287539237
0.5309558933205725
0.523253012676379
0.515428892377841
0.5074957408630211
0.4994654605161059
0.4913496397489429
0.4831595460700224
0.4749061201131123
0.4665999705910078
0.4582513701410656
0.4498702520296862
0.4414662076841858
0.4330484850228388
0.424625987543642
0.4162072741364964
0.4078005595841346
0.3994137157172425
0.3910542731916284
0.3827294238506355
0.3744460236380426
0.3662105960280351
0.3580293359404516
0.3499081141121476
0.3418524818882854
0.3338676763995777
0.3259586260950052
0.3181299566028579
0.3103859968947578
0.3027307857198073
0.2951680782797502
0.2877013531183587
0.2803338191996427
0.2730684231510378
0.2659078566464705
0.2588545639060381
0.2519107492903586
0.2450783849689445
0.2383592186443754
0.231754781310806
0.225266395027978
0.2188951806934212
0.2126420657964552
0.206507792139302
0.2004929235100862
0.194597853294545
0.1888228120137231
0.183167874775232
0.1776329686272886
0.1722178798054665
0.1669222608644297
0.1617456376859196
0.1566874163529816
0.1517468898825288
0.146923244811202
0.1422155676310934
0.1376228510700801
0.1331440002104748
0.128777838441582
0.1245231132439716
0.120378501804056
0.1163426164568955
0.112414009955181
0.1085911805641166
0.1048725769806253
0.101256603076261
0.0977416224641949
0.09432596289170808
0.09100792046006534
0.0877857636721322
0.08465773730894675
0.08162206613723991
0.07867695845060799
0.07582060944752508
0.07305120444793814
0.07036692195074062
0.06776593653525051
0.06524642161072398
0.0628065520179143
0.06044450648538405
0.05815846994343356
0.05594663569954328
0.05380720747948353
0.05173840133825268
0.0497384474444677
0.04780559174193991
0.04593809749247286
0.04413424670390902
0.04239234144755241
0.04071070506882675
0.0390876832954092
0.03752164524676087
0.03601098434855082
0.03455411915564387
0.03314949408781234
0.03179558008216653
0.03049087516604988
0.0292339049539941
0.02802322307253007
0.02685741151613841
0.02573508093762562
0.02465487087635729
0.02361544992782453
0.02261551585794926
0.02165379566502306
0.0207290455922025
0.01984005109354713
0.01898562675666715
0.01816461618500867
0.01737589184218345
0.01661835486069206
0.01589093481765467
0.01519258948000874
0.01452230452164406
0.01387909321458392
0.01326199609652934
0.01267008061674017
0.01210244076213014
0.0115581966654274
0.01103649419723175
0.01053650454380011
0.01005742377210841
0.009598472383807333
0.009158894859468775
0.008737959194589456
0.008334956428502157
0.007949200167566967
0.007580026103903761
0.007226791530900207
0.006888874856434621
0.006565675114561814
0.006256611476646094
0.005961122763002285
0.005678666955949494
0.005408720714883328
0.005150778893916543
0.004904354062846845
0.004668976032036116
0.004444191381917953
0.004229562997470411
0.004024669608160102
0.003829105333717337
0.003642479236188964
0.003464414878668951
0.003294549890971069
0.00313253554248973
0.002978036322540332
0.002830729528314058
0.00269030486066261
0.002556464027870642
0.002428920357620681
0.002307398417243794
0.002191633642287793
0.002081371973447593
0.001976369501932266
0.001876392123282605
0.001781215199649066
0.001690623230544468
0.001604409532075246
0.001522375924568871
0.001444332428528668
0.001370096968852309
0.001299495087286835
0.00123235966298633
0.001168530641122262
0.001107854769419219
0.001050185342543127
0.0009953819541744175
0.0009433102566539481
0.0008938417281113945
0.0008468534469129436
0.0008022278732873478
0.0007598526380405766
0.00071962033814233
0.0006814283390628172
0.0006451785837650091
0.0006107774081384795
0.0005781353627457416
0.0005471670407649434
0.0005177909119483621
0.0004899291624061392
0.0004635075401086502
0.0004384552059690589
0.0004147045903017092
0.0003921912546000782
0.0003708537583713206
0.000350633530970862
0.0003314747482502102
0.0003133242138814298
0.0002961312452068923
0.0002798475635175945
0.0002644271885671425
0.000249826337225509
0.0002360033261180025
0.0002229184781168268
0.0002105340326196648
0.0001988140594628098
0.0001877243762370914
0.0001772324689155392
0.0001673074156664201
0.0001579198141185142
0.0001490417118216907
0.0001406465394557543
0.0001327090465232127
0.0001252052396812743
0.000118112323919201
0.0001114086464419863
0.0001050736429258509
9.908778599881452e-05
9.343253597514081e-05
8.809029372113489e-05
8.304435567860626e-05
7.82788707978681e-05
7.37787994199573e-05
6.952987402461327e-05
6.551856168801924e-05
6.173202826445347e-05
5.815810419585246e-05
5.478525187583635e-05
5.160253449332254e-05
4.859958633911635e-05
4.576658444310832e-05
4.30942215806512e-05
4.057368048293366e-05
3.819660928834415e-05
3.595509814838955e-05
3.384165691500528e-05
3.184919391491832e-05
2.997099570470048e-05
2.820070781686225e-05
2.653231643494858e-05
2.496013090948594e-05
2.347876717587311e-05
2.208313192662543e-05
2.076840760122206e-05
1.953003807609183e-05
1.83637150610754e-05
1.726536519181919e-05
1.623113772598778e-05
1.525739287865101e-05
1.434069071497829e-05
1.347778061685386e-05
1.266559126717967e-05
1.190122113674218e-05
1.118192946920038e-05
1.050512770470992e-05
9.868371334494764e-06
9.269352189422288e-06
8.705891118339743e-06
8.175931024969541e-06
7.677530291363426e-06
7.20885650741308e-06
6.768180556209447e-06
6.353870991674484e-06
5.964388715877523e-06
5.598281917738402e-06
5.254181303287518e-06
4.930795549429558e-06
4.626907019236756e-06
4.341367677391317e-06
4.073095271088381e-06
3.821069654957672e-06
3.584329348740208e-06
3.361968266129987e-06
3.153132636087208e-06
2.95701806182374e-06
2.772866759688671e-06
2.59996493525968e-06
2.437640296174692e-06
2.285259734539681e-06
2.14222709436883e-06
2.007981074705584e-06
1.881993264349407e-06
1.763766251490251e-06
1.652831875678614e-06
1.548749541217091e-06
1.45110463790446e-06
1.359507066446769e-06
1.27358981947811e-06
1.193007642722773e-06
1.117435793182897e-06
1.046568847941237e-06
9.801195889112874e-07
9.178179363487808e-07
8.594099616578874e-07
8.046569371443042e-07
7.533344554825535e-07
7.052316042468016e-07
6.601501456163454e-07
6.179037970458622e-07
5.783175224208445e-07
5.412268647625068e-07
5.064773251930101e-07
4.739237741734063e-07
4.434298933031676e-07
4.148676508187348e-07
3.881168311553875e-07
3.630645418850222e-07
3.396047917654968e-07
3.176380651232459e-07
2.970709546374316e-07
2.77815780359475e-07
2.597902506998496e-07
2.429171420195344e-07
2.271239858540148e-07
2.123427914510457e-07
1.985097609094437e-07
1.855650512010661e-07
1.734525292537507e-07
1.62119541120968e-07
1.515167025313781e-07
1.41597707005698e-07
1.323191367821548e-07
1.236402765354397e-07
1.155229570886957e-07
1.079313859913501e-07
1.008320302223647e-07
9.419345227125251e-08
8.798618579045214e-08
8.218262271266334e-08
7.675689023804789e-08
7.168474510923253e-08
6.694347515663248e-08
6.25117994432236e-08
5.836979411776738e-08
5.449879246649877e-08
5.088131513552541e-08
4.750099140744799e-08
4.434248634849976e-08
4.139143858324601e-08
3.863440371040227e-08
3.605880226409304e-08
3.365285095897445e-08
3.140552866302203e-08
2.930650927982238e-08
2.734613744037163e-08
2.551537055515345e-08
2.380575346288364e-08
2.220937327345236e-08
2.071882229689591e-08
1.932717303919371e-08
1.802795410262591e-08
1.681509694928344e-08
1.568293134869678e-08
1.462615588351302e-08
1.363981169697674e-08
1.271926317832782e-08
1.186017111865773e-08
1.105848076012388e-08
1.03104038613493e-08
9.612399953576644e-09
8.961154133288416e-09
8.353572081968345e-09
7.786758966879769e-09
7.258011449246398e-09
6.764794498782562e-09
6.30475482785903e-09
5.87568369654079e-09
5.47552461653818e-09
5.102350604638322e-09
4.754358410842497e-09
4.429870991901282e-09
4.127314141755279e-09
3.845219108518439e-09
3.582217832609544e-09
3.337033169322144e-09
3.108472397999051e-09
2.895412566541174e-09
2.69682381374096e-09
2.511733576579105e-09
2.339227016777087e-09
2.178459584335187e-09
2.028636392939278e-09
1.889024713672269e-09
1.758933808739181e-09
1.637720792121572e-09
1.524783837058314e-09
1.4195727119735e-09
1.321559145214597e-09
1.230255841630481e-09
1.145208041872749e-09
1.065987543645504e-09
9.922023940419153e-10
9.234780854883073e-10
8.594782864832272e-10
7.99872474157314e-10
7.4436062954516e-10
6.926725647757598e-10
6.445348468727718e-10
5.997183174564458e-10
5.5799202773023e-10
5.191540601421784e-10
4.829986447355246e-10
4.49341852263171e-10
4.180138825384145e-10
3.888512319574533e-10
3.61712333615549e-10
3.364508999104995e-10
3.129398756171766e-10
2.910525356749951e-10
2.706844462010446e-10
2.517306527551767e-10
2.34093021849126e-10
2.176813212118841e-10
2.024138724629366e-10
1.882080734872703e-10
1.749930357789388e-10
1.62702219007786e-10
1.512685648690543e-10
1.40633597673956e-10
1.307388879569742e-10
1.21536114982318e-10
1.129786493671033e-10
1.050216314303759e-10
9.762364859102244e-11
9.073763169140123e-11
8.433301466711662e-11
7.837542798318102e-11
7.283328977606315e-11
6.768280250691631e-11
6.288980130787025e-11
5.843425253725914e-11
5.429740684585832e-11
5.045248427531109e-11
4.687807411617433e-11
4.355635280336253e-11
4.047115756575972e-11
3.760462427541323e-11
3.493551737573612e-11
3.245804043839662e-11
3.015261404413371e-11
2.800996817348945e-11
2.601760306594125e-11
2.416410471825397e-11
2.24366778114622e-11
2.083344370206342e-11
1.934332947121454e-11
1.795965055124192e-11
1.667710722477859e-11
1.548851655258974e-11
1.438799066810003e-11
1.336464676385509e-11
1.241703226066849e-11
1.153445034259127e-11
1.071093202632465e-11
9.946400637723763e-12
9.232370022370687e-12
8.570137431765229e-12
7.950091930509628e-12
7.376141264724537e-12
6.842526886496376e-12
6.347237947949448e-12
5.888911262403653e-12
5.463722538917765e-12
5.075868105512234e-12
4.717065900645503e-12
4.384541425197332e-12
4.074235087058892e-12
3.786274199816027e-12
3.515484426310078e-12
3.262376638385292e-12
3.023807300720936e-12
2.796581278909633e-12
2.587295328357122e-12
2.398720966741899e-12
2.225127281478492e-12
2.066703461183935e-12
1.918514822616269e-12
1.781001145134607e-12
1.656952152350602e-12
1.53966663854912e-12
1.431562285442209e-12
1.328584361221646e-12
1.232671599572363e-12
1.143266288062848e-12
1.06051791842151e-12
9.792567713681601e-13
9.064109628698348e-13
8.379952198173006e-13
7.746867305890131e-13
7.207218576356506e-13
6.675695543734745e-13
6.196610947675065e-13
5.79390745963679e-13
5.371434897597755e-13
4.977966086789173e-13
4.628736007740311e-13
4.315569552142913e-13
4.027206726579082e-13
3.722898329881071e-13
3.420643892816672e-13
3.136125182700593e-13
2.884918676918596e-13
2.657959327331842e-13
2.460496508117417e-13
2.324681327786131e-13
2.178836171726097e-13
2.030025707367129e-13
1.897671629031698e-13
1.745605302768992e-13
1.618245209643856e-13
1.485509658513648e-13
1.363972080738788e-13
1.27671308474542e-13
1.126968780004304e-13
1.05997831902142e-13
9.911981308121511e-14
9.269018602562712e-14
8.888359803251081e-14
8.523688185181173e-14
7.907210762738051e-14
7.579955756945746e-14
6.779571463449846e-14
5.864968697364698e-14
4.950285264929301e-14
4.357272779870004e-14
4.349170875968591e-14
4.100001332830732e-14
4.097273378028254e-14
3.862445668635202e-14
3.502365264730523e-14
3.515511289627543e-14
3.233383308033839e-14
2.990425295930088e-14
3.043414963904596e-14
2.706317568770231e-14
2.480916257227041e-14
2.203906871941393e-14
1.738450301211671e-14
1.158650174122069e-14
9.478287267330048e-15
7.51863492035846e-15
7.039040338690456e-15
1.155527578443567e-14
1.433006295423147e-14
1.537597685760296e-14
1.821609321637188e-14
1.838203219971458e-14
1.459604871071218e-14
1.075085146106249e-14
8.5956117385434e-15
2.461519952716135e-15
1.027113335217486e-15
9.424756660409224e-16
1.294040379057327e-15
1.948981093182426e-15
1.29428965362738e-15
3.04700977776323e-15
2.24055419589018e-15
3.906024627816735e-15
4.917362477384613e-15
7.432458955314234e-15
1.266328774427319e-14
1.240799398455216e-14
9.794366366932795e-15
3.020527691553336e-15
-2.004786583916129e-15
-8.525007969471668e-16
-3.899922780483483e-15
-4.859479651524067e-15
-5.243401665557064e-15
-7.095302114891937e-15
-4.784987249118594e-15
2.180142526506251e-15
5.901707988382637e-15
6.983614290609571e-15
6.814563591757004e-15
8.361922437289006e-15
7.507002117819211e-15
5.024688136691956e-15
4.033628871391439e-15
5.255065187765833e-15
7.573663180902946e-16
-5.403614408288339e-15
-1.246591335254479e-14
-1.215444343636455e-14
-7.210529164024039e-15
-4.64585656656309e-15
-3.25228718688311e-15
3.994443854321753e-16
