-7.762368944027629e-13
-4.635025530715303e-13
-2.797501370598935e-13
-1.699038829778852e-13
-1.039690586539781e-13
-6.419712778236777e-14
-4.000975388510436e-14
-2.514099404583235e-14
-1.610298140486283e-14
-1.060098516085615e-14
-7.352569573522423e-15
-5.337162395376342e-15
-4.309869839677373e-15
-3.158536833347834e-15
-2.400945060374286e-15
-1.462019111626986e-15
4.542197594336787e-17
2.725083324016104e-15
7.377972849460531e-15
1.392803021498845e-14
2.359465950231815e-14
3.794886250585548e-14
5.877431249583432e-14
8.967571859685753e-14
1.326036288963704e-13
1.930176812610365e-13
2.78802885310178e-13
3.968631196193207e-13
5.6261593602819e-13
7.92226099291098e-13
1.109380986072067e-12
1.544963425676303e-12
2.141583949004425e-12
2.956232664017006e-12
4.066037736985567e-12
5.569448358710374e-12
7.601166458514456e-12
1.033841429810226e-11
1.401231143416388e-11
1.892923406440838e-11
2.548966358144087e-11
3.421396193174542e-11
4.578193576424411e-11
6.107385092384751e-11
8.122870796383289e-11
1.07717132810528e-10
1.424281783545844e-10
1.877839316490077e-10
2.468872943149064e-10
3.236876347340233e-10
4.232145053579766e-10
5.518432301825923e-10
7.176388834949805e-10
9.307724753874713e-10
1.204040856091552e-09
1.55350304324289e-09
1.999252021295244e-09
2.566374880551471e-09
3.286105462782822e-09
4.197235009376454e-09
5.347825446885571e-09
6.797275003318895e-09
8.618812487156179e-09
1.090250541772754e-08
1.375886428848064e-08
1.732316996594728e-08
2.176063636603309e-08
2.727257818951426e-08
3.410373687685136e-08
4.255098877698383e-08
5.297365079769266e-08
6.580566601480433e-08
8.156996906843991e-08
1.008953941158084e-07
1.245365259728093e-07
1.533969599478212e-07
1.885565015363884e-07
2.313029014868401e-07
2.831688122159055e-07
3.459747299135399e-07
4.218787983539195e-07
5.134344481835754e-07
6.236569809653479e-07
7.561003206516918e-07
9.149453275258487e-07
1.10510120092884e-06
1.332321692208091e-06
1.603338037049569e-06
1.926010694008172e-06
2.309502240547999e-06
2.764473972831839e-06
3.303309022171166e-06
3.94036507706431e-06
4.692260054553792e-06
5.578194383364854e-06
6.620313847073362e-06
7.844117255963612e-06
9.278913533240702e-06
1.095833311134837e-05
1.292089886262679e-05
1.521066207915316e-05
1.787790935136741e-05
2.097994710617687e-05
2.458197243173226e-05
2.875803700284222e-05
3.359211150718825e-05
3.917925879092248e-05
4.562692437501592e-05
5.30563533888603e-05
6.160414334879124e-05
7.142394254713221e-05
8.268830415839874e-05
9.559070643677148e-05
0.0001103477496279825
0.0001272015403942744
0.0001464222746794336
0.0001683110299885715
0.0001932027780081079
0.000221469628383017
0.0002535243141992826
0.0002898239293817305
0.0003308739277031989
0.000377232392458668
0.0004295145850361646
0.0004883977796345323
0.0005546263901495129
0.0006290173940076122
0.0007124660578937927
0.0008059519727622751
0.0009105453964150585
0.001027413900697748
0.001157829319247977
0.001303174989215643
0.001464953277449391
0.001644793378393273
0.001844459367456165
0.002065858489662421
0.002311049659290416
0.002582252141915878
0.002881854390398027
0.003212423044680285
0.003576712079224634
0.003977672014485993
0.004418459100453847
0.004902444439870579
0.005433223024750657
0.006014622633980546
0.006650712512683632
0.007345811763967102
0.008104497375762102
0.008931611811556576
0.009832270084005704
0.01081186621753163
0.01187607901744187
0.01303087704205121
0.01428252268580175
0.01563757527349213
0.01710289305341885
0.01868563399626705
0.02039325527922317
0.0222335113548703
0.02421445049731601
0.02634440970540275
0.02863200787302054
0.031086137102646
0.03371595206993584
0.03653085734142442
0.03954049253439393
0.04275471525254725
0.04618358168953856
0.04983732483868947
0.05372633024291334
0.05786110920578918
0.06225226944731567
0.06691048313454372
0.07184645227995869
0.07707087149810518
0.08259438809830009
0.08842755957387297
0.09458080847870269
0.1010643747633594
0.1078882656409944
0.1150622030376686
0.1225955687845217
0.1304973476223874
0.1387760681921551
0.1474397421771962
0.1564958017399474
0.1659510355182064
0.175811523339901
0.1860825699372043
0.1967686379255305
0.207873280277615
0.219399072666836
0.2313475459174933
0.2437191189380667
0.2565130324879532
0.2697272840810693
0.2833585644913011
0.2974021961493944
0.3118520738716776
0.3267006083233564
0.341938672559589
0.3575555521631315
0.3735388992759045
0.3898746909848391
0.4065471924682721
0.4235389252292903
0.4408306409258775
0.4584013010515797
0.4762280628935392
0.4942862721173424
0.5125494622245851
0.5309893613221742
0.5495759063482745
0.5682772650822459
0.5870598661664076
0.605888437238678
0.6247260514707081
0.6435341824957639
0.6622727679025011
0.6809002813448087
0.6993738131641865
0.7176491596261941
0.7356809205452267
0.7534226052687565
0.7708267468534059
0.7878450241042673
0.804428391361856
0.8205272155748267
0.8360914203953834
0.8510706369001013
0.865414360390488
0.8790721129464469
0.8919936110419439
0.9041289377414546
0.9154287188727759
0.9258443024356918
0.9353279407278879
0.943832974325476
0.9513140172690466
0.9577271427006835
0.9630300680935344
0.9671823394522202
0.9701455134987796
0.9718833370490723
0.9723619227624304
0.9715499204716835
0.9694186835745442
0.9659424293105289
0.9610983916164699
0.9548669658458779
0.9472318458719128
0.9381801549161335
0.927702566652914
0.9157934107082957
0.9024507623317362
0.8876765227720727
0.8714764961713073
0.8538604553761127
0.8348421895374432
0.814439533375786
0.7926743827941185
0.7695726987176056
0.7451644969270509
0.7194838226233969
0.6925687096279889
0.6644611246053223
0.6352068965479756
0.6048556314179784
0.57346061206898
0.5410786836742471
0.5077701249489011
0.4735985055865597
0.4386305302624433
0.4029358697062211
0.3665869793833244
0.3296589063627153
0.292229085061507
0.2543771225377885
0.2161845741067838
0.1777347100804118
0.1391122744627101
0.1004032365028259
0.06169453600914818
0.02307382338377218
-0.0153708046515891
-0.05355107264495043
-0.09137879630087982
-0.1287661536377236
-0.1656259563822342
-0.2018719205689922
-0.2374189353021224
-0.2721833286584102
-0.3060831297030697
-0.339038325626462
-0.3709711130239209
-0.4018061423487392
-0.4314707546325539
-0.4598952095574507
-0.4870129040342934
-0.5127605804728232
-0.5370785239577375
-0.5599107476398754
-0.5812051656374393
-0.6009137528363435
-0.6189926910260237
-0.6354025008544237
-0.6501081591991195
-0.6630792015291794
-0.6742898089440126
-0.6837188796308463
-0.6913500845323428
-0.6971719071319605
-0.7011776672565871
-0.703365528918938
-0.703738492262684
-0.7023043697093563
-0.6990757465227992
-0.6940699260091475
-0.6873088596776692
-0.6788190627249201
-0.6686315152416378
-0.6567815496438673
-0.64330872481218
-0.6282566875165273
-0.611673021733756
-0.5936090864918888
-0.5741198429538575
-0.5532636714295462
-0.5311021790726759
-0.5076999990376359
-0.4831245818882937
-0.4574459801009912
-0.4307366264666302
-0.4030711072407412
-0.3745259308937718
-0.3451792933131374
-0.3151108403295945
-0.2844014284074279
-0.2531328843552091
-0.2213877648938824
-0.1892491168990903
-0.156800239134454
-0.1241244462620595
-0.09130483590549798
-0.05842405950725327
-0.02556409769308026
0.007193959166170079
0.03977012454081749
0.07208572285322973
0.1040635895279602
0.1356282634308412
0.1667061711872137
0.1972258029057762
0.2271178788790145
0.2563155068721545
0.2847543296497461
0.3123726624406629
0.3391116200741951
0.3649152335738432
0.3897305560339563
0.413507757638395
0.4362002097368603
0.4577645579195743
0.4781607840844835
0.4973522575263045
0.5153057751094819
0.5319915906419516
0.5473834335784961
0.5614585172383771
0.5741975367449375
0.5855846569110229
0.595607490340868
0.6042570660394068
0.6115277888683631
0.6174173901944008
0.6219268700782474
0.6250604313977396
0.626825406299262
0.6272321754028557
0.6262940801942233
0.6240273290469643
0.620450897349229
0.615586422175416
0.6094580919633502
0.6020925316687724
0.593518683878138
0.5837676863745389
0.572872746607036
0.5608690135293454
0.5477934472716104
0.5336846871015153
0.5185829181354634
0.5025297372283687
0.4855680184743502
0.4677417787358313
0.4490960436038171
0.4296767141899385
0.4095304351150801
0.388704464056338
0.3672465431955576
0.3452047728926024
0.3226274878967887
0.2995631363825035
0.2760601620865498
0.2521668897981398
0.2279314144283304
0.2034014938749402
0.1786244458760344
0.1536470490298628
0.1285154481367711
0.1032750639984151
0.07797050779405394
0.05264550013017297
0.02734279484503101
0.002104107629772799
-0.02302995048972395
-0.04801993478054743
-0.07282762352659083
-0.09741606985396227
-0.1217496486803752
-0.1457940988206528
-0.1695165602924633
-0.1928856068824746
-0.2158712740523445
-0.2384450822725205
-0.2605800558737843
-0.2822507375174322
-0.3034331984013034
-0.3241050443366511
-0.3442454178309675
-0.3638349963052691
-0.3828559865844752
-0.4012921158158012
-0.4191286189850925
-0.4363522231939601
-0.452951128849054
-0.4689149879252643
-0.4842348794739499
-0.4989032825563958
-0.5129140467747985
-0.5262623605659841
-0.538944717433354
-0.5509588802820521
-0.5623038440240484
-0.5729797966201738
-0.5829880787276396
-0.5923311421273718
-0.6010125070784097
-0.6090367187490604
-0.6164093028756209
-0.623136720801803
-0.6292263240543856
-0.6346863085804602
-0.6395256687695531
-0.6437541513883264
-0.647382209561602
-0.6504209569345749
-0.6528821221108113
-0.654778003461723
-0.6561214244071604
-0.6569256892679151
-0.6572045397868017
-0.6569721123943935
-0.6562428963007056
-0.6550316924838547
-0.6533535736337981
-0.6512238451120652
-0.6486580069797373
-0.6456717171442142
-0.6422807556683253
-0.6385009902829669
-0.634348343148407
-0.6298387588789176
-0.624988173844422
-0.6198124867679859
-0.614327530643143
-0.608549045992904
-0.6024926554639923
-0.5961738397510227
-0.5896079148489685
-0.5828100106346943
-0.575795050777611
-0.568577733958572
-0.5611725163790824
-0.5535935955431051
-0.5458548952938335
-0.5379700520888806
-0.5299524024828756
-0.5218149717895711
-0.5135704638948279
-0.5052312521911611
-0.4968093716061288
-0.4883165116874732
-0.4797640107102671
-0.4711628507712313
-0.4625236538352245
-0.4538566787020505
-0.4451718188513979
-0.4364786011276965
-0.4277861852270251
-0.4191033639481274
-0.4104385641720391
-0.401799848529663
-0.3931949177188442
-0.3846311134335653
-0.3761154218700837
-0.367654477777246
-0.3592545690106634
-0.3509216415544218
-0.3426613049755211
-0.334478838277031
-0.3263791961185816
-0.3183670153695983
-0.3104466219631307
-0.3026220380198282
-0.2948969892134715
-0.287274912352317
-0.2797589631451567
-0.2723520241234054
-0.2650567126938751
-0.2578753893001334
-0.2508101656721045
-0.2438629131380243
-0.2370352709760565
-0.2303286547854944
-0.2237442648585563
-0.217283094535719
-0.210945938526394
-0.2047334011789308
-0.1986459046849114
-0.1926836972041261
-0.1868468608987003
-0.1811353198624164
-0.1755488479336176
-0.1700870763814187
-0.1647495014558038
-0.1595354917935672
-0.154444295671888
-0.1494750481028838
-0.1446267777629872
-0.1398984137512486
-0.1352887921720373
-0.13079666253813
-0.1264206939920386
-0.1221594813426571
-0.1180115509133521
-0.1139753661992442
-0.1100493333335882
-0.1062318063642519
-0.1025210923400797
-0.09891545620589011
-0.09541312550641277
-0.0920122949009991
-0.08871113049144462
-0.08550777396479523
-0.08240034655288639
-0.0793869528115644
-0.07646568422167838
-0.07363462261440977
-0.07089184342417661
-0.06823541877315824
-0.06566342039159513
-0.06317392237685421
-0.06076500379486302
-0.05843475112791949
-0.05618126057330977
-0.05400264019746511
-0.05189701194928308
-0.04986251353639751
-0.04789730016895705
-0.04599954617570083
-0.04416744649733934
-0.04239921806093001
-0.04069310103924226
-0.03904735999953812
-0.03746028494641034
-0.03593019226321242
-0.03445542555612165
-0.03303435640493042
-0.03166538502473184
-0.0303469408426713
-0.02907748299377718
-0.02785550073984547
-0.02667951381533738
-0.02554807270402723
-0.02445975884981693
-0.02341318480526242
-0.02240699432132942
-0.02143986238211777
-0.02051049518774083
-0.0196176300885788
-0.01876003547412151
-0.01793651061920763
-0.01714588549051924
-0.01638702051605472
-0.01565880632052907
-0.01496016342930166
-0.01429004194323644
-0.01364742118680922
-0.01303130933173605
-0.01244074299853121
-0.01187478683818771
-0.01133253309581356
-0.01081310115805071
-0.01031563708609614
-0.009839313136125294
-0.009383327268849044
-0.008946902649731093
-0.008529287141393371
-0.008129752789602865
-0.007747595304105764
-0.007382133535486849
-0.007032708949314136
-0.006698685098686864
-0.006379447096192032
-0.006074401086268932
-0.005782973718848191
-0.00550461162506956
-0.005238780895877333
-0.004984966564142167
-0.004742672091146481
-0.004511418858033039
-0.004290745662754794
-0.004080208222871555
-0.003879378684718871
-0.003687845139472606
-0.003505211146543709
-0.003331095264587623
-0.003165130590322174
-0.003006964305478497
-0.002856257232138359
-0.002712683396715325
-0.002575929602702299
-0.002445695012332869
-0.002321690737201473
-0.002203639438041003
-0.002091274933688915
-0.001984341819307769
-0.001882595093839917
-0.001785799796743463
-0.001693730653937841
-0.001606171732967461
-0.001522916107318115
-0.001443765529893536
-0.001368530115534829
-0.00129702803250736
-0.001229085202815836
-0.001164535011293705
-0.00110321802330293
-0.001044981710982221
-0.0009896801878494417
-0.0009371739517226402
-0.0008873296357296563
-0.0008400197672482078
-0.000795122534695746
-0.0007525215619401906
-0.0007121056902154001
-0.0006737687673776712
-0.000637409444354653
-0.0006029309785544768
-0.000570241044148912
-0.0005392515490436623
-0.0005098784582815021
-0.0004820416238671192
-0.0004556646206934701
-0.0004306745885396292
-0.00040700207982194
-0.0003845809130936266
-0.0003633480320093076
-0.0003432433696508464
-0.0003242097180235791
-0.0003061926026506237
-0.0002891401619685799
-0.0002730030314901335
-0.0002577342325246788
-0.0002432890653344765
-0.0002296250065624515
-0.0002167016107938011
-0.0002044804161690137
-0.0001929248537989389
-0.0001820001609570932
-0.0001716732978262918
-0.0001619128677899434
-0.0001526890410074412
-0.0001439734812646665
-0.0001357392759240795
-0.0001279608688647865
-0.0001206139963156637
-0.0001136756254912722
-0.0001071238959047519
-0.0001009380632145673
-9.509844550481711e-05
-8.958637191992789e-05
-8.438413373490924e-05
-7.947493771366283e-05
-7.484286148053277e-05
-7.047281073253563e-05
-6.63504783626225e-05
-6.246230554301346e-05
-5.87954447188205e-05
-5.533772427870644e-05
-5.207761479609373e-05
-4.900419686992885e-05
-4.610713044112566e-05
-4.337662557919576e-05
-4.080341464582734e-05
-3.837872576131224e-05
-3.60942575702565e-05
-3.39421551606197e-05
-3.191498718834192e-05
-3.00057240769797e-05
-2.820771728570323e-05
-2.651467958776551e-05
-2.492066629334843e-05
-2.342005740837995e-05
-2.200754067819779e-05
-2.067809544165893e-05
-1.942697732804312e-05
-1.824970365085872e-05
-1.714203960570547e-05
-1.60999851115046e-05
-1.511976232249447e-05
-1.419780377822705e-05
-1.333074116557239e-05
-1.251539461480374e-05
-1.17487625790463e-05
-1.102801221244072e-05
-1.035047024854303e-05
-9.71361434622535e-06
-9.115064890412606e-06
-8.552577207337361e-06
-8.024034196758396e-06
-7.527439326874334e-06
-7.060910034344353e-06
-6.622671428931e-06
-6.21105036294406e-06
-5.824469780566388e-06
-5.46144341494987e-06
-5.120570720716329e-06
-4.800532094744307e-06
-4.500084358904002e-06
-4.218056479193995e-06
-3.953345511260471e-06
-3.70491276185327e-06
-3.471780187166805e-06
-3.253026939178571e-06
-3.047786142626327e-06
-2.855241816743116e-06
-2.674625976020265e-06
-2.505215909522506e-06
-2.346331578312921e-06
-2.197333178243356e-06
-2.057618819424974e-06
-1.926622353201726e-06
-1.803811312707112e-06
-1.688684960736926e-06
-1.580772459268406e-06
-1.479631118350254e-06
-1.384844789387398e-06
-1.296022277317153e-06
-1.212795919817963e-06
-1.134820200147087e-06
-1.06177044098591e-06
-9.93341580697821e-07
-9.292470288726295e-07
-8.692175806085591e-07
-8.130003687570631e-07
-7.603579234330383e-07
-7.110672376330883e-07
-6.649189155595125e-07
-6.21716369539819e-07
-5.812750458726545e-07
-5.434217105356216e-07
-5.079937650552634e-07
-4.74838609245421e-07
-4.438130642275175e-07
-4.147827755360117e-07
-3.876217051643084e-07
-3.622116141883489e-07
-3.384415806393482e-07
-3.162075850785653e-07
-2.954120664086868e-07
-2.7596354312806e-07
-2.57776244074298e-07
-2.407697513280102e-07
-2.248686773059051e-07
-2.100023577136837e-07
-1.961045577096913e-07
-1.831132070874455e-07
-1.709701495768641e-07
-1.596208778116474e-07
-1.490143297216162e-07
-1.391026713450025e-07
-1.298410858595849e-07
-1.211876091894353e-07
-1.131029273147888e-07
-1.05550221002908e-07
-9.84950222519449e-08
-9.19050496732609e-08
-8.575008669153576e-08
-8.000184942201351e-08
-7.463386123957216e-08
-6.962133811896212e-08
-6.494108462588409e-08
-6.057139237738885e-08
-5.64919595374843e-08
-5.268377110911566e-08
-4.912905350285141e-08
-4.581117350919401e-08
-4.271456607005781e-08
-3.982468088622387e-08
-3.712790094942436e-08
-3.46115007624458e-08
-3.226357984334081e-08
-3.007301082177794e-08
-2.802939117025747e-08
-2.612299305676898e-08
-2.43447285820762e-08
-2.268609391866231e-08
-2.113915090562202e-08
-1.969647228021688e-08
-1.835112376008132e-08
-1.709662279373692e-08
-1.59269068437221e-08
-1.483632160517106e-08
-1.381957648493064e-08
-1.287173552326954e-08
-1.1988184161935e-08
-1.116461666562213e-08
-1.039700079254608e-08
-9.681594185433108e-09
-9.01488448223244e-09
-8.393598272750278e-09
-7.814674504108106e-09
-7.275264231307572e-09
-6.772695586024455e-09
-6.304487532792532e-09
-5.86831757434018e-09
-5.462014657685804e-09
-5.083557013341386e-09
-4.731054258642583e-09
-4.402747553579179e-09
-4.09699663911008e-09
-3.81226258972941e-09
-3.547127465773623e-09
-3.300249730972778e-09
-3.070386192376769e-09
-2.856378130264131e-09
-2.657143493381073e-09
-2.471675414447633e-09
-2.299026886565857e-09
-2.138329025535983e-09
-1.988758503108155e-09
-1.849555320411419e-09
-1.720010471166577e-09
-1.599456542991571e-09
-1.487275517982902e-09
-1.382892007970062e-09
-1.285768478854339e-09
-1.195404843229619e-09
-1.111327689108573e-09
-1.033109506970137e-09
-9.603460568435378e-10
-8.926635654807066e-10
-8.297102165047743e-10
-7.71162534481862e-10
-7.167128418122062e-10
-6.660761522707484e-10
-6.189898417493673e-10
-5.752078158655763e-10
-5.344972463128111e-10
-4.966432978264372e-10
-4.614489926613509e-10
-4.287260254488045e-10
-3.983046434640033e-10
-3.700192880017458e-10
-3.437269300419985e-10
-3.192865926978909e-10
-2.965686279512566e-10
-2.754534732665144e-10
-2.558256320136999e-10
-2.375915984031972e-10
-2.206503131958207e-10
-2.049128066788803e-10
-1.902894351814567e-10
-1.767024051275234e-10
-1.64081695374084e-10
-1.523561884312353e-10
-1.414608741236419e-10
-1.31334676388433e-10
-1.219254839999228e-10
-1.131854076845192e-10
-1.05062021299707e-10
-9.751404936075674e-11
-9.050562520947689e-11
-8.399803529368463e-11
-7.7958654908259e-11
-7.235491246889423e-11
-6.715044397677904e-11
-6.23215976554309e-11
-5.784343504022312e-11
-5.368279394175512e-11
-4.982073300695543e-11
-4.623213685281406e-11
-4.289372196778019e-11
-3.979278994445425e-11
-3.690994411613602e-11
-3.423422929067369e-11
-3.175668550993082e-11
-2.944962926858273e-11
-2.73152852634233e-11
-2.533829756021012e-11
-2.350815262991549e-11
-2.18094857777601e-11
-2.023070957830178e-11
-1.876709436166035e-11
-1.740595919659777e-11
-1.614273097978634e-11
-1.496865090441529e-11
-1.388163988576323e-11
-1.286921603908122e-11
-1.192734245293009e-11
-1.105369136135093e-11
-1.025011289514735e-11
-9.503740903041678e-12
-8.811604031199406e-12
-8.172482812517803e-12
-7.576292599266388e-12
-7.023872937865992e-12
-6.509563037580208e-12
-6.033423132566018e-12
-5.59209563939335e-12
-5.183861466479895e-12
-4.804969328098079e-12
-4.452257593525649e-12
-4.125951654357949e-12
-3.8229268579576e-12
-3.54237930472378e-12
-3.283100989425375e-12
-3.046443319455734e-12
-2.824752449911835e-12
-2.617251865344648e-12
-2.42299126824714e-12
-2.245746112522048e-12
-2.080303792089112e-12
-1.923922044935611e-12
-1.777390100321612e-12
-1.645564839799781e-12
-1.523570670238155e-12
-1.415649410523357e-12
-1.311029119998002e-12
-1.218284589096052e-12
-1.128875475222814e-12
-1.048307200255138e-12
-9.741485475101819e-13
-9.018579610367401e-13
-8.347347195843981e-13
-7.694667207096981e-13
-7.125062557760275e-13
-6.583896440215309e-13
-6.066459763541533e-13
-5.615699720379464e-13
-5.149000514044543e-13
-4.762246826577699e-13
-4.446412298609536e-13
-4.127152021870231e-13
-3.841816948342156e-13
-3.594802496486643e-13
-3.341128236692333e-13
-3.12338920893687e-13
-2.902018772027612e-13
-2.667016163934794e-13
-2.433982101830759e-13
-2.219142409103992e-13
-2.033100860751249e-13
-1.874558728987238e-13
-1.722883889586321e-13
-1.6224323897044e-13
-1.531001728334945e-13
-1.439682029205003e-13
-1.325455537283617e-13
-1.201916125807774e-13
-1.087304394548914e-13
-9.613356600792172e-14
-9.494915068095938e-14
-8.91463798048487e-14
-8.469268816011183e-14
-7.982234603998452e-14
-7.29480323584706e-14
-6.914671069771785e-14
-6.399953936027133e-14
-5.868810671573602e-14
-5.209707597238548e-14
-4.608657552664003e-14
-4.102210631369213e-14
-3.738296281096561e-14
-3.241551885951107e-14
-2.949853933369425e-14
-2.632403622208666e-14
-2.680255061146244e-14
-2.948015585642001e-14
-3.101792951039837e-14
-2.891454617917327e-14
-2.500535321344528e-14
-2.375064836429026e-14
-2.39112773385359e-14
-1.861617748515267e-14
-1.85927078356408e-14
-1.573993338867221e-14
-1.146802362067187e-14
-9.977081812191639e-15
-6.921086377731e-15
-5.336475933535213e-15
-4.154949337547429e-15
-5.001277879848225e-15
-4.559382813365903e-15
-4.881486137653719e-15
-6.971204228860951e-15
-1.122788960834033e-14
-1.584148650191892e-14
-1.653914622781006e-14
-1.620613142671008e-14
-1.295361961947051e-14
-6.969928024187166e-15
-6.056720849980954e-16
4.337048722087525e-15
6.661305096647845e-15
8.522144122662947e-15
6.269309879387256e-15
5.813689454372765e-16
-2.052212888486129e-15
-1.880329819284778e-15
-5.715476026131827e-15
-6.712678442206552e-15
-1.154355708455037e-14
-1.269673357664256e-14
-1.099471082254892e-14
-7.137128252801907e-15
-2.071202381969372e-15
1.148780501646212e-15
4.340592474945386e-15
7.296898951201016e-15
7.274145424273787e-15
7.857550661020199e-15
8.545281455365125e-15
1.391900395574746e-15
-7.079282734945844e-16
-6.182350558528599e-15
-1.043764104227317e-14
-1.1687865131996e-14
-1.000130431511351e-14
-6.364635953880246e-15
-3.295781385306058e-16
2.889464329580197e-15
6.212425881942906e-15
6.57521910397889e-15
5.804802195499183e-15
3.752789883417263e-15
1.056867418673496e-15
4.482968817668355e-16
-2.552634994707435e-15
-4.791698094287785e-15
-4.9087669397041e-15
-2.853507370854374e-15
8.7462716006081e-16
2.19918895117384e-15
3.369794529751407e-15
4.003825468551425e-15
1.258827182778736e-15
-2.771627836740456e-15
-5.853837719013358e-15
-5.223454720169765e-15
-5.281214955650774e-15
