3.398001053716527e-13
1.930224440048577e-13
1.134291812084425e-13
6.555977825685209e-14
3.794092733748777e-14
2.157022409659574e-14
1.16005503025717e-14
5.308973567745604e-15
1.073729329565113e-15
-1.990251988764925e-15
-3.92660466865074e-15
-5.545071296178928e-15
-6.374839226013627e-15
-6.966951405115069e-15
-7.160672020275054e-15
-7.403958993162077e-15
-7.208861601897852e-15
-6.710669841087774e-15
-6.779663099149216e-15
-6.943618931821895e-15
-7.671824824254385e-15
-9.479312268594002e-15
-1.304832205142111e-14
-1.803191449127939e-14
-2.669033164563489e-14
-3.946827390702086e-14
-5.835240534623375e-14
-8.643972294737549e-14
-1.267334438475322e-13
-1.846241392233569e-13
-2.6666889103862e-13
-3.824601794736323e-13
-5.454785258623836e-13
-7.720785084124901e-13
-1.08681669862821e-12
-1.52088119891029e-12
-2.1189312564471e-12
-2.936953287899798e-12
-4.052066274393898e-12
-5.568627076188624e-12
-7.621850877443976e-12
-1.039530280297988e-11
-1.412616448277423e-11
-1.912928851248512e-11
-2.581825036729248e-11
-3.473216312601661e-11
-4.657547438597471e-11
-6.226231023172668e-11
-8.297841789258968e-11
-1.10256184695226e-10
-1.460701228810159e-10
-1.929562133739227e-10
-2.541647385541577e-10
-3.338471965192855e-10
-4.372923648190356e-10
-5.712163606194705e-10
-7.441313073198635e-10
-9.667893902108001e-10
-1.25273874945424e-09
-1.619007022840917e-09
-2.086936693812818e-09
-2.68320911197395e-09
-3.441099340858076e-09
-4.401995729120517e-09
-5.617254492538694e-09
-7.150438052780358e-09
-9.080032458308318e-09
-1.150271263475936e-08
-1.453727689134329e-08
-1.832936727694495e-08
-2.305712075031222e-08
-2.893792292269927e-08
-3.623645010701384e-08
-4.527424394674741e-08
-5.644105899902497e-08
-7.020830693138052e-08
-8.714493263373669e-08
-1.079361314931446e-07
-1.334053610013531e-07
-1.64540177088726e-07
-2.025224957964547e-07
-2.487639600619404e-07
-3.049471898072685e-07
-3.730737992531395e-07
-4.555201678699201e-07
-5.551020919884083e-07
-6.75149579311206e-07
-8.195932021299685e-07
-9.930635888982627e-07
-1.201005833911717e-06
-1.449810786191467e-06
-1.746965410740334e-06
-2.101224648617455e-06
-2.522807433551176e-06
-3.023619832091562e-06
-3.617508513210216e-06
-4.320548082431096e-06
-5.151366127242282e-06
-6.131510124452697e-06
-7.285860723573008e-06
-8.643096232606011e-06
-1.02362135037985e-05
-1.21031111366215e-05
-1.428724216425497e-05
-1.683834264664959e-05
-1.981324309515899e-05
-2.327677039683752e-05
-2.730274839686237e-05
-3.197510578165239e-05
-3.738910041136587e-05
-4.365266971467957e-05
-5.088791724043144e-05
-5.923274592626853e-05
-6.884264903755237e-05
-7.989267017965609e-05
-9.257954408541651e-05
-0.0001071240302440507
-0.0001237734516201856
-0.0001428044509481864
-0.0001645259771204567
-0.000189282514211062
-0.0002174575655438501
-0.0002494774049483851
-0.0002858151069834679
-0.0003269948673051192
-0.0003735966236569501
-0.0004262609870804763
-0.0004856944930517564
-0.000552675183846876
-0.0006280585271725772
-0.0007127836749759652
-0.000807880065271977
-0.0009144743676790971
-0.001033797770818783
-0.001167193606937168
-0.001316125305888104
-0.001482184667099233
-0.001667100434230619
-0.001872747153174522
-0.002101154292970151
-0.002354515635977413
-0.002635198924292565
-0.002945755698791486
-0.003288931258542949
-0.003667674709966451
-0.004085149078214039
-0.004544741432639457
-0.005050072955936625
-0.005605008891675809
-0.006213668296774104
-0.006880433527744887
-0.007609959379841869
-0.008407181785912099
-0.009277325988011153
-0.01022591407610206
-0.01125877179450017
-0.01238203450807193
-0.01360215220800816
-0.01492589344941636
-0.01636034808899669
-0.01791292870448536
-0.01959137056978531
-0.021403730047304
-0.02335838128137709
-0.02546401104742771
-0.02772961163555093
-0.0301644716412092
-0.03277816452388033
-0.03558053483023058
-0.03858168194364048
-0.0417919412598241
-0.045221862685018
-0.04888218634269599
-0.05278381542809942
-0.056937786106486
-0.06135523440544153
-0.06604736005197984
-0.07102538719699049
-0.07630052204319734
-0.08188390733698808
-0.08778657375832614
-0.09401938824595127
-0.100592999286631
-0.1075177792918905
-0.1148037641163583
-0.1224605898676251
-0.1304974271585959
-0.1389229129390913
-0.147745080159868
-0.1569712854360033
-0.1666081349927129
-0.1766614091718957
-0.1871359857546281
-0.198035762492313
-0.2093635791260149
-0.2211211393063527
-0.2333089328125048
-0.2459261584349209
-0.2589706480412661
-0.2724387921944279
-0.2863254678362209
-0.3006239685241662
-0.3153259376609518
-0.3304213053240481
-0.3458982291055481
-0.3617430395273023
-0.3779401905513325
-0.3944722156350158
-0.411319689953566
-0.4284611991763921
-0.4458733153454564
-0.463530580331794
-0.4814054972479733
-0.4994685303724876
-0.5176881138631937
-0.5360306697026996
-0.5544606352194315
-0.5729405003993002
-0.591430855378814
-0.6098904482078052
-0.628276253140319
-0.6465435495811017
-0.6646460116563014
-0.6825358085569352
-0.7001637154781423
-0.7174792351477731
-0.7344307297891011
-0.7509655631915148
-0.767030252747034
-0.7825706309620258
-0.7975320161231031
-0.8118593916486669
-0.8254975934960089
-0.8383915051825128
-0.8504862596125008
-0.8617274470811751
-0.8720613286903923
-0.8814350542625307
-0.8897968840320317
-0.8970964130491331
-0.9032847974174777
-0.9083149813717935
-0.9121419240890866
-0.9147228253395008
-0.9160173487265735
-0.9159878414389225
-0.9145995494066997
-0.9118208267743277
-0.9076233388540655
-0.9019822571056404
-0.8948764445697006
-0.8862886307464453
-0.8762055760631023
-0.8646182268219735
-0.8515218570701648
-0.8369161916610807
-0.8208055100872332
-0.8031987368393464
-0.784109523248592
-0.7635563135184883
-0.7415623882745075
-0.7181558854332168
-0.693369802484891
-0.6672419816927684
-0.6398150760799398
-0.6111364950194736
-0.5812583293265148
-0.5502372562017966
-0.5181344242749328
-0.4850153187427229
-0.4509496068399763
-0.4160109640088461
-0.3802768812291148
-0.3438284541198132
-0.3067501544138507
-0.2691295845707148
-0.2310572163626854
-0.1926261143445894
-0.153931645238361
-0.1150711742941738
-0.07614374979921867
-0.03724977695876126
0.001509317565898721
0.04003142910911423
0.07821412505050176
0.1159550000208028
0.1531520347921731
0.1897039573431497
0.2255106045767063
0.2604732831417267
0.2944951278201764
0.3274814559387561
0.35934011625352
0.3899818308031323
0.4193205282172865
0.4472736670333431
0.4737625476006222
0.4987126111765289
0.5220537249193352
0.5437204514857519
0.5636523020511697
0.5817939716296379
0.5980955556305736
0.6125127467269507
0.625007011122639
0.6355457434463424
0.6441023995853058
0.6506566068597102
0.6551942510965645
0.6577075401764333
0.6581950437851014
0.6566617091993423
0.6531188530295999
0.6475841289988922
0.640081471873143
0.6306410178196317
0.6192990015511288
0.6060976306907364
0.5910849379413342
0.5743146116867897
0.5558458057875582
0.5357429294030087
0.5140754177422765
0.4909174847642607
0.4663478588663828
0.4404495027075568
0.4133093183610116
0.3850178390390995
0.3556689087106908
0.3253593509342959
0.2941886282931889
0.2622584938424989
0.2296726359977596
0.1965363183265492
0.1629560156845202
0.129039048158527
0.09489321427230415
0.06062642489788021
0.0263463393044267
-0.007839995257352383
-0.04182649906000722
-0.07550840915743182
-0.1087826210993099
-0.1415480218511022
-0.173705812718373
-0.2051598211354393
-0.2358168002381789
-0.265586715198141
-0.2943830153718334
-0.3221228913801999
-0.3487275163186123
-0.3741222703697194
-0.3982369481613434
-0.4210059483072601
-0.4423684446320292
-0.4622685386792248
-0.4806553931784761
-0.497483346219767
-0.5127120059850262
-0.526306325945767
-0.538236660536858
-0.5484788013857014
-0.5570139942410617
-0.5638289368431028
-0.568915758024403
-0.5722719784206216
-0.5739004532291071
-0.5738092975109546
-0.5720117946125742
-0.5685262883109583
-0.5633760593641508
-0.5565891871855118
-0.5481983973898577
-0.5382408960196979
-0.5267581912883934
-0.5137959037293208
-0.4994035656494639
-0.4836344107935156
-0.4665451551659002
-0.4481957699584827
-0.4286492475544794
-0.407971361579905
-0.3862304219741183
-0.363497026062476
-0.3398438065791495
-0.3153451775903153
-0.2900770792591951
-0.2641167223807315
-0.2375423335977531
-0.2104329021643717
-0.1828679291072553
-0.1549271796074553
-0.1266904393932449
-0.09823727590337723
-0.06964680493623428
-0.04099746346704347
-0.01236678927427684
0.01616879202524493
0.0445341719754688
0.07265575580283637
0.1004616499918916
0.1278818404913717
0.1548483611718969
0.1812954522040559
0.2071597080690582
0.2323802149639628
0.2568986774071139
0.2806595338886947
0.3036100614595145
0.3257004691908683
0.3468839804848383
0.3671169042530278
0.3863586950185504
0.4045720020416913
0.4217227075955533
0.4377799545620591
0.45271616354751
0.4665070397392854
0.47913156976003
0.4905720088079404
0.5008138584120487
0.5098458351391657
0.5176598305904481
0.5242508630552072
0.5296170212217666
0.5337594003743156
0.5366820314979135
0.5383918037039079
0.5388983804094214
0.5382141097276592
0.5363539295447579
0.5333352677408792
0.5291779379932997
0.5239040316120752
0.5175378058748041
0.5101055693339668
0.5016355645455342
0.4921578486435921
0.481704172191586
0.4703078567408201
0.4580036715227222
0.4448277096789192
0.4308172644139428
0.4160107054529517
0.4004473561637484
0.3841673716913817
0.3672116184396549
0.3496215552203301
0.3314391163779469
0.3127065971648439
0.2934665416292436
0.2737616332652575
0.2536345886585382
0.2331280543448653
0.2122845070685888
0.1911461576133888
0.1697548583648982
0.1481520147498414
0.1263785006780245
0.1044745780857632
0.08247982066698772
0.06043304186483914
0.03837222718129393
0.01633447084531238
-0.005644083137061165
-0.02752829554080918
-0.04928408209302853
-0.07087845927484605
-0.09227958578423241
-0.1134567997019867
-0.1343806514147947
-0.1550229323604013
-0.1753566996708504
-0.1953562968022945
-0.214997370243326
-0.2342568824006632
-0.2531131207702886
-0.2715457035127565
-0.2895355815605521
-0.3070650373815294
-0.3241176805276456
-0.3406784401047149
-0.3567335543061083
-0.372270557158877
-0.3872782626235116
-0.40174674619246
-0.4156673241352703
-0.4290325305407713
-0.4418360923101598
-0.4540729022456013
-0.4657389903813973
-0.4768314937041278
-0.4873486244075361
-0.497289636828852
-0.5066547932039022
-0.515445328378118
-0.5236634136084938
-0.5313121195890484
-0.5383953788330902
-0.5449179475317077
-0.5508853670075716
-0.5563039248800615
-0.5611806160530727
-0.5655231036359363
-0.5693396798964349
-0.5726392273424736
-0.5754311800253477
-0.5777254851550391
-0.5795325651170915
-0.5808632799632552
-0.5817288904482424
-0.5821410216809286
-0.5821116274535861
-0.581652955311214
-0.5807775124116132
-0.5794980322241489
-0.5778274421122588
-0.5757788318417839
-0.5733654230566703
-0.5706005397475081
-0.567497579735981
-0.5640699871986448
-0.5603312262541617
-0.5562947556366015
-0.5519740044596561
-0.5473823490775752
-0.5425330910478269
-0.5374394361981097
-0.5321144747988307
-0.5265711628348706
-0.5208223043698987
-0.5148805349940438
-0.5087583063445059
-0.502467871689426
-0.4960212725546789
-0.4894303263745926
-0.4827066151471041
-0.4758614750718233
-0.4689059871499782
-0.4618509687206049
-0.4547069659087428
-0.4474842469591802
-0.440192796427165
-0.4328423101984987
-0.4254421913102069
-0.4180015465466068
-0.4105291837805035
-0.4030336100241213
-0.3955230301567719
-0.3880053463018903
-0.3804881578282809
-0.3729787619446939
-0.3654841548519466
-0.3580110334203452
-0.3505657973646327
-0.3431545518898813
-0.3357831107790273
-0.3284569998918339
-0.3211814610487576
-0.3139614562696191
-0.3068016723380111
-0.2997065256652311
-0.2926801674301872
-0.2857264889728053
-0.2788491274136803
-0.2720514714749144
-0.2653366674793966
-0.2587076255081492
-0.2521670256967348
-0.2457173246476779
-0.239360761937228
-0.2330993666979452
-0.2269349642617357
-0.2208691828490054
-0.2149034602845075
-0.2090390507225474
-0.2032770313670683
-0.1976183091744329
-0.1920636275270884
-0.1866135728647297
-0.1812685812611053
-0.1760289449359273
-0.1708948186920915
-0.1658662262695779
-0.1609430666071725
-0.1561251200052172
-0.1514120541821167
-0.146803430216476
-0.1422987083682851
-0.1378972537748879
-0.1335983420180493
-0.1294011645580052
-0.1253048340306636
-0.1213083894056525
-0.1174108010016253
-0.1136109753560022
-0.1099077599476024
-0.1062999477716311
-0.102786281767004
-0.09936545909460083
-0.09603613526566722
-0.09279692812070435
-0.08964642166037511
-0.08658316973032523
-0.08360569955971342
-0.08071251515392569
-0.07790210054312692
-0.07517292288916209
-0.07252343545299345
-0.06995208042481316
-0.06745729161963218
-0.06503749704078905
-0.06269112131339623
-0.06041658799039677
-0.05821232173431187
-0.05607675037805472
-0.05400830686788108
-0.05200543109136515
-0.05006657159372867
-0.04819018718555954
-0.04637474844477998
-0.04461873911628096
-0.04292065741327504
-0.04127901722437813
-0.03969234922877041
-0.03815920192186677
-0.03667814255483323
-0.03524775799230807
-0.03386665549222433
-0.03253346341004609
-0.03124683182996812
-0.03000543312627764
-0.02880796245854331
-0.02765313820403776
-0.02653970232987904
-0.02546642070754146
-0.02443208337254191
-0.02343550473245918
-0.0224755237261444
-0.02155100393659536
-0.02066083365998073
-0.01980392593338579
-0.01897921852346251
-0.01818567387830765
-0.01742227904504198
-0.0166880455556403
-0.01598200928310494
-0.01530323026971591
-0.01465079252923491
-0.01402380382510195
-0.01342139542643429
-0.01284272184358388
-0.01228696054516026
-0.01175331165829595
-0.0112409976534331
-0.01074926301499259
-0.01027737389935205
-0.00982461778158116
-0.009390303092322892
-0.008973758845983351
-0.008574334261428306
-0.008191398376262829
-0.007824339655714307
-0.007472565597053927
-0.007135502330587323
-0.006812594218057169
-0.006503303449369996
-0.006207109638301755
-0.005923509417929206
-0.005652016036464519
-0.005392158954192397
-0.005143483442069707
-0.004905550182568724
-0.004677934873383175
-0.004460227834315772
-0.004252033617740557
-0.00405297062302625
-0.003862670715430747
-0.003680778849822181
-0.003506952699490024
-0.003340862290253127
-0.003182189640177041
-0.003030628405048576
-0.002885883529881202
-0.002747670906570895
-0.002615717037935441
-0.002489758708212033
-0.002369542660085463
-0.002254825278289913
-0.002145372279928977
-0.002040958411910633
-0.001941367155358709
-0.00184639043639197
-0.001755828342422159
-0.001669488845419151
-0.001587187534487699
-0.001508747357074376
-0.001433998365471015
-0.001362777466242261
-0.001294928175909359
-0.00123030038540231
-0.001168750132815055
-0.001110139382299307
-0.001054335808310818
-0.001001212585933891
-0.0009506481875654043
-0.0009025261858735083
-0.0008567350627228467
-0.0008131680239319066
-0.0007717228198035252
-0.0007323015713345773
-0.0006948106019430667
-0.000659160274694644
-0.0006252648348154836
-0.0005930422574000843
-0.0005624141002380455
-0.0005333053615567031
-0.0005056443426275385
-0.0004793625151281639
-0.0004543943930782474
-0.000430677409284997
-0.0004081517961476419
-0.0003867604706892151
-0.0003664489237556805
-0.0003471651132268749
-0.0003288593611294532
-0.0003114842545319573
-0.0002949945501496011
-0.0002793470824778952
-0.0002645006754266977
-0.0002504160572883114
-0.0002370557789756657
-0.0002243841354184259
-0.0002123670899549417
-0.0002009722017321723
-0.0001901685559428959
-0.0001799266967964534
-0.0001702185631828833
-0.0001610174269250582
-0.0001522978334754042
-0.0001440355450517355
-0.0001362074860783109
-0.0001287916908620602
-0.0001217672534385159
-0.0001151142794841375
-0.0001088138402317831
-0.0001028479283359477
-9.719941556793721e-05
-9.1852012329942e-05
-8.679022887132551e-05
-8.199933817641374e-05
-7.746534045245561e-05
-7.317492912328853e-05
-6.911545833637511e-05
-6.527491185690623e-05
-6.164187334338634e-05
-5.820549791705991e-05
-5.495548499833519e-05
-5.188205234068946e-05
-4.897591123690312e-05
-4.6228242819913e-05
-4.363067542565681e-05
-4.117526300345013e-05
-3.885446448383703e-05
-3.666112409100033e-05
-3.458845255475546e-05
-3.263000918115336e-05
-3.077968476756351e-05
-2.903168527578973e-05
-2.738051628997729e-05
-2.582096819017422e-05
-2.434810201255228e-05
-2.29572359932537e-05
-2.164393271588535e-05
-2.040398689359767e-05
-1.923341371402963e-05
-1.812843774730277e-05
-1.708548237797761e-05
-1.610115975755036e-05
-1.517226122153786e-05
-1.429574817726003e-05
-1.346874343296064e-05
-1.268852295956314e-05
-1.195250802263115e-05
-1.1258257727044e-05
-1.060346191524002e-05
-9.985934423566078e-06
-9.40360666152927e-06
-8.854521504605959e-06
-8.33682750986712e-06
-7.84877339888251e-06
-7.388702821533459e-06
-6.955049403455855e-06
-6.546331992719413e-06
-6.161150209435618e-06
-5.798180160321462e-06
-5.456170412734617e-06
-5.133938145616847e-06
-4.830365513860727e-06
-4.544396186559726e-06
-4.275032076578249e-06
-4.021330220689914e-06
-3.782399834762819e-06
-3.557399508879222e-06
-3.345534549315024e-06
-3.146054477857598e-06
-2.958250624602161e-06
-2.781453875563657e-06
-2.615032532970521e-06
-2.458390271603573e-06
-2.310964225918709e-06
-2.17222315742592e-06
-2.041665745795102e-06
-1.918818910392712e-06
-1.803236304212833e-06
-1.694496826080311e-06
-1.592203223750866e-06
-1.495980792392991e-06
-1.405476119953286e-06
-1.32035592010085e-06
-1.240305902826434e-06
-1.16502972164143e-06
-1.094247980762776e-06
-1.027697289471399e-06
-9.651293586237409e-07
-9.06310171624345e-07
-8.510191723334029e-07
-7.990485113601551e-07
-7.502023365384166e-07
-7.042961060803573e-07
-6.611559667915921e-07
-6.206181273493013e-07
-5.825283144786241e-07
-5.467412180766416e-07
-5.131199835957953e-07
-4.815357353545651e-07
-4.518671213685688e-07
-4.239998734431315e-07
-3.978264204368646e-07
-3.732454867473982e-07
-3.501617492381247e-07
-3.284854666280366e-07
-3.081321836253646e-07
-2.890224309020916e-07
-2.710814539450732e-07
-2.5423892506504e-07
-2.384286573218755e-07
-2.235883370527243e-07
-2.096593284398141e-07
-1.965864924705115e-07
-1.843179879242135e-07
-1.72805074300759e-07
-1.620019002279458e-07
-1.518653612119198e-07
-1.423549146746101e-07
-1.334324507166403e-07
-1.250621447403196e-07
-1.172103060999826e-07
-1.098452752270628e-07
-1.029372920417119e-07
-9.645838827640064e-08
-9.038228492454942e-08
-8.468427872307408e-08
-7.934116190760901e-08
-7.433112732255346e-08
-6.963369237383687e-08
-6.52296142910032e-08
-6.110081222032513e-08
-5.723030629158076e-08
-5.360214813569133e-08
-5.020135702672193e-08
-4.701387109569604e-08
-4.402648366301764e-08
-4.122678678696002e-08
-3.860314536009367e-08
-3.614462216236599e-08
-3.384095643099946e-08
-3.168251245365393e-08
-2.966024685286303e-08
-2.776566714309497e-08
-2.599081012666639e-08
-2.432819394050411e-08
-2.277081098727601e-08
-2.131208113121946e-08
-1.99458236832313e-08
-1.866625214274308e-08
-1.746792753311569e-08
-1.634575094951723e-08
-1.529493286253329e-08
-1.43109990550206e-08
-1.338972562490991e-08
-1.25271757637698e-08
-1.171964114606419e-08
-1.096365026270142e-08
-1.025595469792004e-08
-9.593497509101496e-09
-8.973420499748226e-09
-8.393040324066065e-09
-7.849849442452612e-09
-7.341484438696957e-09
-6.865735276596914e-09
-6.420527597682038e-09
-6.003920741445234e-09
-5.614100521409827e-09
-5.249361626368749e-09
-4.908103748690728e-09
-4.588831776738178e-09
-4.290146724579825e-09
-4.010731861349541e-09
-3.74936060128238e-09
-3.504871817345101e-09
-3.276187973008564e-09
-3.062302033633478e-09
-2.862264978250393e-09
-2.675184774457557e-09
-2.500223206630918e-09
-2.336604982755422e-09
-2.183603528444804e-09
-2.040539219829037e-09
-1.906766799633539e-09
-1.78168994204059e-09
-1.66475407195425e-09
-1.555434481267196e-09
-1.453239983006664e-09
-1.35771196818391e-09
-1.26841571181938e-09
-1.184947084555394e-09
-1.106928305197531e-09
-1.034005700717205e-09
-9.658537871416365e-10
-9.02154458258561e-10
-8.426191325853386e-10
-7.869812986790687e-10
-7.349892434315448e-10
-6.864088549187234e-10
-6.410153924586565e-10
-5.986014437299601e-10
-5.589733496277686e-10
-5.219525706544456e-10
-4.873705210420937e-10
-4.550645848736226e-10
-4.248857696428789e-10
-3.966955964398578e-10
-3.703615594109433e-10
-3.457620119727736e-10
-3.227853892538255e-10
-3.013239828307786e-10
-2.812796329748739e-10
-2.625582453219512e-10
-2.450728314870518e-10
-2.287386571459263e-10
-2.134894130415288e-10
-1.992501292449906e-10
-1.859544403105018e-10
-1.735391652404992e-10
-1.619542411478027e-10
-1.511402371001273e-10
-1.410443348193308e-10
-1.316201826311581e-10
-1.228237072984622e-10
-1.146077586418292e-10
-1.069345551802738e-10
-9.977193273606915e-11
-9.308420773110808e-11
-8.683964833712301e-11
-8.101037424256624e-11
-7.55700404633511e-11
-7.049157461864416e-11
-6.575400497719495e-11
-6.133498423754075e-11
-5.721604739564999e-11
-5.337259803817013e-11
-4.978540345753204e-11
-4.643890991455471e-11
-4.331800703595151e-11
-4.040566881248948e-11
-3.76868943623369e-11
-3.514574778969828e-11
-3.277252072268997e-11
-3.056147948582804e-11
-2.849712202328045e-11
-2.656701649197488e-11
-2.476998779500422e-11
-2.309337407617274e-11
-2.153001444865629e-11
-2.007507975151232e-11
-1.87183577454466e-11
-1.745274636259849e-11
-1.627116595823418e-11
-1.51744786565782e-11
-1.41527319959764e-11
-1.319770972080473e-11
-1.230724881218328e-11
-1.14750011369137e-11
-1.069449579812646e-11
-9.966927690568958e-12
-9.285258260031826e-12
-8.647658945150085e-12
-8.053103483017992e-12
-7.503413811549152e-12
-6.99383544266691e-12
-6.518895318438465e-12
-6.07999676253415e-12
-5.670635257132317e-12
-5.287981507413387e-12
-4.931374579095314e-12
-4.596011935823553e-12
-4.283819280715733e-12
-3.990700752911958e-12
-3.719198909306376e-12
-3.46533851059106e-12
-3.228700530762934e-12
-3.007592652258294e-12
-2.800690424234858e-12
-2.604130764213584e-12
-2.422164139272056e-12
-2.253041235121786e-12
-2.099113738175517e-12
-1.955880573174244e-12
-1.825466894693814e-12
-1.705860861479778e-12
-1.590251134291869e-12
-1.484852872610311e-12
-1.386889671883638e-12
-1.296728753422436e-12
-1.206020843368035e-12
-1.121591326715711e-12
-1.041680338523647e-12
-9.669532146730437e-13
-8.980553564521698e-13
-8.312201915894954e-13
-7.691078013092689e-13
-7.150991506303346e-13
-6.641042493295986e-13
-6.221004935532516e-13
-5.849723196207655e-13
-5.522863560926837e-13
-5.206425542969868e-13
-4.877979618041574e-13
-4.558674034848193e-13
-4.198714008267155e-13
-3.865472293141612e-13
-3.559882056939374e-13
-3.278347193350471e-13
-3.021768416867509e-13
-2.816960665343214e-13
-2.607585462213304e-13
-2.411825324718032e-13
-2.279273344745117e-13
-2.149272959045383e-13
-2.035466371950115e-13
-1.897288746036801e-13
-1.782624206982291e-13
-1.681265679289953e-13
-1.579229856033924e-13
-1.477096296585205e-13
-1.361789632634383e-13
-1.226464388528993e-13
-1.106986270211284e-13
-1.024887339364834e-13
-9.47655633623954e-14
-8.97166480027543e-14
-8.194128029588365e-14
-7.228737541831903e-14
-6.8040728620467e-14
-6.472585752618446e-14
-6.205991057446607e-14
-6.307578582728029e-14
-6.455482734910211e-14
-6.539412481438881e-14
-5.858808853006895e-14
-4.765962074664433e-14
-3.970206959522406e-14
-3.140951700254793e-14
-2.680899618575532e-14
