4.753300525308773e-13
2.836661621036538e-13
1.74292988526687e-13
1.063185521102396e-13
6.403425907688954e-14
3.790164487752611e-14
2.15989206028928e-14
1.135783143233838e-14
5.138573860285993e-15
1.426032705856452e-15
-2.979424076294766e-16
-3.642276669167023e-16
8.25998559888407e-16
4.024360283970759e-15
8.961063153034536e-15
1.631793120379879e-14
2.738856390927285e-14
4.299853628753182e-14
6.491423715118139e-14
9.587114367115862e-14
1.400682315535437e-13
2.03221582599352e-13
2.919013296793733e-13
4.177775473084047e-13
5.966155351280636e-13
8.465929165576179e-13
1.196802182852054e-12
1.684655289366157e-12
2.359280975833695e-12
3.291371672009873e-12
4.571652589440048e-12
6.324634920183347e-12
8.711096831710314e-12
1.195183954432543e-11
1.633515094755602e-11
2.224366859810499e-11
3.017977840264519e-11
4.080713377555784e-11
5.498856235092258e-11
7.385561752992615e-11
9.887866352174008e-11
1.319634664508858e-10
1.755754633244457e-10
2.328957573538277e-10
3.080129464947468e-10
4.061697746895982e-10
5.340702731494533e-10
7.002637156848389e-10
9.156178769932224e-10
1.193915209492676e-09
1.552586035233044e-09
2.013607598676641e-09
2.604620407406326e-09
3.360291179870699e-09
4.323984446209732e-09
5.549805090534712e-09
7.105082766492309e-09
9.073393298029582e-09
1.155821399481972e-08
1.468734553686246e-08
1.861823534152168e-08
2.354438414926868e-08
2.970302607872865e-08
3.738431582047212e-08
4.694229574893794e-08
5.880795145003135e-08
7.35047232941088e-08
9.166687752145663e-08
1.140612438555413e-07
1.41612839519285e-07
1.754350427288703e-07
2.168650150575149e-07
2.675052158594875e-07
3.29271935982877e-07
4.044519246705459e-07
4.957683120666968e-07
6.064571937826159e-07
7.403564159507866e-07
9.020082802949801e-07
1.096778109726564e-06
1.33099084871556e-06
1.612088112677026e-06
1.948808381105104e-06
2.35139333461025e-06
2.831823648736868e-06
3.404087899212869e-06
4.084488629897807e-06
4.891990004268978e-06
5.848611903572403e-06
6.979875776352866e-06
8.315308006547026e-06
9.889007069098536e-06
1.174028123318164e-05
1.391436411035411e-05
1.646321584643118e-05
1.944641830330568e-05
2.293217307515335e-05
2.699841169177137e-05
3.173402781815708e-05
3.724024167401722e-05
4.363210725892608e-05
5.104017335746447e-05
5.961231128221134e-05
6.95157270145868e-05
8.093916939131886e-05
9.409534697302915e-05
0.0001092235677862196
0.0001265926165288573
0.0001465038840688885
0.0001692947642371524
0.0001953423329427202
0.0002250673245808142
0.0002589384204769611
0.000297476863756583
0.0003412614144893895
0.0003909336582253714
0.0004472036801131766
0.0005108561156154769
0.0005827565874227224
0.0006638585364910312
0.0007552104531067495
0.0008579635116363239
0.000973379609917394
0.001102839811278986
0.001247853183766525
0.001410066027352122
0.001591271476010297
0.001793419461511402
0.002018627031393655
0.002269188990076433
0.002547588828987696
0.002856509909039078
0.0031988468527632
0.003577717096766935
0.003996472548038441
0.004458711280073134
0.004968289196787695
0.005529331583830565
0.006146244458856957
0.006823725634965683
0.007566775504811645
0.008380707491297599
0.00927115795432455
0.01024409533029688
0.01130582842678677
0.01246301381193596
0.01372266218178401
0.01509214353158098
0.01657919098668677
0.01819190313709786
0.01993874474032689
0.02182854564212344
0.02387049774343479
0.02607414987578402
0.02844940040883064
0.03100648744859002
0.03375597647634223
0.03670874526126242
0.0398759659310494
0.04326908403569652
0.04689979449343157
0.05078001430286603
0.05492185188943288
0.05933757302880166
0.06403956322903677
0.06904028653067298
0.07435224068181803
0.07998790862911817
0.08595970636690546
0.09227992711118144
0.09896068186863091
0.1060138364699934
0.1134509451191894
0.1212831806413312
0.1295212615129329
0.1381753758870997
0.1472551028252863
0.1567693309263496
0.166726174704767
0.1771328889362793
0.1879957813449453
0.1993201239981454
0.2111100637440839
0.22336853221223
0.2360971557284672
0.2492961656781231
0.2629643098251869
0.2770987650404423
0.2916950520991798
0.3067469530007304
0.3222464314622586
0.3381835571900473
0.3545464344486302
0.3713211356740185
0.3884916406148246
0.4060397816958403
0.4239451962236007
0.4421852859439099
0.4607351846983596
0.4795677345997943
0.4986534713615681
0.5179606193144872
0.5374550965118456
0.5571005305650591
0.5768582854574645
0.5966874998039462
0.6165451368949959
0.6363860467004798
0.6561630402479277
0.6758269763563262
0.6953268609303154
0.7146099588600024
0.7336219183808419
0.7523069079920374
0.7706077655652771
0.7884661595062523
0.8058227616520092
0.8226174313767768
0.8387894106221593
0.8542775291100392
0.8690204192384819
0.8829567399643801
0.896025408757381
0.9081658409661447
0.9193181954983287
0.9294236259661709
0.9384245362647958
0.9462648393527028
0.9528902182741616
0.9582483880466592
0.9622893572956966
0.9649656883730831
0.9662327545474519
0.9660489931368837
0.964376153068086
0.9611795356251823
0.9564282270518819
0.9500953215730413
0.942158133689911
0.9325983982935778
0.9214024574277894
0.9085614324840046
0.8940713805785161
0.8779334341623433
0.8601539226372911
0.8407444750196126
0.8197221027518906
0.7971092618674983
0.7729338940203052
0.7472294454161093
0.7200348627188784
0.691394565613081
0.6613583966867645
0.6299815497862776
0.5973244745343291
0.5634527536295969
0.5284369539938055
0.4923524568972033
0.4552792706963878
0.4173018216383542
0.3785087197153246
0.3389925011674546
0.2988493513889067
0.2581788099966887
0.2170834579779842
0.1756685876251113
0.1340418566133658
0.09231292776670813
0.05059309599748839
0.008994903876733133
-0.03236825257499465
-0.07338252621251513
-0.1139340274874453
-0.1539092378126413
-0.1931954257725985
-0.2316810643581101
-0.2692562473848949
-0.3058131032341478
-0.3412462040848839
-0.3754529687773921
-0.4083340575001896
-0.4397937565122013
-0.4697403511275637
-0.4980864852891306
-0.5247495060525952
-0.5496517914247805
-0.5727210600513533
-0.593890661295424
-0.6130998444024038
-0.6302940054742168
-0.6454249111468993
-0.6584508979420695
-0.6693370463355303
-0.6780553287776909
-0.6845847309476266
-0.6889113457174019
-0.6910284393993419
-0.690936489944999
-0.6886431969696624
-0.6841634635191675
-0.6775193496922456
-0.668739998339249
-0.6578615331646112
-0.6449269297510012
-0.629985860055579
-0.613094511106117
-0.5943153787266908
-0.5737170372218303
-0.5513738861046793
-0.5273658749676217
-0.5017782077390847
-0.4747010276471214
-0.4462290842788809
-0.4164613842338893
-0.3855008268784204
-0.3534538268061125
-0.3204299246395477
-0.2865413878340318
-0.2519028032059166
-0.2166306629007414
-0.1808429455540738
-0.1446586943925966
-0.1081975940160496
-0.07157954760274823
-0.03492425624465279
0.001649197896438879
0.03802276295879064
0.07407982166549625
0.1097055869620403
0.1447874875000519
0.1792155415214432
0.2128827177652554
0.2456852820906937
0.2775231286005456
0.3083000941140631
0.3379242549335981
0.3663082049381151
0.3933693141252382
0.4190299668373311
0.4432177789796391
0.4658657936590249
0.4869126547638958
0.5063027580919374
0.5239863797554647
0.5399197816739577
0.5540652940888151
0.5663913751186783
0.5768726474517755
0.5854899123940717
0.5922301415557891
0.5970864465736696
0.6000580273374388
0.6011500992553165
0.6003738001982866
0.5977460778041519
0.5932895579165713
0.58703239498534
0.5790081053004379
0.5692553840106797
0.5578179068963545
0.5447441179331214
0.5300870037085754
0.5139038557722502
0.4962560220494517
0.4772086484452326
0.4568304117988892
0.4351932453516529
0.4123720578895755
0.388444447739225
0.3634904127651978
0.3375920575270736
0.3108332987284291
0.2832995700626929
0.2550775275504203
0.2262547564301461
0.1969194806430941
0.1671602759052833
0.1370657873169353
0.1067244524284475
0.07622423063311026
0.04565233971460605
0.01509500032655695
-0.01536281086950918
-0.04563759873349438
-0.07564757722543267
-0.1053128864657672
-0.1345557987639484
-0.1633009131594401
-0.1914753380811524
-0.2190088617799311
-0.2458341102451787
-0.2718866923721847
-0.297105332200902
-0.3214319881066132
-0.3448119588656639
-0.3671939765760814
-0.3885302864614567
-0.4087767136328841
-0.4278927169397462
-0.4458414300684009
-0.4625896900988984
-0.4781080537679624
-0.4923708017208239
-0.5053559310787629
-0.5170451366715213
-0.5274237813283987
-0.5364808556410852
-0.5442089276259291
-0.5506040827491163
-0.5556658547913917
-0.5593971480561243
-0.5618041514344781
-0.5628962448500439
-0.5626858986279156
-0.5611885663238362
-0.5584225715689642
-0.5544089894822199
-0.5491715231921063
-0.542736376017637
-0.5351321198607607
-0.5263895603726705
-0.5165415994290524
-0.5056230954197144
-0.4936707218621079
-0.4807228248516777
-0.4668192798594091
-0.4520013483507446
-0.4363115346660086
-0.4197934435991035
-0.4024916391069727
-0.3844515045718391
-0.3657191049993768
-0.3463410515002718
-0.3263643683943216
-0.305836363267086
-0.2848045002920975
-0.2633162770945902
-0.2414191054013695
-0.2191601957092011
-0.1965864461871054
-0.1737443360075209
-0.1506798232729072
-0.1274382476803101
-0.1040642380500437
-0.08060162482055945
-0.05709335759334581
-0.0335814277925251
-0.01010679648482758
0.01329067261384914
0.0365722749393252
0.05970052169621715
0.08263919131562254
0.1053533757942706
0.1278095219732216
0.1499754678256989
0.1718204738347303
0.1933152495544281
0.2144319754635154
0.2351443202345785
0.2554274535428823
0.2752580545470131
0.2946143161839095
0.3134759454308686
0.331824159695786
0.3496416794958632
0.3669127175947005
0.3836229647698324
0.3997595723815951
0.4153111319206957
0.4302676517119063
0.4446205309543645
0.4583625312788485
0.4714877460038953
0.4839915672793222
0.4958706512862714
0.5071228816622999
0.5177473313242285
0.5277442228664314
0.537114887712552
0.5458617241749554
0.5539881545752587
0.5614985815808419
0.5683983439129737
0.5746936715810624
0.5803916407754793
0.5855001285509048
0.5900277674295259
0.5939839000501069
0.5973785339875999
0.6002222968489784
0.6025263917499528
0.6043025532726034
0.6055630039984667
0.6063204117099895
0.6065878473372605
0.6063787437253081
0.6057068552918908
0.604586218641023
0.603031114196681
0.6010560289031122
0.5986756200378764
0.5959046801790716
0.5927581033631812
0.5892508524680439
0.585397927843708
0.5812143372113513
0.5767150668473774
0.5719150540676479
0.5668291610262756
0.5614721498269578
0.5558586589461447
0.5500031809646647
0.5439200416010588
0.5376233800400386
0.5311271305393863
0.5244450052986898
0.5175904785714827
0.5105767720018071
0.5034168411670287
0.4961233632960761
0.488708726132316
0.481185017912524
0.4735640184357996
0.4658571911965919
0.4580756765427616
0.4502302858224312
0.4423314964848307
0.4343894481002507
0.4264139392647354
0.4184144253512455
0.4104000170702449
0.4023794798028569
0.3943612336702451
0.3863533543054481
0.3783635742871056
0.3703992851975791
0.3624675402690722
0.3545750575817484
0.3467282237795383
0.3389330982676912
0.3311954178585252
0.3235206018316583
0.3159137573751303
0.308379685375591
0.3009228865265265
0.2935475677271427
0.2862576487421997
0.2790567690905316
0.2719482951332305
0.2649353273372822
0.2580207076929755
0.2512070272604419
0.2444966338182313
0.2378916395903963
0.2313939290322937
0.2250051666569541
0.2187268048827559
0.2125600918832503
0.2065060794231597
0.2005656306627614
0.1947394279143097
0.1890279803365132
0.1834316315552919
0.1779505672000902
0.1725848223425416
0.1673342888260425
0.1621987224766299
0.1571777501874053
0.1522708768697694
0.1474774922626866
0.1427968775921002
0.1382282120750003
0.1337705792646208
0.1294229732339314
0.1251843045917392
0.1210534063272074
0.1170290394802503
0.113109898636776
0.1092946172479589
0.1055817727718831
0.1019698916367758
0.09845745402582204
0.09504289848400728
0.09172462634802189
0.08850100600013613
0.08537037694800646
0.08233105373205996
0.07938132966166173
0.07651948038190495
0.07374376727418737
0.07105244069389668
0.06844374304811862
0.06591591171642064
0.06346718181847658
0.06109578883137326
0.05879997105986255
0.05657797196335598
0.05442804234379314
0.05234844239868098
0.05033744364278328
0.04839333070207051
0.04651440298403216
0.04469897622891363
0.04294538394642528
0.04125197874138004
0.03961713353179749
0.03803924266361386
0.03651672292631286
0.03504801447354936
0.0336315816526882
0.03226591374732276
0.03094952563656323
0.02968095837462383
0.02845877969424893
0.02728158443782626
0.02614799491988673
0.02505666122448032
0.0240062614407222
0.02299550183991746
0.02202311699736983
0.02108786986187597
0.02018855177599515
0.01932398245043226
0.01849300989566485
0.0176945103132186
0.01692738794884554
0.0161905749102132
0.01548303095215916
0.01480374323213698
0.01415172603782204
0.01352602048878097
0.01292569421441936
0.01234984101052555
0.01179758047645718
0.01126805763470878
0.01076044253452083
0.0102739298411838
0.009807738412838286
0.0093611108663956
0.008933313133930617
0.008523634010919108
0.008131384697629716
0.007755898334872963
0.007396529535166086
0.007052653910597863
0.006723667598505741
0.006408986785912843
0.006108047233557873
0.005820303800269743
0.005545229968543821
0.005282317372087969
0.005031075325964998
0.004791030360098766
0.004561725756741269
0.004342721092397193
0.004133591784578191
0.003933928643899575
0.003743337431927001
0.003561438425239145
0.003387865985958065
0.003222268139100288
0.003064306156990332
0.002913654150973569
0.002769998670595984
0.002633038310473277
0.002502483325028149
0.002378055251172911
0.002259486539048213
0.002146520190905194
0.002038909408157724
0.001936417246702042
0.001838816280492477
0.001745888273383059
0.001657423859283545
0.001573222230518236
0.001493090834363676
0.001416845077693378
0.001344308039707357
0.001275310192702617
0.001209689130740576
0.001147289306175646
0.001087961773868921
0.001031563943038902
0.0009779593365776482
0.0009270173577988717
0.0008786130644198061
0.0008326269496848459
0.000788944730463091
0.0007474571421918671
0.0007080597405276421
0.0006706527096736335
0.0006351406772080552
0.0006014325350136202
0.0005694412659227006
0.000539083776413004
0.0005102807359115927
0.0004829564224260467
0.0004570385731706534
0.000432458239431053
0.0004091496465144623
0.0003870500595375583
0.0003660996546999852
0.0003462413953197288
0.0003274209121534516
0.0003095863882723155
0.0002926884483160268
0.0002766800521178226
0.0002615163924326797
0.0002471547966604376
0.0002335546324295175
0.0002206772169465934
0.0002084857299491369
0.0001969451301671453
0.0001860220751792563
0.0001756848445376467
0.0001659032660220311
0.0001566486449689681
0.000147893696511497
0.0001396124806756705
0.000131780340198098
0.0001243738409646964
0.0001173707149908949
0.0001107498058563201
0.0001044910164419953
9.857525898307385e-05
9.29844072512443e-05
8.770125084968313e-05
8.270945150833647e-05
7.799350132261517e-05
7.353868282459782e-05
6.933103085000174e-05
6.535729610317657e-05
6.160491039480916e-05
5.806195340316558e-05
5.471712098875626e-05
5.155969492673803e-05
4.857951404507541e-05
4.57669467057382e-05
4.311286451149221e-05
4.06086172911595e-05
3.824600922307106e-05
3.601727605842903e-05
3.391506348158266e-05
3.19324064161245e-05
3.006270936090804e-05
2.829972765359186e-05
2.663754962231324e-05
2.507057961209043e-05
2.359352180221543e-05
2.22013648202554e-05
2.088936711906025e-05
1.965304303281649e-05
1.848814954737749e-05
1.739067369426455e-05
1.635682058678047e-05
1.538300203381994e-05
1.446582572147026e-05
1.360208494591413e-05
1.278874881977516e-05
1.202295303389014e-05
1.130199102082671e-05
1.062330559456598e-05
9.984481011947078e-06
9.383235432378121e-06
8.817413758993874e-06
8.28498084861205e-06
7.784015082225759e-06
7.312702235809056e-06
6.869329697544084e-06
6.452280964097582e-06
6.060030426493634e-06
5.691138436008927e-06
5.344246617050639e-06
5.018073431474295e-06
4.711409980791561e-06
4.423116002342427e-06
4.152116108436564e-06
3.89739621224464e-06
3.658000136563075e-06
3.4330264054166e-06
3.22162522400428e-06
3.022995591816108e-06
2.836382593675341e-06
2.661074822017837e-06
2.49640194232447e-06
2.341732394871698e-06
2.196471210221587e-06
2.060057957728963e-06
1.931964788270005e-06
1.811694592784924e-06
1.698779280461076e-06
1.59277810289908e-06
1.493276123666906e-06
1.39988273139433e-06
1.312230265292676e-06
1.229972688448983e-06
1.152784364472719e-06
1.080358868784055e-06
1.012407896880771e-06
9.486602122799387e-07
8.888606777281766e-07
8.327693066146059e-07
7.80160385150632e-07
7.308216552393285e-07
6.845535230658354e-07
6.411683252164262e-07
6.004896300175079e-07
5.62351588562716e-07
5.265983138230936e-07
4.930832786385364e-07
4.616687882741393e-07
4.322254536351596e-07
4.046316958043187e-07
3.787732982886696e-07
3.545429567371239e-07
3.318398679157582e-07
3.105693609071487e-07
2.906425193002911e-07
2.719758478789593e-07
2.544909415495731e-07
2.381141851196722e-07
2.227764617535423e-07
2.084128853828916e-07
1.949625606151518e-07
1.823683235150112e-07
1.705765291693023e-07
1.595368326959379e-07
1.492019895884772e-07
1.395276802099772e-07
1.304723170377453e-07
1.219968883969701e-07
1.140648048238717e-07
1.066417471017476e-07
9.969552205540077e-08
9.319594154598749e-08
8.711469695917564e-08
8.142524993203505e-08
7.610270731697171e-08
7.112374663358673e-08
6.646649486668158e-08
6.211045214088387e-08
5.803640147847763e-08
5.422633950327816e-08
5.066338324388929e-08
4.733173432387738e-08
4.421658353423946e-08
4.130404849019178e-08
3.858112346518938e-08
3.603562194311285e-08
3.365612926521679e-08
3.143195481390113e-08
2.935309369175526e-08
2.741016913747274e-08
2.559440626131049e-08
2.389758384359046e-08
2.231201118552323e-08
2.08304788687849e-08
1.944624604524361e-08
1.81530044519507e-08
1.694483713063053e-08
1.581621862529122e-08
1.476197652975457e-08
1.377726175096404e-08
1.285754755840032e-08
1.199859013690817e-08
1.119642423113141e-08
1.044733269334471e-08
9.74784501351937e-09
9.094713999863579e-09
8.484907794910665e-09
7.915583053476779e-09
7.384081076365774e-09
6.887914820767883e-09
6.424760704325563e-09
5.992450183768789e-09
5.588950400698199e-09
5.212360896239858e-09
4.860903670054134e-09
4.532912522989026e-09
4.226842162184755e-09
3.941241044594347e-09
3.674762085154502e-09
3.426136383204873e-09
3.194181964603884e-09
2.977792012334507e-09
2.775929869399941e-09
2.587631885236094e-09
2.411986991062254e-09
2.248157577731815e-09
2.095358344523248e-09
1.952851397512823e-09
1.819954914667588e-09
1.696026317265032e-09
1.580463022238979e-09
1.472705636906804e-09
1.372235286103505e-09
1.278561806764464e-09
1.191226684625168e-09
1.109808923704681e-09
1.033910658305779e-09
9.631620813985031e-10
8.972150171339329e-10
8.357465419375459e-10
7.784553281078583e-10
7.250568368261569e-10
6.752947779015998e-10
6.289231837214293e-10
5.85711086586595e-10
5.454472653887022e-10
5.079341024660392e-10
4.729769538879347e-10
4.404086862348684e-10
4.10060823735088e-10
3.817852304658823e-10
3.554448904802119e-10
3.309083760460125e-10
3.080522813197937e-10
2.867634374219195e-10
2.669422661633917e-10
2.484821924259202e-10
2.312922002376938e-10
2.152813038977427e-10
2.003726945073488e-10
1.864881050536124e-10
1.735585040353653e-10
1.615137391898864e-10
1.503020509379494e-10
1.398585579070449e-10
1.301352806796694e-10
1.210840920719701e-10
1.126593225500467e-10
1.04817416938629e-10
9.751913034148944e-11
9.072369738562199e-11
8.440183807342164e-11
7.851911540452167e-11
7.304252221440463e-11
6.794696141143013e-11
6.32078636039293e-11
5.879547211599921e-11
5.468941727629491e-11
5.086474064242621e-11
4.730549492598969e-11
4.399189614483879e-11
4.090912525457641e-11
3.80388406928397e-11
3.536425142227443e-11
3.287989537261529e-11
3.057203679760075e-11
2.842829651337901e-11
2.643602729293392e-11
2.458398494433322e-11
2.286149962005661e-11
2.125812200997804e-11
1.976659666152653e-11
1.837392862414991e-11
1.708126896976877e-11
1.587615302671024e-11
1.475596241541317e-11
1.371333455372539e-11
1.274338866615851e-11
1.18432727051469e-11
1.100601983048546e-11
1.02291392563045e-11
9.507262361020722e-12
8.83412985479219e-12
8.206817501097441e-12
7.622728881619037e-12
7.085496398403359e-12
6.589676778810441e-12
6.12470622833556e-12
5.697597390351324e-12
5.300558921381327e-12
4.927107470223927e-12
4.578124851751928e-12
4.248116917887358e-12
3.941169242939623e-12
3.656312777238589e-12
3.392233957916775e-12
3.147207802393957e-12
2.92205997333857e-12
2.715057650738388e-12
2.523017430795901e-12
2.343250340510348e-12
2.180695013590911e-12
2.030501136529917e-12
1.889435177708219e-12
1.760130228984071e-12
1.637879375713531e-12
1.526082625773388e-12
1.417900942631362e-12
1.312308342237045e-12
1.209855546373488e-12
1.115641789827854e-12
1.029465601546829e-12
9.518618232262529e-13
8.813553568798951e-13
8.198818563541767e-13
7.647299466068695e-13
7.171112702152002e-13
6.729497141651576e-13
6.302107679997438e-13
5.879653733209141e-13
5.485067466091845e-13
5.081541841118985e-13
4.693329939755339e-13
4.32031064284036e-13
3.960124915493054e-13
3.643039996529199e-13
3.380528173439242e-13
3.113660334479769e-13
2.845573592596169e-13
2.636342166104009e-13
2.437343356501697e-13
2.299483250228086e-13
2.162204334234477e-13
2.030669511806413e-13
1.916409604807747e-13
1.815304707558703e-13
1.69643150785487e-13
1.621182743015078e-13
1.513242292310256e-13
1.391268379511487e-13
1.232552276551228e-13
1.109964227316863e-13
9.792113549865543e-14
8.705861790807014e-14
8.137399483278544e-14
7.303964498208961e-14
6.910701555148099e-14
6.397558139865633e-14
5.90982455857858e-14
5.707117862216463e-14
5.671815309138536e-14
5.894187858752367e-14
6.192080239220404e-14
6.176018878113663e-14
5.574609173945375e-14
4.935449698115793e-14
4.218729483336152e-14
3.371257015389401e-14
2.764317385023945e-14
1.9157613161687e-14
1.409094291122989e-14
8.082413022196791e-15
7.314601568541959e-15
8.467369110516702e-15
1.144634958853914e-14
1.888559692246099e-14
2.938619502250293e-14
3.416259466017607e-14
3.751977810914808e-14
3.327336917847492e-14
2.432501831530239e-14
1.616342744584277e-14
4.982835530474118e-15
-1.369789329718609e-15
-4.257544805540926e-15
-5.703017905508872e-15
-4.872789376648564e-15
-4.750829715736481e-15
-9.391705481693652e-16
3.082019347457924e-15
1.091763705295463e-14
1.833757266966874e-14
2.037547030343733e-14
2.005312156038673e-14
1.615343848838399e-14
9.261093918656843e-15
6.813277239277462e-15
2.479519348644229e-15
-3.327952370500611e-15
-4.308066733618658e-15
-8.58312313688669e-15
-1.097755063052553e-14
