-8.889751251962994e-13
-5.315376298486268e-13
-3.209130868010512e-13
-1.947608029106797e-13
-1.198435300836972e-13
-7.493903233705073e-14
-4.795479992548609e-14
-3.191422469554839e-14
-2.234636401452931e-14
-1.693932435958539e-14
-1.409646019977383e-14
-1.289311852193776e-14
-1.252465782327606e-14
-1.333427631843558e-14
-1.442560937943434e-14
-1.657848216173993e-14
-2.021922390477704e-14
-2.601276362016611e-14
-3.491995142314282e-14
-4.798738445842666e-14
-6.830447304412082e-14
-9.748636609989972e-14
-1.420425034234062e-13
-2.064431869523212e-13
-2.988014329347289e-13
-4.306040477868924e-13
-6.171461390230285e-13
-8.796592960576118e-13
-1.245357348337395e-12
-1.751386589823233e-12
-2.45072868879884e-12
-3.411749139279942e-12
-4.726656384231456e-12
-6.51781994106101e-12
-8.953622750717112e-12
-1.224985241152696e-11
-1.669897513416631e-11
-2.268405349033713e-11
-3.070963927818363e-11
-4.143729064508334e-11
-5.573340862818561e-11
-7.472436578777262e-11
-9.987480498550375e-11
-1.330841678722297e-10
-1.768017280786119e-10
-2.341867381785385e-10
-3.09291552784966e-10
-4.073106419021018e-10
-5.348761311115507e-10
-7.004315884935931e-10
-9.147037639674662e-10
-1.191276292914846e-09
-1.547304024031162e-09
-2.004390241838734e-09
-2.589673449240758e-09
-3.337154080289437e-09
-4.289310404176657e-09
-5.499088609869936e-09
-7.032304556215351e-09
-8.970562892456994e-09
-1.141480127335947e-08
-1.448955263488734e-08
-1.834809030314572e-08
-2.317859861640724e-08
-2.921157732788409e-08
-3.672868727435944e-08
-4.607329595011512e-08
-5.766303509396885e-08
-7.20046973616695e-08
-8.971188205867584e-08
-1.115258440943412e-07
-1.383400787225487e-07
-1.712292321107076e-07
-2.114830458257261e-07
-2.606461034281393e-07
-3.205642904561319e-07
-3.93438966322642e-07
-4.818900185693238e-07
-5.890290694831149e-07
-7.185443247796052e-07
-8.747986845942303e-07
-1.06294298246112e-06
-1.289046401882231e-06
-1.560246371056933e-06
-1.884920518472428e-06
-2.272883504404451e-06
-2.735611902991366e-06
-3.28650061096177e-06
-3.941154594053146e-06
-4.717720209333124e-06
-5.637260682210984e-06
-6.724180771089868e-06
-8.006706082084639e-06
-9.517422950486702e-06
-1.129388527140631e-05
-1.337929514963565e-05
-1.582326470227095e-05
-1.868266684286109e-05
-2.202258330930785e-05
-2.591735866303268e-05
-3.04517693604312e-05
-3.572231744241906e-05
-4.183865994815349e-05
-4.892518862430846e-05
-5.712277053951368e-05
-6.659066108004381e-05
-7.750860209214859e-05
-9.007911842767414e-05
-0.0001045300265407215
-0.0001211171691114978
-0.0001401273899266238
-0.0001618817634111138
-0.0001867390932763462
-0.0002150996946981823
-0.0002474094742780599
-0.0002841643216948059
-0.0003259148264958165
-0.0003732713327914698
-0.0004269093437594098
-0.000487575286776095
-0.0005560926486562759
-0.0006333684888990221
-0.0007204003369395647
-0.0008182834772322721
-0.0009282186234536438
-0.001051519980239755
-0.001189623687870143
-0.001344096645131635
-0.001516645709638167
-0.001709127257110147
-0.001923557078446012
-0.002162120591022929
-0.002427183335682889
-0.00272130172523497
-0.003047234004228648
-0.003407951373300389
-0.003806649224382708
-0.004246758425749174
-0.00473195658863943
-0.005266179248046171
-0.005853630961136205
-0.00649879627894729
-0.007206450424939345
-0.007981669501463907
-0.008829840155957574
-0.009756668650866168
-0.01076818923614574
-0.01187077167675065
-0.0130711278084392
-0.01437631698410448
-0.01579375028704047
-0.01733119337351306
-0.01899676778814289
-0.02079895062006399
-0.02274657233516774
-0.02484881264496981
-0.02711519426377165
-0.02955557438985268
-0.03218013378528383
-0.03499936328736844
-0.03802404762588454
-0.04126524641434041
-0.04473427216861416
-0.04844266526492655
-0.05240216569813545
-0.05662468156266317
-0.06112225417556488
-0.06590701974677711
-0.07099116758386516
-0.07638689475595815
-0.08210635722630193
-0.08816161746230294
-0.09456458851728934
-0.1013269746880164
-0.1084602087701483
-0.1159753860428313
-0.1238831951144602
-0.132193845746244
-0.1409169939078441
-0.1500616642102933
-0.1596361699955106
-0.1696480313596465
-0.1801038913643759
-0.1910094308527323
-0.2023692821479771
-0.2141869420737246
-0.226464684718724
-0.239203474328129
-0.2524028788883006
-0.2660609848004155
-0.2801743132176149
-0.2947377385863413
-0.3097444098684677
-0.3251856751253115
-0.3410510099251455
-0.3573279502279811
-0.3740020303451928
-0.3910567264843615
-0.4084734066071124
-0.4262312870491751
-0.4443073965501388
-0.4626765482604722
-0.4813113201836954
-0.5001820447355764
-0.5192568077591758
-0.5385014575383832
-0.5578796242457243
-0.5773527501199458
-0.5968801308920986
-0.6164189685936903
-0.6359244360881235
-0.6553497535276736
-0.6746462767684156
-0.6937635980021256
-0.7126496584404527
-0.7312508730995115
-0.7495122675699738
-0.7673776264630915
-0.7847896534476358
-0.8016901423668128
-0.8180201591457831
-0.833720234014512
-0.8487305633595313
-0.8629912207533471
-0.8764423762892156
-0.8890245235772174
-0.9006787135739903
-0.911346794219712
-0.9209716551022187
-0.9294974759574299
-0.9368699780497229
-0.9430366773218163
-0.9479471380444907
-0.9515532259536549
-0.9538093594695045
-0.9546727578456261
-0.9541036849807499
-0.9520656875082494
-0.9485258260440304
-0.9434548981442519
-0.9368276517877693
-0.9286229881282717
-0.9188241522039609
-0.9074189105749425
-0.8943997145527897
-0.8797638479342869
-0.8635135581883676
-0.8456561701286514
-0.8262041814053945
-0.8051753386268112
-0.7825926929178662
-0.7584846343374348
-0.7328849056276202
-0.7058325963377163
-0.6773721145682992
-0.6475531322012481
-0.6164305042655357
-0.5840641678024487
-0.5505190242409242
-0.5158647998690905
-0.4801758803321071
-0.4435311202999849
-0.4060136322112607
-0.367710555803498
-0.3287128078027462
-0.2891148120042338
-0.2490142107573905
-0.2085115591353585
-0.1677100030047425
-0.1267149421320323
-0.08563367963452861
-0.04457505918013299
-0.003649091414590487
0.03703342883514464
0.07736131299396493
0.1172233751544802
0.1565088327838766
0.1951077099881785
0.2329112415900286
0.2698122762387151
0.3057056767810714
0.340488716118928
0.3740614667719956
0.4063271824218556
0.4371926696963558
0.4665686485343094
0.4943700995011984
0.5205165964511269
0.5449326230475809
0.567547871668948
0.5882975233625756
0.6071225075701342
0.6239697404021455
0.6387923404039006
0.6515498207905629
0.662208257302222
0.6707404309140491
0.6771259447212745
0.6813513145095046
0.683410032558325
0.6833026044134483
0.6810365584661852
0.6766264282825684
0.670093707815034
0.6614667796623117
0.6507808167242246
0.6380776577053465
0.6234056570270733
0.6068195098773559
0.5883800531457307
0.5681540431521377
0.5462139111687037
0.5226374978166178
0.497507767551637
0.4709125044726596
0.4429439908115859
0.4136986695110924
0.3832767923419829
0.3517820551024757
0.3193212214509515
0.2860037369918091
0.2519413352509521
0.2172476371926449
0.182037745964385
0.1464278385344526
0.1105347559045939
0.07447559356412151
0.03836729383206897
0.002326241716199048
-0.03353213412492257
-0.06909375376222561
-0.1042462702121193
-0.1388794440332234
-0.1728855069133038
-0.2061595129131922
-0.2385996761059007
-0.2701076934228085
-0.3005890515939001
-0.3299533171645883
-0.3581144086394717
-0.3849908499078173
-0.4105060041910524
-0.4345882878334461
-0.4571713633700031
-0.4781943113844294
-0.497601780788709
-0.5153441172405062
-0.5313774694944093
-0.5456638736034215
-0.5581713149567014
-0.5688737682559918
-0.5777512156115524
-0.5847896430121071
-0.5899810155346107
-0.593323231711756
-0.5948200575781852
-0.5944810409795748
-0.5923214067866944
-0.5883619337480021
-0.5826288137461988
-0.5751534943068242
-0.5659725052459456
-0.5551272703778799
-0.5426639052704796
-0.5286330020458767
-0.5130894022760907
-0.4960919590412794
-0.4777032892333244
-0.4579895172215682
-0.4370200109824866
-0.4148671118220501
-0.3916058588094935
-0.3673137090265482
-0.3420702547432685
-0.3159569386128618
-0.28905676797339
-0.2614540293085462
-0.2332340038862054
-0.2044826855785753
-0.1752865018276298
-0.1457320386906164
-0.1159057708586714
-0.08589379749972474
-0.05578158473661063
-0.02565371551596951
0.00440635241779471
0.03431651977651772
0.06399626959446268
0.09336688114617088
0.1223516334078222
0.1508759976047812
0.1788678184412937
0.2062574836615179
0.2329780816487194
0.2589655468163507
0.2841587926004057
0.3084998319133745
0.3319338849693774
0.3544094744474312
0.3758785079953348
0.3962963481298981
0.415621869632701
0.433817504580597
0.4508492751989691
0.466686814755752
0.4813033767636101
0.4946758327851002
0.5067846591582104
0.5176139130012966
0.5271511978775811
0.5353876195336285
0.5423177321444265
0.547939475514142
0.5522541037117085
0.5552661056195085
0.5569831179007829
0.5574158308955617
0.5565778879526747
0.5544857787201045
0.5511587269259846
0.5466185732005567
0.5408896534688333
0.5339986734201814
0.5259745795710049
0.5168484274471425
0.5066532474170791
0.4954239086757168
0.4831969818481591
0.4700106006846529
0.4559043233195554
0.440918993562652
0.4250966026545354
0.4084801518835732
0.391113516457451
0.3730413110181471
0.3543087571762255
0.3349615534037392
0.3150457475929309
0.2946076125787848
0.2736935249088197
0.2523498471253431
0.2306228137961248
0.2085584215045649
0.1862023229958743
0.1635997256499987
0.1407952944337897
0.1178330594654953
0.0947563283051943
0.07160760306549971
0.04842850241153213
0.02525968850411154
0.002140798923276586
-0.02088961640803231
-0.0437941532987229
-0.06653660637843331
-0.08908201722929604
-0.1113967176031249
-0.133448367782734
-0.1552059901624897
-0.1766399981307929
-0.1977222203471576
-0.2184259205181932
-0.2387258127888344
-0.2585980728762009
-0.2780203450769883
-0.2969717452905462
-0.3154328602047494
-0.3333857427943995
-0.3508139042896817
-0.3677023027752958
-0.3840373285860098
-0.3998067866667494
-0.4149998760691961
-0.4296071667648132
-0.4436205739394717
-0.4570333299360046
-0.4698399540159888
-0.4820362201184685
-0.4936191227954342
-0.5045868414837399
-0.5149387032735721
-0.5246751443355968
-0.5337976701714204
-0.5423088148513854
-0.5502120993848042
-0.5575119893672821
-0.5642138520485284
-0.5703239129611939
-0.5758492122508259
-0.5807975608294171
-0.5851774964743778
-0.5889982399904069
-0.5922696515471666
-0.5950021873038341
-0.5972068564165823
-0.5988951785233296
-0.6000791417948842
-0.6007711616370371
-0.6009840401273081
-0.6007309262522159
-0.6000252770103381
-0.5988808194416355
-0.5973115136381858
-0.5953315167893831
-0.592955148302527
-0.5901968560367318
-0.5870711836846845
-0.5835927393341015
-0.5797761652399803
-0.5756361088215854
-0.5711871948986557
-0.5664439991786056
-0.5614210230020962
-0.5561326693541399
-0.5505932201373068
-0.5448168147026453
-0.5388174296318042
-0.5326088597627885
-0.5262047004517976
-0.5196183310503291
-0.5128628995757627
-0.5059513085556377
-0.4988962020277843
-0.4917099536782769
-0.4844046560846916
-0.4769921110346944
-0.4694838208907652
-0.4618909809714112
-0.4542244729191824
-0.4464948590211367
-0.4387123774483526
-0.4308869383804991
-0.4230281209819274
-0.415145171197734
-0.4072470003306692
-0.3993421843625724
-0.3914389639847328
-0.3835452453016037
-0.3756686011737723
-0.3678162731637836
-0.3599951740507891
-0.3522118908794044
-0.3444726885078747
-0.3367835136222999
-0.3291499991842449
-0.3215774692826512
-0.3140709443581375
-0.3066351467649525
-0.2992745066386456
-0.2919931680429432
-0.2847949953717362
-0.2776835799785461
-0.2706622470030997
-0.2637340623681497
-0.2569018399237877
-0.2501681487180725
-0.2435353203713738
-0.237005456531946
-0.2305804363934655
-0.2242619242532889
-0.2180513770914971
-0.2119500521534883
-0.2059590145210914
-0.2000791446584704
-0.1943111459160586
-0.188655551977739
-0.1831127342384928
-0.1776829091017849
-0.1723661451870402
-0.1671623704351518
-0.1620713791011744
-0.1570928386257398
-0.1522262963791438
-0.1474711862727668
-0.1428268352293333
-0.1382924695050168
-0.133867220858514
-0.1295501325638033
-0.1253401652635859
-0.1212362026594945
-0.1172370570361677
-0.1133414746172274
-0.1095481407516774
-0.105855684930046
-0.1022626856293889
-0.09876767498762193
-0.09536914330728027
-0.09206554338829058
-0.08885529469020234
-0.08573678732585462
-0.08270838588865012
-0.0797684331153159
-0.07691525338609957
-0.07414715606526268
-0.07146243868380099
-0.06885938996672977
-0.06633629270803627
-0.06389142649681438
-0.06152307029834556
-0.05922950489295803
-0.05700901517576337
-0.05485989232094368
-0.0527804358148424
-0.05076895536225015
-0.04882377266885493
-0.04694322310318632
-0.04512565724197994
-0.0433694423031793
-0.04167296347064085
-0.04003462511430637
-0.03845285190999882
-0.03692608986261456
-0.03545280723621681
-0.03403149539463927
-0.0326606695565701
-0.0313388694689587
-0.0300646600024199
-0.02883663167200671
-0.02765340108701939
-0.02651361133317347
-0.02541593229016265
-0.02435906088815534
-0.02334172130666978
-0.0223626651194828
-0.0214206713880086
-0.02051454670561188
-0.01964312519586961
-0.01880526846807848
-0.0179998655330616
-0.01722583268144822
-0.01648211332660545
-0.0157676778146935
-0.01508152320449699
-0.01442267301955821
-0.01379017697447429
-0.01318311067729096
-0.01260057531004707
-0.01204169728953323
-0.01150562791020059
-0.0109915429708686
-0.01049864238686507
-0.01002614978918296
-0.009573312112152028
-0.009139399170945143
-0.008723703230409635
-0.008325538566737891
-0.007944241023128979
-0.00757916756045109
-0.007229695803967253
-0.006895223587164457
-0.006575168493693481
-0.006268967398293289
-0.005976076007657019
-0.005695968402110282
-0.005428136578726544
-0.005172089996459002
-0.004927355123953636
-0.004693474990725473
-0.004470008742237127
-0.004256531199357973
-0.004052632422697308
-0.003857917282225081
-0.003672005032523954
-0.003494528894015079
-0.003325135640501383
-0.003163485193299507
-0.003009250222243315
-0.002862115753697444
-0.002721778785829132
-0.002587947911242459
-0.002460342947180715
-0.002338694573385136
-0.002222743977714217
-0.002112242509623208
-0.002006951341537525
-0.001906641138052658
-0.001811091733078066
-0.001720091814880151
-0.001633438619124343
-0.00155093762975704
-0.001472402287761395
-0.001397653707700416
-0.001326520401985775
-0.001258838012798982
-0.001194449051585304
-0.001133202646085008
-0.001074954294731489
-0.00101956562832918
-0.0009669041788971948
-0.0009168431555521954
-0.0008692612274968335
-0.0008240423138671779
-0.0007810753801036314
-0.0007402542402989697
-0.0007014773660473639
-0.0006646477025936529
-0.0006296724919243995
-0.0005964631012491685
-0.0005649348557408879
-0.0005350068768614089
-0.0005066019271876469
-0.0004796462614068901
-0.0004540694824906298
-0.000429804402636446
-0.0004067869090970923
-0.0003849558350238481
-0.0003642528351100443
-0.0003446222658444151
-0.0003260110702310053
-0.0003083686668434259
-0.0002916468431268101
-0.0002757996527430162
-0.0002607833169232121
-0.0002465561296388625
-0.0002330783664833637
-0.0002203121971670108
-0.0002082216014621913
-0.0001967722885262308
-0.0001859316194600966
-0.0001756685330294965
-0.0001659534743972638
-0.0001567583267886345
-0.0001480563459574748
-0.0001398220974035322
-0.0001320313961980594
-0.0001246612493222819
-0.0001176898004919046
-0.000111096277262868
-0.0001048609404559466
-9.896503571697172e-05
-9.339074719032655e-05
-8.812115318416336e-05
-8.314018381514138e-05
-7.843258044983019e-05
-7.398385697598628e-05
-6.978026278692205e-05
-6.580874738027941e-05
-6.205692659433852e-05
-5.851305033556392e-05
-5.51659717340991e-05
-5.200511775046936e-05
-4.902046109537738e-05
-4.620249342257778e-05
-4.354219978133376e-05
-4.103103423873693e-05
-3.866089661429069e-05
-3.64241103173172e-05
-3.431340122042323e-05
-3.232187751045261e-05
-3.04430105038247e-05
-2.867061636564192e-05
-2.699883868292507e-05
-2.542213188410651e-05
-2.393524545488315e-05
-2.25332089007401e-05
-2.121131744185923e-05
-1.996511838525614e-05
-1.879039818323779e-05
-1.768317010728222e-05
-1.6639662523093e-05
-1.565630774799441e-05
-1.472973145029326e-05
-1.385674258417758e-05
-1.303432380562342e-05
-1.225962238740699e-05
-1.152994156789094e-05
-1.084273234255122e-05
-1.019558566030922e-05
-9.586225026437204e-06
-9.012499461352005e-06
-8.472376838336961e-06
-7.963937542255043e-06
-7.485368452994721e-06
-7.034957246171297e-06
-6.611086971538747e-06
-6.212230931075821e-06
-5.836947803670701e-06
-5.483877030876927e-06
-5.151734436189753e-06
-4.839308077737755e-06
-4.545454315306479e-06
-4.269094087558551e-06
-4.009209374113292e-06
-3.764839856895049e-06
-3.535079738134126e-06
-3.319074751470697e-06
-3.116019312644618e-06
-2.925153832612501e-06
-2.745762165525853e-06
-2.577169199461357e-06
-2.418738576504398e-06
-2.269870509783823e-06
-2.12999977218149e-06
-1.998593749479161e-06
-1.875150606292343e-06
-1.75919756286991e-06
-1.650289253694463e-06
-1.548006185471143e-06
-1.451953279339706e-06
-1.361758473699315e-06
-1.277071433700003e-06
-1.197562310903381e-06
-1.122920562687506e-06
-1.0528538690416e-06
-9.870870864820553e-07
-9.253612553950024e-07
-8.67432685465502e-07
-8.130720677487847e-07
-7.62063654981342e-07
-7.142044641787381e-07
-6.693035541069656e-07
-6.271813268353856e-07
-5.876688594923225e-07
-5.50607304735381e-07
-5.158472772279758e-07
-4.832483219662666e-07
-4.526783814555634e-07
-4.240133161589917e-07
-3.971364305316533e-07
-3.719380441075961e-07
-3.483150736814216e-07
-3.261706463313345e-07
-3.054137331234371e-07
-2.859588120185471e-07
-2.677255286587232e-07
-2.506384066422389e-07
-2.346265358527914e-07
-2.196233252832466e-07
-2.055662214529086e-07
-1.923964960167635e-07
-1.800589965678599e-07
-1.685019386402418e-07
-1.576766915510106e-07
-1.475376191746059e-07
-1.380418749908006e-07
-1.291492453515246e-07
-1.208219903485312e-07
-1.130246870455592e-07
-1.05724099600788e-07
-9.888904389088358e-08
-9.249025824173665e-08
-8.650029255878442e-08
-8.089339358522685e-08
-7.564540405533952e-08
-7.073367542838882e-08
-6.613697230027012e-08
-6.183537561152779e-08
-5.781019078868354e-08
-5.404388951108597e-08
-5.052003392742967e-08
-4.722322537454779e-08
-4.413902261211177e-08
-4.12539036186065e-08
-3.855517974253745e-08
-3.603096683871748e-08
-3.367012666695202e-08
-3.146221659898375e-08
-2.939745964541291e-08
-2.746669213586814e-08
-2.566132382678066e-08
-2.397331061412886e-08
-2.239512059065846e-08
-2.091969644511583e-08
-1.954042404648954e-08
-1.825111182989278e-08
-1.704596262854028e-08
-1.591954641748222e-08
-1.486678428727329e-08
-1.388291091246601e-08
-1.296347573025383e-08
-1.210430871178133e-08
-1.130149783824366e-08
-1.055139081585161e-08
-9.850565937519088e-09
-9.19582277019003e-09
-8.584164752208805e-09
-8.012791245306247e-09
-7.479074689081875e-09
-6.980564432331939e-09
-6.514962939202886e-09
-6.080121492795374e-09
-5.674025646207787e-09
-5.294797100797418e-09
-4.940669467534472e-09
-4.610000696572593e-09
-4.301256762857244e-09
-4.013000591308275e-09
-3.743884792997825e-09
-3.492652058330376e-09
-3.258124355687856e-09
-3.039206062462102e-09
-2.834867087207745e-09
-2.644146490433886e-09
-2.466138864852776e-09
-2.30001610621779e-09
-2.1449867545842e-09
-2.000315812033431e-09
-1.865317936430464e-09
-1.739356263422583e-09
-1.621825866949677e-09
-1.512171205257939e-09
-1.409865610015035e-09
-1.314420918031065e-09
-1.225382815937752e-09
-1.142329351256962e-09
-1.064861062225353e-09
-9.926038780876006e-10
-9.252134953215681e-10
-8.623617739271763e-10
-8.037465508320667e-10
-7.49082718925907e-10
-6.981097118415542e-10
-6.505760623192055e-10
-6.062503443914635e-10
-5.649273517984238e-10
-5.26397793363549e-10
-4.904771310883817e-10
-4.569851790544274e-10
-4.257663662836363e-10
-3.966631734437473e-10
-3.695358605979873e-10
-3.442471550821249e-10
-3.206815823787063e-10
-2.987151124111107e-10
-2.782419662422187e-10
-2.5916094784139e-10
-2.413780621338498e-10
-2.248086550115097e-10
-2.093699954230527e-10
-1.949858187886385e-10
-1.815840134104789e-10
-1.690978048122333e-10
-1.574616611020321e-10
-1.466234643798288e-10
-1.365209812627678e-10
-1.27109736623211e-10
-1.183409057592434e-10
-1.101766714790798e-10
-1.025730441719157e-10
-9.549088712030729e-11
-8.889336042465668e-11
-8.274844310483837e-11
-7.702588379359029e-11
-7.169776811021762e-11
-6.673527775573412e-11
-6.211502992272236e-11
-5.781284799115204e-11
-5.380603394184153e-11
-5.007766442248055e-11
-4.660129708139984e-11
-4.336851301494913e-11
-4.035632899259853e-11
-3.755484609966906e-11
-3.494571732824027e-11
-3.251534513382003e-11
-3.02503304110585e-11
-2.814347971424411e-11
-2.618442362532671e-11
-2.436079851658703e-11
-2.266193235740203e-11
-2.107931474517368e-11
-1.960980736872046e-11
-1.824593221331859e-11
-1.697465662269174e-11
-1.579451501216861e-11
-1.469353322052709e-11
-1.36659060812437e-11
-1.270823373855599e-11
-1.181224021968641e-11
-1.098071922729571e-11
-1.02126526031674e-11
-9.500091119704906e-12
-8.840110893615022e-12
-8.226431529816827e-12
-7.653183051194335e-12
-7.114187163688262e-12
-6.609306367165342e-12
-6.13963839265136e-12
-5.705287186231192e-12
-5.301414992952511e-12
-4.929255412797067e-12
-4.584287329499762e-12
-4.266386963128968e-12
-3.973283495353999e-12
-3.698440177119605e-12
-3.443804205396449e-12
-3.201018061569569e-12
-2.975161928447702e-12
-2.761859161385285e-12
-2.563511169403751e-12
-2.374681966635815e-12
-2.20108375025303e-12
-2.041741357600434e-12
-1.894737993289732e-12
-1.762331074030586e-12
-1.641184066365405e-12
-1.533357650621907e-12
-1.432029189698114e-12
-1.336465068300721e-12
-1.245803375861511e-12
-1.159496717227715e-12
-1.076741280912808e-12
-9.959517255840358e-13
-9.185662682843139e-13
-8.461951220786415e-13
-7.815143434221733e-13
-7.232765125484778e-13
-6.718757660099721e-13
-6.280112966992888e-13
-5.878375181850537e-13
-5.49461280963981e-13
-5.128364079456914e-13
-4.73916010344427e-13
-4.391946139518244e-13
-4.102754616705128e-13
-3.848096597329697e-13
-3.60025071856231e-13
-3.38073021848632e-13
-3.144702979620289e-13
-2.891679128370255e-13
-2.633046461568698e-13
-2.384839647461576e-13
-2.179242101371868e-13
-2.004415226145553e-13
-1.842742833678976e-13
-1.697786676437636e-13
-1.603873929323897e-13
-1.523709918673363e-13
-1.440891886942848e-13
-1.38995398062958e-13
-1.34294274720468e-13
-1.27351324640633e-13
-1.208895733188081e-13
-1.145221336038317e-13
-1.063203731633749e-13
-9.236862364725133e-14
-7.552087300830076e-14
-6.261165838954237e-14
-5.514902791347668e-14
-4.817767217656487e-14
-4.553182171718819e-14
-4.602874252223417e-14
-4.603118210689958e-14
-4.675604812384823e-14
-5.016884899793661e-14
-5.432365251261908e-14
-5.718172705999772e-14
-4.966769375283598e-14
-4.280488040889873e-14
-3.391278524706812e-14
-2.659110520405132e-14
-1.731090068602453e-14
-1.290469305753241e-14
-1.251364850691269e-14
-1.422085360456808e-14
-1.701742041438366e-14
-1.784239616287841e-14
-1.6391184822857e-14
-1.567586541014512e-14
-1.440530282359519e-14
-1.426979694383754e-14
-1.432604142670059e-14
-1.341134578246916e-14
-1.364372145387377e-14
-1.586921159393781e-14
-1.544935762803738e-14
-1.458126989194795e-14
-1.359377287271227e-14
-1.176233910008768e-14
-6.71971051574606e-15
-1.076183486292803e-15
4.018664500395965e-15
6.91570245288899e-15
5.312367842377672e-15
4.9488668991199e-15
