1.438105500456849e-12
8.509746280422621e-13
5.08690435430613e-13
3.058301433821219e-13
1.855169991366457e-13
1.136244085411705e-13
7.032832758534305e-14
4.41445586614626e-14
2.820773387123821e-14
1.868115983807657e-14
1.273308507057853e-14
8.944588603382127e-15
6.602747395642301e-15
4.839283837188852e-15
3.151375191216457e-15
1.182074710273006e-15
-1.530087267852472e-15
-4.972289784062897e-15
-1.029864312339419e-14
-1.794103169273383e-14
-2.959889056075924e-14
-4.556796890121967e-14
-6.842731114792599e-14
-1.010100331575069e-13
-1.467605076665425e-13
-2.134485370992763e-13
-3.066158357854685e-13
-4.376666145261258e-13
-6.220547076978976e-13
-8.794481751536313e-13
-1.238289006012145e-12
-1.735590442706012e-12
-2.42064766197364e-12
-3.363647340676778e-12
-4.65348727474692e-12
-6.40962514915556e-12
-8.794657546700328e-12
-1.202054598220709e-11
-1.6369057106208e-11
-2.221095453365092e-11
-3.003448346710765e-11
-4.047746778695257e-11
-5.437350017112999e-11
-7.280908505760291e-11
-9.719421369955773e-11
-1.293536185414103e-10
-1.716410224086036e-10
-2.270880287777524e-10
-2.995813511099754e-10
-3.940947492500571e-10
-5.169743507325121e-10
-6.762922169240321e-10
-8.822885132173203e-10
-1.147918076393993e-09
-1.489526262229506e-09
-1.927677981831996e-09
-2.488183132531424e-09
-3.203346199306915e-09
-4.113496454443691e-09
-5.268851780303098e-09
-6.731786529980793e-09
-8.5795781071036e-09
-1.090773068790358e-08
-1.383398281976062e-08
-1.75031406794348e-08
-2.209286106643203e-08
-2.78205991872476e-08
-3.495189540283864e-08
-4.381025916004826e-08
-5.478892479890622e-08
-6.836479716537291e-08
-8.511496219383359e-08
-1.057361906105625e-07
-1.310679249853743e-07
-1.621193121819558e-07
-2.00100923799019e-07
-2.464619065627043e-07
-3.0293337830792e-07
-3.715790424518554e-07
-4.548540625451624e-07
-5.556734346631346e-07
-6.774912091723567e-07
-8.243920961822652e-07
-1.00119718043659e-06
-1.213585667717544e-06
-1.46823481632007e-06
-1.772980433593649e-06
-2.137000607123259e-06
-2.57102559693402e-06
-3.087577142782294e-06
-3.70124074707806e-06
-4.428974867756943e-06
-5.290461297074648e-06
-6.308501401802008e-06
-7.509463310594871e-06
-8.923785530597789e-06
-1.058654292807982e-05
-1.253808141808116e-05
-1.482472814694312e-05
-1.749958438028736e-05
-2.062340870188915e-05
-2.426559856688035e-05
-2.850527946991343e-05
-3.343251351067758e-05
-3.914963665072614e-05
-4.577273471933257e-05
-5.343326928181791e-05
-6.227986503937201e-05
-7.248027086601541e-05
-8.42235070806055e-05
-9.772221187516506e-05
-0.000113215200215172
-0.00013097024876414
-0.0001512871205716491
-0.0001745008433955659
-0.0002009852554791084
-0.0002311568325144475
-0.0002654788092411637
-0.0003044656087183688
-0.0003486875917261346
-0.0003987761379651493
-0.0004554290697574017
-0.0005194164276929892
-0.0005915866062526303
-0.0006728728556300592
-0.0007643001539876178
-0.0008669924521619438
-0.0009821802926958045
-0.001111208807961751
-0.001255546089142905
-0.001416791915617212
-0.001596686832307312
-0.001797121558541462
-0.002020146707458943
-0.002267982790019422
-0.002543030472334882
-0.002847881049210098
-0.003185327090535082
-0.00355837321097446
-0.003970246913076308
-0.004424409506449192
-0.004924567069347839
-0.005474681325881384
-0.006078980300409242
-0.006741968692746204
-0.007468437925991559
-0.008263475783335897
-0.009132475513080744
-0.0100811442951845
-0.01111551095226645
-0.01224193279696977
-0.01346710149490508
-0.01479804780569579
-0.0162421450814638
-0.01780711137454774
-0.01950101002363835
-0.02133224857835958
-0.02330957590757793
-0.02544207736485447
-0.02773916784953857
-0.03021058263209146
-0.03286636580540254
-0.03571685620984533
-0.03877267072425981
-0.04204468477254112
-0.04554400994241758
-0.04928196860918199
-0.05327006544381663
-0.05751995574965806
-0.06204341052019895
-0.06685227817784833
-0.07195844295247927
-0.07737377984609367
-0.08311010621903968
-0.08917912996676373
-0.09559239434527383
-0.1023612195052684
-0.1094966407831612
-0.1170093439121569
-0.1249095972285278
-0.1332071810612727
-0.1419113144945736
-0.1510305796762012
-0.1605728439841273
-0.17054518025238
-0.1809537853951367
-0.1918038977608487
-0.2030997135182667
-0.214844302538411
-0.2270395240974693
-0.2396859428841876
-0.2527827457736333
-0.2663276597817432
-0.2803168717974851
-0.2947449505098171
-0.3096047711193573
-0.3248874433855074
-0.340582243492875
-0.3566765504180751
-0.3731557872458395
-0.3900033680642532
-0.4072006510093262
-0.4247268979418887
-0.4425592414457797
-0.4606726595442359
-0.4790399587192921
-0.4976317657339272
-0.5164165286405931
-0.535360527566365
-0.554427895530208
-0.5735806497398448
-0.5927787336989652
-0.6119800703087793
-0.631140626357908
-0.6502144884174984
-0.6691539503547279
-0.6879096125341699
-0.7064304926013524
-0.7246641479499619
-0.7425568095853838
-0.7600535273000769
-0.7770983259053196
-0.793634372065649
-0.8096041514976836
-0.8249496558995343
-0.8396125791841326
-0.8535345224130514
-0.8666572066322716
-0.8789226930352799
-0.8902736094811783
-0.9006533826065058
-0.9100064746120649
-0.9182786236403182
-0.9254170868917746
-0.9313708852363812
-0.9360910483034798
-0.9395308589060647
-0.9416460955221794
-0.9423952717972714
-0.9417398716889958
-0.9396445791141309
-0.9360775008680919
-0.9310103815079286
-0.9244188091504321
-0.916282410807249
-0.9065850361027539
-0.8953149282343519
-0.8824648810963099
-0.8680323817774112
-0.8520197370772227
-0.8344341826440959
-0.8152879739444724
-0.7945984593791328
-0.7723881365034524
-0.7486846882238305
-0.7235209941686912
-0.696935117482425
-0.6689702725897442
-0.6396747782926417
-0.6091019900089408
-0.577310206087182
-0.5443625488735286
-0.5103268245416654
-0.4752753633302277
-0.4392848390169642
-0.4024360673683819
-0.3648137842058286
-0.3265064040674667
-0.2876057603721441
-0.248206827856943
-0.2084074282636866
-0.1683079203636826
-0.1280108754981609
-0.08762073991411173
-0.04724348520396936
-0.00698624826226264
0.03304303777326461
0.0727360200703578
0.1119843085634486
0.1506798627096637
0.1887153808886504
0.2259846907716745
0.262383138956999
0.2978079781822529
0.3321587503968706
0.3653376640148358
0.397249963676633
0.427804290851487
0.4569130336871547
0.4844926645125687
0.5104640634977715
0.53475282701436
0.5572895592740027
0.5780101459527969
0.5968560085308694
0.6137743382199341
0.6287183084199138
0.6416472647137216
0.6525268915776425
0.661329355013216
0.6680334204759868
0.6726245455704395
0.6750949470751768
0.675443642044085
0.6736764627589297
0.6698060454851846
0.66385179308938
0.6558398116826364
0.6458028216299514
0.6337800432856182
0.6198170579843606
0.6039656449171417
0.5862835946134833
0.566834499900033
0.5456875252352431
0.5229171554640873
0.498602925101275
0.472829129312019
0.445684517876124
0.4172619734451797
0.3876581754986319
0.3569732514425708
0.3253104163316746
0.2927756027614778
0.2594770824713779
0.2255250812488809
0.1910313887329642
0.1561089647179275
0.1208715435743356
0.0854332383759791
0.04990814632171811
0.0144099570162059
-0.02094843485556231
-0.05605531095915152
-0.09080050339303931
-0.1250757600116013
-0.1587750996321706
-0.1917951558271119
-0.2240355080732549
-0.2553989990910232
-0.2857920372873998
-0.3151248832914764
-0.3433119196424413
-0.3702719027862351
-0.3959281966106036
-0.4202089868540049
-0.4430474758052978
-0.4643820567881839
-0.4841564680368778
-0.5023199256408554
-0.5188272353491741
-0.5336388831062138
-0.5467211042680528
-0.5580459315612554
-0.5675912219056325
-0.575340662330557
-0.5812837552858381
-0.585415783715976
-0.5877377563666804
-0.5882563338366728
-0.5869837359817963
-0.5839376313307723
-0.5791410092192887
-0.5726220354300137
-0.564413892151292
-0.5545546031343607
-0.543086844963391
-0.5300577453831141
-0.5155186696811342
-0.4995249961213213
-0.4821358814706849
-0.4634140176677831
-0.4434253806808423
-0.4222389726292796
-0.3999265582387784
-0.3765623967146576
-0.3522229700960641
-0.3269867091323789
-0.3009337177263041
-0.2741454969595932
-0.2467046697041131
-0.2186947067912492
-0.1901996556825447
-0.1613038725591695
-0.1320917586962879
-0.1026475019590765
-0.07305482421993865
-0.0433967354548167
-0.01375529523100271
0.01578861775440238
0.04515552746846424
0.07426757309985774
0.1030487118603953
0.1314249115633989
0.1593243325607386
0.1866774986718711
0.2134174567890816
0.2394799248929902
0.2648034282680979
0.2893294237496579
0.3130024118860052
0.3357700369474663
0.3575831747569956
0.3783960083690538
0.3981660916598302
0.4168544009441986
0.4344253747696132
0.4508469420668526
0.4660905388837837
0.480131113956952
0.4929471234163278
0.5045205149444407
0.5148367017357599
0.5238845266388635
0.5316562168721406
0.5381473297382391
0.5433566897749924
0.5472863177867163
0.549941352221579
0.551329963378912
0.5514632609558648
0.5503551954312768
0.5480224537679826
0.5444843499315595
0.5397627107413494
0.5338817575819067
0.5268679844785831
0.5187500330156299
0.5095585645832833
0.4993261304485653
0.4880870401470934
0.4758772286609493
0.462734122816312
0.4486965073350722
0.4338043909763916
0.4180988731966884
0.4016220117218761
0.384416691394559
0.3665264946536831
0.3479955739931815
0.3288685267313455
0.3091902723938806
0.2890059329891611
0.2683607164425075
0.2472998034297774
0.2258682378336125
0.2041108210266574
0.1820720101674451
0.1597958206760987
0.1373257330278553
0.1147046039870933
0.09197458238795896
0.06917702954976027
0.04635244439664733
0.02354039332853682
0.0007794448759953526
-0.02189289084265013
-0.04444021786016808
-0.06682730531140764
-0.08902013362722454
-0.1109859360136177
-0.1326932352710083
-0.1541118760224053
-0.1752130524324668
-0.1959693315080794
-0.2163546720830727
-0.2363444395984241
-0.2559154167952702
-0.2750458104475856
-0.2937152542676694
-0.3119048081247721
-0.3295969537225802
-0.346775586887485
-0.363426006628954
-0.3795349011243165
-0.3950903307829554
-0.4100817085513279
-0.4244997776281397
-0.4383365867629145
-0.4515854632961845
-0.464240984100711
-0.4762989445871504
-0.4877563259406376
-0.4986112607565767
-0.508862997227618
-0.5185118620348452
-0.5275592220955883
-0.5360074453191721
-0.5438598605221592
-0.5511207166392222
-0.5577951413657465
-0.5638890993648611
-0.5694093501676695
-0.5743634058945006
-0.578759488910862
-0.5826064895306147
-0.5859139238738735
-0.5886918919833177
-0.5909510363015992
-0.5927025005955644
-0.5939578894121715
-0.5947292281464979
-0.5950289237964548
-0.5948697264773817
-0.5942646917568266
-0.5932271438669821
-0.5917706398484249
-0.5899089346762277
-0.5876559474178372
-0.5850257284552063
-0.5820324278034197
-0.5786902645549412
-0.5750134974737735
-0.5710163967631278
-0.5667132170190288
-0.5621181713806238
-0.5572454068854614
-0.5521089810362104
-0.546722839585114
-0.5411007955278894
-0.5352565092974593
-0.5292034701492901
-0.5229549787315888
-0.516524130832867
-0.5099238022839295
-0.5031666349930555
-0.4962650240936749
-0.4892311061825916
-0.4820767486263932
-0.474813539908073
-0.4674527809864543
-0.4600054776397878
-0.4524823337648275
-0.4448937456043709
-0.4372497968676579
-0.4295602547103685
-0.4218345665414828
-0.4140818576235518
-0.4063109294341565
-0.3985302587535146
-0.3907479974450593
-0.3829719728950651
-0.3752096890763176
-0.3674683282025674
-0.3597547529404582
-0.3520755091493067
-0.3444368291157327
-0.3368446352464909
-0.329304544185835
-0.3218218713290966
-0.3144016357067353
-0.307048565208916
-0.2997671021172709
-0.2925614089142287
-0.2854353743444577
-0.2783926197046057
-0.2714365053356743
-0.264570137292312
-0.2577963741666298
-0.2511178340418949
-0.2445369015525996
-0.2380557350303233
-0.231676273717167
-0.225400245029768
-0.2192291718535072
-0.2131643798485406
-0.2072070047515177
-0.2013579996589059
-0.1956181422792238
-0.1899880421385075
-0.1844681477246985
-0.1790587535593181
-0.1737600071873767
-0.1685719160774045
-0.1634943544197674
-0.1585270698131114
-0.1536696898312307
-0.1489217284643583
-0.1442825924293544
-0.1397515873420971
-0.1353279237465848
-0.1310107229963703
-0.1267990229844891
-0.1226917837189992
-0.1186878927410442
-0.1147861703839622
-0.1109853748714594
-0.107284207252502
-0.1036813161713773
-0.1001753024734047
-0.09676472364688705
-0.09344809810165988
-0.09022390928478401
-0.08709060963493759
-0.08404662437606197
-0.08109035515137841
-0.07822018349975027
-0.07543447417702921
-0.07273157832520494
-0.07010983649131791
-0.0675675814982927
-0.0651031411707066
-0.06271484091915171
-0.0604010061871476
-0.05815996476286635
-0.05599004895846759
-0.05388959766051381
-0.05185695825546627
-0.04989048843395378
-0.04798855787742819
-0.04614954983106955
-0.04437186256667585
-0.04265391073872153
-0.04099412663720484
-0.03939096134115873
-0.0378428857767698
-0.03634839168369199
-0.03490599249311861
-0.03351422412123277
-0.03217164568146749
-0.0308768401188447
-0.02962841476985103
-0.02842500185180984
-0.02726525888550011
-0.02614786905364299
-0.0250715414978666
-0.02403501155733989
-0.02303704095279293
-0.02207641791935105
-0.02115195729048597
-0.02026250053545521
-0.01940691575304937
-0.01858409762469826
-0.01779296732967259
-0.01703247242463821
-0.01630158668969235
-0.01559930994326766
-0.01492466782831552
-0.01427671157204098
-0.01365451772107605
-0.01305718785413124
-0.01248384827391781
-0.01193364968014018
-0.01140576682522051
-0.01089939815450523
-0.01041376543284297
-0.009948113358916153
-0.009501709168648034
-0.009073842228966057
-0.00866382362322189
-0.00827098572962141
-0.007894681793692843
-0.007534285496124879
-0.007189190517025052
-0.006858810097479873
-0.006542576599201656
-0.00623994106314938
-0.005950372768039526
-0.005673358789461828
-0.005408403560372595
-0.005155028433577421
-0.004912771246816243
-0.004681185891000658
-0.004459841882103188
-0.004248323937210639
-0.004046231555163148
-0.003853178602276773
-0.003668792903369113
-0.00349271583850556
-0.003324601945672045
-0.003164118529789833
-0.003010945278183325
-0.002864773882815281
-0.002725307669441746
-0.002592261233865468
-0.002465360085290735
-0.002344340296959509
-0.002228948164185454
-0.002118939869934356
-0.002014081157891926
-0.001914147013106458
-0.001818921350190556
-0.001728196709080035
-0.001641773958376973
-0.001559462006226607
-0.001481077518723531
-0.001406444645790797
-0.001335394754440415
-0.001267766169330596
-0.001203403920582463
-0.00114215949894681
-0.001083890618187418
-0.001028460984154724
-0.0009757400700036279
-0.000925602898304693
-0.0008779298311484374
-0.0008326063678314286
-0.0007895229481539163
-0.0007485747599066672
-0.0007096615523136032
-0.000672687456728051
-0.0006375608142282012
-0.0006041940088021001
-0.0005725033056432379
-0.0005424086948244551
-0.0005138337404863349
-0.0004867054353522253
-0.0004609540603380998
-0.0004365130491475317
-0.0004133188577018972
-0.0003913108382722055
-0.0003704311182316355
-0.0003506244832539461
-0.0003318382648261365
-0.0003140222320131896
-0.0002971284872489543
-0.0002811113661097306
-0.0002659273408927278
-0.0002515349279539753
-0.0002378945986141027
-0.0002249686935462721
-0.000212721340550132
-0.0002011183755722393
-0.0001901272668588373
-0.0001797170421975856
-0.0001698582190461731
-0.0001605227375575365
-0.0001516838962943673
-0.0001433162906241455
-0.0001353957536431799
-0.0001278992995747622
-0.0001208050695448307
-0.0001140922796142351
-0.0001077411710328402
-0.0001017329626082749
-9.604980510981064e-05
-9.067473763516608e-05
-8.559164586791274e-05
-8.078522214396592e-05
-7.624092726757315e-05
-7.194495400231471e-05
-6.788419217802928e-05
-6.40461953209677e-05
-6.041914881525966e-05
-5.699183943306355e-05
-5.375362629113682e-05
-5.069441306945537e-05
-4.780462151457278e-05
-4.507516615202442e-05
-4.249743014222376e-05
-4.006324225616448e-05
-3.776485491149199e-05
-3.559492321470132e-05
-3.354648500516673e-05
-3.161294177303596e-05
-2.978804056577566e-05
-2.806585663996756e-05
-2.644077701788141e-05
-2.490748477088572e-05
-2.346094407697093e-05
-2.209638598894877e-05
-2.080929486225782e-05
-1.959539547110593e-05
-1.845064073031124e-05
-1.737119998695676e-05
-1.6353447937027e-05
-1.539395403254741e-05
-1.448947243009114e-05
-1.363693242812461e-05
-1.283342938353863e-05
-1.207621605801962e-05
-1.136269441567864e-05
-1.069040781281328e-05
-1.005703358921068e-05
-9.460376023279717e-06
-8.898359634184791e-06
-8.369022842728901e-06
-7.870511923500206e-06
-7.401075300486428e-06
-6.959058088219569e-06
-6.542896944635289e-06
-6.151115188485072e-06
-5.782318131734692e-06
-5.435188701478884e-06
-5.10848324157607e-06
-4.801027557778375e-06
-4.511713179555123e-06
-4.239493759546643e-06
-3.983381730972493e-06
-3.742445105261694e-06
-3.515804433481884e-06
-3.302629933001042e-06
-3.102138768866947e-06
-2.913592477805099e-06
-2.736294524410682e-06
-2.56958799098437e-06
-2.412853395191541e-06
-2.265506598357741e-06
-2.126996876281913e-06
-1.996805038484601e-06
-1.874441681188161e-06
-1.759445521741772e-06
-1.651381830358828e-06
-1.549840944963935e-06
-1.454436856692773e-06
-1.364805892148732e-06
-1.280605444613352e-06
-1.201512794182786e-06
-1.127223969700896e-06
-1.057452690985366e-06
-9.919293881928593e-07
-9.304002220373588e-07
-8.72626197971809e-07
-8.183823227231896e-07
-7.674567958021343e-07
-7.196502673182891e-07
-6.747751207208463e-07
-6.326547886494103e-07
-5.931231237410707e-07
-5.560238065073024e-07
-5.212097620764948e-07
-4.885426312175856e-07
-4.578922711217517e-07
-4.291362825447386e-07
-4.02159546630083e-07
-3.768537990754555e-07
-3.531172461409273e-07
-3.308541810396305e-07
-3.099746196894986e-07
-2.903939760990836e-07
-2.720327299039542e-07
-2.54816161928543e-07
-2.386740277424774e-07
-2.235403308813094e-07
-2.093530480738493e-07
-1.960538965313786e-07
-1.835881342485796e-07
-1.719043367106417e-07
-1.609541786867591e-07
-1.506922942142055e-07
-1.410760625284623e-07
-1.320654617898843e-07
-1.236228965641612e-07
-1.157130769746547e-07
-1.083028914247305e-07
-1.013612448301977e-07
-9.48589466832648e-08
-8.876857299021451e-08
-8.306437352151669e-08
-7.772220405870861e-08
-7.271939692659026e-08
-6.80346912377056e-08
-6.364813943060152e-08
-5.954101578354822e-08
-5.569576037844823e-08
-5.209589816321993e-08
-4.872597561219603e-08
-4.557150257565652e-08
-4.261888367913422e-08
-3.985536770012592e-08
-3.726900031219468e-08
-3.484857500165833e-08
-3.258357476203396e-08
-3.046414212514325e-08
-2.848103865252038e-08
-2.662560476768019e-08
-2.488972848656961e-08
-2.326579152288897e-08
-2.174665794178871e-08
-2.032565360380543e-08
-1.899650974001217e-08
-1.775336165237519e-08
-1.659070993239595e-08
-1.550340341992608e-08
-1.448661911161567e-08
-1.353583599734765e-08
-1.264681556625162e-08
-1.181559369764077e-08
-1.103845635431845e-08
-1.031192722828245e-08
-9.632743437436621e-09
-8.99785041647056e-09
-8.404390521812638e-09
-7.849689790705166e-09
-7.33125134675947e-09
-6.84671634711313e-09
-6.393892345741217e-09
-5.970738891235932e-09
-5.575323309933254e-09
-5.2058552707389e-09
-4.860638647519961e-09
-4.538105196910063e-09
-4.236782704342689e-09
-3.955285643047672e-09
-3.692323141437023e-09
-3.446687773203496e-09
-3.217248111920435e-09
-3.002942421210556e-09
-2.802790671443435e-09
-2.615863799314379e-09
-2.441293386318309e-09
-2.278270238472985e-09
-2.126039409606949e-09
-1.983894188485932e-09
-1.851173923239173e-09
-1.727255594389747e-09
-1.611566570168006e-09
-1.503558255000432e-09
-1.402731525316259e-09
-1.308607235690449e-09
-1.220750890253259e-09
-1.138748298501854e-09
-1.062210335694257e-09
-9.907732666047867e-10
-9.241059578703446e-10
-8.618905819162833e-10
-8.038301166921797e-10
-7.496483220762339e-10
-6.990927601380073e-10
-6.51914320680813e-10
-6.07899451710206e-10
-5.66836823185781e-10
-5.285267227151651e-10
-4.927834551498051e-10
-4.594384607186044e-10
-4.283324481862405e-10
-3.993143700034863e-10
-3.722447311552563e-10
-3.470021084415258e-10
-3.234617297932403e-10
-3.015102185199959e-10
-2.810402498596247e-10
-2.619549403508247e-10
-2.441575490332544e-10
-2.27554834532641e-10
-2.120740313067954e-10
-1.97632809412786e-10
-1.841665567329166e-10
-1.71612476080211e-10
-1.599048749003384e-10
-1.489893831119619e-10
-1.388148424669474e-10
-1.293350951549832e-10
-1.205007765682555e-10
-1.122651774591623e-10
-1.04594087765216e-10
-9.744385329615601e-11
-9.078020918510997e-11
-8.456845195644551e-11
-7.877952274697704e-11
-7.33835261497987e-11
-6.835141724787584e-11
-6.366529556476606e-11
-5.929782431364346e-11
-5.522124741378437e-11
-5.142015917661857e-11
-4.788060957900776e-11
-4.458321017204322e-11
-4.150969966210738e-11
-3.864888828856501e-11
-3.599028871206356e-11
-3.351488045907797e-11
-3.121318282279316e-11
-2.907162564788972e-11
-2.707656730547246e-11
-2.521538694887642e-11
-2.347962467143326e-11
-2.18575276216347e-11
-2.034424866998574e-11
-1.893419187872164e-11
-1.761552808626733e-11
-1.63879084342044e-11
-1.524770445486903e-11
-1.418671877919638e-11
-1.320432965491294e-11
-1.22938272933597e-11
-1.144835888862604e-11
-1.066190447447002e-11
-9.929133095642099e-12
-9.244389634550279e-12
-8.604162160880396e-12
-8.008229107963535e-12
-7.451603637820081e-12
-6.931946205251668e-12
-6.44835990149169e-12
-5.999479012457048e-12
-5.578265475359936e-12
-5.187610112277856e-12
-4.819473757633145e-12
-4.485138136001094e-12
-4.169679216510845e-12
-3.881166836270616e-12
-3.611297914176998e-12
-3.361025275348096e-12
-3.12880574670856e-12
-2.914807503696251e-12
-2.710919557879276e-12
-2.525834385700648e-12
-2.352968442919935e-12
-2.189817102026496e-12
-2.036422728954124e-12
-1.8950359557481e-12
-1.759119053033895e-12
-1.632558104986407e-12
-1.514022139173047e-12
-1.4052908743054e-12
-1.303501783066328e-12
-1.209305584106308e-12
-1.121601365797536e-12
-1.046957535875636e-12
-9.736584034157428e-13
-9.090637979171437e-13
-8.509823183709413e-13
-7.974810132463805e-13
-7.454167274447055e-13
-6.96424175743318e-13
-6.479896135822015e-13
-5.992128648616955e-13
-5.52692802168337e-13
-5.087825861806069e-13
-4.704074091400983e-13
-4.311664628319248e-13
-3.985850492488302e-13
-3.712452302885649e-13
-3.453729984764567e-13
-3.204141399169201e-13
-3.00243153383501e-13
-2.81081814131339e-13
-2.649127755413339e-13
-2.482265732797687e-13
-2.362900190320017e-13
-2.232827778903322e-13
-2.120817719958327e-13
-1.981353831170764e-13
-1.814512327709615e-13
-1.621034214630136e-13
-1.461093595739944e-13
-1.261206808039262e-13
-1.130317428605722e-13
-1.046757411571389e-13
-9.613266825186378e-14
-8.988521344349662e-14
-8.698335940641806e-14
-8.433219400674581e-14
-8.544173297913947e-14
-8.548789222541465e-14
-8.407960995664465e-14
-8.034676189321513e-14
-7.719296332182558e-14
-6.743304621247966e-14
-5.791922945513914e-14
-4.916602035182056e-14
-3.932640166025352e-14
-3.165206411735259e-14
-2.759217581937e-14
-2.399891494660884e-14
-2.202231946254459e-14
-2.072859131073044e-14
-2.324210070194124e-14
-2.662223745161408e-14
-3.107788098000881e-14
-3.021803064284614e-14
-3.327533563253966e-14
-3.288560906530894e-14
-3.234673730915515e-14
-2.742923553396625e-14
-2.264568958397692e-14
-1.756989708349086e-14
-1.189013795399633e-14
-3.249192718028281e-15
3.480979467895744e-15
8.952848667507416e-15
6.424043586299749e-15
8.211992935889369e-16
-7.683767592980284e-15
