-1.565519582143063e-13
-9.831945993234441e-14
-6.576959846614204e-14
-4.216568718569208e-14
-2.667025023982069e-14
-1.572771959834211e-14
-8.203349286563486e-15
-2.474981447287626e-15
2.393522426049425e-15
6.27442294539343e-15
1.014951721710074e-14
1.427862093499151e-14
1.872886687416475e-14
2.462472606489337e-14
3.204959647449246e-14
4.203758974907158e-14
5.518383689178567e-14
7.326415907136394e-14
9.762875346302958e-14
1.301704915809023e-13
1.738277990297429e-13
2.326819984019296e-13
3.109065534083408e-13
4.147314305085336e-13
5.517399438574971e-13
7.329921328232212e-13
9.713197210099826e-13
1.283904246995675e-12
1.692872012569938e-12
2.226292693128737e-12
2.920267578840722e-12
3.820448822478758e-12
4.984388827315467e-12
6.485654268396462e-12
8.416244343836083e-12
1.089167461287662e-11
1.405773242882217e-11
1.809561518427243e-11
2.323042713629522e-11
2.974270201501171e-11
3.798296496810926e-11
4.837915300671435e-11
6.146469107922097e-11
7.789383438997315e-11
9.84719477783376e-11
1.24183747892317e-10
1.56234608708e-10
1.960958208046031e-10
2.455587395522314e-10
3.06796721979852e-10
3.824467238155724e-10
4.756973965575148e-10
5.903956576033761e-10
7.311740121472132e-10
9.036006823531312e-10
1.114352721229976e-09
1.371420481934114e-09
1.684350979842696e-09
2.064521831761046e-09
2.525471066920806e-09
3.083276309174881e-09
3.756990852232347e-09
4.569156864430339e-09
5.54639294235603e-09
6.720072167504523e-09
8.127109279903315e-09
9.810859228465349e-09
1.182215420412161e-08
1.422048778290951e-08
1.70753761774341e-08
2.046790613955904e-08
2.449250701645087e-08
2.925896918740636e-08
3.489472762499728e-08
4.154747425110922e-08
4.938809993262679e-08
5.861403873711272e-08
6.94530373256028e-08
8.21674138701043e-08
9.705885965224715e-08
1.144738295532565e-07
1.34809612645724e-07
1.58521133405685e-07
1.86128573465593e-07
2.182258962407256e-07
2.554903735491993e-07
2.986932089977344e-07
3.487113709832119e-07
4.065407565883331e-07
4.733108146193563e-07
5.503007654405001e-07
6.389575628355436e-07
7.409157706762271e-07
8.580195054793586e-07
9.923466424489474e-07
1.146235475394028e-06
1.322314029989818e-06
1.523532250256232e-06
1.753197287079918e-06
2.015012129078515e-06
2.313117816671584e-06
2.652139510260627e-06
3.037236726789836e-06
3.474158185300047e-06
3.969301529829528e-06
4.529778253091936e-06
5.163484184839853e-06
5.879175905795128e-06
6.686553513522628e-06
7.596350129385841e-06
8.620428603330978e-06
9.771885837906299e-06
1.106516522801901e-05
1.251617766796134e-05
1.414243164603144e-05
1.596317292635666e-05
1.799953433378262e-05
2.027469620373534e-05
2.28140580166784e-05
2.564542179115034e-05
2.879918778988463e-05
3.230856311433281e-05
3.620978375076147e-05
4.054235064176065e-05
4.534928035601541e-05
5.067737090068398e-05
5.657748324645722e-05
6.310483917605469e-05
7.031933624643424e-05
7.828588029364616e-05
8.707473593949993e-05
9.676189559006664e-05
0.0001074294673942408
0.0001191660825835966
0.0001320673225874871
0.0001462361662544045
0.0001617834574530645
0.0001788283932703627
0.000197499032960546
0.0002179328278911284
0.0002402771742995025
0.0002646899896714716
0.0002913403111025657
0.0003204089139170906
0.0003520889511562575
0.0003865866148187018
0.0004241218188433768
0.0004649289029264008
0.0005092573567109034
0.0005573725636884879
0.0006095565644173531
0.0006661088383556546
0.0007273471032272767
0.0007936081312181757
0.0008652485806353695
0.000942645842021231
0.001026198897436553
0.001116329191189308
0.001213481510848075
0.001318124876409164
0.001430753436052992
0.001551887366559179
0.001682073775928467
0.001821887606547366
0.001971932535950524
0.002132841873068894
0.002305279447383044
0.002489940487767253
0.002687552488894785
0.002898876061469229
0.003124705763644341
0.003365870910499732
0.00362323635762467
0.003897703256409691
0.004190209776517394
0.004501731792526378
0.004833283531126547
0.005185918174389145
0.005560728416651129
0.00595884696984612
0.006381447014090207
0.006829742589697686
0.007304988925737604
0.007808482702867783
0.008341562244854646
0.008905607635860482
0.009502040759733873
0.01013232525620957
0.01079796639228118
0.0115005108430355
0.01224154637962546
0.01302270146106048
0.01384564472485044
0.0147120843758123
0.01562376746742705
0.01658247907437585
0.01759004135370097
0.01864831249019212
0.01975918552688322
0.02092458707541952
0.02214647590616321
0.02342684141662268
0.0247677019747915
0.02617110314035737
0.02763911575917202
0.02917383393250241
0.03077737286117623
0.03245186656226048
0.03419946546347198
0.03602233387168726
0.03792264731928869
0.03990258979024416
0.04196435082476637
0.04411012251033584
0.04634209635649939
0.04866246005959916
0.05107339416120684
0.05357706860025949
0.0561756391690045
0.05887124387148544
0.0616659991935896
0.06456199629041735
0.06756129709183069
0.07066593033879828
0.07387788755025677
0.07719911893194202
0.08063152923467148
0.08417697356396205
0.08783725315624759
0.09161411112189241
0.09550922816799932
0.09952421830987067
0.1036606245741519
0.1079199147117451
0.1123034769203507
0.1168126155909632
0.1214485470880285
0.1262123955665358
0.1311051888457081
0.1361278543387962
0.1412812150540787
0.1465659856771808
0.1519827687384436
0.1575320508880677
0.1632141992755342
0.1690294580440618
0.1749779449495097
0.1810596481153383
0.1872744229607261
0.1936219892806982
0.2001019284359145
0.2067136806581258
0.2134565426082679
0.220329665444172
0.227332053150094
0.2344625605122843
0.2417198906791923
0.2491025931269726
0.2566090629749521
0.2642375408903351
0.2719861126488017
0.2798527082503541
0.2878351012719155
0.2959309088528588
0.3041375920482642
0.3124524563684992
0.3208726524895422
0.3293951772075643
0.3380168746888799
0.3467344379789056
0.3555444107624948
0.3644431893740256
0.3734270250539024
0.3824920264707783
0.3916341624877377
0.4008492651771199
0.4101330330809859
0.4194810347034788
0.4288887122486892
0.4383513855813445
0.447864256415029
0.4574224127222875
0.4670208333485546
0.4766543928398782
0.4863178664603955
0.4960059354047496
0.505713192197917
0.5154341462590085
0.5251632296352774
0.534894802881582
0.5446231610904047
0.5543425400631542
0.5640471225965932
0.5737310448893317
0.5833884030415982
0.5930132596508987
0.6025996504928857
0.612141591262772
0.6216330843844361
0.6310681258565443
0.6404407121336928
0.6497448470310073
0.6589745486307895
0.6681238562006916
0.6771868370903921
0.6861575936011411
0.6950302698168048
0.7037990583788453
0.7124582072182202
0.7210020262092621
0.7294248937395478
0.7377212631848762
0.745885669271205
0.7539127343330897
0.7617971744396254
0.7695338053905743
0.7771175485734617
0.7845434366582706
0.7918066191365944
0.7989023676807978
0.8058260813259681
0.8125732914673652
0.81913966665644
0.825521017208154
0.8317132995938186
0.8377126206217729
0.843515241400506
0.8491175810705758
0.8545162203197963
0.8597079046584565
0.8646895474564676
0.8694582327393831
0.8740112177361296
0.8783459351977849
0.8824599954645164
0.8863511882833622
0.8900174843761076
0.8934570367511836
0.8966681817768818
0.8996494400003228
0.9023995167243496
0.9049173023437642
0.9072018724295325
0.9092524875733855
0.9110685929859048
0.9126498178654338
0.9139959745417515
0.9151070573846297
0.9159832414927143
0.9166248811560944
0.9170325081085255
0.9172068295745349
0.9171487261069963
0.9168592492323686
0.9163396188984607
0.9155912207395681
0.9146156031657445
0.9134144742744739
0.9119896986029393
0.9103432937172216
0.9084774266552024
0.906394410230779
0.9040966991973101
0.9015868862881934
0.8988676981320358
0.8959419910562719
0.89281274678736
0.8894830680505328
0.8859561740886902
0.8822353960976113
0.8783241725943882
0.874226044726651
0.8699446515190845
0.865483725068353
0.8608470856918716
0.8560386370519115
0.8510623612627193
0.8459223139757084
0.8406226194556874
0.8351674656492034
0.829561099256664
0.8238078208155107
0.8179119798005013
0.8118779697609927
0.8057102234876352
0.7994132082104696
0.7929914208347968
0.786449383225852
0.7797916375619229
0.7730227417476162
0.7661472648907501
0.7591697828481544
0.752094873844399
0.7449271141761364
0.737671073998497
0.7303313131998845
0.7229123773689548
0.715418793856036
0.7078550679402354
0.7002256790973924
0.6925350773733214
0.6847876798649531
0.6769878673091246
0.6691399807855991
0.6612483185325286
0.6533171328821942
0.6453506273183314
0.6373529536496035
0.6293282093024292
0.6212804347318228
0.6132136109541537
0.605131657202445
0.597038428702216
0.5889377145728052
0.5808332358493398
0.5727286436284199
0.5646275173367117
0.5565333631160371
0.5484496123231458
0.5403796201452608
0.5323266643398551
0.5242939440967939
0.5162845790105994
0.5083016081577693
0.5003479892816605
0.492426598093111
0.4845402276842685
0.4766915880436284
0.4688833056668852
0.4611179232653125
0.4533978995785906
0.4457256092891702
0.4381033430261778
0.4305333074529896
0.4230176254398943
0.4155583363270132
0.4081573962744183
0.4008166786892925
0.3935379747256033
0.3863229938554248
0.379173364513309
0.3720906348108802
0.3650762733157745
0.3581316698937557
0.3512581366090575
0.344456908679533
0.3377291454839247
0.3310759316198623
0.3244982780130192
0.3179971230709821
0.3115733338774592
0.3052277074241284
0.2989609718792053
0.2927737878929126
0.28666674993389
0.2806403876516521
0.2746951672628221
0.268831492961263
0.2630497083532624
0.2573500979113745
0.251732888442498
0.2461982505680399
0.2407463002152712
0.2353771001193177
0.230090661332194
0.2248869447377508
0.2197658625703067
0.2147272799338761
0.2097710163202787
0.2048968471241453
0.2001045051533994
0.1953936821336086
0.1907640302051413
0.186215163413331
0.1817466591880859
0.1773580598101478
0.1730488738628437
0.1688185776695267
0.1646666167171211
0.1605924070629115
0.156595336722477
0.1526747670379351
0.1488300340263159
0.1450604497084592
0.1413653034162644
0.1377438630772033
0.1341953764754781
0.13071907248941
0.1273141623052682
0.1239798406062239
0.1207152867358065
0.1175196658354494
0.1143921299558845
0.1113318191425209
0.1083378624940254
0.1054093791938433
0.102545479514505
0.09974526579470899
0.09700783338955091
0.09433227159333508
0.09171766453485647
0.08916309204514966
0.08666763049785434
0.08423035362242143
0.08185033329014213
0.07952664027293055
0.07725834497521393
0.07504451813921161
0.07288423152429106
0.07077655856021896
0.06872057497449496
0.06671535939413326
0.06475999392214406
0.06285356468934046
0.06099516238155615
0.05918388274265875
0.057418827053733
0.0556991025889993
0.05402382304913414
0.0523921089721132
0.05080308812187618
0.04925589585522645
0.04774967546774272
0.04628357851939024
0.04485676514007145
0.04346840431539042
0.04211767415322256
0.04080376213151968
0.03952586532804767
0.0382831906323623
0.0370749549406049
0.03590038533357668
0.0347587192386322
0.03364920457607769
0.03257109989034414
0.03152367446644999
0.03050620843221967
0.02951799284673745
0.02855832977559013
0.02762653235331694
0.02672192483358366
0.02584384262753237
0.02499163233073866
0.02416465173924666
0.0233622698551295
0.02258386688212325
0.02182883421177453
0.02109657440034021
0.02038650113686326
0.01969803920281891
0.01903062442399342
0.01838370361488663
0.01775673451593774
0.01714918572387127
0.0165605366156101
0.01599027726618603
0.01543790836099092
0.01490294110267732
0.0143848971130731
0.01388330833040413
0.01339771690204576
0.01292767507317565
0.01247274507162993
0.01203249898932132
0.01160651866044865
0.01119439553670251
0.01079573055975238
0.01041013403130027
0.01003722548099553
0.009676633532331586
0.009327995766806121
0.008990958586467725
0.008665177075189613
0.008350314858853475
0.00804604396462457
0.007752044679427761
0.007468005407825923
0.007193622529493903
0.006928600256465544
0.006672650490276507
0.006425492679179527
0.006186853675519662
0.005956467593424431
0.005734075666990131
0.005519426108974287
0.005312273970245339
0.005112380999977683
0.004919515506742644
0.00473345222058347
0.004553972156102443
0.004380862476708937
0.004213916360162506
0.004052932865349379
0.003897716800478839
0.003748078592720791
0.003603834159310306
0.003464804780158183
0.003330816972113366
0.003201702364834638
0.003077297578343192
0.002957444102287886
0.002841988176961665
0.002730780676084327
0.002623676991397095
0.002520536919139836
0.002421224548297013
0.002325608150750509
0.002233560073280523
0.00214495663145646
0.002059678005426183
0.001977608137633782
0.001898634632429216
0.001822648657573039
0.001749544847670618
0.00167922120948206
0.0016115790291322
0.001546522781249809
0.001483960039919625
0.001423801391591207
0.001365960349783044
0.00131035327165713
0.001256899276415229
0.001205520165508514
0.001156140344677267
0.001108686747761992
0.001063088762292711
0.001019278156750604
0.0009771890096416116
0.0009367576402097583
0.0008979225408722176
0.000860624311311912
0.0008248055941485692
0.0007904110122745445
0.0007573871077498702
0.0007256822822693294
0.0006952467391527252
0.0006660324268613727
0.0006379929839751573
0.0006110836856376258
0.0005852613914453098
0.0005604844947340423
0.0005367128732315547
0.0005139078410923931
0.000492032102218136
0.0004710497049042942
0.0004509259977511029
0.0004316275868311482
0.0004131222940740074
0.0003953791168349459
0.0003783681886517176
0.0003620607411116992
0.0003464290668687748
0.0003314464837333662
0.0003170872998411942
0.000303326779853364
0.0002901411121775598
0.0002775073771894338
0.000265403516404254
0.0002538083026123594
0.000242701310923983
0.0002320628907176584
0.0002218741384535791
0.000212116871359668
0.0002027736019370384
0.0001938275132726843
0.0001852624351312526
0.0001770628208443504
0.0001692137249087315
0.0001617007813399342
0.0001545101827109343
0.0001476286598841323
0.0001410434624125935
0.0001347423395900241
0.0001287135221358281
0.0001229457044691464
0.000117428027606065
0.0001121500626081285
0.00010710179462578
0.0001022736074441757
9.765626857989491e-05
9.324091488665582e-05
8.901903865219078e-05
8.498247418801198e-05
8.112338486296355e-05
7.743425062666172e-05
7.390785592407379e-05
7.053727807138652e-05
6.731587603808202e-05
6.423727959797725e-05
6.129537890585232e-05
5.848431441647555e-05
5.579846719438339e-05
5.323244955481768e-05
5.078109602320567e-05
4.843945462493222e-05
4.620277853172819e-05
4.406651803485993e-05
4.202631280658448e-05
4.007798436323193e-05
3.821752883166049e-05
3.644111000573844e-05
3.474505266381101e-05
3.312583616918083e-05
3.158008825564743e-05
3.010457908509902e-05
2.869621549235805e-05
2.735203549490847e-05
2.606920296324287e-05
2.484500251820712e-05
2.367683462743723e-05
2.256221087806519e-05
2.149874944309812e-05
2.048417070206722e-05
1.951629305474487e-05
1.859302888838108e-05
1.771238069007867e-05
1.687243733693632e-05
1.607137050661728e-05
1.530743123537434e-05
1.457894661551532e-05
1.388431663653149e-05
1.322201111360308e-05
1.259056677557697e-05
1.198858445919888e-05
1.141472638683677e-05
1.086771361059269e-05
1.034632349983951e-05
9.849387367458204e-06
9.37578817896604e-06
8.924458350067825e-06
8.494377642665e-06
8.084571145540289e-06
7.69410732603173e-06
7.322096170699834e-06
6.967687416934574e-06
6.630068822213066e-06
6.308464528900588e-06
6.002133500657723e-06
5.710367996834028e-06
5.432492135062957e-06
5.167860518138278e-06
4.915856894573816e-06
4.675892876551577e-06
4.447406743440737e-06
4.229862256956699e-06
4.022747549637955e-06
3.825574057917063e-06
3.637875491862771e-06
3.459206844707499e-06
3.28914346508629e-06
3.127280134995779e-06
2.973230228191438e-06
2.826624875020818e-06
2.68711217504478e-06
2.554356430675113e-06
2.428037439397336e-06
2.307849793338139e-06
2.193502204685039e-06
2.084716896512111e-06
1.981228967976845e-06
1.882785829506275e-06
1.789146643227761e-06
1.700081797296076e-06
1.615372381381828e-06
1.534809725529428e-06
1.458194921213602e-06
1.385338373411447e-06
1.316059384181821e-06
1.250185747529796e-06
1.187553348317867e-06
1.128005807050893e-06
1.071394117310321e-06
1.017576310948189e-06
9.664171360948578e-07
9.17787734664223e-07
8.715653675575182e-07
8.276331169168811e-07
7.858796208042244e-07
7.4619881262462e-07
7.08489688611144e-07
6.726560599951915e-07
6.386063294263953e-07
6.062532811709944e-07
5.755138772224329e-07
5.463090577679868e-07
5.185635606354688e-07
4.922057406592782e-07
4.671673989178977e-07
4.433836201840167e-07
4.207926209122761e-07
3.993355943840746e-07
3.789565771877242e-07
3.596023251788912e-07
3.412221635493638e-07
3.237678760771836e-07
3.071935899745957e-07
2.914556641732137e-07
2.765125792373452e-07
2.623248394839029e-07
2.488548767176051e-07
2.360669546375075e-07
2.239270838051844e-07
2.124029365659283e-07
2.014637745686833e-07
1.910803572850047e-07
1.812248899160269e-07
1.718709328820767e-07
1.629933601902141e-07
1.545682735016201e-07
1.465729568049104e-07
1.389858162423387e-07
1.317863205846433e-07
1.249549569618776e-07
1.184731775531652e-07
1.123233490093686e-07
1.064887182922826e-07
1.009533607091785e-07
9.570213674406897e-08
9.07206741000448e-08
8.599531006578002e-08
8.151305885331925e-08
7.726158631923359e-08
7.32291738248033e-08
6.940468663945669e-08
6.577755407762163e-08
6.233772871564434e-08
5.907566887723534e-08
5.598230935579829e-08
5.304903937606482e-08
5.026768334643956e-08
4.763047779681724e-08
4.513005040237979e-08
4.275939904828902e-08
4.05118685047245e-08
3.838114604450518e-08
3.636124638325582e-08
3.444647140936622e-08
3.263141862664169e-08
3.091096093457534e-08
2.928022385681472e-08
2.773458726984129e-08
2.626966824827644e-08
2.488129631568849e-08
2.356552132678505e-08
2.231859592809431e-08
2.113696279901094e-08
2.001724074753947e-08
1.895622074023728e-08
1.795086726051715e-08
1.69982917751544e-08
1.609575043281125e-08
1.524065063692125e-08
1.443052742113139e-08
1.366303684469982e-08
1.29359647646022e-08
1.224721054845418e-08
1.159477001489051e-08
1.097674999257714e-08
1.039135015501274e-08
9.836871972898171e-09
9.311695893663017e-09
8.814297109810851e-09
8.343212191642371e-09
7.897068987380407e-09
7.474560370744301e-09
7.074451362107395e-09
6.695561456476728e-09
6.336781095927178e-09
5.997050721180903e-09
5.67537385589369e-09
5.370800512352268e-09
5.082424093961044e-09
4.809399593318418e-09
4.550911933954158e-09
4.306193973560362e-09
4.074520825358706e-09
3.855207580109797e-09
3.64759747448185e-09
3.451074600708133e-09
3.265054565386158e-09
3.088975142062886e-09
2.922312346757602e-09
2.764566076172082e-09
2.615263817443001e-09
2.473954824016194e-09
2.340218348566141e-09
2.213650576147336e-09
2.093874394207413e-09
1.980527415092369e-09
1.873267514519215e-09
1.771775692620401e-09
1.675741904764801e-09
1.584875991276802e-09
1.498896536462635e-09
1.417543116847348e-09
1.34057442453563e-09
1.267749487128581e-09
1.198852986755021e-09
1.133678050959768e-09
1.072020658099097e-09
1.013687811276656e-09
9.585059584686102e-10
9.062999147851223e-10
8.569187591793355e-10
8.102096744826599e-10
7.660281858085881e-10
7.242368690460011e-10
6.847091542608472e-10
6.473267400599942e-10
6.119712300920446e-10
5.785308264021499e-10
5.469031656861843e-10
5.169978184546333e-10
4.887191689755586e-10
4.619790861683912e-10
4.36691479892536e-10
4.127808963632223e-10
3.901670324703684e-10
3.687816708990579e-10
3.485606275219464e-10
3.294409500523961e-10
3.113609198819897e-10
2.942705503173017e-10
2.781092732252898e-10
2.628305444496554e-10
2.483863313999492e-10
2.347326227225905e-10
2.218250851586035e-10
2.096232747621457e-10
1.980881758119329e-10
1.871827227209124e-10
1.768730823387637e-10
1.671306031206953e-10
1.579178939389908e-10
1.492087041393604e-10
1.409784218055881e-10
1.332044521563522e-10
1.258561942489588e-10
1.189094959515589e-10
1.12343356556144e-10
1.061395732935333e-10
1.002786720979723e-10
9.473948036335875e-11
8.950282419419623e-11
8.45549838811118e-11
7.987632430758574e-11
7.545329904099218e-11
7.127148190352327e-11
6.731455081423918e-11
6.357958929300287e-11
6.00529098065896e-11
5.672207719948283e-11
5.358043959614556e-11
5.060810161910462e-11
4.780388830286833e-11
4.515728598618348e-11
4.26553928820408e-11
4.028959038535278e-11
3.805324609100948e-11
3.593995162280954e-11
3.393904168087372e-11
3.205166721779496e-11
3.02693855194115e-11
2.858545351887693e-11
2.699387422781007e-11
2.548885108323636e-11
2.406593182640344e-11
2.272228713196871e-11
2.145431802642694e-11
2.025539816097598e-11
1.912255088953479e-11
1.805367171143583e-11
1.704655919091188e-11
1.609952934584989e-11
1.52078106798326e-11
1.436534943766175e-11
1.356860612832249e-11
1.281865982666467e-11
1.21061525426712e-11
1.143039594345485e-11
1.078470379291663e-11
1.017722454526777e-11
9.602206212589794e-12
9.060637125305213e-12
8.550303472694541e-12
8.069352951615693e-12
7.619916351312586e-12
7.19004486675009e-12
6.786006553547897e-12
6.409045559637596e-12
6.050711195017899e-12
5.716134094332372e-12
5.39420206184082e-12
5.093689647680729e-12
4.810266433218229e-12
4.543579393501682e-12
4.294883963468522e-12
4.054016309486981e-12
3.827302033490066e-12
3.611275709306148e-12
3.404394441105392e-12
3.210225926295871e-12
3.029860427395615e-12
2.858626685010564e-12
2.696149927793018e-12
2.541181347576668e-12
2.395147906693009e-12
2.260610205952141e-12
2.135346346704209e-12
2.013496104380481e-12
1.896468613394349e-12
1.791597862078082e-12
1.691069049022613e-12
1.596214003522063e-12
1.508361410262459e-12
1.430100963557113e-12
1.354282751482284e-12
1.283857124994625e-12
1.215216517148133e-12
1.148380593486246e-12
1.079937983120656e-12
1.017201759294209e-12
9.524664053751547e-13
8.941408247448814e-13
8.366512779402702e-13
7.843002972904923e-13
7.381054941014085e-13
6.969266628193719e-13
6.595057410430157e-13
6.254361138514779e-13
5.917872258797448e-13
5.595279591508517e-13
5.301935404059656e-13
5.031993557550299e-13
4.781413118512824e-13
4.563417280538404e-13
4.313995990723532e-13
4.08465176650858e-13
3.83321721964987e-13
3.604426503794276e-13
3.402947525848267e-13
3.210699878537324e-13
3.00185109447776e-13
2.791448904417208e-13
2.613652460464457e-13
2.400714969320216e-13
2.207334224637737e-13
2.053731447378351e-13
1.947454373012078e-13
1.854718565983327e-13
1.804170385281382e-13
1.741003665878192e-13
1.708209111616867e-13
1.652974202375742e-13
1.568462235720684e-13
1.491460649535152e-13
1.406062787289213e-13
1.332139678636568e-13
1.228826673391359e-13
1.14203617332062e-13
1.053544037701102e-13
9.613255056760265e-14
8.607404558041543e-14
8.179220602345733e-14
7.692880504792499e-14
7.091283526894638e-14
6.651801172460496e-14
6.366398059031429e-14
5.961071850985666e-14
5.791513058511257e-14
5.894130548734264e-14
6.035630792258026e-14
5.845720392858324e-14
5.22696850432837e-14
4.657435838401897e-14
