1.278173587316962e-14
6.727543442751507e-15
5.249604718865773e-15
3.419548181272807e-15
1.348677105284286e-15
-1.161945190166522e-16
-1.260797717115191e-15
-2.184913019375163e-15
-2.647249161412109e-15
-2.614123090021134e-15
-2.121620872833237e-15
-1.167726914613763e-15
6.171891803198312e-16
3.345061952769972e-15
6.997010596722907e-15
1.190933920414538e-14
1.81033234762804e-14
2.652554114991189e-14
3.75451824859971e-14
5.103773336856316e-14
6.845033491473669e-14
9.161169431049763e-14
1.207361844908277e-13
1.593104308327629e-13
2.089199664470589e-13
2.739741005320305e-13
3.590131055579032e-13
4.705459247283036e-13
6.148777570548329e-13
8.047061529876464e-13
1.0531021581175e-12
1.376060151614471e-12
1.798827335317386e-12
2.347662017018174e-12
3.061210363158251e-12
3.983966670142119e-12
5.174159200574575e-12
6.70531339810049e-12
8.66913947666365e-12
1.117979873408406e-11
1.438131114316069e-11
1.8448676839653e-11
2.360411687005108e-11
3.011945731527997e-11
3.833376351102033e-11
4.86630324291015e-11
6.162058322205988e-11
7.783668554571257e-11
9.808492383814256e-11
1.233111585174488e-10
1.546683872405628e-10
1.935586629516933e-10
2.416881604831089e-10
3.011210650415683e-10
3.743549493098096e-10
4.644011108725888e-10
5.748862020822459e-10
7.101654945169029e-10
8.754649229072434e-10
1.077034358371495e-09
1.322339257441587e-09
1.620280706908569e-09
1.981445903152823e-09
2.418408321916824e-09
2.946072929563625e-09
3.582069626534151e-09
4.347222571379286e-09
5.266075322144944e-09
6.367515226501521e-09
7.685472130890806e-09
9.259735536581247e-09
1.113688780559369e-08
1.337137139936734e-08
1.60267080207522e-08
1.917689574994596e-08
2.290799627971811e-08
2.731994441473832e-08
3.252859780373749e-08
3.86680764493803e-08
4.589339328229208e-08
5.438344603377474e-08
6.434438569003843e-08
7.601342412346847e-08
8.966311172309121e-08
1.056061569523495e-07
1.242008305462182e-07
1.458570322834444e-07
1.710430749627579e-07
2.002932732273438e-07
2.342164244419145e-07
2.735052455598295e-07
3.189468933103464e-07
3.714346576623596e-07
4.319809374330614e-07
5.017316259409392e-07
5.81982038633001e-07
6.741945101010762e-07
7.800178190702178e-07
9.013085936934479e-07
1.040154864361652e-06
1.198901930975746e-06
1.380180746806234e-06
1.586939020808014e-06
1.822475334417541e-06
2.090476479818933e-06
2.395058243454393e-06
2.740809909178075e-06
3.132842753382233e-06
3.576842815759647e-06
4.079128268577996e-06
4.646711702793184e-06
5.28736765595785e-06
6.009705761871175e-06
6.823249866152732e-06
7.738523509099516e-06
8.767142166396022e-06
9.921912672666087e-06
1.121694024460508e-05
1.26677435573348e-05
1.429137832071329e-05
1.61065698340627e-05
1.813385498757596e-05
2.039573420435902e-05
2.291683381775197e-05
2.572407938293912e-05
2.884688043872187e-05
3.231732721468876e-05
3.617039985243189e-05
4.044419079760383e-05
4.518014082378545e-05
5.042328918246002e-05
5.622253839206246e-05
6.263093415229233e-05
6.970596091130041e-05
7.750985351212043e-05
8.610992538571613e-05
9.557891371616608e-05
0.0001059953419256786
0.0001174438998576011
0.00013001584205172
0.0001438094054475203
0.0001589302472889783
0.0001754919025233442
0.0001936162599327915
0.0002134340575974021
0.0002350853985112697
0.0002587202865802874
0.0002844991827146463
0.0003125935809875766
0.0003431866046890868
0.0003764736222673077
0.0004126628829506619
0.0004519761715873459
0.0004946494824884392
0.0005409337115768599
0.0005910953664307798
0.00064541729353394
0.0007041994218161757
0.0007677595218624661
0.0008364339795468282
0.0009105785831756482
0.0009905693229745349
0.001076803201371569
0.001169699053031661
0.001269698372708601
0.001377266149517807
0.001492891705865648
0.001617089538841265
0.00175040016252813
0.001893390948627083
0.002046656963426375
0.002210821798814906
0.00238653839443444
0.002574489849050166
0.002775390217764881
0.002989985292645222
0.003219053363893061
0.003463405958061998
0.003723888551111212
0.004001381252216187
0.004296799455567331
0.004611094456854477
0.004945254030397376
0.005300302964594552
0.005677303551058315
0.006077356024554978
0.006501598950253794
0.00695120955381919
0.007427403992125349
0.007931437559609521
0.008464604827539246
0.009028239712755242
0.009623715471250103
0.01025244461487431
0.01091587874600402
0.01161550830789088
0.01235286224758612
0.01312950758698606
0.01394704890121741
0.01480712769926893
0.01571142170531941
0.01666164403831311
0.0176595422858749
0.01870689747318758
0.01980552292205277
0.02095726299971729
0.02216399175604196
0.02342761144583041
0.02475005093853819
0.02613326401128729
0.02757922752641159
0.02908993949345444
0.03066741701335826
0.03231369410912603
0.03403081943969424
0.03582085390018713
0.03768586811005819
0.03962793978785122
0.04164915101884641
0.0437515854135272
0.04593732516244971
0.04820844799079205
0.05056702401227633
0.05301511249097755
0.05555475851003797
0.05818798955510299
0.06091681201749805
0.06374320761799558
0.06666912976222765
0.06969649982751189
0.07282720339069221
0.07606308640352062
0.07940595131782731
0.08285755317431071
0.08641959565498795
0.09009372711050767
0.09388153657017446
0.09778454973763141
0.1018042249879915
0.1059419493666911
0.1101990346026179
0.1145767131442361
0.1190761342227094
0.1236983599608376
0.1284443615264131
0.1333150153397475
0.1383110993442315
0.1434332893506155
0.1486821554861023
0.1540581587334234
0.1595616475281038
0.1651928544202112
0.1709518929116774
0.1768387546777289
0.1828533069785303
0.1889952897687524
0.1952643124533051
0.2016598509493115
0.2081812458230403
0.2148277008968676
0.2215982815735109
0.2284919127935084
0.2355073771793705
0.242643313693174
0.2498982165963899
0.2572704345668892
0.2647581699627531
0.2723594782958734
0.2800722679604696
0.2878943001897919
0.295823189237727
0.3038564027869284
0.3119912625836774
0.3202249453185294
0.3285544837375953
0.3369767679913524
0.3454885472212824
0.3540864313757477
0.362766893269283
0.3715262708689941
0.380360769814702
0.3892664661706965
0.3982393093963095
0.4072751255462618
0.4163696206826931
0.4255183845055794
0.434716894197353
0.4439605184636969
0.4532445217779535
0.4625640688096065
0.4719142290430651
0.4812899815804542
0.4906862201072748
0.5000977580266456
0.5095193337401325
0.5189456160785427
0.5283712098745151
0.5377906616561122
0.5471984654685391
0.5565890687977004
0.5659568785942191
0.5752962673881816
0.5846015794758505
0.5938671371868035
0.603087247202227
0.6122562069190913
0.6213683108497258
0.6304178570406744
0.6393991535217509
0.6483065247533903
0.6571343180660436
0.6658769100806606
0.6745287130929928
0.6830841814288262
0.6915378177426675
0.699884179260838
0.708117883958941
0.716233616650822
0.724226134993277
0.7320902753824865
0.7398209587423895
0.7474131961963851
0.75486209460446
0.7621628619752792
0.7693108127270031
0.7763013727965612
0.7831300845898692
0.7897926117577357
0.7962847438081302
0.8026024005307661
0.8087416362326612
0.8146986437793564
0.8204697584318933
0.8260514614950758
0.8314403837525424
0.8366333086883159
0.8416271754911598
0.8464190818330386
0.851006286435037
0.8553862114032438
0.859556444342946
0.8635147402498926
0.8672590231646291
0.8707873875990446
0.8740980997255233
0.8771895983425456
0.8800604956176935
0.8827095775959527
0.8851358044853023
0.8873383107107236
0.8893164047493129
0.8910695687490483
0.8925974579244892
0.8938998997437552
0.8949768928993308
0.8958286060748901
0.8964553765127165
0.89685770837768
0.8970362709337208
0.8969918965271914
0.8967255783917659
0.8962384682805024
0.8955318739214839
0.8946072563129626
0.8934662268540828
0.8921105443234713
0.8905421117122606
0.8887629729135771
0.8867753092865376
0.8845814360911615
0.8821837988099634
0.879584969363144
0.8767876422129505
0.873794630367848
0.8706088612911277
0.8672333727353544
0.8636713085099057
0.8599259141764869
0.8560005326853228
0.8518985999532224
0.8476236403950589
0.843179262416337
0.838569153872977
0.8337970775190026
0.8288668664346029
0.8237824194370228
0.8185476964811867
0.8131667140618541
0.8076435406382374
0.8019822920731106
0.7961871270908126
0.7902622427603362
0.7842118700084936
0.7780402691771723
0.7717517256220761
0.7653505453603665
0.7588410507724119
0.7522275763608761
0.7455144645802501
0.7387060617328162
0.7318067139370397
0.7248207631722573
0.7177525434007845
0.7106063767755939
0.70338656993307
0.6960974103804785
0.6887431629810092
0.6813280665318846
0.6738563304405335
0.6663321314985778
0.6587596107595205
0.6511428705218912
0.6434859714175805
0.6357929296116946
0.6280677141105482
0.6203142441822781
0.6125363868909156
0.6047379547382516
0.5969227034129978
0.5890943296498586
0.5812564692089925
0.5734126949754905
0.5655665151667532
0.5577213716436703
0.5498806383295838
0.542047619747337
0.5342255496730389
0.5264175898946089
0.518626829070399
0.5108562816909948
0.503108887153059
0.4953875089431267
0.4876949339194075
0.4800338716860615
0.4724069540625386
0.4648167346549178
0.4572656885267984
0.4497562119594847
0.4422906222973129
0.4348711578780153
0.4274999780507345
0.4201791632791624
0.4129107153242416
0.4056965575058086
0.3985385350383272
0.3914384154376224
0.3843978889962469
0.3774185693264899
0.370501993972225
0.3636496250828406
0.3568628501447726
0.3501429827682187
0.3434912635281869
0.336908860860877
0.3303968720087563
0.3239563240091803
0.3175881747242982
0.3112933139126896
0.305072564344356
0.2989266829519901
0.2928563620136245
0.2868622303643782
0.280944854636449
0.2751047405267734
0.2693423340884509
0.2636580230445595
0.2580521381219879
0.2525249544015976
0.2470766926828273
0.2417075208603657
0.2364175553111858
0.2312068622900745
0.226075459332253
0.2210233166633559
0.216050358612385
0.211156465024268
0.2063414726704691
0.2016051766577206
0.1969473318352974
0.1923676541971229
0.1878658222761184
0.1834414785295063
0.1790942307147273
0.1748236532560331
0.1706292885991443
0.1665106485522415
0.1624672156123068
0.15849844427612
0.1546037623357979
0.1507825721570273
0.1470342519389533
0.143358156954932
0.1397536207734997
0.1362199564594454
0.1327564577537186
0.1293624002315359
0.1260370424381554
0.1227796270019662
0.1195893817250838
0.1164655206503571
0.1134072451043543
0.1104137447160203
0.1074841984107606
0.1046177753800316
0.1018136360259317
0.09907093288055105
0.09638881149999547
0.09376641133327709
0.09120286656649573
0.08869730694181832
0.08624885855116173
0.08385664460465971
0.0815197861740261
0.07923740291119591
0.07700861374207807
0.07483253753561546
0.07270829374830959
0.07063500304460993
0.06861178789376719
0.06663777314301758
0.06471208656712008
0.06283385939461131
0.06100222681139326
0.05921632844238321
0.05747530881112427
0.05577831777762461
0.05412451095476888
0.05251305010378397
0.05094310350923292
0.0494138463338851
0.04792446095384256
0.04647413727438005
0.04506207302698009
0.04368747404818271
0.04234955454049354
0.04104753731573032
0.03978065402131067
0.03854814534985201
0.03734926123269955
0.03618326101770218
0.03504941363177977
0.03394699772868792
0.03287530182242019
0.03183362440671551
0.03082127406108516
0.02983756954401062
0.0288818398736922
0.02795342439658855
0.02705167284412974
0.02617594537813698
0.02532561262553706
0.02450005570282116
0.02369866623042936
0.02292084633744255
0.02216600865703747
0.02143357631320542
0.0207229828991476
0.02003367244761823
0.01936509939369969
0.01871672853028188
0.01808803495655545
0.01747850401984983
0.01688763125126472
0.01631492229550385
0.01575989283512947
0.01522206850950596
0.01470098482880911
0.01419618708338176
0.01370723024882161
0.01323367888702966
0.01277510704338068
0.01233109814037877
0.01190124486804524
0.01148514907142221
0.01108242163532069
0.01069268236651174
0.01031555987357662
0.009950691444717566
0.009597722923707251
0.0092563085842517
0.008926111002827378
0.008606800930289741
0.008298057162401706
0.007999566409439994
0.007711023165105022
0.007432129574862565
0.007162595303903116
0.006902137404793787
0.006650480184961537
0.006407355074205615
0.006172500492315433
0.005945661716993018
0.005726590752113152
0.005515046196522716
0.005310793113410329
0.005113602900322238
0.004923253159984055
0.004739527571966307
0.004562215765303616
0.004391113192166658
0.004226021002600895
0.004066745920422545
0.003913100120330719
0.003764901106387341
0.003621971591790044
0.003484139380037544
0.003351237247562958
0.003223102827766276
0.003099578496629416
0.002980511259877026
0.002865752641731017
0.002755158575283463
0.002648589294524182
0.002545909228008396
0.002446986894210525
0.002351694798581498
0.002259909332347324
0.002171510672977368
0.002086382686460364
0.00200441283125716
0.001925492064034836
0.001849514747125709
0.001776378557730128
0.001705984398903404
0.001638236312290962
0.001573041392567474
0.001510309703611067
0.001449954196404374
0.001391890628660439
0.001336037486167731
0.00128231590579033
0.00123064960017834
0.001180964784109691
0.00113319010249832
0.001087256560038063
0.001043097452463997
0.001000648299372433
0.0009598467786710927
0.0009206326625432217
0.0008829477549692485
0.0008467358307816664
0.0008119425761836843
0.0007785155307743355
0.0007464040309728455
0.000715559154926816
0.0006859336687697577
0.0006574819743268795
0.0006301600581385386
0.0006039254418322088
0.0005787371338052749
0.0005545555821839182
0.0005313426290540265
0.0005090614659397116
0.0004876765904858592
0.0004671537643501641
0.0004474599722506621
0.0004285633821503927
0.0004104333065899505
0.0003930401650806924
0.0003763554475941477
0.0003603516790983504
0.000345002385118973
0.0003302820583131014
0.0003161661260050269
0.0003026309186908166
0.0002896536394911205
0.0002772123344890352
0.0002652858639922091
0.0002538538746381495
0.0002428967723663978
0.0002323956962013617
0.0002223324928652134
0.0002126896921471773
0.0002034504830775936
0.0001945986908216458
0.0001861187543041523
0.0001779957045533536
0.0001702151437094732
0.0001627632247365787
0.0001556266317688811
0.0001487925610910461
0.0001422487027361501
0.000135983222708267
0.0001299847457351729
0.0001242423386455472
0.0001187454942732692
0.000113484115877851
0.0001084485021157354
0.000103629332501657
9.901765335728282e-05
9.460486424254228e-05
9.038270485768302e-05
8.634324237767277e-05
8.247885918930154e-05
7.878224106264964e-05
7.524636576125836e-05
7.186449212263312e-05
6.863014947621814e-05
6.55371273321956e-05
6.257946543985862e-05
5.975144421854706e-05
5.704757560516032e-05
5.446259419258844e-05
5.19914486671346e-05
4.962929355373516e-05
4.737148125034446e-05
4.521355436130466e-05
4.315123830513918e-05
4.118043419486249e-05
3.929721197036706e-05
3.749780378886349e-05
3.577859764880271e-05
3.413613125150017e-05
3.256708609215068e-05
3.106828177060054e-05
2.963667051991557e-05
2.826933192021777e-05
2.696346782285273e-05
2.571639746881029e-05
2.452555276892239e-05
2.338847380438791e-05
2.230280444992223e-05
2.126628820112407e-05
2.027676413369943e-05
1.933216303474333e-05
1.84305036708166e-05
1.756988920793433e-05
1.674850377246776e-05
1.59646091259024e-05
1.521654148494272e-05
1.45027084622916e-05
1.382158614033552e-05
1.317171621915883e-05
1.255170332141219e-05
1.196021238072982e-05
1.139596613578172e-05
1.085774272068888e-05
1.034437334877495e-05
9.854740110124451e-06
9.387773829929841e-06
8.942452019394727e-06
8.517796921152812e-06
8.112873616739794e-06
7.726788224080405e-06
7.358686158610866e-06
7.007750460176528e-06
6.673200203188025e-06
6.354288962148331e-06
6.050303342640757e-06
5.760561560954354e-06
5.484412100653681e-06
5.22123240734701e-06
4.970427648193388e-06
4.731429511835684e-06
4.503695083073582e-06
4.286705724513757e-06
4.079966039462163e-06
3.883002858505225e-06
3.695364273071825e-06
3.516618714567343e-06
3.34635406446249e-06
3.184176804509892e-06
3.029711210787753e-06
2.882598562609207e-06
2.742496401102671e-06
2.609077817944163e-06
2.482030761178752e-06
2.361057396259976e-06
2.245873455866772e-06
2.1362076554341e-06
2.031801119608354e-06
1.932406814306042e-06
1.837789038769963e-06
1.747722907964698e-06
1.66199387666084e-06
1.580397273125342e-06
1.502737865100593e-06
1.428829430297773e-06
1.358494345660256e-06
1.291563213770566e-06
1.227874485297853e-06
1.167274097954037e-06
1.109615150192641e-06
1.054757579429596e-06
1.002567842018964e-06
9.529186239894386e-07
9.056885523299241e-07
8.607619292558113e-07
8.180284737530697e-07
7.773830673191681e-07
7.387255278299332e-07
7.019603833778874e-07
6.669966470121685e-07
6.337476157261711e-07
6.021306792177212e-07
5.720671198797996e-07
5.434819445406642e-07
5.163037101698505e-07
4.904643494628049e-07
4.658990357841302e-07
4.425460048659967e-07
4.20346437406985e-07
3.992443079191059e-07
3.791862628713149e-07
3.601214946737831e-07
3.420016200698473e-07
3.247805654470083e-07
3.08414471463356e-07
2.92861564331294e-07
2.780820867446966e-07
2.640381866850642e-07
2.50693826664654e-07
2.380147056518724e-07
2.259681764203361e-07
2.145231656050887e-07
2.036500913434614e-07
1.933208097914245e-07
1.835085289344193e-07
1.741877630013938e-07
1.653342571417876e-07
1.569249361067284e-07
1.489378391547103e-07
1.413520822147308e-07
1.341477873066924e-07
1.273060475702389e-07
1.208088802602052e-07
1.146391741933317e-07
1.087806575703708e-07
1.032178555979584e-07
9.793604999270715e-08
9.292124250524333e-08
8.816012471902228e-08
8.364003801920588e-08
7.934894516810537e-08
7.527540207649166e-08
7.140852755492165e-08
6.773797641142784e-08
6.42539127545852e-08
6.094698489256309e-08
5.780830837854938e-08
5.482943437328442e-08
5.200232327411999e-08
4.931934643912915e-08
4.677324607673268e-08
4.43571276917691e-08
4.206444586235985e-08
3.988897187378661e-08
3.782479116246936e-08
3.586627270083368e-08
3.400807485871338e-08
3.224512233023331e-08
3.057258802542484e-08
2.898589582118159e-08
2.748069234461831e-08
2.605283940935187e-08
2.4698417206963e-08
2.341368321963327e-08
2.219509805252336e-08
2.103929007869205e-08
1.994306308953459e-08
1.890338179301697e-08
1.791736283290606e-08
1.698226608794681e-08
1.609549112874733e-08
1.525457091129727e-08
1.445716095762226e-08
1.370103636389435e-08
1.298408150970688e-08
1.230428425242696e-08
1.165974422114599e-08
1.104865056268777e-08
1.046928355526308e-08
9.920018194695635e-09
9.399303898410529e-09
8.905670209200329e-09
8.437723050414285e-09
7.994143363476892e-09
7.573672622960546e-09
7.175122468415526e-09
6.797361222508405e-09
6.439316927781756e-09
6.099967390991755e-09
5.778343245503364e-09
5.473536088850912e-09
5.184663899262991e-09
4.910910754245135e-09
4.651490571912649e-09
4.405659092122937e-09
4.172710899381193e-09
3.951975447159172e-09
3.742819750377544e-09
3.544640016081511e-09
3.356867839551755e-09
3.178961844723533e-09
3.010411626655069e-09
2.850724317858076e-09
2.699442391367458e-09
2.556127352322777e-09
2.420359998729472e-09
2.291750591789429e-09
2.169918346794009e-09
2.054520009851374e-09
1.945207401009235e-09
1.841668415837435e-09
1.743596566445225e-09
1.650711513427947e-09
1.562734844046815e-09
1.479409448328962e-09
1.400494865395436e-09
1.325761469473079e-09
1.254984857506745e-09
1.187961677870782e-09
1.124493039935073e-09
1.064390838275912e-09
1.007478383878616e-09
9.535838793327974e-10
9.025559190975915e-10
8.542393538232643e-10
8.084921039526892e-10
7.651814881017652e-10
7.24173549017799e-10
6.853473917048595e-10
6.485878990644011e-10
6.137845419325369e-10
5.808366820896115e-10
5.496456599280735e-10
5.201188914679068e-10
4.921677145457466e-10
4.657104623672316e-10
4.406624657370479e-10
4.169600688810558e-10
3.94525309129022e-10
3.732891773279837e-10
3.531897682131591e-10
3.341676699120144e-10
3.161613617230856e-10
2.991205951226991e-10
2.829904050129637e-10
2.677179987985529e-10
2.532680712415991e-10
2.395915729535488e-10
2.266520540267054e-10
2.144092429749476e-10
2.028210998364378e-10
1.918572417625161e-10
1.814826027332487e-10
1.716624542957926e-10
1.623743596805757e-10
1.535841035081556e-10
1.452701522096727e-10
1.374041436812824e-10
1.29963539009216e-10
1.229213134741964e-10
1.162636324577376e-10
1.099659028709768e-10
1.040076493363838e-10
9.836577101394815e-11
9.302428597613703e-11
8.796526335772159e-11
8.318153923423787e-11
7.86549532818832e-11
7.43759791139245e-11
7.032920187203359e-11
6.650310311969185e-11
6.288789509682788e-11
5.94679316157905e-11
5.62347172429554e-11
5.317744634117031e-11
5.028498417092081e-11
4.75474104247645e-11
4.496279451078729e-11
4.251382969709782e-11
4.01948236064187e-11
3.800555139485878e-11
3.593310940339628e-11
3.397343347365163e-11
3.211679954420286e-11
3.036151337715265e-11
2.869928025305097e-11
2.71258119048721e-11
2.563899945605984e-11
2.423861305681852e-11
2.291315190901148e-11
2.166034586326897e-11
2.047849644034258e-11
1.935717932416711e-11
1.830255399967915e-11
1.730108513588195e-11
1.635630295539136e-11
1.546494357892084e-11
1.462021558544591e-11
1.382359928032644e-11
1.306909446736272e-11
1.235062375053667e-11
1.166779845146498e-11
1.102565749881288e-11
1.041870075754732e-11
9.844878702964218e-12
9.302993558664213e-12
8.789835130177253e-12
8.299933812061148e-12
7.84073042543748e-12
7.411794381594175e-12
7.007349665380941e-12
6.629209505953854e-12
6.268566642170035e-12
5.931378476747733e-12
5.611681874410639e-12
5.307334022757973e-12
5.015687318754859e-12
4.737740926116964e-12
4.472777222841035e-12
4.219661753645118e-12
3.979633673598665e-12
3.75495148512222e-12
3.545626046239676e-12
3.344789101760173e-12
3.159277079953831e-12
2.986936484889958e-12
2.829672733671621e-12
2.680232073122866e-12
2.539902840706167e-12
2.404813586262248e-12
2.274340953230202e-12
2.146807689868899e-12
2.026846106753938e-12
1.913391221831433e-12
1.806070289585892e-12
1.704757193149105e-12
1.608127094694293e-12
1.517344920969679e-12
1.433114760939552e-12
1.349594183465744e-12
1.274770850536173e-12
1.201314969774595e-12
1.133865788702596e-12
1.073307503899769e-12
1.019252014667072e-12
9.652544515350732e-13
9.096281147559689e-13
8.575267067620117e-13
8.13669258434879e-13
7.681767442233905e-13
7.271209417057486e-13
6.872325185941712e-13
6.483666704282576e-13
6.153059592531731e-13
5.839869455680761e-13
5.576092754536579e-13
5.266251759257494e-13
4.968670870682827e-13
4.654890932689369e-13
4.308369154323074e-13
4.001490726052954e-13
3.727046117249527e-13
3.478133577835624e-13
3.30251261608976e-13
3.141176336357622e-13
2.989693295175454e-13
2.861809138922311e-13
2.759525428550688e-13
2.674482144089649e-13
2.553169047304511e-13
2.423730864456298e-13
2.282943515512884e-13
2.167491773726303e-13
2.056663617461773e-13
1.937075079756179e-13
1.792214319399062e-13
1.678369314522079e-13
1.539642527663005e-13
1.431151738882517e-13
1.305535960670219e-13
1.203656504409616e-13
1.113630094409381e-13
