1.400516376376976e-12
9.444917689034006e-13
6.467411678028668e-13
4.484674077754326e-13
3.182330349501632e-13
2.345163622064282e-13
1.839788094988084e-13
1.581551937084083e-13
1.524966272704503e-13
1.646769250953488e-13
1.94988200430395e-13
2.457608103130761e-13
3.209301433727663e-13
4.26695139833578e-13
5.715444924000778e-13
7.676015477459022e-13
1.030370785482737e-12
1.380253572158222e-12
1.843922824265305e-12
2.455430203092846e-12
3.259684895090909e-12
4.313553820944853e-12
5.68999588491018e-12
7.480954974562078e-12
9.805307322584137e-12
1.281077888569208e-11
1.66861270028646e-11
2.166617728607921e-11
2.804843789972826e-11
3.620293905302248e-11
4.658943422276205e-11
5.978359547362126e-11
7.649585610391811e-11
9.760515287326432e-11
1.241986971579113e-10
1.576088197659803e-10
1.994773960649789e-10
2.518118257781184e-10
3.170651020562445e-10
3.982304152401865e-10
4.98947363526739e-10
6.236346258403848e-10
7.776433252747098e-10
9.674442272806216e-10
1.200840226717512e-09
1.487225238323567e-09
1.837883739964918e-09
2.266340578988628e-09
2.788779144958987e-09
3.424518572765102e-09
4.196575890839786e-09
5.132320919412563e-09
6.264227415692019e-09
7.630751962703565e-09
9.277350499522985e-09
1.125764838237301e-08
1.363479164536812e-08
1.648299600912955e-08
1.988933450888192e-08
2.395577434669791e-08
2.880151359186275e-08
3.456564745580185e-08
4.14102072672355e-08
4.952362033733373e-08
5.912463273097978e-08
7.046677031801966e-08
8.384337839092647e-08
9.959332646976741e-08
1.181074399277534e-07
1.39835750799951e-07
1.652956591152065e-07
1.950810930398293e-07
2.298727912512217e-07
2.70449813568596e-07
3.177024186789715e-07
3.726464436536119e-07
4.364393394055936e-07
5.10398027226419e-07
5.960187536632748e-07
6.949991353771744e-07
8.092626055138966e-07
9.409854767744798e-07
1.092626877974087e-06
1.266961796662268e-06
1.467117531648244e-06
1.696613817698868e-06
1.959406968011775e-06
2.259938338217161e-06
2.603187481983548e-06
2.994730363760671e-06
3.440803013944803e-06
3.948371057274001e-06
4.525205522151676e-06
5.179965393430184e-06
5.922287376127441e-06
6.762883342954847e-06
7.713645965211609e-06
8.787763041942015e-06
9.999841019149312e-06
1.136603824384758e-05
1.290420844237389e-05
1.463405497500813e-05
1.657729661962212e-05
1.875784625118079e-05
2.120200277532437e-05
2.393865681786991e-05
2.699951087041708e-05
3.041931459894041e-05
3.423611605519307e-05
3.84915295224231e-05
4.323102073757166e-05
4.850421023924702e-05
5.436519557489522e-05
6.087289312248593e-05
6.809140024360768e-05
7.609037849262263e-05
8.494545857827313e-05
9.473866776132686e-05
0.0001055588803346263
0.0001175022917963298
0.0001306729172944361
0.0001451831148609036
0.0001611541339089975
0.0001787166893828851
0.0001980115618984378
0.0002191902240985855
0.0002424154934079112
0.0002678622115905193
0.0002957179521691007
0.0003261837551803421
0.0003594748888509063
0.0003958216379205243
0.0004354701182027962
0.0004786831168394211
0.0005257409575456467
0.0005769423899449007
0.0006326055019196331
0.0006930686536847997
0.000758691432128124
0.0008298556244168143
0.0009069662158397038
0.0009904524128422363
0.001080768683013823
0.001178395803813685
0.001283841920933786
0.001397643618147736
0.001520366997186174
0.001652608763051404
0.001794997312077428
0.001948193819452398
0.002112893324096422
0.002289825807882461
0.002479757265014895
0.002683490759057521
0.002901867462913195
0.003135767678648069
0.0033861118333306
0.003653861445831972
0.003940020061787931
0.004245634150908199
0.004571793963067634
0.00491963433872964
0.0052903354678284
0.005685123594185965
0.006105271658790416
0.006552099878173555
0.007026976253128632
0.007531317001282994
0.008066586910861845
0.008634299608341148
0.009236017736472183
0.009873353037958372
0.0105479663380813
0.01126156742446398
0.01201591481631228
0.01281281542022429
0.01365412406833012
0.01454174293231082
0.01547762081301926
0.01646375229801898
0.01750217678532488
0.01859497737010651
0.01974427958849087
0.02095225002013111
0.0222210947423638
0.02355305763625911
0.02495041854289401
0.02641549126476739
0.02795062141647251
0.02955818411834734
0.03124058153593884
0.03300024026558883
0.03483960856235239
0.0367611534174764
0.03876735748023193
0.04086071582961132
0.04304373259845228
0.0453189174479599
0.04768878190355465
0.05015583554791284
0.05272258207940601
0.05539151524090062
0.05816511461891173
0.0610458413281748
0.06403613357835679
0.06713840213408834
0.07035502567566077
0.07368834606192319
0.07714066351385829
0.08071423171672523
0.08441125285516529
0.08823387259093679
0.09218417498580114
0.09626417739149055
0.1004758253051421
0.1048209872074752
0.1093014493951366
0.1139189108099275
0.1186749778889464
0.1235711594345732
0.1286088615246916
0.1337893824758832
0.139113907861412
0.144583505609892
0.1501991211829511
0.155961572853899
0.1618715471004309
0.1679295941124181
0.1741361234423318
0.1804913997946651
0.1869955389759639
0.1936485040178532
0.2004501014734732
0.2073999779165997
0.2144976166363991
0.2217423345483975
0.2291332793325034
0.2366694267961774
0.2443495784913633
0.2521723595749753
0.2601362169317797
0.2682394175683632
0.2764800472747162
0.2848560095843036
0.2933650250148848
0.3020046305982684
0.3107721797042695
0.3196648421677085
0.3286796047717224
0.3378132720364038
0.3470624672262963
0.3564236335769064
0.3658930359660433
0.3754667634538786
0.3851407322404422
0.3949106879804533
0.4047722073655065
0.4147207003645841
0.4247514146738651
0.4348594410495667
0.4450397179566634
0.4552870353822254
0.4655960389411775
0.4759612349031451
0.4863769956835078
0.496837565490236
0.5073370660924265
0.5178695028184434
0.5284287708529168
0.5390086617626449
0.5496028702283978
0.5602050009696705
0.5708085758472701
0.5814070411637151
0.5919937751184426
0.6025620954162028
0.6131052670155039
0.6236165099885913
0.6340890075059057
0.6445159139041327
0.6548903628384557
0.6652054755048922
0.6754543689006504
0.6856301641326332
0.6957259947345592
0.7057350149969854
0.7156504082958597
0.7254653953835963
0.7351732426499248
0.7447672703157943
0.7542408605669292
0.7635874656136954
0.7728006156409212
0.7818739266555804
0.7908011081968767
0.7995759709141688
0.8081924340007662
0.8166445324528273
0.8249264241666725
0.8330323968372316
0.8409568746594156
0.8486944248220423
0.8562397637713872
0.863587763262616
0.8707334561619081
0.8776720419987709
0.8843988922607704
0.8909095554155696
0.8971997616845088
0.9032654275308319
0.9091026598635102
0.9147077599514782
0.9200772270344885
0.9252077616515689
0.9300962686601758
0.9347398599589174
0.9391358569120735
0.9432817924569059
0.9471754129123513
0.9508146794692939
0.9541977693761147
0.9573230768208361
0.9601892134998704
0.9627950088987901
0.9651395102647291
0.9672219822834117
0.9690419064646966
0.9705989802309389
0.9718931157348276
0.9729244383899829
0.9736932851261678
0.9742002023757239
0.9744459437924358
0.97443146773415
0.9741579344924389
0.9736267032814494
0.9728393289940046
0.9717975587269284
0.9705033281030823
0.9689587573810924
0.9671661473739946
0.9651279751858864
0.9628468897617046
0.9603257072707271
0.957567406323237
0.9545751230454496
0.9513521460229544
0.9479019111081625
0.9442279961136375
0.9403341153899009
0.9362241143090928
0.9319019636648701
0.9273717539880738
0.9226376898001482
0.9177040838027465
0.9125753510219797
0.9072560029175499
0.9017506414574176
0.8960639531792349
0.8902007032367233
0.8841657294498111
0.877963936367365
0.8716002893420508
0.865079808635541
0.8584075635527785
0.8515886666189171
0.8446282678070706
0.8375315488198464
0.8303037174428132
0.8229500019668069
0.8154756456940934
0.8078859015345391
0.8001860266870906
0.7923812774158082
0.784476903923702
0.7764781453423752
0.7683902248423828
0.7602183448574208
0.7519676824317629
0.7436433846894609
0.7352505644331082
0.7267942958757959
0.7182796105087891
0.7097114931191914
0.7010948779476885
0.6924346449847412
0.6837356164075832
0.675002553164007
0.6662401517164515
0.6574530409351843
0.6486457791399937
0.6398228512910221
0.630988666328548
0.6221475546682014
0.6133037658450683
0.6044614663077293
0.5956247373616478
0.586797573259735
0.5779838794453817
0.5691874709399933
0.5604120708747017
0.5516613091644049
0.5429387213201188
0.5342477474009597
0.5255917311005746
0.5169739189704499
0.5083974597772363
0.4998654039860868
0.4913807033689231
0.4829462107329175
0.4745646797687961
0.4662387650158892
0.4579710219390776
0.4497639071179979
0.4416197785415205
0.4335408960067119
0.4255294216184837
0.4175874203820255
0.4097168608838559
0.4019196160594374
0.3941974640509579
0.3865520891511469
0.378985082821313
0.3714979447775473
0.3640920841445803
0.3567688206810157
0.3495293860717794
0.3423749252768628
0.3353064979306005
0.3283250797907855
0.3214315642408205
0.3146267638409167
0.3079114119181882
0.301286164190012
0.2947516004201577
0.2883082261100763
0.2819564742217608
0.275696706923899
0.2695292173571084
0.2634542314166849
0.2574719095528981
0.2515823485859657
0.2457855835309093
0.2400815894308488
0.2344702831946504
0.2289515254361714
0.2235251223128234
0.2181908273620103
0.2129483433355324
0.2077973240272329
0.2027373760908301
0.1977680608460887
0.1928888960725144
0.1880993577907403
0.183398882027646
0.1787868665621877
0.1742626726505494
0.1698256267309586
0.165475022108957
0.1612101206193815
0.1570301542625142
0.15293432681339
0.1489218154040987
0.1449917720790979
0.1411433253218086
0.1373755815520887
0.1336876265938727
0.1300785271114697
0.1265473320140884
0.1230930738279168
0.1197147700355065
0.1164114243820871
0.1131820281487909
0.1100255613935409
0.1069409941581417
0.1039272876405292
0.1009833953322497
0.09810826412191635
0.09530083536566972
0.09256004592350715
0.08988482916114177
0.08727411591750343
0.08472683543857276
0.08224191627841057
0.07981828716693361
0.07745487784450829
0.07515061986366658
0.07290444735852787
0.07071529778268786
0.06858211261554091
0.06650383803742534
0.06447942557403857
0.06250783271065134
0.06058802347693792
0.05871896900260905
0.05689964804440088
0.05512904748497174
0.05340616280437892
0.05172999852493509
0.05009956862978657
0.04851389695573093
0.04697201756096932
0.04547297506832729
0.04401582498478288
0.04259963399773213
0.04122348024861196
0.0398864535845463
0.03858765578874354
0.03732620079044641
0.03610121485492507
0.03491183675401001
0.03375721791790365
0.0326365225688257
0.03154892783725888
0.03049362386130051
0.02946981386970231
0.02847671424923463
0.02751355459699368
0.02657957775846611
0.02567403985167346
0.02479621027796101
0.023945371719991
0.02312082012759173
0.02232186469220594
0.02154782781025807
0.02079804503597185
0.02007186502411418
0.01936864946321984
0.01868777299982981
0.01802862315418142
0.01739060022784774
0.01677311720375537
0.01617559963908769
0.01559748555154928
0.01503822529934865
0.0144972814553296
0.01397412867559292
0.01346825356306035
0.01297915452636191
0.01250634163436455
0.01204933646675651
0.01160767196099034
0.01118089225592839
0.01076855253250125
0.01037021885168443
0.009985467990161177
0.009613887273906972
0.00925507440995464
0.008908637316529404
0.008574193951903342
0.008251372142199726
0.007939809408436199
0.007639152792924492
0.007349058685244801
0.007069192647999691
0.006799229242611526
0.006538851855293721
0.006287752523381394
0.006045631762189566
0.005812198392560492
0.005587169369190426
0.005370269609901805
0.005161231826013638
0.004959796353957024
0.0047657109881813
0.004578730815531099
0.004398618051121272
0.004225141875850161
0.004058078275655035
0.003897209882572582
0.003742325817637347
0.00359322153572506
0.003449698672402996
0.003311564892855513
0.003178633742949196
0.003050724502426376
0.002927662040292291
0.002809276672448399
0.002695404021608466
0.00258588487950647
0.002480565071452804
0.00237929532318851
0.002281931130130897
0.002188332629004771
0.002098364471836283
0.002011895702347039
0.001928799634757716
0.001848953734967788
0.001772239504136466
0.001698542364611271
0.001627751548257374
0.001559759987167765
0.001494464206706846
0.001431764220917632
0.001371563430238168
0.001313768521530597
0.001258289370393066
0.001205038945726629
0.001153933216557515
0.001104891061077672
0.001057834177856285
0.001012686999252866
0.0009693766069166
0.0009278326494504249
0.0008879872621113401
0.0008497749886237589
0.0008131327049002392
0.0007779995448729001
0.0007443168281745165
0.0007120279898189079
0.0006810785117101576
0.0006514158560722175
0.0006229894006434348
0.000595750375695799
0.0005696518027832358
0.0005446484352288014
0.000520696700284839
0.0004977546429556029
0.0004757818714361145
0.0004547395041285367
0.0004345901182061749
0.0004152976997156799
0.0003968275951127779
0.0003791464642947152
0.0003622222350404215
0.0003460240588049108
0.0003305222678944633
0.0003156883339470513
0.0003014948276882112
0.000287915379971484
0.0002749246440021813
0.000262498258778088
0.0002506128136945364
0.0002392458142519352
0.0002283756489071199
0.0002179815569624928
0.0002080435975170779
0.000198542619431857
0.0001894602322718203
0.0001807787782272955
0.0001724813049546213
0.0001645515393352854
0.0001569738621136738
0.0001497332833962148
0.0001428154189769617
0.0001362064674643164
0.0001298931882106174
0.0001238628799927914
0.0001181033604414992
0.0001126029461599729
0.0001073504335897097
0.0001023350804842531
9.754658808231691e-05
9.297508391111334e-05
8.861110517637269e-05
8.444558277963263e-05
8.046982588140513e-05
7.667550704622234e-05
7.305464791155618e-05
6.959960536733397e-05
6.630305828252676e-05
6.31579946784154e-05
6.015769938411084e-05
5.729574215903669e-05
5.456596626391564e-05
5.196247741741543e-05
4.947963321875124e-05
4.711203295327692e-05
4.485450774440407e-05
4.270211113196938e-05
4.065010997600055e-05
3.869397572237032e-05
3.682937599654638e-05
3.505216651334934e-05
3.335838331496025e-05
3.174423531063021e-05
3.020609708280295e-05
2.874050199618408e-05
2.734413556236351e-05
2.601382908087156e-05
2.474655351102333e-05
2.353941360869696e-05
2.238964227539835e-05
2.129459513371359e-05
2.025174533908516e-05
1.925867856939951e-05
1.831308822968403e-05
1.741277087026173e-05
1.655562175992996e-05
1.573963065063906e-05
1.496287770077264e-05
1.422352960352041e-05
1.351983583988868e-05
1.285012506898783e-05
1.221280171248098e-05
1.160634263454924e-05
1.102929400797731e-05
1.048026829703893e-05
9.957941333706411e-06
9.46104952839741e-06
8.988387198398938e-06
8.538804035383358e-06
8.111202641092843e-06
7.704536197347178e-06
7.317806214580159e-06
6.950060379697399e-06
6.60039050628874e-06
6.267930559506427e-06
5.951854765211098e-06
5.651375802321861e-06
5.365743092960505e-06
5.09424112049431e-06
4.836187877132713e-06
4.590933321279985e-06
4.357857949326308e-06
4.136371392858359e-06
3.925911117091999e-06
3.725941123581961e-06
3.535950771665062e-06
3.355453581564755e-06
3.183986161558932e-06
3.021107128342746e-06
2.866396096842811e-06
2.719452714966644e-06
2.579895745332027e-06
2.447362166637255e-06
2.321506343729384e-06
2.201999210408228e-06
2.088527504745654e-06
1.980793030793303e-06
1.878511956115347e-06
1.781414139787406e-06
1.689242491777176e-06
1.601752357852119e-06
1.518710949801762e-06
1.439896761599733e-06
1.365099059377585e-06
1.294117357539404e-06
1.226760946890847e-06
1.162848417895107e-06
1.10220723136804e-06
1.044673286716236e-06
9.900905295728968e-07
9.383105662444154e-07
8.891922894471073e-07
8.426015466588498e-07
7.98410788666577e-07
7.564987605848609e-07
7.167502058095902e-07
6.790555558610256e-07
6.43310682036119e-07
6.094166156291923e-07
5.772793041973372e-07
5.468093740673174e-07
5.179218999550207e-07
4.905361945899461e-07
4.645755976048749e-07
4.399672809682015e-07
4.166420579475094e-07
3.945342115898067e-07
3.73581326842934e-07
3.537241191544028e-07
3.349062893644744e-07
3.170743725839843e-07
3.001776032137327e-07
2.841677730199472e-07
2.6899912233788e-07
2.546281896092973e-07
2.410137318237997e-07
2.281165805069534e-07
2.158995757337233e-07
2.043274339820881e-07
1.933666650563351e-07
1.829854965238966e-07
1.731537733490851e-07
1.638428748350533e-07
1.550256523613633e-07
1.466763382237194e-07
1.387704955520344e-07
1.312849289398951e-07
1.241976417085015e-07
1.174877690349151e-07
1.111355264667164e-07
1.051221418608577e-07
9.94298016710966e-08
9.404162914543656e-08
8.894160675894626e-08
8.411455575478754e-08
7.954609163099859e-08
7.522255028244987e-08
7.113100137239229e-08
6.725917644826275e-08
6.359543571462311e-08
6.012876104656249e-08
5.684869611894483e-08
5.374533587253496e-08
5.080930206330575e-08
4.803169430050386e-08
4.540407751552534e-08
4.291846322592293e-08
4.05672805919404e-08
3.834335609567636e-08
3.623989701027511e-08
3.425047124111692e-08
3.236897530251531e-08
3.058962339232618e-08
2.890695144332542e-08
2.731577254423712e-08
2.581118072617801e-08
2.438852386056951e-08
2.304340023488581e-08
2.17716334602103e-08
2.056927122591055e-08
1.943257511548996e-08
1.835799686499068e-08
1.734218761100155e-08
1.638197191461633e-08
1.547434456517358e-08
1.461646141492324e-08
1.380562579160687e-08
1.303928811799931e-08
1.231503917284557e-08
1.163059240186179e-08
1.098378893396076e-08
1.037258281468131e-08
9.795042003571105e-09
9.249328714366558e-09
8.733712586873408e-09
8.246548148442106e-09
7.786288210703962e-09
7.351460503108443e-09
6.940673285937204e-09
6.552614029596125e-09
6.186039828564445e-09
5.839768036619068e-09
5.512691163409121e-09
5.203758101347852e-09
4.911971663156936e-09
4.636383785056075e-09
4.376108237883058e-09
4.1303074126716e-09
3.898183954675487e-09
3.678986273538467e-09
3.472004446186717e-09
3.276557705569545e-09
3.09201454933246e-09
2.917775549849615e-09
2.753264109361188e-09
2.597945132477268e-09
2.451315433380788e-09
2.312883574422786e-09
2.182201651461143e-09
2.058840123055789e-09
1.942387604159032e-09
1.832468024752904e-09
1.728712683150974e-09
1.630781352130484e-09
1.538350123953292e-09
1.451114456422439e-09
1.368786772256939e-09
1.291088617333026e-09
1.217765609314649e-09
1.148572763149896e-09
1.083279773212628e-09
1.021671386095399e-09
9.635384084209638e-10
9.086846156855012e-10
8.569279965563286e-10
8.080951874940479e-10
7.620221895869865e-10
7.185549635365722e-10
6.775455806081353e-10
6.38858555949455e-10
6.023632664943724e-10
5.679398432243932e-10
5.354734163705403e-10
5.04853442525098e-10
4.759677792294319e-10
4.487231526643221e-10
4.230243630511283e-10
3.987827530145535e-10
3.759211005350203e-10
3.543585300787666e-10
3.34024258493619e-10
3.148501234757858e-10
2.967673448305134e-10
2.797184608425283e-10
2.63639334885804e-10
2.484815529614866e-10
2.341863514687883e-10
2.207083259004152e-10
2.080020487317922e-10
1.960182278730966e-10
1.847247903794738e-10
1.740755072720084e-10
1.640348981134816e-10
1.545733580068221e-10
1.456508038724007e-10
1.372438623547108e-10
1.293203930233511e-10
1.218529770445353e-10
1.148097778474235e-10
1.081726770205392e-10
1.019145733903264e-10
9.601450660837064e-11
9.044935128651186e-11
8.520549523442155e-11
8.02643157071552e-11
7.560797196624979e-11
7.122372838085966e-11
6.708960459542379e-11
6.319973392273913e-11
5.953310261751963e-11
5.607902381986765e-11
5.282894380090224e-11
4.976408631534291e-11
4.687212048236701e-11
4.414454168896202e-11
4.157608242012404e-11
3.914998886388564e-11
3.686716277235955e-11
3.471619433713542e-11
3.269132777410348e-11
3.078270041711372e-11
2.898699813510647e-11
2.72979493031592e-11
2.570947778055403e-11
2.421428846883089e-11
2.280930955199192e-11
2.148132026523702e-11
2.023150365188227e-11
1.904559678471365e-11
1.792769223993052e-11
1.687517770284093e-11
1.587791894191176e-11
1.494355435047109e-11
1.406551501054485e-11
1.323980640123803e-11
1.246703573902313e-11
1.17397888592047e-11
1.105733503913221e-11
1.041394743902115e-11
9.809117929262354e-12
9.237317199033314e-12
8.697112972622681e-12
8.187699275169965e-12
7.703379273377239e-12
7.247544619837226e-12
6.820523794731789e-12
6.415291353751331e-12
6.032355591951685e-12
5.676450113992579e-12
5.340678847420636e-12
5.026984270661806e-12
4.732655957557567e-12
4.45417874604583e-12
4.190945209010463e-12
3.945912258420529e-12
3.717079543785514e-12
3.500676495385314e-12
3.299754593562405e-12
3.107349804846365e-12
2.922996321788254e-12
2.750877812861553e-12
2.587991367983552e-12
2.43378420093299e-12
2.287856601071694e-12
2.148041094494603e-12
2.018563931540142e-12
1.89562189288915e-12
1.782457028249651e-12
1.675529955992072e-12
1.576705355378789e-12
1.481659247790798e-12
1.397742056457344e-12
1.320869529972166e-12
1.246585627251068e-12
1.173739864664496e-12
1.105328178319065e-12
1.044173297146004e-12
9.854601600035055e-13
9.264474998556274e-13
8.724184677664507e-13
8.18441717657433e-13
7.636789973612433e-13
7.104693687589098e-13
6.608588206983143e-13
6.178955430860079e-13
5.794241046799272e-13
5.439441152385024e-13
5.156800780688723e-13
4.916420404511379e-13
4.71489063307294e-13
4.478289232935437e-13
4.256874347683208e-13
4.005342099309516e-13
3.770475132750303e-13
3.536423379470323e-13
3.288795276986383e-13
3.073215118054242e-13
2.883070883496184e-13
2.710495586534308e-13
2.541135282148048e-13
2.388144561603468e-13
2.217723119643889e-13
2.031002082003217e-13
1.828482227022891e-13
1.682940127906197e-13
1.598834016930346e-13
1.519552863981665e-13
1.450925486632623e-13
1.456193727076857e-13
1.42378073969465e-13
1.397369371210916e-13
1.332553730842757e-13
1.293600300718351e-13
1.203942496963364e-13
1.114926263252229e-13
1.038929086575648e-13
9.56232627864302e-14
8.741216072785258e-14
7.961419846420954e-14
6.914845810855857e-14
5.900069680258057e-14
4.902407077721149e-14
4.38984962550375e-14
3.794023996058949e-14
3.818642988891311e-14
4.150098335520651e-14
4.72813601946766e-14
5.426026203414424e-14
5.345767779500589e-14
5.0307397971703e-14
4.552761764952993e-14
4.16292935476632e-14
4.433470509042112e-14
4.449739760621759e-14
4.433618018486106e-14
3.730236587891113e-14
2.799867241867557e-14
1.892187776597903e-14
1.24042988000773e-14
7.288855409136619e-15
5.980224394457445e-15
3.394061091584038e-15
3.989564840195215e-15
7.265055393142903e-15
1.094202086267287e-14
1.780577174171009e-14
1.901216904335337e-14
2.196772922194661e-14
2.616470510522757e-14
2.655021372149127e-14
2.294344444518236e-14
1.800100645008895e-14
7.733418309522752e-15
2.527328094329794e-15
2.586338823800128e-15
1.593011962130344e-15
6.356328179619977e-15
8.638488295550264e-15
8.97744879694981e-15
6.323811600421591e-15
5.880056220296571e-15
3.215849175118799e-15
-3.978619620231659e-16
-2.141363415192419e-15
-3.506403356365966e-15
1.713304587630947e-15
5.699857116252108e-15
8.189198550206428e-15
9.674732454819829e-15
1.242634310364476e-14
1.196379628100442e-14
8.930015020876811e-15
