1.019180507748988e-12
6.603846165782056e-13
4.297770022765356e-13
2.799814062529684e-13
1.828440020794326e-13
1.185852673814384e-13
7.536117119421731e-14
4.534071440335286e-14
2.325682056083421e-14
5.825301844793606e-15
-9.709374151521297e-15
-2.512401596447757e-14
-4.248151140362931e-14
-6.341733364491535e-14
-9.021448251931062e-14
-1.254154013872695e-13
-1.720811899751062e-13
-2.345646389962469e-13
-3.187918087388519e-13
-4.321737866547115e-13
-5.848214074731968e-13
-7.89697344251621e-13
-1.063812368441547e-12
-1.429561579731748e-12
-1.915840565530621e-12
-2.560159359545366e-12
-3.410798862973795e-12
-4.529714516800925e-12
-5.997121062080487e-12
-7.913159765107283e-12
-1.040727687760358e-11
-1.364408894037141e-11
-1.782946715792899e-11
-2.322535033777577e-11
-3.015961824981702e-11
-3.904667227156839e-11
-5.040082589422229e-11
-6.486893718058069e-11
-8.324982793068188e-11
-1.065398404979051e-10
-1.359725179224077e-10
-1.730734727548964e-10
-2.197174474556214e-10
-2.782153834497039e-10
-3.514005365659689e-10
-4.427431453585153e-10
-5.564780477887173e-10
-6.977698879536301e-10
-8.728943476382266e-10
-1.08946768671894e-09
-1.356707254475332e-09
-1.685748409791709e-09
-2.090006826472794e-09
-2.585616323704177e-09
-3.191939375572427e-09
-3.932159972147433e-09
-4.833989029952444e-09
-5.93047388945677e-09
-7.260954192264492e-09
-8.872162322760542e-09
-1.0819509741375e-08
-1.316857086042136e-08
-1.599680172259653e-08
-1.939552147555544e-08
-2.347219563556026e-08
-2.835306343892463e-08
-3.418614904535567e-08
-4.114471985527653e-08
-4.943123052394289e-08
-5.928183719482558e-08
-7.097154323711518e-08
-8.482004311644593e-08
-1.011983817815923e-07
-1.205364925429764e-07
-1.433317430172241e-07
-1.70158599312039e-07
-2.016795335243952e-07
-2.386573217659227e-07
-2.819688886944686e-07
-3.326208657659402e-07
-3.917670435687484e-07
-4.607279394837521e-07
-5.410126828146818e-07
-6.34343463433092e-07
-7.426828112218999e-07
-8.682639808431216e-07
-1.013624748771063e-06
-1.181644949425252e-06
-1.375588109001455e-06
-1.59914754977427e-06
-1.856497371704153e-06
-2.152348754062601e-06
-2.492012024244719e-06
-2.881464992375174e-06
-3.327428074861159e-06
-3.837446743084526e-06
-4.419981876560136e-06
-5.084508632975069e-06
-5.841624446466038e-06
-6.703166817388921e-06
-7.682341553937052e-06
-8.793862183626213e-06
-1.005410137514285e-05
-1.148125565301675e-05
-1.30955240702701e-05
-1.491930164355955e-05
-1.697738849678784e-05
-1.929721566958597e-05
-2.19090885982445e-05
-2.484644933317801e-05
-2.814615852201912e-05
-3.184879829255502e-05
-3.599899710886682e-05
-4.064577778936451e-05
-4.584292979467323e-05
-5.164940698730177e-05
-5.812975201769907e-05
-6.535454853050526e-05
-7.34009023520692e-05
-8.235295282793695e-05
-9.230241546183158e-05
-0.0001033491569612426
-0.0001156018037908429
-0.0001291783852468541
-0.0001442070120569004
-0.0001608265913973248
-0.00017918757918008
-0.000199452770622269
-0.0002217981305704784
-0.000246413663887156
-0.0002735043262367832
-0.0003032909756639509
-0.0003360113652424206
-0.0003719211768761065
-0.000411295096190492
-0.000454427928211409
-0.0005016357533447193
-0.0005532571228693907
-0.0006096542930046878
-0.0006712144968190318
-0.0007383512580295962
-0.000811505747561417
-0.0008911481761837562
-0.0009777792162455994
-0.001071931452780888
-0.001174170864991875
-0.001285098336333312
-0.00140535118869421
-0.001535604737531462
-0.001676573864194963
-0.001829014602494975
-0.001993725735666432
-0.002171550398687038
-0.002363377682184329
-0.002570144232092116
-0.002792835840415924
-0.003032489021649897
-0.003290192568156569
-0.003567089079550293
-0.003864376458359255
-0.004183309365953044
-0.004525200631840378
-0.004891422607892695
-0.005283408461584636
-0.005702653398724665
-0.006150715808641684
-0.006629218323720636
-0.007139848783386267
-0.007684361096058701
-0.008264575988106362
-0.008882381632232235
-0.009539734146489164
-0.01023865795306848
-0.01098124599064126
-0.01176965976825723
-0.01260612925334925
-0.01349295258503034
-0.01443249560165803
-0.01542719117767132
-0.01647953835740436
-0.01759210127947156
-0.01876750788386707
-0.02000844839128424
-0.02131767355185514
-0.0226979926516398
-0.0241522712728987
-0.02568342880229021
-0.02729443567785548
-0.02898831037516198
-0.03076811612260765
-0.0326369573454223
-0.034597975835589
-0.03665434664091072
-0.03880927367821702
-0.04106598506304563
-0.04342772815967662
-0.04589776435271266
-0.0484793635368751
-0.05117579833586258
-0.05399033804553084
-0.05692624231019778
-0.05998675453794813
-0.06317509505587481
-0.06649445402293572
-0.06994798409889351
-0.07353879288378234
-0.07726993513890631
-0.08114440479440894
-0.0851651267676119
-0.08933494859426462
-0.09365663189352831
-0.09813284368284167
-0.1027661475514803
-0.1075589947236529
-0.1125137150163734
-0.1176325077188878
-0.122917432414409
-0.1283703997557278
-0.1339931622305335
-0.1397873049246678
-0.1457542363160768
-0.1518951791240217
-0.1582111612262498
-0.1647030066843007
-0.1713713268863773
-0.1782165118442643
-0.1852387216710129
-0.1924378782526209
-0.1998136571573828
-0.2073654797911815
-0.2150925058359493
-0.2229936259981404
-0.2310674550802777
-0.2393123254219309
-0.2477262807145479
-0.2563070702263702
-0.2650521434623371
-0.2739586452688996
-0.2830234114288467
-0.2922429647459966
-0.3016135116529708
-0.3111309393631057
-0.3207908135731525
-0.3305883767626929
-0.3405185470794483
-0.3505759178290233
-0.3607547575838834
-0.3710490109296776
-0.3814522999181198
-0.391957926173798
-0.4025588735603958
-0.4132478114118215
-0.4240170985945854
-0.4348587888959419
-0.4457646372159205
-0.4567261053370701
-0.4677343671720157
-0.4787803151016124
-0.4898545691929778
-0.5009474877557716
-0.5120491774235104
-0.5231495025868914
-0.5342380954780168
-0.5453043676217774
-0.5563375221192195
-0.567326566400375
-0.578260325399383
-0.5891274552663069
-0.5999164576837637
-0.6106156946964998
-0.621213404014992
-0.6316977147649653
-0.64205666365124
-0.6522782115433263
-0.6623502604179625
-0.6722606706400498
-0.6819972785495175
-0.6915479143040788
-0.7009004199732796
-0.7100426678188164
-0.7189625787417911
-0.7276481408605341
-0.7360874281628031
-0.7442686192219317
-0.7521800159120026
-0.7598100621045453
-0.767147362308885
-0.7741807001947459
-0.7808990569822886
-0.7872916296378664
-0.7933478488599245
-0.79905739681823
-0.8044102245857027
-0.8093965692491266
-0.8140069706397746
-0.8182322876683814
-0.8220637142307088
-0.8254927946315203
-0.8285114385205079
-0.8311119352826664
-0.833286967866232
-0.8350296260195987
-0.8363334188970756
-0.8371922870349264
-0.8376006136452145
-0.8375532352124316
-0.8370454513715406
-0.8360730340403216
-0.8346322358171965
-0.8327197975985858
-0.8303329554071853
-0.8274694464181515
-0.8241275141633349
-0.8203059129267178
-0.816003911301737
-0.8112212949186625
-0.8059583683377192
-0.8002159560904782
-0.7939954028858972
-0.7872985729656421
-0.7801278486234786
-0.7724861278938233
-0.7643768214068076
-0.7558038484373356
-0.7467716321394415
-0.7372850939857577
-0.7273496474257571
-0.7169711907700214
-0.7061560993340174
-0.6949112168424939
-0.6832438461190156
-0.6711617390817677
-0.6586730860643492
-0.6457865045016631
-0.6325110269885188
-0.6188560887397729
-0.6048315144788465
-0.5904475047783425
-0.5757146218932696
-0.560643775104817
-0.5452462056120359
-0.5295334710017494
-0.5135174293193646
-0.4972102227789523
-0.4806242611390561
-0.4637722047849508
-0.4466669475496156
-0.4293215992988179
-0.4117494683191689
-0.3939640435366321
-0.3759789766037507
-0.3578080638880664
-0.3394652283898451
-0.3209645016264054
-0.3023200055103092
-0.2835459342564772
-0.2646565363490967
-0.2456660965960273
-0.2265889183043167
-0.2074393056028342
-0.1882315459433099
-0.1689798928072568
-0.149698548643527
-0.1304016480649568
-0.1111032413273742
-0.09181727811668881
-0.07255759166735959
-0.05333788323421061
-0.03417170694008511
-0.01507245501841414
0.003946656529500746
0.02287260184505274
0.04169255867393632
0.06039392136246377
0.07896431337343654
0.09739159930870805
0.1156638964269658
0.1337695856447896
0.1516973220113931
0.1694360446473274
0.186974986139785
0.2043036813881717
0.221411975894278
0.2382900334964382
0.2549283435417716
0.271317727493061
0.2874493449688094
0.303314699217875
0.3189056420352626
0.3342143781170626
0.3492334688571883
0.3639558355898076
0.3783747622821952
0.3924838976875706
0.4062772569615765
0.4197492227508488
0.4328945457623093
0.4457083448215315
0.4581861064349865
0.4703236838624049
0.4821172957114381
0.49356352406665
0.5046593121632649
0.5154019616217881
0.5257891292543971
0.5358188234615845
0.5454894002339806
0.5547995587687826
0.5637483367176621
0.5723351050793474
0.5805595627554212
0.588421730785289
0.5959219462746549
0.6030608560380935
0.6098394099680712
0.6162588541500156
0.6223207237401218
0.6280268356161667
0.6333792808163737
0.6383804167845555
0.6430328594488662
0.6473394751507022
0.6513033724274062
0.6549278936596283
0.658216606603778
0.66117329583753
0.6638019541339051
0.6661067737660089
0.6680921377522508
0.669762611060976
0.6711229318018664
0.6721780024176311
0.6729328808760691
0.6733927718699154
0.6735630180421167
0.6734490912613399
0.6730565839591552
0.6723912005289344
0.6714587487941692
0.6702651315592152
0.6688163382598982
0.6671184367234501
0.6651775650422526
0.6629999235727653
0.6605917670642557
0.6579593969238765
0.6551091536255642
0.6520474092720377
0.6487805603229483
0.6453150204881888
0.6416572137885277
0.6378135677887454
0.6337905070109221
0.62959444653872
0.6252317858091675
0.6207089025905516
0.6160321471495299
0.6112078366155085
0.6062422495526086
0.6011416207325024
0.5959121361045476
0.5905599279643162
0.5850910703240573
0.5795115744892598
0.5738273848378588
0.5680443748038829
0.5621683430645599
0.5562050099267287
0.5501600139118527
0.5440389085373889
0.5378471592933312
0.5315901408122093
0.5252731342314166
0.5189013247503284
0.5124797993738646
0.5060135448356842
0.4995074456980917
0.4929662826293442
0.4863947308598884
0.4797973588086904
0.4731786268732692
0.4665428863796228
0.4598943786905639
0.4532372344718779
0.4465754731085528
0.4399130022655691
0.4332536175889423
0.4266010025436845
0.4199587283864948
0.41333025426631
0.4067189274477508
0.4001279836529114
0.3935605475172624
0.3870196331567059
0.3805081448395973
0.3740288777589609
0.3675845189004697
0.3611776480020455
0.3548107386024564
0.3484861591725619
0.3422061743244328
0.3359729460941189
0.3297885352936892
0.3236549029293244
0.3175739116802101
0.3115473274338471
0.3055768208737758
0.299663969116481
0.293810257395226
0.2880170807852528
0.2822857459663726
0.2766174730193467
0.2710133972524945
0.2654745710559028
0.2600019657790549
0.2545964736283573
0.2492589095814692
0.2439900133159183
0.2387904511501902
0.2336608179930885
0.2286016392977767
0.2236133730179564
0.2186964115645985
0.2138510837622219
0.2090776568008149
0.2043763381807126
0.1997472776482483
0.1951905691203208
0.1907062525963247
0.1862943160552312
0.1819546973359794
0.1776872859996135
0.1734919251718
0.169368413364937
0.1653165062776758
0.1613359185704374
0.1574263256156645
0.1535873652217157
0.1498186393295954
0.1461197156813676
0.1424901294594739
0.1389293848961984
0.1354369568522907
0.1320122923642366
0.1286548121595204
0.1253639121400676
0.1221389648332543
0.1189793208093607
0.1158843100647311
0.112853243370889
0.1098854135901856
0.1069800969577798
0.1041365543290503
0.1013540323920954
0.09863176484572428
0.095968973543351
0.09336486960290111
0.09081865448267266
0.08832952102353306
0.08589665445738161
0.08351923338180664
0.08119643070130644
0.07892741453570118
0.07671134909640506
0.07454739553056657
0.07243471273326012
0.07037245812817428
0.06835978841746942
0.06639586030154807
0.06447983116891318
0.06261085975626614
0.06078810677946934
0.05901073553621147
0.05727791248126975
0.05558880777452621
0.05394259580202482
0.05233845567072814
0.05077557167768753
0.04925313375442426
0.04777033788695416
0.04632638651198689
0.04492048888992368
0.04355186145528354
0.04221972814523658
0.04092332070680722
0.03966187898345559
0.03843465118166797
0.03724089411792974
0.0360798734465686
0.03495086386923434
0.03385314932669593
0.03278602317355837
0.03174878833648005
0.03074075745648918
0.02976125301591517
0.02880960745034014
0.0278851632462268
0.02698727302476453
0.02611529961262174
0.02526861610001852
0.02444660588653011
0.02364866271516384
0.02287419069534214
0.0221226043153686
0.02139332844475991
0.02068579832674234
0.01999945956140308
0.0193337680800294
0.01868819011109235
0.01806220213830106
0.0174552908511793
0.01686695308858818
0.0162966957754767
0.01574403585324493
0.01520850020413556
0.01468962557002522
0.01418695846598398
0.01370005508895441
0.01322848122181169
0.01277181213320485
0.01232963247330357
0.01190153616590156
0.01148712629716878
0.01108601500145262
0.01069782334428461
0.01032218120266886
0.009958727143021227
0.009607108297010546
0.009266980235742317
0.008938006842270646
0.008619860182661213
0.008312220375758348
0.008014775461970491
0.007727221271273194
0.007449261290555973
0.007180606530462186
0.006920975391855801
0.00667009353213272
0.006427693731547701
0.006193515759641537
0.005967306241933816
0.00574881852695988
0.005537812553793363
0.005334054720126175
0.00513731775102738
0.004947380568564989
0.004764028162346381
0.004587051461017747
0.00441624720482335
0.004251417819279308
0.0040923712900479
0.003938921039062599
0.003790885802012541
0.003648089507260047
0.003510361156193119
0.003377534705063466
0.003249448948312291
0.003125947403482526
0.003006878197758457
0.002892093956126339
0.002781451691222883
0.002674812694866974
0.002572042431320856
0.002473010432257368
0.002377590193498113
0.002285659073483726
0.002197098193570788
0.002111792340071049
0.0020296298680597
0.00195050260701109
0.00187430576818316
0.001800937853803827
0.001730300568042155
0.001662298729793453
0.001596840187209416
0.001533835733994569
0.001473199027448074
0.001414846508232589
0.001358697321905491
0.001304673242162898
0.001252698595795539
0.001202700189310692
0.001154607237222931
0.001108351292013924
0.001063866175686752
0.001021087912985237
0.0009799546661687663
0.000940406671380282
0.0009023861765158318
0.000865837380670906
0.0008307063750983815
0.000796941085731041
0.0007644912170278632
0.0007333081970345525
0.0007033451238030128
0.0006745567137684224
0.0006468992518500202
0.0006203305426123958
0.0005948098619196721
0.0005702979097949086
0.0005467567649572255
0.0005241498410298255
0.000502441843871822
0.0004815987299006342
0.0004615876655148657
0.000442376987696515
0.0004239361657770163
0.000406235764276315
0.0003892474068294897
0.000372943741109974
0.0003572984048126263
0.0003422859926222494
0.0003278820241545605
0.0003140629128542406
0.0003008059358168692
0.0002880892045305292
0.0002758916364665388
0.0002641929275690376
0.0002529735255671753
0.0002422146041240948
0.0002318980377545087
0.0002220063775606107
0.0002125228276836627
0.0002034312225370793
0.0001947160047157878
0.0001863622036407642
0.0001783554148524554
0.0001706817800105619
0.00016332796747925
0.0001562811535915297
0.0001495290044989545
0.0001430596586103942
0.0001368617096274835
0.00013092419010178
0.0001252365555684075
0.0001197886692041918
0.0001145707869689138
0.0001095735432776874
0.0001047879371405084
0.0001002053187696343
9.581737663015254e-05
9.161612496384729e-05
8.759389170539737e-05
8.374330682829759e-05
8.005729109746576e-05
7.652904520485471e-05
7.31520392682712e-05
6.99200027218011e-05
6.682691454605746e-05
6.386699383813486e-05
6.10346907200533e-05
5.832467756259408e-05
5.573184053226967e-05
5.325127142094193e-05
5.087825978874284e-05
4.860828536630402e-05
4.643701074928237e-05
4.436027433730969e-05
4.237408355110417e-05
4.047460828069973e-05
3.865817456224285e-05
3.69212585223883e-05
3.526048049931152e-05
3.367259941932694e-05
3.21545073460551e-05
3.070322426362751e-05
2.931589302846219e-05
2.798977452606646e-05
2.672224299637215e-05
2.551078154202861e-05
2.435297779143445e-05
2.32465197560767e-05
2.218919179952877e-05
2.117887080010236e-05
2.021352243532439e-05
1.929119761639093e-05
1.841002905744132e-05
1.756822797579742e-05
1.676408091701304e-05
1.599594669755851e-05
1.526225348381624e-05
1.456149596858941e-05
1.389223265146539e-05
1.325308323646213e-05
1.264272613414627e-05
1.205989604554206e-05
1.15033816684194e-05
1.09720234527103e-05
1.046471146571569e-05
9.980383367436938e-06
9.518022419353882e-06
9.076655607212486e-06
8.655351811815578e-06
8.253220077274847e-06
7.869407927607097e-06
7.503099761860573e-06
7.153515311856359e-06
6.819908168347332e-06
6.501564348406428e-06
6.197800938169971e-06
5.907964780149926e-06
5.631431221500835e-06
5.36760289733779e-06
5.115908599539729e-06
4.875802139952348e-06
4.646761306338507e-06
4.428286823771814e-06
4.21990139288404e-06
4.021148738701045e-06
3.831592726403801e-06
3.650816491341471e-06
3.478421603852211e-06
3.314027292773328e-06
3.157269676203933e-06
3.007801030333145e-06
2.865289107575158e-06
2.729416440496207e-06
2.599879725379567e-06
2.476389201416851e-06
2.358668053844947e-06
2.246451868092185e-06
2.139488067541573e-06
2.03753541417221e-06
1.940363503005661e-06
1.84775229871988e-06
1.759491668323855e-06
1.675380957891359e-06
1.595228567173534e-06
1.518851557239433e-06
1.446075266270812e-06
1.376732948146195e-06
1.310665415747949e-06
1.24772070986115e-06
1.187753780642647e-06
1.130626182265724e-06
1.076205768445624e-06
1.024366432998286e-06
9.749878173025749e-07
9.279550723696215e-07
8.831586041908611e-07
8.404938405576716e-07
7.998609997500602e-07
7.611648699551792e-07
7.243146354730269e-07
6.892236942621555e-07
6.558094564556459e-07
6.239931032799257e-07
5.936994011526231e-07
5.648565664354367e-07
5.373961626019238e-07
5.112529470996747e-07
4.863647155160637e-07
4.626721352712794e-07
4.401186341323418e-07
4.186502630536857e-07
3.98215596626656e-07
3.787655932131598e-07
3.602535090023133e-07
3.426347718253156e-07
3.258668932139819e-07
3.09909374931234e-07
2.947236115291665e-07
2.802728081976358e-07
2.665218981819767e-07
2.534374564177138e-07
2.409876317142818e-07
2.291420659062657e-07
2.178718359222358e-07
2.071493750022156e-07
1.969484260007467e-07
1.872439584374291e-07
1.780121296058704e-07
1.692302255703839e-07
1.608766050650046e-07
1.52930653441043e-07
1.453727368518351e-07
1.381841488518919e-07
1.313470712821308e-07
1.248445374234174e-07
1.186603835551139e-07
1.127792182781329e-07
1.071863839669642e-07
1.018679202459595e-07
9.681053251162914e-08
9.200156203072102e-08
8.742895418502818e-08
8.308123087486519e-08
7.894745870745558e-08
7.501723654607264e-08
7.128065764924219e-08
6.772829589770396e-08
6.435116950868778e-08
6.114074022166708e-08
5.808887412969013e-08
5.518782370310386e-08
5.243022012151926e-08
4.980905494066123e-08
4.731765607754733e-08
4.494966783409591e-08
4.269904754671262e-08
4.056003922941991e-08
3.852717041280855e-08
3.659523068658614e-08
3.475926211263729e-08
3.301454724797195e-08
3.135659244258895e-08
2.978113578614082e-08
2.82841153335909e-08
2.686166065384407e-08
2.551009792958398e-08
2.422592938448265e-08
2.300583063406333e-08
2.184663630754624e-08
2.074534071610748e-08
1.969907453627119e-08
1.870512043468679e-08
1.776088905158503e-08
1.686391285420708e-08
1.601185656110023e-08
1.520248860722244e-08
1.44336924092826e-08
1.370344896372239e-08
1.300984599458532e-08
1.235106116476508e-08
1.172536402981922e-08
1.113111114316274e-08
1.056673398073128e-08
1.003074333522443e-08
9.521725758587389e-09
9.038334189283272e-09
8.579288733332361e-09
8.143374019216351e-09
7.729435895490861e-09
7.33637631084463e-09
6.963155205979232e-09
6.608773470940793e-09
6.272293168174975e-09
5.952812935652424e-09
5.64948791019461e-09
5.361505167458987e-09
5.088100579765925e-09
4.828538596826702e-09
4.582121771990057e-09
4.348186394683345e-09
4.126109514108204e-09
3.915296880323627e-09
3.715177558639693e-09
3.525215151262712e-09
3.344898390282232e-09
3.173741462608004e-09
3.011281228420924e-09
2.857081830703679e-09
2.710721792208486e-09
2.571808398264312e-09
2.439965367475912e-09
2.314834823781289e-09
2.196082887022261e-09
2.083385787629733e-09
1.976434217084729e-09
1.874939975237791e-09
1.77862519210255e-09
1.687223955238806e-09
1.600491086497518e-09
1.518187806031849e-09
1.440087144917927e-09
1.365979728494543e-09
1.29566205789687e-09
1.228943727913568e-09
1.16563910906241e-09
1.105576832550399e-09
1.048590190715089e-09
9.945284791355819e-10
9.432381269362341e-10
8.945751508798777e-10
8.484062113919159e-10
8.046067649381391e-10
7.630538377284447e-10
7.236337594614867e-10
6.862393542728616e-10
6.507696555438842e-10
6.171177564663094e-10
5.852001776785016e-10
5.549216876350721e-10
5.262041298481329e-10
4.989646167770778e-10
4.731227097131571e-10
4.486159614220898e-10
4.253717116989088e-10
4.033265900162024e-10
3.824194286236873e-10
3.625918734807872e-10
3.437838053466178e-10
3.259464019264666e-10
3.090299398417338e-10
2.929839164667396e-10
2.777673468143344e-10
2.633327133642291e-10
2.496492690989352e-10
2.366757880055183e-10
2.243708005130573e-10
2.127054964977598e-10
2.01644467822297e-10
1.911586293794343e-10
1.812146041269872e-10
1.717880838815733e-10
1.628423873871681e-10
1.543572361539937e-10
1.463074280475753e-10
1.38674545527373e-10
1.314396199550931e-10
1.245870282904146e-10
1.180895185757928e-10
1.119284659520444e-10
1.060921155969401e-10
1.005566137647323e-10
9.531416906687922e-11
9.034397050561753e-11
8.563146044347931e-11
8.116272280360682e-11
7.692343203736741e-11
7.29033439260472e-11
6.908803900122112e-11
6.547311333785618e-11
6.204793198715372e-11
5.880152227679432e-11
5.572456585223357e-11
5.280637933021499e-11
5.003865135583321e-11
4.741335024368052e-11
4.492740935342329e-11
4.257249899527613e-11
4.03401163748631e-11
3.822656992861917e-11
3.622558154176847e-11
3.43274366928206e-11
3.253112437338004e-11
3.083002604445744e-11
2.921782679672172e-11
2.769056762258448e-11
2.624234555859592e-11
2.486581005029873e-11
2.355872110822458e-11
2.231908894190103e-11
2.114159795780366e-11
2.002571585436592e-11
1.896977194520945e-11
1.797247251377661e-11
1.702795807541683e-11
1.613392674875765e-11
1.528795899922725e-11
1.44814357172117e-11
1.371828350935033e-11
1.299270295371679e-11
1.230618633043239e-11
1.165717407856693e-11
1.104500077595098e-11
1.046417589348077e-11
9.918913101618247e-12
9.401321795341886e-12
8.91031633183516e-12
8.442786930056228e-12
7.998861393629425e-12
7.578901036619095e-12
7.179874494331643e-12
6.798414095245194e-12
6.437150776534825e-12
6.097175680840114e-12
5.774479516748902e-12
5.467905321051523e-12
5.179528528519152e-12
4.903904138445391e-12
4.641219921531886e-12
4.39367058407485e-12
4.159481445570428e-12
3.937571958102806e-12
