-1.081229136791326e-12
-7.10674992294013e-13
-4.706934838315987e-13
-3.1440210389075e-13
-2.134075647300985e-13
-1.485454496850212e-13
-1.080498183986407e-13
-8.466023182989108e-14
-7.382966097027801e-14
-7.364968014574995e-14
-8.329151452995025e-14
-1.032564172703623e-13
-1.355073616517957e-13
-1.833507215883051e-13
-2.512336496478482e-13
-3.462172641125817e-13
-4.769796703879446e-13
-6.5521853525402e-13
-8.966195810207858e-13
-1.221584194532205e-12
-1.658106926030853e-12
-2.238780589900898e-12
-3.009928753513507e-12
-4.030635374432287e-12
-5.373656720728652e-12
-7.137168824376674e-12
-9.444230743460605e-12
-1.245163913697603e-11
-1.635726850733604e-11
-2.141623482312027e-11
-2.794776000386064e-11
-3.635341708224412e-11
-4.713763475371534e-11
-6.093412240939335e-11
-7.853292297598444e-11
-1.009177120436183e-10
-1.29309927365007e-10
-1.652266393354021e-10
-2.105385057751921e-10
-2.675569396607048e-10
-3.391222753201576e-10
-4.287208360203314e-10
-5.40625505021225e-10
-6.800529947336294e-10
-8.533647377360304e-10
-1.068298125593302e-09
-1.334239921524468e-09
-1.662562156640439e-09
-2.06700158284081e-09
-2.564122572530247e-09
-3.173854890210523e-09
-3.920118831388112e-09
-4.83157338472988e-09
-5.942473752334002e-09
-7.29368712598103e-09
-8.933867202633109e-09
-1.092082778068166e-08
-1.332312407017446e-08
-1.622190027590169e-08
-1.971301182113142e-08
-2.390947593285012e-08
-2.894430426394812e-08
-3.497374285974518e-08
-4.218099954849012e-08
-5.078051519417913e-08
-6.102283892039287e-08
-7.320019548413089e-08
-8.765283217552332e-08
-1.047762354786155e-07
-1.250293251313417e-07
-1.489437434312006e-07
-1.771343719150144e-07
-2.103112158546419e-07
-2.492928063966277e-07
-2.950213037696271e-07
-3.485794912382517e-07
-4.112098401887545e-07
-4.843359113469255e-07
-5.695862939637972e-07
-6.688213869122551e-07
-7.841632748433072e-07
-9.180290452269032e-07
-1.073167859551678e-06
-1.25270215429748e-06
-1.460173373387268e-06
-1.699592632536033e-06
-1.975496791563613e-06
-2.293010409912387e-06
-2.657914101523181e-06
-3.076719844190554e-06
-3.556753835397924e-06
-4.106247499435757e-06
-4.734437321825371e-06
-5.451674178192419e-06
-6.269542899214501e-06
-7.20099281810946e-06
-8.260480074465872e-06
-9.464122516580155e-06
-1.082986798748323e-05
-1.237767689949066e-05
-1.412971992604448e-05
-1.611059171865217e-05
-1.834754182404383e-05
-2.087072462581649e-05
-2.371346910962705e-05
-2.691256937572305e-05
-3.050859704742253e-05
-3.454623681948911e-05
-3.907464631996388e-05
-4.414784157945692e-05
-4.982510934697939e-05
-5.617144754558388e-05
-6.325803515203781e-05
-7.116273278337357e-05
-7.997061528148809e-05
-8.977453756966161e-05
-0.0001006757350143588
-0.0001127844595535648
-0.0001262206527288213
-0.0001411146568052777
-0.0001576079650200834
-0.0001758540119849425
-0.0001960190051518546
-0.0002182827981536668
-0.0002428398067334621
-0.0002698999678116497
-0.0002996897421445062
-0.0003324531612793751
-0.0003684529202822273
-0.0004079715157133781
-0.0004513124284342817
-0.0004988013508859747
-0.0005507874583164175
-0.0006076447231457563
-0.0006697732713999257
-0.0007376007798347872
-0.0008115839120236421
-0.0008922097913741985
-0.0009799975086471253
-0.001075499662157988
-0.001179303936352515
-0.001292034719429573
-0.001414354748533187
-0.001546966770891138
-0.001690615220911102
-0.001846087914479444
-0.002014217757313953
-0.002195884459995456
-0.002392016254630691
-0.002603591607219024
-0.002831640921208429
-0.00307724822644669
-0.003341552846014042
-0.003625751035548282
-0.003931097586645384
-0.004258907387900323
-0.004610556936097581
-0.004987485788301113
-0.005391197948481102
-0.005823263178233647
-0.006285318223988009
-0.006779067951904938
-0.007306286379581141
-0.00786881759768669
-0.008468576569404154
-0.009107549799541649
-0.00978779586375577
-0.0105114457858713
-0.01128070325663439
-0.01209784468070895
-0.01296521904405641
-0.01388524759218119
-0.01486042330693666
-0.01589331017658111
-0.01698654224554475
-0.0181428224371909
-0.01936492114107403
-0.02065567455315142
-0.02201798276635799
-0.02345480759851946
-0.02496917015329884
-0.02656414810785169
-0.028242872717338
-0.03000852553742763
-0.03186433485352597
-0.03381357181642538
-0.03585954628151373
-0.03800560234411014
-0.04025511357695548
-0.04261147796134133
-0.04507811251674811
-0.04765844763062231
-0.05035592108435321
-0.05317397178780118
-0.05611603321716117
-0.05918552656681246
-0.06238585362196798
-0.06572038935268763
-0.06919247424902956
-0.07280540639566364
-0.07656243330262724
-0.08046674350460502
-0.08452145793431236
-0.08872962109787834
-0.09309419205390877
-0.09761803521928289
-0.1023039110196017
-0.1071544663941145
-0.1121722251899916
-0.1173595784511875
-0.1227187746315348
-0.1282519097551086
-0.1339609175368419
-0.1398475595048755
-0.1459134151321159
-0.1521598720122179
-0.1585881161068405
-0.1651991220786025
-0.1719936437552211
-0.1789722047339908
-0.186135089167009
-0.1934823327563897
-0.2010137139730207
-0.2087287455471146
-0.216626666238884
-0.2247064329318414
-0.2329667130779723
-0.2414058775066716
-0.2500219936472112
-0.2588128191693108
-0.2677757960824556
-0.2769080453208371
-0.2862063618233502
-0.2956672101588485
-0.3052867206944565
-0.315060686343641
-0.3249845599163267
-0.335053452074444
-0.3452621299392525
-0.3556050163406999
-0.3660761897397964
-0.3766693848396721
-0.3873779938831166
-0.3981950686819017
-0.4091133233539143
-0.4201251377799011
-0.4312225617865334
-0.4423973200666193
-0.4536408179077897
-0.46494414765489
-0.4762980957828682
-0.4876931505766839
-0.4991195107229358
-0.5105670953817958
-0.5220255551057574
-0.5334842821560336
-0.544932420104994
-0.5563588746105127
-0.567752327425365
-0.5791012518115488
-0.59039392724229
-0.60161845319833
-0.6127627635615949
-0.6238146424183277
-0.6347617406391562
-0.6455915928097183
-0.6562916344511772
-0.6668492196542025
-0.6772516391957701
-0.6874861390262803
-0.697539939075876
-0.7074002523415666
-0.7170543042137114
-0.7264893520442897
-0.7356927048791394
-0.7446517433286477
-0.7533539395366533
-0.7617868771881148
-0.7699382715474495
-0.7777959894530188
-0.7853480692442831
-0.7925827405803259
-0.7994884440869938
-0.8060538508210334
-0.8122678814805383
-0.8181197253433882
-0.8235988588938583
-0.8286950640727658
-0.833398446137698
-0.8376994510697867
-0.8415888825139729
-0.8450579182170347
-0.8480981259033378
-0.8507014785787674
-0.8528603692056624
-0.8545676247386431
-0.8558165194918416
-0.8566007877898949
-0.8569146359030884
-0.8567527532144806
-0.8561103226096285
-0.854983030067862
-0.8533670734225738
-0.8512591703011912
-0.8486565652005792
-0.8455570356925367
-0.8419588977477492
-0.8378610101613678
-0.8332627781020291
-0.8281641557489317
-0.8225656480196184
-0.8164683113867807
-0.8098737537759495
-0.8027841335689336
-0.7952021576957972
-0.7871310788351987
-0.7785746917312032
-0.769537328621388
-0.7600238538044797
-0.7500396573450325
-0.7395906479415657
-0.7286832449754594
-0.7173243697503348
-0.7055214359602143
-0.6932823393904628
-0.6806154468823575
-0.6675295845861129
-0.6540340255212502
-0.6401384764871257
-0.625853064336467
-0.6111883216461186
-0.5961551718159157
-0.5807649136239966
-0.5650292052859931
-0.5489600480357113
-0.5325697692641127
-0.515871005250965
-0.4988766835207507
-0.4816000048683408
-0.4640544250801564
-0.4462536363928606
-0.4282115487249516
-0.4099422707102171
-0.3914600905744848
-0.3727794568869263
-0.3539149592282428
-0.3348813088104823
-0.3156933190776774
-0.2963658863264412
-0.2769139703764848
-0.257352575328574
-0.2376967304424538
-0.2179614711637456
-0.1981618203347242
-0.1783127696164239
-0.1584292611541513
-0.1385261695149543
-0.1186182839232359
-0.09872029082342887
-0.07884675679374419
-0.05901211183698522
-0.0392306330715799
-0.01951642884429921
0.0001165767133550971
0.01965465866563896
0.03908430577074735
0.05839223447926433
0.0775654024164176
0.09659102133375193
0.1154565695161736
0.1341498036328303
0.1526587700212182
0.170971815393362
0.1890775969554412
0.2069650919328928
0.2246236064976556
0.2420427840938056
0.2592126131554212
0.2761234342157792
0.2927659464048319
0.3091312133362309
0.3252106683852252
0.3409961193595182
0.3564797525719561
0.3716541363148351
0.386512223739124
0.4010473551447877
0.4152532596916298
0.4291240565463783
0.4426542554691831
0.4558387568487279
0.4686728511966682
0.4811522181125844
0.493272924736546
0.5050314236979847
0.5164245505755907
0.5274495208826613
0.5381039265916504
0.5483857322188735
0.5582932704798292
0.567825237532226
0.5769806878232899
0.5857590285558935
0.5941600137941573
0.6021837382228074
0.6098306305830757
0.6171014468032976
0.6239972628358822
0.6305194672205796
0.6366697533895566
0.6424501117354092
0.6478628214602005
0.6529104422212118
0.6575958055962553
0.6619220063814035
0.6658923937423402
0.6695105622365485
0.6727803427167874
0.6757057931310928
0.6782911892380231
0.6805410152649202
0.6824599545255052
0.6840528799988234
0.6853248448798653
0.6862810731213868
0.6869269499947845
0.6872680126839286
0.6873099409121175
0.6870585476102632
0.6865197696438572
0.6856996586245682
0.6846043718179017
0.6832401631444541
0.6816133742798354
0.6797304258691113
0.6775978088778057
0.6752220760886949
0.6726098337414886
0.6697677333204015
0.6667024635000872
0.6634207422644597
0.6599293092050624
0.656234918000428
0.6523443290849757
0.6482643025090047
0.6440015909934353
0.6395629331838798
0.6349550471100524
0.6301846238605993
0.6252583214693778
0.6201827590123623
0.6149645109175866
0.6096101014926031
0.6041259996770351
0.5985186140142957
0.5927942878381445
0.5869592946745423
0.581019833863877
0.5749820264106714
0.5688519110517296
0.5626354405368194
0.556338478120355
0.5499667942652036
0.5435260635598216
0.5370218618434002
0.5304596635381312
0.523844839185499
0.5171826531805772
0.5104782617013506
0.5037367108289754
0.4969629348559537
0.4901617547784288
0.4833378769698352
0.4764958920361547
0.4696402738433365
0.4627753787088065
0.455905444752796
0.4490345914084788
0.4421668190906924
0.4353060090137486
0.4284559231509822
0.421620204331251
0.4148023764697016
0.4080058449310521
0.401233897017069
0.3944897025721915
0.387776314702368
0.3810966706029797
0.3744535924929738
0.3678497886481704
0.361287854528319
0.3547702739931332
0.3482994206027633
0.3418775589993608
0.3355068463635312
0.3291893339409701
0.3229269686346478
0.3167215946585454
0.3105749552500258
0.3044886944348692
0.2984643588404652
0.2925033995530653
0.2866071740149729
0.2807769479586747
0.2750138973730206
0.2693191104975611
0.2636935898413736
0.2581382542235082
0.2526539408329603
0.2472414073033744
0.2419013337990638
0.2366343251091777
0.231440912747088
0.2263215570527893
0.2212766492948172
0.2163065137687963
0.2114114098901879
0.206591534279188
0.2018470228364559
0.1971779528063407
0.192584344824744
0.1880661649497376
0.1836233266739081
0.1792556929177705
0.1749630780013197
0.1707452495917634
0.1666019306258657
0.1625328012057743
0.1585375004672894
0.1546156284191145
0.1507667477519166
0.1469903856162749
0.1432860353686863
0.1396531582854475
0.1360911852429268
0.1325995183634477
0.1291775326261839
0.1258245774424973
0.1225399781954924
0.1193230377432503
0.1161730378854562
0.1130892407932544
0.1100708904018863
0.1071172137661137
0.1042274223783003
0.1014007134496388
0.09863627115453868
0.09593326783753083
0.09329086518255818
0.09070821534520829
0.08818446204876755
0.08571874164426416
0.08331018413418606
0.08095791415999862
0.07866105195404649
0.07641871425662181
0.07423001519862236
0.07209406715004833
0.07000998153507668
0.06797686961387323
0.06599384323153257
0.064060015534684
0.06217450165660923
0.06033641937169281
0.05854488971954383
0.05679903759919908
0.05509799233405293
0.05344088820834189
0.05182686497604089
0.05025506834252852
0.04872465041948452
0.04723477015368973
0.04578459373066172
0.04437329495405862
0.04300005560120311
0.04166406575519122
0.04036452411426431
0.03910063827929715
0.03787162502013115
0.03667671052132305
0.03551513060796029
0.03438613095210876
0.03328896726065087
0.03222290544513296
0.03118722177424824
0.0301812030096928
0.02920414652596512
0.02825536041456335
0.02733416357312882
0.02643988578020063
0.02557186775627958
0.02472946121173087
0.02391202888210792
0.02311894455147574
0.02234959306422281
0.02160337032575417
0.02087968329266339
0.02017794995290192
0.01949759929651616
0.01883807127739235
0.01819881676636784
0.01757929749616508
0.01697898599872882
0.01639736553547246
0.01583393002072096
0.01528818393867741
0.01475964225433142
0.01424783031876479
0.01375228376915924
0.01327254842398335
0.01280818017363923
0.01235874486698194
0.01192381819389566
0.01150298556429921
0.01109584198385721
0.01070199192674166
0.01032104920572777
0.009952636839863225
0.009596386919966157
0.009251940472224043
0.008918947320061668
0.008597065944528056
0.008285963343472312
0.007985314889810769
0.00769480418900713
0.007414122935793385
0.007142970770435836
0.006881055134710507
0.006628091127874863
0.00638380136270944
0.00614791582169164
0.00592017171347812
0.005700313329844025
0.005488091903289227
0.005283265465354468
0.005085598705725762
0.00489486283227218
0.004710835432114239
0.004533300333808075
0.004362047470797864
0.004196872746100389
0.004037577898396057
0.003883970369523317
0.00373586317342645
0.003593074766673201
0.003455428920600502
0.003322754595150326
0.003194885814390815
0.003071661543766546
0.002952925569126008
0.002838526377535557
0.002728317039941238
0.002622155095685956
0.002519902438965675
0.002421425207157203
0.002326593671075376
0.002235282127135538
0.002147368791449866
0.002062735695872028
0.001981268586008815
0.001902856821177251
0.001827393276288074
0.001754774245736594
0.001684899349135395
0.001617671439084285
0.001552996510771297
0.001490783613568032
0.00143094476447673
0.001373394863482793
0.001318051610765771
0.001264835425783213
0.00121366936816591
0.00116447906046215
0.001117192612680108
0.001071740548604427
0.001028055733871383
0.0009860733057700402
0.0009457306047495475
0.0009069671076199192
0.0008697243624408361
0.0008339459250182874
0.0007995772970355644
0.0007665658657573228
0.000734860845313043
0.0007044132194689472
0.0006751756859800687
0.0006471026023708841
0.0006201499331940381
0.000594275198690588
0.0005694374248689317
0.0005455970949648667
0.0005227161023206246
0.0005007577044704574
0.0004796864783650167
0.0004594682768664064
0.0004400701868125376
0.0004214604885573436
0.0004036086164890056
0.0003864851201850616
0.0003700616266220127
0.0003543108038159013
0.0003392063257479413
0.0003247228383452708
0.0003108359263262555
0.0002975220810213436
0.0002847586691941984
0.0002725239028496476
0.0002607968099599246
0.000249557206104524
0.0002387856669937694
0.0002284635018229819
0.0002185727275126985
0.0002090960437314128
0.0002000168087267879
0.0001913190159285061
0.0001829872713179735
0.0001750067714928473
0.0001673632824932369
0.0001600431192750257
0.0001530331258834423
0.0001463206562668171
0.0001398935557396247
0.0001337401430496277
0.0001278491930489325
0.0001222099199521346
0.0001168119611313616
0.0001116453615115564
0.000106700558444572
0.0001019683671257377
9.743996651641326e-05
9.310688573487965e-05
8.89609909311245e-05
8.499447259721767e-05
8.119983334039191e-05
7.756987608328723e-05
7.409769265657181e-05
7.077665281917959e-05
6.760039365571366e-05
6.45628093443317e-05
6.165804130992995e-05
5.888046870880137e-05
5.622469925218704e-05
5.368556037857182e-05
5.125809074992818e-05
4.893753202153855e-05
4.671932094645608e-05
4.45990817470543e-05
4.25726187813455e-05
4.063590946606789e-05
3.878509746684947e-05
3.701648614652746e-05
3.532653224620123e-05
3.371183979256055e-05
3.21691542654617e-05
3.069535695937422e-05
2.928745955228264e-05
2.794259889591248e-05
2.665803199117649e-05
2.543113116052302e-05
2.425937940626188e-05
2.314036593762684e-05
2.207178187370069e-05
2.105141610757756e-05
2.007715133231616e-05
1.914696022406054e-05
1.825890176929946e-05
1.741111772923346e-05
1.660182923994262e-05
1.582933357171842e-05
1.509200097695956e-05
1.43882716921531e-05
1.371665304067816e-05
1.307571664677157e-05
1.246409577777071e-05
1.188048276865394e-05
1.132362657654532e-05
1.079233040551499e-05
1.02854494394589e-05
9.801888665376829e-06
9.340600779448929e-06
8.900584188683296e-06
8.480881073065977e-06
8.080575542655381e-06
7.698791862729686e-06
7.334692747832174e-06
6.987477741607915e-06
6.656381637114654e-06
6.340672977138127e-06
6.039652619190479e-06
5.752652346884031e-06
5.479033548441302e-06
5.218185952322477e-06
4.969526396120492e-06
4.73249766599357e-06
4.506567381720018e-06
4.291226921081951e-06
4.085990381014921e-06
3.890393609913029e-06
3.703993251821795e-06
3.526365838324946e-06
3.357106941235461e-06
3.195830319022423e-06
3.042167128370339e-06
2.895765170303989e-06
2.756288153099411e-06
2.623415003049574e-06
2.496839182061895e-06
2.37626806157744e-06
2.261422294802447e-06
2.152035238970624e-06
2.047852392640861e-06
1.948630853831593e-06
1.854138804836825e-06
1.764155027996646e-06
1.678468422289782e-06
1.59687756113706e-06
1.519190258431384e-06
1.445223145731267e-06
1.374801293524666e-06
1.307757825290698e-06
1.243933550949128e-06
1.183176627717697e-06
1.125342229595168e-06
1.070292226899387e-06
1.017894884433534e-06
9.680245827550826e-07
9.205615274543768e-07
8.753914879424359e-07
8.32405551419359e-07
7.914998773294417e-07
7.52575461630256e-07
7.155379269470367e-07
6.802973023874311e-07
6.467678280468618e-07
6.148677636403753e-07
5.84519189970411e-07
5.55647852252097e-07
5.281829848810881e-07
5.020571448352702e-07
4.772060680458578e-07
4.535685219878762e-07
4.310861558946639e-07
4.097033769383938e-07
3.893672167015969e-07
3.700272466886631e-07
3.516354269456441e-07
3.341459797753052e-07
3.175152789708619e-07
3.017017426530036e-07
2.866657956742029e-07
2.723697571879955e-07
2.587777397195168e-07
2.458555723653574e-07
2.335707042790081e-07
2.218921525857467e-07
2.107904128204682e-07
2.002373927289887e-07
1.902063431685213e-07
1.80671801006857e-07
1.716095275275439e-07
1.62996442365657e-07
1.548105854604693e-07
1.470310473149885e-07
1.396379298244674e-07
1.326122859468942e-07
1.25936094537014e-07
1.195921961132773e-07
1.135642659655229e-07
1.078367639475426e-07
1.023949109377158e-07
9.722463960997364e-08
9.231257090341068e-08
8.764596727659759e-08
8.321271197654884e-08
7.900128374060049e-08
7.500072070182115e-08
7.120059301699954e-08
6.759098550429726e-08
6.416245522126695e-08
6.090602063418602e-08
5.781315256851172e-08
5.487572698077048e-08
5.208602926176704e-08
4.943671272247832e-08
4.692079070512526e-08
4.453162754216015e-08
4.226290350175072e-08
4.010862140955263e-08
3.806307015398998e-08
3.61208254107768e-08
3.427673215182266e-08
3.252588239501043e-08
3.086361004128618e-08
2.928547962045126e-08
2.778728577380627e-08
2.636501639425311e-08
2.501486529564867e-08
2.37332137649065e-08
2.251662370986209e-08
2.13618287467793e-08
2.026572365245338e-08
1.922535735379776e-08
1.823791960932352e-08
1.730074756822125e-08
1.641130860324143e-08
1.556719337190396e-08
1.476611573749358e-08
1.400590427697244e-08
1.328449526991935e-08
1.259992292475812e-08
1.195032730359144e-08
1.133393836152015e-08
1.074907558562212e-08
1.019413861005861e-08
9.66761589660908e-09
9.168065227248879e-09
8.694114924110287e-09
8.244472218116557e-09
7.817897945051576e-09
7.413222815956487e-09
7.029327516760614e-09
6.665152724143554e-09
6.319692116645548e-09
5.992000243756887e-09
5.68116822137974e-09
5.386334656482122e-09
5.106685110910256e-09
4.84144033064894e-09
4.589871290025595e-09
4.351276739932929e-09
4.124990878202988e-09
3.910385694365948e-09
3.706862947058508e-09
3.513855912516318e-09
3.330825100703011e-09
3.157260659611353e-09
2.992675774787745e-09
2.836610189772027e-09
2.688629721011957e-09
2.548318399962225e-09
2.415275778153422e-09
2.289128368730927e-09
2.169523034078247e-09
2.056124457686627e-09
1.948608452865163e-09
1.84667789142582e-09
1.750045028304458e-09
1.658433723287957e-09
1.57158656292963e-09
1.489260266873514e-09
1.41121521914781e-09
1.337233678005413e-09
1.267107829023172e-09
1.200633835587452e-09
1.137626744564375e-09
1.077902300981405e-09
1.021295904775594e-09
9.676461478897744e-10
9.167967418286757e-10
8.68603855863593e-10
8.229286605407313e-10
7.796433128066924e-10
7.38618785429076e-10
6.997404787796239e-10
6.628936462622507e-10
6.27974731029798e-10
5.948817169033475e-10
5.635232985366747e-10
5.338106709469328e-10
5.05656948743654e-10
4.789788177567811e-10
4.536999375608245e-10
4.297472132115096e-10
4.070528075998619e-10
3.855444145554357e-10
3.651686917050725e-10
3.458643587609362e-10
3.275726907063701e-10
3.102476410253145e-10
2.938376112009605e-10
2.782934843764707e-10
2.635692966119692e-10
2.496171393192291e-10
2.364015391223249e-10
2.238793097003616e-10
2.120148685523285e-10
2.007757934330198e-10
1.901242215318316e-10
1.800328595762571e-10
1.704745094610863e-10
1.614179491249474e-10
1.528414750233379e-10
1.447216589914092e-10
1.370348566594929e-10
1.297550137751304e-10
1.228575681830282e-10
1.1633193966376e-10
1.101477467041912e-10
1.042954742409297e-10
9.875087197754198e-11
9.349736364288999e-11
8.852334750349827e-11
8.3812361804933e-11
7.935155953356119e-11
7.512644951092438e-11
7.112207158876728e-11
6.733067773166715e-11
6.373531999802464e-11
6.033440930809542e-11
5.711155228474188e-11
5.405888919144109e-11
5.116882487769917e-11
4.843497839023005e-11
4.585019460513225e-11
4.340130634112922e-11
4.108212496648048e-11
3.888530423737067e-11
3.680907609407385e-11
3.484552117437908e-11
3.298606390589544e-11
3.122657060698464e-11
2.956434547973924e-11
2.798888567393059e-11
2.649394151264934e-11
2.507791387361019e-11
2.373442510948423e-11
2.246140065408518e-11
2.125254302047584e-11
2.010823884598791e-11
1.902142358759982e-11
1.799364245796789e-11
1.702273386724466e-11
1.610892558674819e-11
1.524467879146638e-11
1.442951125801707e-11
1.365957469862575e-11
1.293436333889509e-11
1.224811064163146e-11
1.160011304926943e-11
1.098033424009279e-11
1.038921276634841e-11
9.825511723951067e-12
9.290655291368173e-12
8.788258626246765e-12
8.312587296672941e-12
7.870301851642287e-12
7.450183138015256e-12
7.052278020398361e-12
6.672236540814995e-12
6.311783324097306e-12
5.971315634813751e-12
5.645275498530835e-12
5.340410784614969e-12
5.04915351967305e-12
4.771029505131732e-12
4.514296670048908e-12
4.274081308376549e-12
4.049279779576892e-12
3.835484512309575e-12
3.631346635054369e-12
3.439981445156872e-12
3.254684604164148e-12
3.079867140846522e-12
2.908967540124763e-12
2.751893829178227e-12
2.602249230301997e-12
2.461144781903257e-12
2.327109523351722e-12
2.197561427901717e-12
2.076839081745801e-12
1.967100338174641e-12
1.861362146494355e-12
1.760951011427841e-12
1.669827617058641e-12
1.581783713050351e-12
