-1.467551957294687e-12
-9.75046624040107e-13
-6.61913266015826e-13
-4.552906398885015e-13
-3.207224707178871e-13
-2.360382051472424e-13
-1.867088625839828e-13
-1.639042615366402e-13
-1.638008352914628e-13
-1.842905919758542e-13
-2.276261518505017e-13
-2.966242503325606e-13
-3.985320857981198e-13
-5.422139788752914e-13
-7.40698513516761e-13
-1.011016940278919e-12
-1.377144494900037e-12
-1.868470065028432e-12
-2.526258451397797e-12
-3.401699015464603e-12
-4.562729267984769e-12
-6.096555950525923e-12
-8.115618489501547e-12
-1.076286844782253e-11
-1.422387067399297e-11
-1.873014866426162e-11
-2.457967198544961e-11
-3.214707270345588e-11
-4.190456091685658e-11
-5.444798339043572e-11
-7.052221920294402e-11
-9.105893188764602e-11
-1.172198052776074e-10
-1.504500564792656e-10
-1.925403944136627e-10
-2.457074576653989e-10
-3.126870188785039e-10
-3.968462050482802e-10
-5.02318690928808e-10
-6.341711721740343e-10
-7.985941225362625e-10
-1.003141380804234e-09
-1.257000332882722e-09
-1.571328387574407e-09
-1.959643346150736e-09
-2.438285754183938e-09
-3.026968260392674e-09
-3.749421745516909e-09
-4.634147428752406e-09
-5.715313421969448e-09
-7.033785816569088e-09
-8.638345964077424e-09
-1.058708945928037e-08
-1.294907768230438e-08
-1.580623392705397e-08
-1.925555421318517e-08
-2.341165656473113e-08
-2.840972261806434e-08
-3.440888442262693e-08
-4.159611846777729e-08
-5.019071291711942e-08
-6.044938012170348e-08
-7.267210752666408e-08
-8.720882225921384e-08
-1.044669933347026e-07
-1.249202726315838e-07
-1.491182992954561e-07
-1.776978145518935e-07
-2.113952388879165e-07
-2.510608679080319e-07
-2.976748942879776e-07
-3.523654338325153e-07
-4.164287999000114e-07
-4.913522474758042e-07
-5.788394693722481e-07
-6.808391239939758e-07
-7.995767024198594e-07
-9.375900887369484e-07
-1.097769156177157e-06
-1.283399814835819e-06
-1.498212929778145e-06
-1.746438569082261e-06
-2.032866078811047e-06
-2.362910518489763e-06
-2.742686003634497e-06
-3.179086596405495e-06
-3.679875346341252e-06
-4.253782197285473e-06
-4.910611471662581e-06
-5.661359691698191e-06
-6.518344555890041e-06
-7.495345910743141e-06
-8.607759592908173e-06
-9.872765082925184e-06
-1.130950790283286e-05
-1.293929775666228e-05
-1.478582342305871e-05
-1.687538542222842e-05
-1.923714751621139e-05
-2.190340806917729e-05
-2.490989232641707e-05
-2.829606666596476e-05
-3.210547634296046e-05
-3.638610938422551e-05
-4.119078735492498e-05
-4.6577584006664e-05
-5.261027313106453e-05
-5.935880702304183e-05
-6.68998269393326e-05
-7.531720694533816e-05
-8.470263254442088e-05
-9.515621546409341e-05
-0.000106787145952166
-0.0001197143839065497
-0.0001340673901259759
-0.0001499868989104899
-0.000167625733184342
-0.0001871496632305615
-0.0002087383100566738
-0.00023258609427174
-0.0002589032312772292
-0.0002879167734021477
-0.0003198716994788007
-0.0003550320521721933
-0.000393682123171674
-0.0004361276861583305
-0.0004826972772432417
-0.0005337435230205533
-0.0005896445176022029
-0.0006508052468075658
-0.000717659057828204
-0.0007906691729043262
-0.0008703302452445851
-0.0009571699550694761
-0.001051750643258878
-0.001154670979681294
-0.00126656766281768
-0.001388117146823357
-0.001520037391764127
-0.001663089633659907
-0.001818080182795969
-0.001985862250772148
-0.002167337788223544
-0.002363459315100606
-0.002575231743687228
-0.002803714196338843
-0.003050021813271307
-0.003315327539461987
-0.003600863883420027
-0.003907924639448543
-0.004237866567309513
-0.004592111021425501
-0.004972145519348963
-0.005379525242650584
-0.005815874458956491
-0.006282887857118395
-0.006782331786059847
-0.007316045385477467
-0.007885941601058447
-0.008494008071040095
-0.009142307875405823
-0.009832980137378742
-0.01056824046416458
-0.01135038121985363
-0.01218177161606328
-0.01306485761188743
-0.01400216161283933
-0.01499628195524131
-0.01604989217033772
-0.01716574001330759
-0.01834664625019388
-0.01959550319355052
-0.02091527297389997
-0.02230898554415057
-0.02377973640268887
-0.02533068403065345
-0.02696504703652699
-0.02868610099710378
-0.0304971749964748
-0.03240164785030843
-0.03440294401487811
-0.03650452917763575
-0.03870990552127655
-0.04102260666850328
-0.04344619229761765
-0.04598424243417801
-0.04864035142044902
-0.0514181215581147
-0.05432115643801898
-0.05735305395087945
-0.06051739899101079
-0.06381775586056196
-0.06725766037418106
-0.07084061168579225
-0.07457006383538844
-0.07844941703485413
-0.08248200870645794
-0.08667110427909425
-0.09101988777267594
-0.09553145217225822
-0.1002087896176039
-0.1050547814277626
-0.1100721879710867
-0.1152636384198787
-0.120631620394294
-0.1261784695275449
-0.1319063589774277
-0.137817288898195
-0.1439130759188232
-0.1501953426349306
-0.1566655071526371
-0.1633247727135967
-0.1701741174171528
-0.1772142840913761
-0.1844457703209064
-0.191868818674294
-0.1994834071623587
-0.2072892399428267
-0.2152857383252248
-0.2234720320836377
-0.2318469511237463
-0.2404090175358875
-0.2491564380458531
-0.2580870969178082
-0.2671985493136298
-0.2764880151546638
-0.2859523735151996
-0.2955881575547861
-0.3053915500429284
-0.3153583794735073
-0.325484116810186
-0.3357638728866764
-0.3461923964640571
-0.3567640729966698
-0.3674729240938598
-0.3783126077118842
-0.3892764190924201
-0.4003572924409959
-0.4115478033901599
-0.4228401722245626
-0.4342262678937487
-0.445697612819854
-0.4572453884861446
-0.4688604418484163
-0.4805332925290846
-0.4922541407963074
-0.5040128763243535
-0.5157990877363604
-0.527602073000861
-0.5394108505827349
-0.5512141711940488
-0.5630005301312913
-0.5747581805411651
-0.5864751482563086
-0.5981392474518565
-0.6097380954495661
-0.6212591265496549
-0.632689607050346
-0.6440166537852304
-0.6552272540568369
-0.6663082845501312
-0.6772465290170823
-0.6880286964375489
-0.6986414405606021
-0.7090713800981652
-0.71930511908391
-0.72932926732499
-0.7391304610802969
-0.7486953840368383
-0.7580107884534136
-0.7670635164106407
-0.7758405211210222
-0.7843288882502902
-0.7925158572498996
-0.8003888426128745
-0.8079354550237424
-0.8151435223573259
-0.8220011104614608
-0.8284965437148929
-0.8346184252803014
-0.8403556570285171
-0.8456974590910964
-0.850633388976523
-0.8551533602403717
-0.8592476606376511
-0.8629069697417712
-0.8661223759924677
-0.8688853931092884
-0.8711879758622405
-0.8730225351387799
-0.8743819523001711
-0.8752595927967898
-0.8756493189873136
-0.8755455021597716
-0.8749430337038714
-0.8738373354327478
-0.8722243690331229
-0.8701006446042568
-0.8674632282962558
-0.8643097490045142
-0.8606384041215502
-0.8564479643355061
-0.8517377774538509
-0.8465077712741197
-0.8407584554688954
-0.8344909224915474
-0.8277068475031534
-0.8204084873161004
-0.8125986783880452
-0.8042808338436946
-0.7954589395395042
-0.786137549182283
-0.7763217785064926
-0.7660172985469855
-0.7552303280031073
-0.7439676247261466
-0.7322364763501359
-0.7200446900740374
-0.707400581634527
-0.6943129634796562
-0.6807911321807143
-0.6668448551107845
-0.6524843564113266
-0.6377203022943245
-0.6225637856955838
-0.6070263103194147
-0.5911197741088613
-0.57485645217033
-0.5582489792023002
-0.5413103314508354
-0.524053808233375
-0.506493013068913
-0.488641834450147
-0.4705144263089472
-0.4521251882006787
-0.4334887452488635
-0.4146199278893082
-0.3955337514499901
-0.3762453956138695
-0.3567701837952211
-0.3371235624726794
-0.3173210805163029
-0.2973783685406299
-0.2773111183248151
-0.2571350623327032
-0.2368659533731965
-0.2165195444349642
-0.1961115687251763
-0.1756577199483768
-0.1551736328547648
-0.1346748640913768
-0.1141768733856071
-0.09369500508799311
-0.07324447010366289
-0.05284032823721634
-0.03249747097721873
-0.01223060474383795
0.007945765378400872
0.02801735140106782
0.04797009766603749
0.06779019553493815
0.08746409751737695
0.106978530821866
0.1263205103158558
0.1454773508812418
0.1644366791543677
0.1831864446406026
0.2017149301940761
0.2200107618575581
0.2380629180547842
0.2558607381328783
0.2733939302522136
0.2906525786189349
0.3076271500600886
0.3243084999409838
0.3406878774314481
0.3567569301250448
0.3725077080114109
0.3879326668091231
0.4030246706632145
0.4177769942165606
0.4321833240640944
0.4462377595990925
0.4599348132693331
0.47326941024789
0.4862368875283435
0.4988329924570571
0.5110538807191526
0.5228961138017538
0.534356655941869
0.5454328705736992
0.5561225162914848
0.5664237423444943
0.5763350836868829
0.5858554555951755
0.5949841478728011
0.6037208186601535
0.6120654878679261
0.620018530259115
0.6275806681926399
0.6347529640490671
0.6415368123578322
0.6479339316428399
0.6539463560098723
0.6595764264918276
0.6648267821769507
0.6697003511395792
0.6742003411859308
0.6783302304359996
0.6820937577576746
0.685494913075167
0.6885379275700368
0.6912272637904934
0.6935676056919794
0.6955638486212394
0.6972210892647288
0.6985446155776821
0.6995398967031505
0.7002125728949754
0.7005684454623023
0.7006134667624427
0.7003537302563975
0.6997954606270717
0.6989450039681102
0.69780881806147
0.6963934627693025
0.6947055905517689
0.6927519371082007
0.6905393121471201
0.6880745903003456
0.6853647022041752
0.6824166257564027
0.6792373775435057
0.6758340044404989
0.6722135753961733
0.6683831734228278
0.6643498877965429
0.6601208064619709
0.6557030086438395
0.6511035576723818
0.6463294940340961
0.6413878286512308
0.6362855363884673
0.631029549792213
0.6256267530609277
0.6200839762474245
0.6144079896942745
0.6086054987057981
0.6026831384631454
0.5966474691757713
0.5905049714661824
0.584262041987097
0.5779249892729778
0.5715000298303619
0.5649932844587029
0.5584107747953437
0.5517584200822834
0.5450420341574287
0.5382673226744197
0.5314398805402805
0.5245651895630602
0.5176486163058907
0.5106954101463351
0.5037107015401505
0.4966995004824354
0.4896666951633617
0.4826170508137753
0.475555208733158
0.4684856854955591
0.4614128723279661
0.4543410346566923
0.4472743118167913
0.4402167169203517
0.4331721368825392
0.4261443325952533
0.4191369392397697
0.4121534667332788
0.4051973003071283
0.3982717012155009
0.3913798075647609
0.3845246352558035
0.3777090790342263
0.3709359136449387
0.3642077950887581
0.3575272619728092
0.3508967369484794
0.3443185282318815
0.3377948312024944
0.3313277300768981
0.3249191996506749
0.3185711071032791
0.3122852138611944
0.3060631775149439
0.2999065537866741
0.2938167985425332
0.2877952698453908
0.2818432300437053
0.2759618478927534
0.2701522007055739
0.2644152765282582
0.258751976335619
0.2531631162435701
0.2476494297347088
0.2422115698944085
0.236850111653364
0.231565554033193
0.2263583223920808
0.2212287706681278
0.216177183618757
0.2112037790522061
0.2063087100483817
0.2014920671666096
0.1967538806380041
0.1920941225408105
0.1875127089560626
0.1830095021013251
0.1785843124408394
0.1742369007706017
0.1699669802776246
0.1657742185708673
0.1616582396817922
0.1576186260333579
0.153654920376906
0.1497666276968303
0.1459532170809251
0.1422141235551047
0.1385487498817345
0.1349564683208673
0.1314366223540656
0.1279885283699054
0.1246114773106889
0.1213047362799118
0.1180675501103519
0.1148991428928934
0.1117987194654043
0.1087654668613511
0.1057985557181196
0.1028971416449558
0.1000603665508046
0.09728735993192413
0.09457724011954452
0.09192911548777725
0.08934208562180358
0.08681524244677175
0.08434767131768268
0.08193845207099529
0.0795866600383998
0.07729136702254213
0.07505164223503327
0.0728665531975185
0.07073516660683458
0.06865654916480173
0.06662976837269087
0.06465389329079045
0.06272799526391575
0.06085114861376918
0.05902243129881159
0.05724092554216199
0.05550571842837421
0.05381590246953671
0.05217057614129236
0.05056884438945079
0.04900981910816389
0.04749261959058329
0.0460163729524484
0.04458021452925125
0.04318328824770527
0.04182474697237427
0.04050375282838817
0.03921947750071419
0.03797110251059316
0.03675781946982374
0.03557883031384116
0.03443334751453306
0.03332059427317775
0.03223980469410889
0.03119022393976223
0.03017110836794639
0.02918172565204626
0.02822135488477356
0.02728928666604049
0.02638482317562804
0.02550727823128599
0.02465597733290623
0.02383025769335783
0.02302946825663277
0.02225296970390272
0.02150013444791652
0.02077034661620352
0.02006300202378157
0.01937750813587424
0.01871328402123772
0.01806976029653129
0.01744637906230619
0.01684259383094699
0.01625786944708884
0.01569168200088965
0.01514351873464531
0.01461287794327052
0.01409926886897275
0.01360221159042884
0.01312123690693573
0.01265588621787686
0.01220571139804348
0.0117702746689837
0.01134914846666169
0.01094191530581377
0.01054816764128318
0.01016750772665695
0.009799547470538605
0.009443908290704383
0.009100220966404889
0.008768125489077655
0.008447270911611897
0.008137315196491336
0.00783792506300301
0.007548775833781486
0.007269551280802444
0.006999943471096936
0.006739652612299783
0.00648838689820707
0.006245862354484362
0.006011802684776163
0.005785939117377402
0.005568010252530822
0.005357761910450174
0.00515494698018215
0.004959325269486547
0.004770663355890022
0.004588734438974865
0.004413318193923258
0.004244200626433048
0.004081173929108963
0.00392403633944638
0.003772591999432231
0.003626650816833013
0.00348602832818616
0.003350545563606265
0.00322002891345613
0.003094309996891781
0.002973225532383566
0.002856617210148015
0.002744331566601726
0.002636219860809353
0.002532137952949983
0.002431946184916082
0.002335509262954442
0.002242696142440571
0.002153379914723634
0.002067437696068809
0.00198475051870568
0.001905203224004234
0.001828684357738889
0.001755086067519419
0.00168430400226395
0.001616237213829367
0.00155078806063966
0.001487862113448148
0.001427368063104732
0.00136921763041454
0.001313325477982501
0.001259609124098272
0.001207988858582276
0.001158387660599698
0.001110731118420545
0.001064947351109568
0.001020966932093876
0.0009787228146119393
0.0009381502590219756
0.0008991867618917459
0.0008617719869072563
0.0008258476975446129
0.0007913576914510884
0.0007582477366010124
0.0007264655090742512
0.0006959605324977454
0.000666684119113738
0.0006385893124314952
0.0006116308314329677
0.0005857650163460791
0.0005609497758890429
0.0005371445359989925
0.0005143101900040283
0.0004924090502000935
0.0004714048008024898
0.0004512624522935965
0.0004319482970456315
0.0004134298662665236
0.000395675888189699
0.0003786562475100679
0.0003623419460587123
0.0003467050646558648
0.0003317187260960681
0.0003173570591241604
0.0003035951635210385
0.0002904090764893892
0.0002777757402361222
0.0002656729704484348
0.000254079425421268
0.0002429745761093921
0.0002323386772841106
0.0002221527398181263
0.0002123985038029717
0.0002030584124523132
0.0001941155868150578
0.0001855538013387461
0.0001773574602447082
0.0001695115746758747
0.0001620017405843108
0.0001548141173736256
0.0001479354072336315
0.0001413528351785406
0.0001350541297422752
0.0001290275043472423
0.0001232616392884882
0.0001177456643333552
0.0001124691419363941
0.000107422050991086
0.0001025947711878483
9.797806788171955e-05
9.356307751089026e-05
8.934129350914331e-05
8.530455271169477e-05
8.144502224951547e-05
7.77551869125926e-05
7.422783693812032e-05
7.085605625548719e-05
6.763321116194704e-05
6.455293936514287e-05
6.160913946177991e-05
5.879596076592986e-05
5.610779353959546e-05
5.353925954833767e-05
5.108520297467594e-05
4.874068168458261e-05
4.65009587825546e-05
4.43614944867094e-05
4.23179383295935e-05
4.036612161688526e-05
3.850205019945746e-05
3.672189747563172e-05
3.5021997701813e-05
3.339883952380228e-05
3.184905976766343e-05
3.036943745926852e-05
2.895688808312179e-05
2.760845802523683e-05
2.632131928305593e-05
2.509276433556372e-05
2.392020122924574e-05
2.280114884316838e-05
2.173323235680189e-05
2.07141788708266e-05
1.974181321072511e-05
1.881405390347431e-05
1.792890928809147e-05
1.708447380193388e-05
1.62789243956943e-05
1.551051710867801e-05
1.477758375958016e-05
1.407852877559428e-05
1.341182616019798e-05
1.277601656550763e-05
1.216970449642589e-05
1.159155560822809e-05
1.104029413505728e-05
1.051470039516275e-05
1.001360842996768e-05
9.535903711506357e-06
9.080520960961293e-06
8.646442032856597e-06
8.232693917272893e-06
7.838346790529253e-06
7.462512173607405e-06
7.104341165062057e-06
6.7630227189241e-06
6.437782018910195e-06
6.12787891060315e-06
5.832606403470381e-06
5.551289234902807e-06
5.283282488862366e-06
5.027970275290152e-06
4.784764458056123e-06
4.553103456039417e-06
4.332451070980404e-06
4.122295380523406e-06
3.9221476619501e-06
3.731541385654863e-06
3.55003123204614e-06
3.377192155898704e-06
3.212618491065793e-06
3.055923084873342e-06
2.906736484022544e-06
2.764706153559898e-06
2.629495717757051e-06
2.500784231868432e-06
2.378265514168165e-06
2.261647475191848e-06
2.150651479707879e-06
2.045011749278201e-06
1.944474790732051e-06
1.848798842155245e-06
1.757753331112988e-06
1.67111839511138e-06
1.588684367522118e-06
1.510251336213408e-06
1.435628698963689e-06
1.364634735029491e-06
1.297096216066312e-06
1.232847993866488e-06
1.171732655954899e-06
1.113600163916422e-06
1.058307515343998e-06
1.005718416541686e-06
9.557029913016206e-07
9.081374686023798e-07
8.629039111330634e-07
8.198899483235294e-07
7.789885193115808e-07
7.400976259981648e-07
7.031200951766352e-07
6.679633614917169e-07
6.345392509800708e-07
6.027637754301989e-07
5.725569412225438e-07
5.438425663157032e-07
5.165481026749985e-07
4.906044527455391e-07
4.659458305185513e-07
4.425095912700927e-07
4.202360885704778e-07
3.990685304985463e-07
3.789528520886313e-07
3.598375863024207e-07
3.416737333274867e-07
3.244146605019927e-07
3.0801597548997e-07
2.924354217191337e-07
2.776327902720392e-07
2.635698114306871e-07
2.502100662845298e-07
2.375189009251772e-07
2.254633366056546e-07
2.14011995238863e-07
2.031350415488222e-07
1.928040926403705e-07
1.82992125478872e-07
1.736734332118665e-07
1.648235465938664e-07
1.56419192273618e-07
1.484382511636848e-07
1.408596751609499e-07
1.33663456476538e-07
1.268305675933383e-07
1.203429071100681e-07
1.141832609691488e-07
1.083352696285991e-07
1.027833648629642e-07
9.751275326117927e-08
9.250936477077761e-08
8.775982465211628e-08
8.325141745315348e-08
7.89720577040232e-08
7.491025050805275e-08
7.105507878028224e-08
6.739615747524645e-08
6.392361696774604e-08
6.062807900990213e-08
5.750063319275039e-08
5.453280763440647e-08
5.171654977944889e-08
4.90442175023377e-08
4.650853716449638e-08
4.410260539195487e-08
4.181985975433797e-08
3.965406641630333e-08
3.759930578732876e-08
3.564995182420643e-08
3.380065668533364e-08
3.204634353234894e-08
3.0382187778355e-08
2.880360439935807e-08
2.730624845579862e-08
2.588598154883088e-08
2.4538878292361e-08
2.326121144147305e-08
2.20494358743916e-08
2.090019188714407e-08
1.98102825596846e-08
1.877668269059959e-08
1.779651582263581e-08
1.686704475726332e-08
1.598567207449129e-08
1.514993661130659e-08
1.435750138314741e-08
1.360614425272779e-08
1.289376090093821e-08
1.22183471414003e-08
1.157800461567974e-08
1.097093705347282e-08
1.039541815566542e-08
9.849835306851273e-09
9.332642646491806e-09
8.842376544778749e-09
8.377648269116267e-09
7.9371412757377e-09
7.519602162927194e-09
7.123847636600982e-09
6.74874895685081e-09
6.393240044583861e-09
6.056306453482181e-09
5.736984068441379e-09
5.434363119175587e-09
5.14757594783081e-09
4.875804357557679e-09
4.618268507733828e-09
4.37422652700822e-09
4.142979620823372e-09
3.923866502175878e-09
3.716253424974497e-09
3.519543393021633e-09
3.333164165254908e-09
3.15658871258048e-09
2.989297909125388e-09
2.830811357746941e-09
2.680664445642225e-09
2.53842509394442e-09
2.403678798112799e-09
2.27603176367738e-09
2.155109200398135e-09
2.040565972807696e-09
1.932066881792892e-09
1.829293676025965e-09
1.73194871000504e-09
1.639748540864068e-09
1.552424158419802e-09
1.469710326816673e-09
1.391377379018124e-09
1.317189177942226e-09
1.246932093902099e-09
1.180397122163523e-09
1.117392603268112e-09
1.057733368088557e-09
1.001240682861532e-09
9.47746371089147e-10
8.970941696651562e-10
8.49133437578814e-10
8.037224600421338e-10
7.607188134246316e-10
7.199982641533586e-10
6.81440686681066e-10
6.449331345243311e-10
6.103667188404693e-10
5.776411257930743e-10
5.466618923709595e-10
5.173315973120503e-10
4.895653360406368e-10
4.632823501076124e-10
4.384049825721653e-10
4.148573258077205e-10
3.925649724345587e-10
3.714667090457932e-10
3.514959859892606e-10
3.325930565288624e-10
3.147027376489263e-10
2.977661103778059e-10
2.817416062514044e-10
2.665751717056338e-10
2.522232648351796e-10
2.386356002345328e-10
2.257740238111882e-10
2.135985941331306e-10
2.02070100288731e-10
1.911587648117855e-10
1.808342911611107e-10
1.710664305489581e-10
1.618191968970119e-10
1.530757918361738e-10
1.448026520325899e-10
1.369753708129723e-10
1.295720432755876e-10
1.225684968685502e-10
1.159411516597568e-10
1.096738681607101e-10
1.037403658566376e-10
9.812796599564004e-11
9.281556723372199e-11
8.778910778456089e-11
8.30364054452228e-11
7.85379557859317e-11
7.427805737494378e-11
7.024780179717715e-11
6.643075866013119e-11
6.282033281639407e-11
5.940419779611211e-11
5.617423299978959e-11
5.312001322843411e-11
5.023088675823086e-11
4.750059161165325e-11
4.491636333119556e-11
4.247890933144589e-11
4.017343340111081e-11
3.799232645141974e-11
3.592993845794886e-11
3.39801266578985e-11
3.213707736801569e-11
3.039120713982384e-11
2.873883421951675e-11
2.717304193405026e-11
2.569270814318937e-11
2.429046880247693e-11
2.296213239982169e-11
2.170205717582693e-11
2.05086129942984e-11
1.93840751124858e-11
1.832171884032942e-11
1.731491781012769e-11
1.636946873091927e-11
1.547845128425831e-11
1.464370889421132e-11
1.385048508394481e-11
1.309974895966496e-11
1.238576763264355e-11
1.171476178748525e-11
1.107697286694693e-11
1.047695024158576e-11
9.905159994450573e-12
9.361997420647268e-12
8.846241700015305e-12
8.356484209039892e-12
7.889903517747337e-12
7.448913210715732e-12
7.035208569254156e-12
6.646197344932146e-12
6.282144330972647e-12
5.940424608429946e-12
5.618963419849965e-12
5.31432163864755e-12
5.024639446086617e-12
4.752498354501651e-12
4.494429037492047e-12
4.250019472819003e-12
4.021182113892149e-12
3.801588166424563e-12
3.593959061365219e-12
3.399883497241065e-12
3.213068539518399e-12
3.038567920504811e-12
2.867258855206632e-12
2.706368817380824e-12
2.554050204822141e-12
2.406649529889691e-12
2.266263751184414e-12
2.137811108696014e-12
2.01769673675954e-12
1.906609540967349e-12
1.805186378160856e-12
1.710682793580437e-12
1.621930046496285e-12
1.538320997811128e-12
1.456359925228082e-12
1.383448316428347e-12
1.310609841280167e-12
1.238071089282227e-12
1.16899380619059e-12
1.102339826977236e-12
1.037948332913764e-12
9.74522507521727e-13
9.161125640983865e-13
8.635530751739806e-13
8.141260816859333e-13
7.665242764026822e-13
7.273847757129406e-13
6.891441556536544e-13
6.523704068050191e-13
