2.259871031251179e-12
1.532264206064671e-12
1.057280839759887e-12
7.467945704823913e-13
5.504101772749191e-13
4.335474660717645e-13
3.76586717565142e-13
3.68164897826049e-13
4.044418831703368e-13
4.865768675151617e-13
6.208052695971309e-13
8.188700199739892e-13
1.098086998928713e-12
1.4827094100597e-12
2.005901527932448e-12
2.710520963300849e-12
3.654124812575994e-12
4.91081521683527e-12
6.578077761537439e-12
8.77942653966526e-12
1.167523640694273e-11
1.546999633937759e-11
2.042550014804098e-11
2.687388118585082e-11
3.523735805168978e-11
4.604669166441504e-11
5.997282998887117e-11
7.785635648249867e-11
1.007516615521577e-10
1.299735608858425e-10
1.67162341285532e-10
2.143485748998007e-10
2.740512395048212e-10
3.493804552279574e-10
4.441688825778938e-10
5.631257028631662e-10
7.120253168432556e-10
8.979303661567976e-10
1.129462146669387e-09
1.417117320382784e-09
1.773645373616439e-09
2.2145052918341e-09
2.758394884890012e-09
3.427883823334645e-09
4.250156513156614e-09
5.257887603248128e-09
6.49026705049444e-09
7.994208746760107e-09
9.825748735550387e-09
1.205168614749306e-08
1.475148250142238e-08
1.801946869310677e-08
2.196739361879591e-08
2.672737839966287e-08
3.245532977094552e-08
3.933486986787928e-08
4.758185207213596e-08
5.74495435383387e-08
6.92345624873577e-08
8.328366231443027e-08
1.000014734807157e-07
1.198593226388024e-07
1.434052595150293e-07
1.712754365796434e-07
2.042070031974312e-07
2.430526949949625e-07
2.887973044619202e-07
3.42576247424281e-07
4.056964725776702e-07
4.796599422349214e-07
5.661899912564599e-07
6.672608459896136e-07
7.851306443518494e-07
9.22378309197931e-07
1.081944668874762e-06
1.267178239299761e-06
1.481886122486126e-06
1.730390511173319e-06
2.017591320383542e-06
2.349035500468509e-06
2.730993646870673e-06
3.170544556883492e-06
3.675668401145067e-06
4.255349269025384e-06
4.919687845169179e-06
5.6800250571459e-06
6.549077554960442e-06
7.541085953684385e-06
8.671976791528673e-06
9.95953921877765e-06
1.14236174812026e-05
1.308632027655228e-05
1.497224813017942e-05
1.71087399608689e-05
1.952614001321146e-05
2.225808640121788e-05
2.534182245704766e-05
2.881853215963731e-05
3.273370081519964e-05
3.713750223213862e-05
4.20852135096521e-05
4.763765862534058e-05
5.386168271349768e-05
6.08306607958983e-05
6.862504142434898e-05
7.733292612339721e-05
8.70506860664377e-05
9.788361746891759e-05
0.0001099466371559243
0.0001233650197129597
0.0001382751776195761
0.0001548254856808103
0.0001731771510234839
0.0001935051298424844
0.0002159990919971644
0.0002408644344333256
0.0002683233443162384
0.0002986159125821089
0.000332001298507874
0.0003687589456679312
0.0004091898494908811
0.0004536178764069233
0.0005023911343054681
0.0005558833937934212
0.0006144955594216043
0.0006786571897437777
0.0007488280648063208
0.0008254998003438086
0.0009091975099196594
0.00100048151126353
0.001099949073409346
0.001208236201610631
0.001326019456615378
0.001454017804443744
0.001592994492271942
0.0017437589455157
0.001907168680608326
0.002084131227399277
0.002275606054589925
0.002482606493104819
0.002706201670107351
0.00294751845422473
0.003207743385074029
0.003488124560614189
0.003789973483270612
0.004114666868511568
0.004463648409755818
0.004838430484418063
0.005240595791622552
0.005671798910626454
0.006133767772560292
0.006628305035641305
0.007157289350814883
0.007722676509882786
0.008326500462046624
0.008970874189719993
0.009657990432568337
0.01039012224561941
0.01116962338391005
0.01199892849802915
0.01288055313152585
0.01381709350904924
0.01481122610045406
0.0158657069548096
0.01698337078804747
0.01816712981670058
0.01941997232768812
0.02074496096983075
0.02214523076383838
0.02362398681508406
0.02518450172449361
0.02683011268999343
0.02856421828598159
0.03039027492228759
0.03231179296847599
0.03433233254291876
0.0364554989628656
0.03868493784631471
0.04102432987360466
0.04347738519722227
0.04604783750484812
0.04873943773702683
0.05155594745437703
0.05450113186964561
0.05757875253698716
0.06079255971100156
0.06414628438321104
0.06764362999528006
0.07128826385237588
0.07508380823364727
0.07903383122053807
0.08314183725740458
0.08741125744876714
0.09184543962571917
0.09644763818269059
0.1012210037130175
0.106168572464329
0.1112932556234939
0.116597828473049
0.1220849194236467
0.1277569989575525
0.1336163685100467
0.1396651493033404
0.1459052711839646
0.152338461469938
0.1589662338485753
0.1657898773562207
0.1728104454569154
0.1800287452767807
0.1874453270015255
0.1950604734830494
0.2028741900890442
0.2108861948124703
0.2190959087018625
0.2275024466182091
0.2361046083669341
0.2449008702389474
0.2538893769742211
0.2630679342084876
0.2724340014060287
0.2819846853287487
0.2917167340730726
0.3016265316812925
0.3117100933856431
0.321963061481727
0.3323807018784041
0.342957901350186
0.3536891654913046
0.3645686174259383
0.3755899972613281
0.3867466623227228
0.3980315881879368
0.4094373705132577
0.4209562277006931
0.432580004380196
0.4443001757359022
0.456107852684111
0.4679937878834429
0.4799483826179263
0.4919616945143126
0.5040234461119454
0.5161230342815654
0.5282495404648029
0.5403917417712574
0.5525381228747189
0.5646768886997005
0.5767959778826367
0.58888307699757
0.6009256356168711
0.6129108820816508
0.6248258397957385
0.6366573440193537
0.6483920595412132
0.6600164999400963
0.6715170475718595
0.6828799723920367
0.6940914494907842
0.7051375777666936
0.7160044023216038
0.7266779381708705
0.7371441925699855
0.7473891857399168
0.7573989718902919
0.7671596615303514
0.7766574442501701
0.785878611430075
0.7948095787975168
0.80343690897635
0.8117473341039003
0.819727778370747
0.8273653804153411
0.8346475155229813
0.841561817576133
0.8480962007566553
0.8542388809061489
0.8599783965148047
0.8653036292925369
0.8702038242558456
0.8746686093246163
0.8786880143474892
0.8822524895352593
0.8853529232618214
0.8879806591701727
0.8901275125795017
0.8917857861244611
0.8929482846179553
0.8936083291050883
0.8937597700509331
0.8933969996616137
0.8925149632848877
0.8911091698924734
0.8891757016221988
0.8867112223337913
0.8837129851866667
0.8801788391988585
0.8761072347964356
0.8714972283430854
0.8663484856218049
0.8606612842907497
0.8544365152821782
0.8476756831577403
0.8403809054220763
0.8325549107856471
0.8242010364111878
0.815323224124071
0.8059260156057686
0.7960145465839848
0.7855945400277785
0.7746722983933394
0.7632546949113476
0.7513491639435458
0.7389636904318507
0.7261067984576649
0.7127875389587791
0.69901547661295
0.6848006759305837
0.6701536865877722
0.6550855280195291
0.6396076733218327
0.6237320324840581
0.6074709349980552
0.5908371118815035
0.5738436771465927
0.5565041087681389
0.538832229176363
0.5208421853210952
0.5025484283485233
0.483965692926448
0.4651089762716016
0.4459935169090065
0.4266347732089744
0.4070484017440152
0.3872502355054204
0.3672562620313922
0.3470826014771428
0.3267454846699666
0.3062612311898075
0.2856462275131414
0.2649169052656159
0.2440897196157102
0.2231811278505592
0.202207568169891
0.1811854387300484
0.1601310769755866
0.1390607392898945
0.1179905810001685
0.09693663676708317
0.07591480138661606
0.05494081103420459
0.03403022497714652
0.01319840778208425
-0.007539487958552115
-0.02816853835874307
-0.04867406440811529
-0.06904164755831607
-0.08925714470830524
-0.1093067025720122
-0.1291767714124438
-0.1488541181294567
-0.168325838687919
-0.1875793698766958
-0.2066025003898781
-0.2253833812208313
-0.2439105353649813
-0.2621728668243144
-0.280159668911691
-0.29786063185319
-0.3152658496866827
-0.3323658264612235
-0.3491514817363809
-0.3656141553882749
-0.381745611727716
-0.3975380429320778
-0.4129840717990736
-0.4280767538295117
-0.4428095786549537
-0.4571764708216727
-0.4711717899367122
-0.484790330191339
-0.4980273192719275
-0.5108784166748759
-0.5233397114408783
-0.5354077193239397
-0.5470793794203596
-0.5583520502667075
-0.5692235054212479
-0.5796919285472537
-0.5897559080199671
-0.5994144310871473
-0.6086668775933995
-0.6175130132870827
-0.6259529827299499
-0.6339873018294093
-0.6416168500205299
-0.6488428621126541
-0.6556669198230276
-0.6620909430185404
-0.6681171806853283
-0.673748201654219
-0.678986885096049
-0.6838364108088277
-0.6883002493172473
-0.6923821518022385
-0.696086139884969
-0.6994164952812919
-0.7023777493525949
-0.704974672572257
-0.707212263919673
-0.709095740222399
-0.7106305254618785
-0.7118222400639674
-0.7126766901914735
-0.7131998570530301
-0.7133978862500353
-0.7132770771718829
-0.7128438724587732
-0.7121048475464189
-0.7110667002996099
-0.7097362407464637
-0.7081203809286901
-0.7062261248923669
-0.7040605588309184
-0.7016308413773172
-0.6989441940508909
-0.6960078918739709
-0.6928292541811533
-0.6894156356297267
-0.685774417405559
-0.6819129986270527
-0.6778387879592642
-0.6735591954580142
-0.669081624649263
-0.6644134648352666
-0.6595620836269314
-0.6545348197118289
-0.6493389758735669
-0.6439818122652861
-0.6384705399284449
-0.6328123145559759
-0.6270142305040726
-0.6210833150605291
-0.6150265229701776
-0.6088507312129505
-0.6025627340369394
-0.5961692382423689
-0.5896768587143141
-0.5830921142029809
-0.576421423351937
-0.5696711009779898
-0.5628473545939077
-0.5559562811682726
-0.5490038641195438
-0.5419959705436995
-0.5349383486772648
-0.527836625585814
-0.5206963050695689
-0.5135227657820775
-0.5063212595622142
-0.4990969099814963
-0.4918547110945568
-0.4845995263837558
-0.4773360878928024
-0.470068995546631
-0.462802716655083
-0.4555415855921877
-0.4482898036470642
-0.4410514390405115
-0.4338304270990363
-0.4266305705809551
-0.419455540148228
-0.4123088749787647
-0.4051939835135528
-0.3981141443336911
-0.3910725071652672
-0.3840720940018689
-0.3771158003361075
-0.3702063964945614
-0.3633465290735809
-0.3565387224738181
-0.3497853805241829
-0.343088788187659
-0.336451113343666
-0.329874408643614
-0.323360613436772
-0.3169115557588034
-0.3105289543770367
-0.3042144208875976
-0.2979694618602905
-0.2917954810282264
-0.2856937815158702
-0.2796655681007278
-0.2737119495044227
-0.2678339407091629
-0.2620324652966068
-0.2563083578041126
-0.2506623660944193
-0.245095153735114
-0.2396073023846859
-0.2341993141829394
-0.2288716141411961
-0.2236245525289941
-0.2184584072542625
-0.2133733862341571
-0.2083696297544451
-0.2034472128140997
-0.1986061474525348
-0.1938463850571179
-0.1891678186492057
-0.1845702851476843
-0.1800535676068432
-0.175617397426635
-0.1712614565335583
-0.1669853795305542
-0.1627887558149289
-0.1586711316623763
-0.1546320122756733
-0.1506708637969135
-0.1467871152825363
-0.1429801606408381
-0.1392493605303191
-0.1355940442175755
-0.1320135113940736
-0.1285070339518805
-0.1250738577185934
-0.1217132041501777
-0.1184242719810529
-0.1152062388311911
-0.112058262770086
-0.1089794838377398
-0.1059690255223572
-0.1030259961947625
-0.1001494904996021
-0.09733859070358827
-0.09459236800136064
-0.09190988377875146
-0.08929019083362812
-0.08673233455466373
-0.08423535405839409
-0.08179828328513135
-0.07942015205406311
-0.0770999870780978
-0.07483681293900406
-0.07262965302325174
-0.07047753041923815
-0.0683794687764679
-0.06633449312768296
-0.06434163067455123
-0.0623999115371606
-0.06050836946782678
-0.05866604253021066
-0.05687197374487913
-0.0551252117020146
-0.05342481114162397
-0.05176983350185908
-0.05015934743642268
-0.04859242930204284
-0.04706816361677022
-0.04558564348985435
-0.04414397102400659
-0.04274225769073837
-0.04137962467943838
-0.04005520322093186
-0.03876813488656543
-0.03751757186366321
-0.0363026772080109
-0.03512262507401009
-0.03397660092326001
-0.03286380171246767
-0.03178343606153345
-0.03073472440240502
-0.02971689910926839
-0.02872920461084003
-0.02777089748558738
-0.02684124654076485
-0.02593953287576327
-0.02506504993026838
-0.02421710351794121
-0.02339501184635975
-0.02259810552389348
-0.02182572755407608
-0.02107723331805576
-0.02035199054569359
-0.01964937927592352
-0.01896879180695271
-0.01830963263680504
-0.01767131839484869
-0.01705327776474574
-0.01645495139929363
-0.01587579182756982
-0.01531526335492096
-0.01477284195631337
-0.01424801516349515
-0.01374028194636764
-0.01324915258902689
-0.01277414856083328
-0.01231480238286002
-0.01187065749006449
-0.01144126808966512
-0.01102619901599735
-0.01062502558225306
-0.01023733342928439
-0.009862718371871986
-0.009500786242752182
-0.00915115273475635
-0.008813443241274078
-0.008487292695230889
-0.00817234540689033
-0.007868254900636359
-0.007574683751117611
-0.007291303418854419
-0.007017794085571047
-0.006753844489459685
-0.006499151760519637
-0.006253421256101344
-0.0060163663969027
-0.005787708503535297
-0.005567176633834521
-0.005354507421030545
-0.005149444912925163
-0.004951740412181574
-0.004761152317818908
-0.004577445968053145
-0.004400393484540264
-0.004229773618287922
-0.004065371597123614
-0.003906978974847694
-0.003754393482130487
-0.003607418879260626
-0.003465864810820397
-0.003329546662380445
-0.00319828541910797
-0.003071907526466282
-0.002950244752987567
-0.0028331340551828
-0.002720417444654529
-0.00261194185737821
-0.002507559025148986
-0.00240712534930866
-0.002310501776695343
-0.002217553677890814
-0.00212815072770678
-0.002042166787960958
-0.001959479792509566
-0.001879971634548249
-0.001803528056183383
-0.001730038540276363
-0.001659396204580057
-0.001591497698101365
-0.001526243099684307
-0.001463535818824217
-0.00140328249868702
-0.001345392921300989
-0.001289779914912273
-0.001236359263533444
-0.001185049618589214
-0.00113577241265801
-0.001088451775301155
-0.001043014450913532
-0.0009993897186431659
-0.0009575093142530979
-0.00091730735399971
-0.0008787202604257949
-0.0008416866900649172
-0.0008061474630486537
-0.0007720454945129502
-0.0007393257278615637
-0.0007079350698039502
-0.0006778223271461192
-0.0006489381452886674
-0.0006212349484425669
-0.000594666881470527
-0.0005691897533683399
-0.0005447609823438326
-0.0005213395424390632
-0.0004988859117133676
-0.0004773620218623209
-0.0004567312093690301
-0.0004369581680129164
-0.0004180089028348923
-0.0003998506854356605
-0.0003824520106368416
-0.0003657825544192583
-0.000349813133145106
-0.0003345156640377692
-0.0003198631268441267
-0.0003058295267026901
-0.0002923898581717336
-0.0002795200703534265
-0.0002671970331291795
-0.0002553985044630991
-0.000244103098758508
-0.0002332902562354585
-0.000222940213265419
-0.000213033973595724
-0.0002035532805090502
-0.0001944805900164657
-0.0001857990450879469
-0.0001774924506187621
-0.0001695452490240496
-0.0001619424965851651
-0.0001546698407244192
-0.0001477134981843147
-0.0001410602338811364
-0.0001346973404603184
-0.0001286126185087053
-0.0001227943574656494
-0.0001172313172028654
-0.000111912710230539
-0.0001068281845539344
-0.0001019678070750334
-9.732204762451181e-05
-9.288176352769457e-05
-8.863818472767168e-05
-8.458289943823863e-05
-8.070784030612625e-05
-7.700527105709078e-05
-7.346777365023778e-05
-7.008823587400954e-05
-6.68598393790464e-05
-6.377604818713081e-05
-6.08305975763733e-05
-5.801748340825766e-05
-5.533095182729228e-05
-5.276548934039966e-05
-5.031581327496738e-05
-4.797686258312969e-05
-4.574378899487428e-05
-4.361194848512119e-05
-4.157689309677179e-05
-3.963436302710713e-05
-3.778027905265776e-05
-3.60107352167299e-05
-3.432199181235864e-05
-3.271046861331963e-05
-3.117273837583815e-05
-2.970552060130955e-05
-2.830567551372505e-05
-2.697019829331516e-05
-2.569621352075541e-05
-2.448096983947514e-05
-2.332183482537583e-05
-2.221629006204717e-05
-2.116192640995069e-05
-2.015643945466332e-05
-1.919762513653257e-05
-1.828337555231318e-05
-1.741167493887448e-05
-1.658059579794909e-05
-1.578829517256242e-05
-1.503301110163481e-05
-1.431305917827016e-05
-1.36268292787881e-05
-1.297278239772614e-05
-1.234944763317422e-05
-1.175541928328683e-05
-1.118935405169483e-05
-1.064996839088142e-05
-1.013603592188069e-05
-9.646385011202882e-06
-9.179896383166249e-06
-8.735500861291181e-06
-8.3121772315779e-06
-7.908950129078805e-06
-7.524888077605802e-06
-7.159101575761957e-06
-6.810741249791123e-06
-6.478996130260568e-06
-6.163091956016033e-06
-5.862289572033901e-06
-5.575883401936046e-06
-5.303199935642351e-06
-5.04359635652092e-06
-4.796459163144946e-06
-4.561202885513713e-06
-4.337268840263465e-06
-4.124123940489029e-06
-3.921259556046873e-06
-3.728190447965761e-06
-3.54445369419334e-06
-3.369607710186361e-06
-3.203231292925395e-06
-3.044922705797445e-06
-2.894298795457426e-06
-2.750994184969896e-06
-2.61466043954574e-06
-2.484965325468313e-06
-2.361592069577751e-06
-2.244238660429514e-06
-2.132617175341967e-06
-2.026453151284814e-06
-1.925484968027466e-06
-1.829463254097811e-06
-1.738150346165005e-06
-1.651319746943207e-06
-1.568755610278284e-06
-1.490252249784418e-06
-1.415613677902898e-06
-1.344653166048841e-06
-1.277192814070521e-06
-1.213063142286081e-06
-1.152102697814822e-06
-1.094157691907733e-06
-1.039081637328186e-06
-9.867350182377073e-07
-9.369849719466303e-07
-8.897049577924317e-07
-8.447744834539643e-07
-8.020788144605623e-07
-7.615087124057616e-07
-7.229601688817963e-07
-6.863341645157543e-07
-6.515364317049421e-07
-6.184772453464617e-07
-5.870711851207704e-07
-5.572369599099385e-07
-5.288971910554212e-07
-5.019782393839477e-07
-4.764100280324902e-07
-4.521258674819741e-07
-4.290623012300921e-07
-4.071589539200951e-07
-3.863583804403033e-07
-3.666059261726148e-07
-3.478496027565078e-07
-3.300399469475817e-07
-3.131299151586251e-07
-2.970747500848844e-07
-2.81831892872575e-07
-2.673608660204238e-07
-2.536231721060919e-07
-2.405821935114589e-07
-2.282031218426992e-07
-2.164528547569872e-07
-2.052999138642119e-07
-1.94714374992508e-07
-1.846677883335078e-07
-1.751331038474463e-07
-1.660846074191145e-07
-1.574978521851727e-07
-1.493496036821397e-07
-1.416177851246848e-07
-1.342814030589278e-07
-1.273205038859229e-07
-1.207161348476174e-07
-1.144502889170376e-07
-1.085058511936331e-07
-1.028665684256215e-07
-9.751698042960088e-08
-9.2442390648241e-08
-8.762884138439243e-08
-8.306308524227957e-08
-7.873252546862687e-08
-7.46252029057564e-08
-7.072975434432206e-08
-6.703538903673009e-08
-6.353185554843801e-08
-6.020942338589919e-08
-5.705884832913128e-08
-5.407134701697692e-08
-5.123858571654667e-08
-4.855264435963544e-08
-4.600600236234893e-08
-4.359152606247108e-08
-4.13024354076195e-08
-3.913229719814126e-08
-3.707500906110124e-08
-3.512476374684744e-08
-3.32760615007443e-08
-3.152367687421582e-08
-2.986264326906181e-08
-2.828824967215463e-08
-2.679603350661419e-08
-2.538175026519766e-08
-2.404138215871392e-08
-2.277110822199093e-08
-2.156729887522477e-08
-2.042651694914195e-08
-1.934549803138924e-08
-1.832114620625207e-08
-1.735052303774738e-08
-1.643083414317845e-08
-1.55594357973343e-08
-1.473382108254513e-08
-1.395161312079149e-08
-1.32105501889169e-08
-1.25084909775313e-08
-1.184340875037928e-08
-1.121336838127853e-08
-1.06165459897516e-08
-1.005120919508373e-08
-9.515709245030593e-09
-9.008490764489406e-09
-8.528078110208015e-09
-8.073059390979185e-09
-7.642113014561067e-09
-7.233972948939311e-09
-6.84744639855429e-09
-6.481399606655193e-09
-6.134757252861231e-09
-5.806496278095622e-09
-5.495654185082678e-09
-5.20131676478547e-09
-4.922613127167002e-09
-4.658719215683287e-09
-4.40886009534892e-09
-4.172292172303487e-09
-3.948319564201556e-09
-3.736277154414662e-09
-3.535533994618828e-09
-3.345492134170975e-09
-3.165584533933209e-09
-2.995277076088824e-09
-2.834062473768992e-09
-2.681458797847963e-09
-2.537009788809087e-09
-2.400284592113723e-09
-2.270876406678574e-09
-2.148392825097307e-09
-2.032464642131793e-09
-1.922742993664685e-09
-1.818903037216186e-09
-1.720629673918469e-09
-1.627628916962722e-09
-1.539618747857764e-09
-1.456332863937292e-09
-1.377525709728039e-09
-1.30295152144024e-09
-1.232386743319168e-09
-1.165612628356522e-09
-1.102431622265979e-09
-1.042650907321214e-09
-9.860926370021941e-10
-9.325829158719619e-10
-8.819554430740124e-10
-8.340591049698471e-10
-7.887462823533963e-10
-7.458780520095852e-10
-7.053288794891309e-10
-6.669678786444491e-10
-6.306844289038636e-10
-5.963611659435262e-10
-5.638955820470066e-10
-5.331809954830902e-10
-5.041273177239756e-10
-4.766464975886268e-10
-4.506520530388984e-10
-4.260699335212018e-10
-4.028222848490219e-10
-3.808326928690114e-10
-3.600347023044723e-10
-3.403665926637285e-10
-3.217694759975337e-10
-3.041791809608405e-10
-2.875479720546109e-10
-2.718247463193514e-10
-2.569557598484578e-10
-2.428933313300474e-10
-2.295932938463826e-10
-2.170193658993461e-10
-2.051316650953219e-10
-1.938881495383309e-10
-1.832559047491759e-10
-1.732052022610364e-10
-1.637019537596984e-10
-1.547166391440773e-10
-1.462235832689064e-10
-1.381948171851504e-10
-1.306045051627208e-10
-1.234303451700761e-10
-1.166482264910398e-10
-1.102356864865851e-10
-1.041724326404828e-10
-9.844074699050929e-11
-9.302583830129201e-11
-8.790658275933688e-11
-8.306767590546974e-11
-7.849399413847963e-11
-7.416693042390648e-11
-7.007402995073732e-11
-6.620911870235687e-11
-6.255507314477079e-11
-5.91038986436219e-11
-5.584432169879903e-11
-5.276317597617611e-11
-4.98536033045204e-11
-4.710428637746862e-11
-4.450881163397895e-11
-4.20520247153455e-11
-3.972868272202604e-11
-3.753007167249054e-11
-3.544992671973456e-11
-3.348944657216446e-11
-3.163437720420403e-11
-2.988016171463737e-11
-2.82284653669641e-11
-2.666189777933153e-11
-2.518698835484962e-11
-2.379279972804446e-11
-2.24763144415951e-11
-2.122938234462138e-11
-2.005293219962365e-11
-1.893665633319106e-11
-1.788565819668903e-11
-1.689636930293969e-11
-1.595934844078572e-11
-1.50764264859714e-11
-1.424539797133835e-11
-1.345790826329081e-11
-1.271098074763821e-11
-1.200576918961357e-11
-1.133675648480666e-11
-1.070014415621937e-11
-1.00979552514879e-11
-9.531617112066949e-12
-9.000158676246715e-12
-8.49734828577415e-12
-8.023806506009467e-12
-7.578849705109627e-12
-7.159750535862424e-12
-6.763299587525797e-12
-6.392899407098304e-12
-6.043770914359148e-12
-5.711004190671505e-12
-5.394909219958706e-12
-5.096701572896878e-12
-4.807447047353286e-12
-4.534014943892073e-12
-4.275386774015648e-12
-4.03101709215436e-12
-3.799505138507133e-12
-3.585667018647825e-12
-3.387796973571184e-12
-3.199464744635241e-12
-3.024347476304624e-12
-2.859804481612664e-12
-2.704764004615814e-12
-2.556405916338891e-12
-2.415829258703014e-12
-2.28030034850919e-12
-2.15117584877021e-12
-2.030054797831486e-12
-1.914896275380398e-12
-1.802831763129996e-12
-1.701453099073389e-12
-1.606512747652605e-12
-1.515367033410806e-12
-1.429436523012137e-12
-1.351926654413816e-12
-1.275765956863464e-12
-1.205738496560926e-12
-1.140885115646164e-12
-1.077118943752772e-12
-1.015766590074526e-12
-9.593116258188927e-13
-9.067391555212311e-13
-8.534096972115938e-13
-8.035338682328846e-13
-7.549305319418666e-13
-7.140839019382223e-13
-6.718378898875206e-13
-6.361942767755975e-13
-6.019587661045442e-13
-5.718264438450101e-13
-5.437299150446469e-13
-5.156099562674343e-13
-4.842373996969706e-13
-4.553950457840131e-13
-4.260598447357436e-13
-3.989089120320776e-13
-3.730203138180842e-13
-3.520855573565217e-13
-3.345582808225088e-13
-3.216116749193285e-13
-3.031902260259853e-13
-2.849785602090495e-13
