-7.683891964160734e-14
-4.898820847402697e-14
-2.944018283161614e-14
-1.585114852357308e-14
-6.110642048380517e-15
1.922991950299157e-15
9.64822100953346e-15
1.811643954363969e-14
2.848697867830957e-14
4.201225901518037e-14
5.984234248608423e-14
8.448309905401074e-14
1.181556943863309e-13
1.641908801593381e-13
2.276544770298702e-13
3.141513046405465e-13
4.325745409621611e-13
5.938283068028232e-13
8.125051502601403e-13
1.108435436552817e-12
1.507604999811712e-12
2.043480965035748e-12
2.760501896931408e-12
3.716255547021441e-12
4.985975869741428e-12
6.665227371502419e-12
8.87989871041209e-12
1.17887377628647e-11
1.559660091223189e-11
2.056356772253022e-11
2.702191971425275e-11
3.539093501263851e-11
4.620214837030554e-11
6.012471249197222e-11
7.799878916486177e-11
1.008792338038699e-10
1.300842003060799e-10
1.672574394659506e-10
2.144396564179135e-10
2.741669698883185e-10
3.495736164703652e-10
4.445315566647034e-10
5.638022645712538e-10
7.132409602153952e-10
9.000194213325919e-10
1.132905698047168e-09
1.422597610026024e-09
1.782115863630904e-09
2.227268874715645e-09
2.777213576659637e-09
3.45510761203974e-09
4.288884954245414e-09
5.31216324743006e-09
6.565317540130012e-09
8.096731997852926e-09
9.964271146491947e-09
1.22369958475866e-08
1.499715715828474e-08
1.83425257019278e-08
2.238908613418597e-08
2.727416074804305e-08
3.31600263518084e-08
4.023807787180511e-08
4.873363190639314e-08
5.891144644131661e-08
7.108205419421064e-08
8.560902064328796e-08
1.029172373844812e-07
1.235023944991828e-07
1.479417693613879e-07
1.769065059383318e-07
2.111755479763849e-07
2.516514467701107e-07
2.993782471405603e-07
3.5556169938457e-07
4.215920622798245e-07
4.990697931833713e-07
5.898344302834587e-07
6.959970302203214e-07
8.199765297633472e-07
9.645404420925648e-07
1.132850347296236e-06
1.328512655875941e-06
1.555635165789951e-06
1.818889989902774e-06
2.123583460081319e-06
2.475733668021801e-06
2.882156334486918e-06
3.350559782587981e-06
3.889649801368838e-06
4.509245255393265e-06
5.220405361727113e-06
6.035569578373696e-06
6.968711125785825e-06
8.035505200740703e-06
9.253512992356232e-06
1.06423826604732e-05
1.222406848091669e-05
1.402306937791678e-05
1.60666881365918e-05
1.838531255819453e-05
2.101271991037124e-05
2.398640635671797e-05
2.734794395214956e-05
3.114336640604802e-05
3.5423585028152e-05
4.024483656235393e-05
4.566916467476625e-05
5.176493687934726e-05
5.860739874698657e-05
6.627926721517178e-05
7.487136488054991e-05
8.448329710422491e-05
9.522417381080965e-05
0.0001072133778042155
0.0001205813814048429
0.0001354706131802441
0.0001520363764770281
0.0001704478213913016
0.0001908889717174631
0.0002135598083285056
0.0002386774102884964
0.0002664771548536391
0.0002972139773634564
0.0003311636917823572
0.000368624372479756
0.0004099177975712256
0.0004553909544878375
0.0005054176094141833
0.0005603999395028249
0.0006207702267618704
0.0006869926126170772
0.0007595649118022131
0.000839020483762886
0.0009259301593649179
0.001020904220132204
0.001124594426758326
0.001237696093015628
0.001360950200688335
0.001495145551766117
0.001641120964643393
0.001799767513916368
0.0019720307965462
0.002158913206631125
0.002361476217260892
0.002580842669488008
0.002818199062327151
0.003074797831681101
0.003351959609264064
0.003651075451277272
0.003973609028525634
0.004321098767761922
0.00469515993162817
0.005097486627479404
0.005529853731029004
0.005994118713598508
0.006492223360146094
0.007026195362837274
0.00759814977893189
0.008210290336030785
0.00886491057177553
0.009564394793394172
0.01031121883965336
0.01110795063343385
0.01195725050586266
0.01286187127865396
0.01382465808936872
0.01484854794106704
0.01593656896539558
0.01709183937923408
0.0183175661226414
0.01961704316377424
0.02099364945268276
0.02245084651606301
0.02399217567365294
0.0256212548668946
0.0273417750882684
0.02915749639574789
0.03107224350976328
0.03308990097574523
0.03521440788796355
0.03744975216795093
0.03979996438621748
0.04226911113190358
0.04486128791794035
0.04758061162524631
0.05043121248628406
0.05341722560239926
0.05654278200875124
0.05981199928068818
0.06322897169474438
0.06679775995334584
0.07052238047503677
0.07440679427533888
0.07845489543924258
0.0826704992090451
0.08705732970633705
0.09161900729865601
0.09635903564864033
0.1012807884539726
0.1063874959124113
0.1116822309406593
0.1171678951666301
0.1228472047461018
0.1287226760185869
0.1347966110471861
0.1410710830803329
0.1475479219622739
0.1542286995539503
0.1611147151850897
0.1682069811920673
0.1755062085869567
0.1830127928893711
0.1907268001916909
0.19864795348147
0.2067756192826272
0.2151087946652846
0.2236460946568438
0.2323857401287838
0.2413255461838608
0.2504629111102227
0.2597948059531939
0.2693177647337632
0.2790278753887585
0.2889207714532939
0.298991624551046
0.3092351377392371
0.3196455397310696
0.3302165800678259
0.3409415252516099
0.3518131558965139
0.3628237649364527
0.3739651569036703
0.3852286483443449
0.3966050693673911
0.4080847663723473
0.4196576059817141
0.4313129801772993
0.4430398126941808
0.4548265666518172
0.4666612534529819
0.4785314429596987
0.490424274931034
0.5023264717665837
0.5142243525094844
0.5261038481070792
0.5379505179193397
0.5497495674685607
0.5614858674974108
0.5731439742180313
0.5847081505756393
0.5961623884994024
0.6074904324886304
0.6186758051931514
0.6297018341699914
0.6405516780318604
0.6512083518546297
0.6616547541035117
0.6718736974854834
0.6818479414530931
0.6915602238040081
0.7009932911480722
0.7101299299995347
0.7189529993971007
0.7274454642562119
0.7355904289152055
0.7433711707686802
0.7507711740918228
0.7577741640922263
0.7643641410182738
0.7705254142246277
0.7762426361103505
0.781500835842654
0.7862854528275915
0.7905823698014356
0.7943779454748746
0.7976590466472401
0.8004130796883366
0.8026280213419034
0.804292448734979
0.8053955685337194
0.8059272451681752
0.8058780280290839
0.8052391775936314
0.8040026903790581
0.8021613226782596
0.7997086130114739
0.7966389032064923
0.7929473580726248
0.788629983587401
0.7836836435661502
0.7781060747653359
0.7718959003503885
0.7650526417092117
0.7575767285514026
0.7494695072790672
0.7407332476002648
0.7313711473430181
0.7213873354735379
0.7107868732791103
0.6995757537167626
0.6877608989213836
0.6753501558608206
0.662352290163934
0.6487769781056333
0.6346347967679479
0.6199372123941359
0.6046965669516662
0.5889260629516677
0.57263974653224
0.5558524888447202
0.5385799657813652
0.5208386360813431
0.5026457178765393
0.4840191637127737
0.464977634109055
0.4455404697114498
0.425727662092834
0.4055598232719582
0.385058154008962
0.3642444109531305
0.3431408727144976
0.3217703049289392
0.3001559244017349
0.27832136239891
0.2562906271699024
0.2340880657828139
0.211738325352114
0.1892663137482149
0.1666971598674218
0.1440561735492225
0.1213688052265365
0.09866060539386469
0.07595718398192138
0.05328416971988274
0.03066716957070123
0.008131728323390729
-0.01429671157483627
-0.03659284986425656
-0.05873156791657794
-0.08068796769836478
-0.1024374101775659
-0.1239555530971747
-0.1452183880435043
-0.1662022767369252
-0.186883986478576
-0.2072407246879766
-0.2272501724661195
-0.2468905171257845
-0.266140483629124
-0.2849793648807133
-0.3033870508252765
-0.3213440562992022
-0.3388315475946808
-0.3558313676914518
-0.372326060121132
-0.3882988914300454
-0.4037338722063019
-0.4186157766482766
-0.4329301606462411
-0.446663378360935
-0.4598025972828898
-0.4723358117548098
-0.4842518549523073
-0.4955404093117962
-0.5061920154057212
-0.5161980792661504
-0.5255508781580361
-0.5342435648161388
-0.5422701701503064
-0.5496256044380408
-0.5563056570214607
-0.5623069945213615
-0.5676271575928189
-0.5722645562461318
-0.57621846377018
-0.5794890092893084
-0.5820771689786004
-0.5839847559766703
-0.5852144090292977
-0.5857695799065571
-0.5856545196352665
-0.5848742635895465
-0.5834346154941149
-0.5813421303768919
-0.5786040965157625
-0.5752285164287804
-0.5712240869618326
-0.5666001785352357
-0.5613668135912981
-0.5555346442946313
-0.5491149295384117
-0.5421195113101572
-0.5345607904767152
-0.5264517020372715
-0.51780568990013
-0.508636681237564
-0.4989590604717763
-0.4887876429512297
-0.4781376483649543
-0.4670246739485946
-0.4554646675343
-0.4434739004939715
-0.4310689406293698
-0.4182666250561192
-0.4050840331341672
-0.3915384594916677
-0.3776473871842109
-0.3634284610357436
-0.3488994612035308
-0.3340782770114334
-0.3189828810922424
-0.3036313038772145
-0.2880416084729246
-0.2722318659590135
-0.2562201311428501
-0.2400244188035545
-0.2236626804536121
-0.2071527816474467
-0.19051247986572
-0.1737594030048875
-0.1569110284949608
-0.1399846630635061
-0.1229974231657945
-0.1059662161018019
-0.08890772183946405
-0.07183837555828984
-0.05477435092409385
-0.03773154410660266
-0.02072555855119586
-0.00377169051396751
0.01311508463450092
0.02992012533252569
0.04662913597382554
0.06322817827458564
0.0797036818613215
0.09604245408180587
0.1122316890409986
0.1282589758650499
0.1441123061985344
0.1597800809426206
0.1752511162425376
0.1905146487325433
0.2055603400492977
0.2203782806240079
0.2349589927650647
0.2492934330441382
0.2633729940005864
0.2771895051818771
0.2907352335336505
0.3040028831545281
0.3169855944326047
0.3296769425826979
0.3420709356062147
0.354162011689549
0.3659450360577549
0.377415297302844
0.3885685032098816
0.399400776106741
0.4099086477536579
0.420089053790509
0.4299393277624803
0.4394571947471977
0.4486407646073569
0.4574885248880657
0.4659993333817747
0.4741724103822952
0.4820073306463545
0.4895040150843142
0.4966627221999543
0.5034840393005851
0.5099688734980294
0.5161184425216777
0.5219342653684123
0.5274181528040121
0.5325721977309751
0.5373987654415073
0.541900483777883
0.5460802332233838
0.5499411369363415
0.5534865507410469
0.5567200530920086
0.5596454350300972
0.5622666901505955
0.5645880045938909
0.5666137470718732
0.5683484589438061
0.5697968443562285
0.5709637604627789
0.5718542077332417
0.5724733203627427
0.5728263567922509
0.5729186903513208
0.5727558000354033
0.5723432614247554
0.5716867377537541
0.5707919711387203
0.5696647739728461
0.5683110204981427
0.5667366385584016
0.5649476015387177
0.5629499204973353
0.5607496364947514
0.5583528131264697
0.555765529261688
0.55299387199107
0.5500439297867331
0.5469217858784419
0.5436335118511265
0.540185161462686
0.5365827646828591
0.5328323219542184
0.5289397986758151
0.5249111199112585
0.5207521653194542
0.516468764306939
0.512066691401167
0.5075516618443718
0.5029293274091687
0.4982052724312597
0.4933850100555897
0.488473978693494
0.4834775386906415
0.4784009692057369
0.4732494652941534
0.4680281351919049
0.4627419977966043
0.4573959803421551
0.4519949162642798
0.4465435432520878
0.4410465014815243
0.4355083320266112
0.4299334754446043
0.4243262705324736
0.418690953248284
0.4130316557924639
0.4073524058443309
0.4016571259490739
0.3959496330511356
0.3902336381685761
0.3845127462039458
0.3787904558868797
0.3730701598429341
0.3673551447839995
0.3616485918154927
0.355953576857205
0.3502730711727812
0.3446099420008913
0.338966953282153
0.333346766478465
0.3277519414824256
0.3221849376121192
0.3166481146844114
0.3111437341614307
0.3056739603667858
0.3002408617684527
0.2948464123241603
0.289492492884415
0.2841808926499374
0.2789133106783969
0.2736913574357545
0.2685165563884992
0.2633903456340367
0.2583140795668218
0.253289030575447
0.2483163907666002
0.2433972737126368
0.2385327162202675
0.2337236801183329
0.2289710540604342
0.2242756553385308
0.2196382317048375
0.2150594632004939
0.2105399639896956
0.2060802841953588
0.2016809117330279
0.1973422741407742
0.1930647404036615
0.1888486227712818
0.1846941785658191
0.1806016119785624
0.1765710758530802
0.1726026734535299
0.1686964602166976
0.1648524454861378
0.1610705942275005
0.1573508287236724
0.1536930302476725
0.1500970407117436
0.1465626642920736
0.1430896690286659
0.1396777883995016
0.1363267228679499
0.1330361414032107
0.1298056829724497
0.126634958003692
0.123523549818924
0.1204710160373544
0.1174768899488559
0.1145406818566793
0.1116618803887934
0.1088399537776103
0.106074351108505
0.1033645035375952
0.1007098254779314
0.09810971575350982
0.09556355872119807
0.09307072536087933
0.09063057433410358
0.08824245301129034
0.0859056984678994
0.08361963844975456
0.08138359230731265
0.07919687189905228
0.07705878246441425
0.07496862346682764
0.07292568940719872
0.07092927060803164
0.06897865396869329
0.067073123692054
0.06521196198269238
0.06339444971712874
0.06161986708706143
0.05988749421661339
0.05819661175336931
0.05654650143309839
0.05493644661863965
0.05336573281427719
0.05183364815659329
0.05033948388174944
0.04888253476919394
0.0474620995624139
0.04607748136767933
0.04472798803169927
0.04341293249833243
0.04213163314467089
0.04088341409707513
0.03966760552794719
0.03848354393394388
0.03733057239603383
0.03620804082189574
0.0351153061711993
0.03405173266415618
0.033016691973781
0.03200956340256513
0.03102973404441412
0.03007659893230517
0.02914956117191579
0.02824803206158087
0.02737143119923202
0.02651918657670069
0.02569073466193883
0.02488552046976781
0.02410299762179121
0.02334262839569218
0.02260388376418063
0.02188624342404999
0.02118919581587439
0.02051223813486091
0.01985487633317672
0.01921662511421775
0.01859700791917608
0.01799555690621678
0.01741181292265684
0.01684532547048722
0.01629565266570824
0.01576236119174972
0.0152450262472765
0.01474323148868057
0.01425656896755402
0.01378463906353404
0.0133270504127536
0.01288341983226136
0.01245337224073389
0.01203654057566715
0.01163256570712638
0.01124109634837612
0.01086178896374415
0.01049430767400535
0.01013832415944088
0.00979351756075948
0.009459574378032189
0.009136188367892255
0.00882306043918491
0.008519898547255499
0.008226417587054261
0.007942339285304707
0.007667392091716499
0.007401311069365187
0.007143837784523207
0.006894720196558247
0.006653712547866727
0.006420575252870874
0.006195074784651623
0.005976983561699026
0.005766079839148016
0.005562147603766264
0.005364976466863897
0.00517436155078238
0.004990103374836304
0.004812007745828553
0.004639885652657243
0.004473553161206141
0.004312831308137132
0.004157545995146492
0.004007527884538502
0.003862612296126085
0.003722639105229232
0.003587452641656258
0.003456901589828843
0.00333083889011638
0.003209121641394637
0.003091611004904619
0.002978172109428411
0.002868673957773462
0.002762989334599217
0.002660994715589436
0.002562570178010521
0.002467599312732304
0.002375969137652546
0.002287570012544357
0.002202295555318838
0.002120042559750902
0.002040710914644024
0.001964203524452926
0.001890426231390033
0.001819287738944578
0.001750699536879734
0.00168457582766091
0.001620833454365919
0.001559391830012112
0.001500172868309509
0.001443100915871097
0.00138810268581153
0.001335107192747312
0.001284045689201276
0.001234851603384822
0.001187460478361531
0.001141809912527127
0.001097839501468051
0.001055490781119188
0.001014707172258224
0.0009754339262651429
0.0009376180721830912
0.0009012083650184702
0.0008661552352876565
0.0008324107397823242
0.0007999285135370981
0.0007686637229827616
0.0007385730202815117
0.0007096144987921989
0.0006817476496754544
0.0006549333195986591
0.0006291336695386082
0.0006043121346407489
0.0005804333851405721
0.0005574632883075139
0.0005353688714142234
0.0005141182856723521
0.0004936807711730426
0.0004740266227517601
0.0004551271567877098
0.0004369546789279071
0.0004194824527042106
0.0004026846690101072
0.0003865364164569738
0.0003710136525498591
0.000356093175678044
0.0003417525979205044
0.0003279703186326424
0.0003147254987721491
0.0003019980359985572
0.0002897685404990778
0.0002780183114936121
0.0002667293144673226
0.0002558841590686137
0.0002454660776629288
0.0002354589045398989
0.0002258470557348572
0.0002166155094712934
0.0002077497871963161
0.0001992359352007155
0.0001910605067965779
0.0001832105450424653
0.0001756735660224728
0.0001684375426135221
0.0001614908888036239
0.0001548224444794855
0.0001484214606992779
0.0001422775854155576
0.0001363808496792898
0.0001307216542704659
0.0001252907567675664
0.0001200792590284958
0.0001150785950646114
0.0001102805193306132
0.0001056770953883234
0.0001012606849319352
9.70239371937533e-05
9.295977867784303e-05
8.906140324701909e-05
8.532226254146174e-05
8.173605670768861e-05
7.82967254384508e-05
7.499843933327977e-05
7.183559150169064e-05
6.880278952787523e-05
6.589484762523099e-05
6.310677912227658e-05
6.043378915973755e-05
5.787126767020651e-05
5.541478258147917e-05
5.306007326273775e-05
5.080304418844422e-05
4.863975882807568e-05
4.656643375600053e-05
4.457943294781807e-05
4.267526230267876e-05
4.08505643284842e-05
3.910211303543152e-05
3.74268090001163e-05
3.582167462428493e-05
3.428384951882469e-05
3.281058610282755e-05
3.139924532827331e-05
3.004729256392388e-05
2.875229362574031e-05
2.751191095834893e-05
2.632389995787072e-05
2.518610539617561e-05
2.409645803096371e-05
2.305297127573806e-05
2.205373803517174e-05
2.10969276568012e-05
2.018078295504948e-05
1.930361740277272e-05
1.846381234632355e-05
1.765981439976566e-05
1.689013292715721e-05
1.615333763543876e-05
1.544805615546623e-05
1.477297163190901e-05
1.412682055716326e-05
1.350839109479112e-05
1.291652148053331e-05
1.235009771772756e-05
1.180805076099257e-05
1.128935424178413e-05
1.079302339425639e-05
1.031811423610158e-05
9.863722132844706e-06
9.4289798490766e-06
9.013055782370419e-06
8.61515252742173e-06
8.234505619163992e-06
7.870382239455593e-06
7.52207993252974e-06
7.188925356337189e-06
6.870273127305407e-06
6.565504687396938e-06
6.274027235362721e-06
5.995272670736467e-06
5.728696607543947e-06
5.473777404123684e-06
5.230015240978134e-06
4.996931232316465e-06
4.774066572369528e-06
4.560981732053722e-06
4.357255650749947e-06
4.162484990689134e-06
3.976283414212901e-06
3.798280880162651e-06
3.62812297165691e-06
3.465470271298781e-06
3.309997717218029e-06
3.161394035720367e-06
3.019361157928625e-06
2.88361367860949e-06
2.75387832406996e-06
2.629893467095705e-06
2.511408624806929e-06
2.398184004765997e-06
2.2899900508756e-06
2.186607032606657e-06
2.087824617099071e-06
1.993441490177572e-06
1.90326497136558e-06
1.817110656304621e-06
1.734802066992327e-06
1.656170318812025e-06
1.581053802188915e-06
1.509297882118514e-06
1.440754590480363e-06
1.375282356663672e-06
1.312745734054342e-06
1.253015133871543e-06
1.195966590136708e-06
1.141481513153587e-06
1.089446465000642e-06
1.03975293075864e-06
9.922971265955429e-07
9.469797744792973e-07
9.037059410598161e-07
8.62384825412493e-07
8.229295953007325e-07
7.852572106377731e-07
7.492882682676014e-07
7.149468385065301e-07
6.821603205466921e-07
6.508592959502253e-07
6.209774004896813e-07
5.924511809695609e-07
5.652199812981282e-07
5.392258068125049e-07
5.144132285069082e-07
4.90729255609411e-07
4.681232336653983e-07
4.465467553510968e-07
4.259535437030793e-07
4.062993808480381e-07
3.875420010346173e-07
3.696410186889889e-07
3.525578305108986e-07
3.362555502855336e-07
3.206989323076792e-07
3.058542967612661e-07
2.91689460153365e-07
2.781736814593336e-07
2.65277582579556e-07
2.529730924846457e-07
2.412334030392661e-07
2.300328991816631e-07
2.193471102977596e-07
2.091526673106557e-07
1.994272315739482e-07
1.901494922840188e-07
1.812990706652354e-07
1.728565155303122e-07
1.648032435284509e-07
1.571215093915517e-07
1.497943638210795e-07
1.428056176307291e-07
1.36139822911774e-07
1.29782222156245e-07
1.237187181279134e-07
1.179358516337155e-07
1.124207774953489e-07
1.07161223464705e-07
1.021454795276201e-07
9.736236673975195e-08
9.280120296820415e-08
8.845180078730264e-08
8.43044317120671e-08
8.03498073601558e-08
7.657906209161911e-08
7.298372722901626e-08
6.955572630974776e-08
6.628734661721686e-08
6.317123163741459e-08
6.020035663948213e-08
5.736802038925223e-08
5.466782962337782e-08
5.209367157124138e-08
4.963972535633344e-08
4.73004262103975e-08
4.507047147168669e-08
4.294479816212829e-08
4.091857114073781e-08
3.898718549930604e-08
3.714623842647989e-08
3.539153442511065e-08
3.371907025983826e-08
3.212502663380664e-08
3.060576062904673e-08
2.915779610970929e-08
2.777781499739947e-08
2.646265397680106e-08
2.520929347880421e-08
2.401485847224614e-08
2.28765934467885e-08
2.179188705473025e-08
2.075823684712964e-08
1.977325878996511e-08
1.883467960497095e-08
1.794033467949805e-08
1.708815751822547e-08
1.627617178639319e-08
1.550250330281556e-08
1.47653538556303e-08
1.40630154669295e-08
1.339385516677779e-08
1.275632094667159e-08
1.214893131447263e-08
1.157026591904947e-08
1.101898400074462e-08
1.049379582827332e-08
9.993473367797481e-09
9.51684816451442e-09
9.06280581982211e-09
8.630287477982958e-09
8.218274975251158e-09
7.825807916112428e-09
7.45196214623721e-09
7.095866288837212e-09
6.756680112826423e-09
6.433611270037754e-09
6.125894306761549e-09
5.832808940843573e-09
5.553664645840231e-09
5.287800258354361e-09
5.034585246851723e-09
4.793426250164851e-09
4.563750821541023e-09
4.34501430365887e-09
4.136701174115593e-09
3.938315674444774e-09
3.749388979921125e-09
3.569472202311936e-09
3.398139477636732e-09
3.234982682565754e-09
3.079617071364748e-09
2.931673400280658e-09
2.790799352692358e-09
2.656659036205937e-09
2.528934688627532e-09
2.407320244899408e-09
2.291521561355901e-09
2.181266200637888e-09
2.076288876717895e-09
1.976333548574909e-09
1.881166505904017e-09
1.790559681828908e-09
1.704295052067926e-09
1.622162169415876e-09
1.543962768720772e-09
1.469516222410985e-09
1.398639235558182e-09
1.331163203694601e-09
1.266925982000846e-09
1.205775429950558e-09
1.147568011530185e-09
1.092158467629847e-09
1.039410720014481e-09
9.891968147943849e-10
9.413979469076381e-10
8.958986335012198e-10
8.525862523247905e-10
8.113589425003056e-10
7.72117203424488e-10
7.347670573111179e-10
6.992173410071257e-10
6.653803742017371e-10
6.331718537060511e-10
6.025137734580057e-10
5.733313862005657e-10
5.45555618680508e-10
5.191167381733515e-10
4.939570458420214e-10
4.700097108974604e-10
4.472174763096472e-10
4.255284318068269e-10
4.0488443421049e-10
3.852407045936089e-10
3.665460557282707e-10
3.487558557596886e-10
3.318304351649431e-10
3.157194119868726e-10
3.003873627235217e-10
2.857966644815635e-10
2.719150598472064e-10
2.587067078319544e-10
2.461416769866921e-10
2.341814842635046e-10
2.22797266012481e-10
2.119619625064251e-10
