-1.087505276641854e-12
-7.186814844200321e-13
-4.798007274641996e-13
-3.267358498450212e-13
-2.302469073949062e-13
-1.715464258309552e-13
-1.396057338704492e-13
-1.280859866966525e-13
-1.341011463649786e-13
-1.574668652632573e-13
-1.996468192201555e-13
-2.650141361177825e-13
-3.596182117233137e-13
-4.930374112946336e-13
-6.78158871968135e-13
-9.321798821545296e-13
-1.278317212425467e-12
-1.747483124210055e-12
-2.380049937216026e-12
-3.229345765147834e-12
-4.364827073821279e-12
-5.876238404436864e-12
-7.880657441991263e-12
-1.052893855712639e-11
-1.401460661899863e-11
-1.858654102606151e-11
-2.456188346419057e-11
-3.234532532396111e-11
-4.2448432714568e-11
-5.552162882494514e-11
-7.238343859502707e-11
-9.406485655006912e-11
-1.218587730704973e-10
-1.573817031054385e-10
-2.026507094710288e-10
-2.601772505361626e-10
-3.330757777538871e-10
-4.252014636095116e-10
-5.413159400314593e-10
-6.872851036764155e-10
-8.703163352160479e-10
-1.099241943016008e-09
-1.384867745035037e-09
-1.740380430786547e-09
-2.181832420162801e-09
-2.728724825077354e-09
-3.404694137876739e-09
-4.238327610406068e-09
-5.264120570495628e-09
-6.523611427343854e-09
-8.066707624888329e-09
-9.953237796099233e-09
-1.225477323449872e-08
-1.505675053672019e-08
-1.846094893939317e-08
-2.258836910235759e-08
-2.758257963827539e-08
-3.361357961352448e-08
-4.088228276135499e-08
-4.96256719360352e-08
-6.012274005889738e-08
-7.27013250332993e-08
-8.774593953847606e-08
-1.057067396944774e-07
-1.271097785286126e-07
-1.525686952942786e-07
-1.827980371219962e-07
-2.186283960260849e-07
-2.610235948436941e-07
-3.11100149795866e-07
-3.701492846300716e-07
-4.396618002536007e-07
-5.213560930595804e-07
-6.172097025035026e-07
-7.294947543689067e-07
-8.608177297006142e-07
-1.0141640082394e-06
-1.192947689636085e-06
-1.401067219160034e-06
-1.642967409069006e-06
-1.923708480513815e-06
-2.249042802266956e-06
-2.62550006541071e-06
-3.060481667901765e-06
-3.562365154070225e-06
-4.140619606003634e-06
-4.8059329417869e-06
-5.570352140472946e-06
-6.447437469306686e-06
-7.452431863552693e-06
-8.602446647846267e-06
-9.916664878477989e-06
-1.141656362168324e-05
-1.312615654374812e-05
-1.507225825807559e-05
-1.72847718949735e-05
-1.979700141890914e-05
-2.264599025439699e-05
-2.587288776007303e-05
-2.952334516946043e-05
-3.364794254167342e-05
-3.830264833209002e-05
-4.354931379500839e-05
-4.945620597708723e-05
-5.609858046594089e-05
-6.35592954021468e-05
-7.192946872501308e-05
-8.130918069152918e-05
-9.180822366909218e-05
-0.0001035469012415704
-0.0001166568785997962
-0.0001312820861775057
-0.0001475796784465722
-0.0001657210496995495
-0.000185892908587769
-0.0002082984130668174
-0.0002331583672898723
-0.0002607124818515333
-0.0002912206986045808
-0.0003249645811091419
-0.0003622487715295948
-0.0004034025145852495
-0.0004487812488447784
-0.0004987682653999011
-0.0005537764335688716
-0.0006142499929356458
-0.0006806664106815177
-0.0007535383036908185
-0.0008334154266046049
-0.000920886722373868
-0.001016582432035627
-0.001121176260607921
-0.001235387595496361
-0.001359983773211522
-0.00149578238955005
-0.001643653647699999
-0.001804522737986217
-0.001979372242234201
-0.002169244554997327
-0.002375244315131777
-0.002598540857989462
-0.002840370687085089
-0.003102039937482148
-0.003384926803011766
-0.003690483925358195
-0.004020240745695011
-0.00437580580996617
-0.00475886900983462
-0.005171203746615391
-0.005614669003791395
-0.006091211316992425
-0.006602866627734187
-0.007151762003784431
-0.007740117213892471
-0.008370246138338059
-0.009044558001423307
-0.009765558410038865
-0.01053585017906828
-0.01135813393096005
-0.01223520844847678
-0.01316997076617031
-0.01416541598396847
-0.01522463678242841
-0.01635082262807588
-0.01754725864680062
-0.01881732415216092
-0.02016449081299357
-0.02159232044030859
-0.02310446238499106
-0.02470465052509152
-0.02639669983300851
-0.0281845025101363
-0.03007202367148044
-0.03206329657768488
-0.03416241739583119
-0.03637353948489375
-0.03870086719878106
-0.04114864919448873
-0.04372117125145528
-0.04642274858806041
-0.04925771767921798
-0.05223042757570096
-0.05534523071942222
-0.05860647327129665
-0.06201848494436586
-0.06558556835710207
-0.06931198791723824
-0.07320195823814472
-0.07725963211641929
-0.08148908807157916
-0.08589431747510314
-0.09047921129007459
-0.09524754643242292
-0.1002029717961257
-0.1053489939514605
-0.1106889625557686
-0.1162260555089218
-0.12196326387404
-0.1279033766200118
-0.1340489652020867
-0.1404023680310128
-0.1469656748728328
-0.1537407112086753
-0.1607290226244918
-0.1679318592521339
-0.1753501603217508
-0.1829845388754585
-0.1908352666769271
-0.1989022593958729
-0.2071850620922458
-0.215682835067831
-0.2243943401398848
-0.2333179273727583
-0.2424515223523398
-0.2517926140271202
-0.2613382431869672
-0.2710849916345125
-0.2810289720811386
-0.2911658188514952
-0.3014906794163526
-0.3119982068254485
-0.3226825530907967
-0.3335373635428939
-0.3445557722386077
-0.3557303984306597
-0.3670533441636778
-0.3785161930374525
-0.3901100101474974
-0.4018253432729739
-0.4136522253061301
-0.4255801779737975
-0.4375982168769798
-0.4496948578443121
-0.4618581246581858
-0.4740755581265764
-0.4863342265333201
-0.4986207374742885
-0.5109212510556739
-0.5232214944948395
-0.5355067780755807
-0.5477620124704571
-0.5599717274168803
-0.5721200917053241
-0.584190934506989
-0.5961677679628276
-0.6080338110083228
-0.6197720143989202
-0.6313650869057207
-0.6427955227351326
-0.6540456300142556
-0.6650975601181977
-0.6759333377894248
-0.6865348924252741
-0.6968840912537235
-0.7069627734396235
-0.7167527830953362
-0.7262360010573538
-0.735394377962268
-0.7442099712711412
-0.752664983649263
-0.7607417998472896
-0.7684230218476915
-0.7756915042240543
-0.7825303906873546
-0.7889231509233054
-0.7948536171210907
-0.8003060200727227
-0.8052650249511101
-0.8097157668003555
-0.813643885548708
-0.817035560434301
-0.8198775437519841
-0.8221571938280818
-0.8238625071831205
-0.8249821497506633
-0.8255054870845246
-0.8254226134721379
-0.8247243798532182
-0.8234024205031742
-0.8214491783699965
-0.818857929013089
-0.8156228030756745
-0.8117388072038858
-0.8072018433823133
-0.8020087265984489
-0.7961572008054265
-0.789645953134069
-0.7824746262846975
-0.774643829083652
-0.766155145144507
-0.7570111396262118
-0.7472153640619105
-0.7367723592144038
-0.7256876559642145
-0.7139677741976231
-0.7016202197071181
-0.6886534791032135
-0.6750770127254107
-0.6609012455838107
-0.6461375563233706
-0.6307982642414854
-0.6148966143832184
-0.5984467607336363
-0.5814637475620724
-0.563963488935624
-0.5459627464515853
-0.527479105236588
-0.5085309482599314
-0.4891374290358119
-0.4693184427548726
-0.4490945959130047
-0.4284871745047308
-0.4075181108474747
-0.3862099491227451
-0.3645858096991661
-0.3426693523239112
-0.3204847382637119
-0.2980565914726268
-0.2754099588801838
-0.2525702698809788
-0.2295632951199975
-0.2064151046641695
-0.1831520256489421
-0.1598005994978639
-0.1363875388025864
-0.1129396839588361
-0.08948395965157456
-0.06604733128115096
-0.04265676142561368
-0.01933916642838968
0.003878626796652505
0.02696992365274254
0.04990820435177382
0.07266716592351889
0.09522076365793163
0.1175432518973045
0.1396092240974716
0.1613936520786726
0.1828719243926743
0.2040198837310422
0.2248138633063586
0.2452307221399321
0.2652478791890538
0.2848433462553758
0.3039957596144258
0.3226844103166599
0.3408892731108045
0.3585910339387953
0.3757711159633672
0.3924117040855135
0.4084957679208837
0.4240070832046335
0.4389302515932699
0.45325071884547
0.4669547913573915
0.4800296510411758
0.492463368535577
0.5042449147367057
0.5153641706511585
0.5258119355656804
0.5355799335424682
0.5446608182477413
0.5530481761191136
0.5607365278921933
0.5677213284980194
0.5739989653561289
0.5795667550876888
0.5844229386729961
0.5885666750910921
0.591998033467915
0.5947179837746214
0.5967283861146006
0.5980319786322156
0.5986323640885846
0.5985339951479629
0.5977421584314444
0.5962629573874332
0.5941032940209464
0.5912708495380221
0.5877740639544773
0.5836221147272525
0.578824894464529
0.5733929877710502
0.5673376472957407
0.5606707690299889
0.5534048669123764
0.5455530467993522
0.5371289798647602
0.5281468754972599
0.5186214537451757
0.5085679173667415
0.4980019235444734
0.4869395553215944
0.4753972928232664
0.4633919843144117
0.450940817151528
0.4380612886835623
0.4247711771551035
0.4110885126694055
0.3970315482580138
0.3826187311081075
0.3678686739964732
0.3528001269760316
0.3374319493632589
0.321783082068742
0.3058725203164662
0.2897192867922896
0.2733424052571321
0.2567608746632896
0.2399936438082894
0.223059586561281
0.2059774776935259
0.1887659693416556
0.1714435681331025
0.1540286129975135
0.1365392536888876
0.1189934300397585
0.1014088519656546
0.08380298023788489
0.06619300804148169
0.04859584333373917
0.0310280920142997
0.01350604191514912
-0.00395435238070913
-0.02133748388433638
-0.0386281067048096
-0.05581134871024246
-0.07287272334465782
-0.08979814059999676
-0.1065739171449544
-0.1231867856156643
-0.1396239030744936
-0.1558728586417188
-0.1719216803062938
-0.1877588409251573
-0.2033732634245762
-0.218754325216174
-0.2338918618377973
-0.2487761698317998
-0.2633980088759714
-0.2777486031857155
-0.2918196422047993
-0.3056032806007389
-0.3190921375847157
-0.3322792955737002
-0.3451582982140176
-0.3577231477867572
-0.3699683020171783
-0.3818886703135629
-0.3934796094540461
-0.4047369187419935
-0.4156568346521379
-0.4262360249922948
-0.4364715826081169
-0.4463610186499875
-0.4559022554219779
-0.4650936188359077
-0.4739338304977066
-0.482421999455828
-0.4905576136292037
-0.4983405309339182
-0.5057709701312502
-0.512849501421908
-0.5195770368122087
-0.5259548202716179
-0.5319844177054118
-0.5376677067638619
-0.5430068665061312
-0.5480043669399683
-0.5526629584564866
-0.5569856611804848
-0.560975754255493
-0.5646367650837439
-0.5679724585444453
-0.5709868262025277
-0.5736840755205163
-0.5760686190899527
-0.5781450639025272
-0.5799182006819229
-0.5813929932856452
-0.5825745681873608
-0.5834682040534059
-0.5840793214288927
-0.5844134725503018
-0.5844763312917084
-0.5842736832541089
-0.5838114160080589
-0.5830955095006184
-0.5821320266387944
-0.580927104054989
-0.5794869430614989
-0.5778178008014414
-0.5759259816031463
-0.5738178285465145
-0.5714997152445286
-0.5689780378446312
-0.5662592072545191
-0.5633496415967552
-0.5602557588986005
-0.5569839700169399
-0.5535406718003105
-0.5499322404900018
-0.5461650253614532
-0.5422453426088304
-0.5381794694713579
-0.5339736386012653
-0.5296340326729407
-0.5251667792339271
-0.520577945799625
-0.5158735351872954
-0.5110594810873291
-0.5061416438696311
-0.5011258066227822
-0.4960176714248927
-0.4908228558416332
-0.4855468896477756
-0.4801952117690777
-0.4747731674415939
-0.4692860055870817
-0.4637388763977667
-0.4581368291246657
-0.4524848100652181
-0.4467876607475605
-0.4410501163097332
-0.4352768040660559
-0.4294722422547161
-0.4236408389616609
-0.4177868912159138
-0.4119145842521206
-0.4060279909342301
-0.4001310713350419
-0.3942276724663223
-0.3883215281547366
-0.3824162590597226
-0.3765153728263653
-0.3706222643675124
-0.3647402162697882
-0.3588723993181901
-0.3530218731346021
-0.347191586924458
-0.3413843803266731
-0.3356029843617419
-0.3298500224724112
-0.3241280116520526
-0.3184393636558563
-0.3127863862914773
-0.30717128478418
-0.3015961632098271
-0.2960630259900935
-0.290573779446595
-0.2851302334115496
-0.2797341028904991
-0.274387009770892
-0.2690904845716586
-0.2638459682306079
-0.2586548139269084
-0.2535182889348019
-0.248437576504474
-0.2434137777670493
-0.2384479136594989
-0.2335409268653415
-0.2286936837680573
-0.2239069764149932
-0.2191815244897608
-0.214517977289214
-0.2099169157016644
-0.2053788541838026
-0.2009042427343773
-0.1964934688631686
-0.192146859551891
-0.1878646832040525
-0.1836471515817871
-0.1794944217286918
-0.1754065978778387
-0.1713837333420652
-0.1674258323840484
-0.1635328520646777
-0.1597047040689113
-0.1559412565082129
-0.1522423356978457
-0.1486077279076586
-0.1450371810853498
-0.1415304065512542
-0.1380870806639207
-0.1347068464555989
-0.1313893152372199
-0.1281340681721751
-0.124940657817639
-0.1218086096325513
-0.1187374234522319
-0.1157265749296295
-0.1127755169429482
-0.1098836809692079
-0.1070504784239459
-0.1042753019663978
-0.1015575267698522
-0.09889651175706
-0.09629160080112802
-0.0937421238922844
-0.09124739827016189
-0.08880672952149626
-0.08641941264345242
-0.08408473307320163
-0.08180196768457049
-0.07957038575142589
-0.07738924987768835
-0.07525781689438997
-0.07317533872437899
-0.07114106321530116
-0.06915423494110436
-0.06721409597286014
-0.06531988661924387
-0.06347084613694509
-0.0616662134113572
-0.05990522760827403
-0.05818712879722321
-0.05651115854709535
-0.05487656049440717
-0.05328258088496785
-0.05172846908929256
-0.05021347809223285
-0.0487368649574546
-0.04729789126768488
-0.04589582354182566
-0.04452993362896616
-0.04319949907940363
-0.04190380349331346
-0.04064213684828612
-0.039413795806666
-0.03821808400287736
-0.03705431231090159
-0.03592179909258617
-0.03481987042770196
-0.03374786032657526
-0.03270511092558459
-0.03169097266596518
-0.03070480445641607
-0.0297459738203451
-0.02881385702842903
-0.02790783921682396
-0.02702731449164358
-0.02617168602015042
-0.02534036610914514
-0.02453277627093942
-0.02374834727760245
-0.02298651920415351
-0.02224674146119127
-0.02152847281721498
-0.02083118141102091
-0.02015434475470665
-0.01949744972768838
-0.01885999256217722
-0.01824147882066688
-0.01764142336596278
-0.01705935032397263
-0.01649479303953098
-0.01594729402561116
-0.01541640490644525
-0.01490168635488941
-0.01440270802437984
-0.0139190484758332
-0.01345029509981645
-0.01299604403421208
-0.01255590007775409
-0.01212947659962768
-0.01171639544562359
-0.01131628684094151
-0.01092878929000305
-0.01055354947340441
-0.01019022214233785
-0.009838470010708181
-0.009497963645170049
-0.009168381353329735
-0.008849409070400346
-0.008540740244391174
-0.008242075719966024
-0.007953123621133316
-0.00767359923306492
-0.007403224883283465
-0.00714172982225641
-0.006888850103576146
-0.006644328463836157
-0.006407914202363751
-0.006179363060924016
-0.005958437103547438
-0.005744904596608986
-0.00553853988930007
-0.00533912329447426
-0.005146440969973362
-0.004960284800595081
-0.004780452281134161
-0.004606746400466806
-0.004438975525987321
-0.00427695328738683
-0.00412049846154263
-0.003969434861439556
-0.00382359122864182
-0.00368280112527566
-0.003546902822490163
-0.003415739189533628
-0.003289157586829507
-0.003167009762775917
-0.003049151751597684
-0.002935443771347805
-0.002825750123009918
-0.002719939091392458
-0.002617882847725411
-0.002519457353800488
-0.002424542267601327
-0.002333020850446395
-0.002244779875747206
-0.00215970953933476
-0.002077703371387105
-0.001998658149985229
-0.001922473816231313
-0.001849053390977077
-0.001778302893120977
-0.001710131259512289
-0.001644450266481697
-0.001581174452904971
-0.001520221044920202
-0.001461509882090292
-0.001404963345234737
-0.001350506285716531
-0.001298065956322952
-0.001247571943637567
-0.001198956101926569
-0.001152152488505235
-0.001107097300582355
-0.001063728813546186
-0.001021987320716605
-0.0009818150745020593
-0.0009431562289708694
-0.0009059567837816932
-0.0008701645294927248
-0.0008357289942089631
-0.0008026013915544414
-0.0007707345699292498
-0.0007400829630880479
-0.0007106025419197015
-0.000682250767508224
-0.0006549865454092041
-0.0006287701810983004
-0.0006035633366150098
-0.0005793289883455686
-0.0005560313859318575
-0.0005336360122901973
-0.0005121095447139851
-0.0004914198170591668
-0.0004715357829341554
-0.0004524274799443862
-0.0004340659949221712
-0.0004164234301286711
-0.0003994728704214501
-0.0003831883513434346
-0.0003675448281415187
-0.0003525181456795136
-0.0003380850092008831
-0.0003242229559634555
-0.0003109103277169396
-0.0002981262439608546
-0.0002858505760211539
-0.0002740639219031184
-0.0002627475818641615
-0.0002518835347782777
-0.0002414544151747502
-0.0002314434909746811
-0.000221834641959387
-0.000212612338839585
-0.0002037616230183241
-0.000195268086946562
-0.0001871178551241233
-0.0001792975656829283
-0.000171794352560049
-0.0001645958282198579
-0.0001576900669228893
-0.0001510655885709925
-0.0001447113430231525
-0.0001386166949302444
-0.0001327714090891316
-0.000127165636227138
-0.0001217898992823639
-0.0001166350801348126
-0.0001116924067615571
-0.0001069534408135897
-0.0001024100656077241
-9.805447453582701e-05
-9.387915983969256e-05
-8.987690178509854e-05
-8.604075816649376e-05
-8.236405419390831e-05
-7.884037272177857e-05
-7.546354479362934e-05
-7.222764054532335e-05
-6.912696036113479e-05
-6.615602639645564e-05
-6.330957434513806e-05
-6.058254553767813e-05
-5.79700792700859e-05
-5.546750542556583e-05
-5.307033734581415e-05
-5.077426495364493e-05
-4.857514813323442e-05
-4.646901030791955e-05
-4.44520322779522e-05
-4.252054626366393e-05
-4.067103017790076e-05
-3.890010206685278e-05
-3.720451479041758e-05
-3.558115086750128e-05
-3.402701752063381e-05
-3.253924189374138e-05
-3.111506643859943e-05
-2.975184448493086e-05
-2.844703596228683e-05
-2.71982032681099e-05
-2.60030073048099e-05
-2.485920365659838e-05
-2.376463889993132e-05
-2.271724706369613e-05
-2.171504621386891e-05
-2.075613514988326e-05
-1.983869026070115e-05
-1.896096246266549e-05
-1.812127426326642e-05
-1.731801694533639e-05
-1.65496478520934e-05
-1.581468775768386e-05
-1.511171835442353e-05
-1.443937984979782e-05
-1.379636861969439e-05
-1.318143496865586e-05
-1.259338097792266e-05
-1.203105843785512e-05
-1.149336684993707e-05
-1.097925151118437e-05
-1.04877016581901e-05
-1.001774871636646e-05
-9.568464581751872e-06
-9.138960028740266e-06
-8.728383098844684e-06
-8.335917495371875e-06
-7.960781141482364e-06
-7.60222503104663e-06
-7.25953210463548e-06
-6.932015769848274e-06
-6.61901813024039e-06
-6.319908519239648e-06
-6.034082750405976e-06
-5.760962464270499e-06
-5.499994187035003e-06
-5.250648088050765e-06
-5.012416828230251e-06
-4.784814657910959e-06
-4.567376561751491e-06
-4.359657409140038e-06
-4.161231124068711e-06
-3.971689892743986e-06
-3.790643376113997e-06
-3.617718017076256e-06
-3.452556310831984e-06
-3.294816145927474e-06
-3.144170158460173e-06
-3.000305115460257e-06
-2.862921312480503e-06
-2.731732011867571e-06
-2.606462896689571e-06
-2.486851532455594e-06
-2.372646882956354e-06
-2.263608814727674e-06
-2.159507646513802e-06
-2.060123697672926e-06
-1.965246861673629e-06
-1.874676203086009e-06
-1.788219572523711e-06
-1.705693213402188e-06
-1.626921423103281e-06
-1.551736203148115e-06
-1.479976926434019e-06
-1.411490019211403e-06
-1.346128665799941e-06
-1.283752501815217e-06
-1.224227355236628e-06
-1.167424975231596e-06
-1.113222769016278e-06
-1.061503559274045e-06
-1.012155362260128e-06
-9.650711492973062e-07
-9.201486327247546e-07
-8.772900694913918e-07
-8.364020554984551e-07
-7.973953390898143e-07
-7.601846441518258e-07
-7.246884869682597e-07
-6.908290239059985e-07
-6.585318790942582e-07
-6.27726002747777e-07
-5.983435327555775e-07
-5.703196171244295e-07
-5.435923345362248e-07
-5.181025257253571e-07
-4.937936959505481e-07
-4.706118819910256e-07
-4.485055506476454e-07
-4.274254813028099e-07
-4.073246796428011e-07
-3.881582593721992e-07
-3.698833632480918e-07
-3.52459068119772e-07
-3.358463058948568e-07
-3.200077715562546e-07
-3.049078583510808e-07
-2.905125567467865e-07
-2.767894091595678e-07
-2.637074268688541e-07
-2.512370315394603e-07
-2.39349986910017e-07
-2.280193479104563e-07
-2.172193882176244e-07
-2.069255611206865e-07
-1.971144334240983e-07
-1.877636416995162e-07
-1.788518499239495e-07
-1.703586869976821e-07
-1.622647196370061e-07
-1.545514117422302e-07
-1.472010673633823e-07
-1.401968054666688e-07
-1.335225168917335e-07
-1.271628346061483e-07
-1.211030978142762e-07
-1.153293169759259e-07
-1.09828147189574e-07
-1.045868639627739e-07
-9.959332004366073e-08
-9.483593743484234e-08
-9.030367250756149e-08
-8.59859854890533e-08
-8.187281859375776e-08
-7.795459149475878e-08
-7.422216937833703e-08
-7.066683144808435e-08
-6.728026238656775e-08
-6.40545331029155e-08
-6.098208425167826e-08
-5.805570656238447e-08
-5.52685249485e-08
-5.261398868910608e-08
-5.00858438903763e-08
-4.767813232742449e-08
-4.538517044434644e-08
-4.320154895945596e-08
-4.112210111574437e-08
-3.914190383123224e-08
-3.725626588401532e-08
-3.546071805086192e-08
-3.375099632153702e-08
-3.212303530080893e-08
-3.057296587233148e-08
-2.909708692911123e-08
-2.769189108981812e-08
-2.635401737944158e-08
-2.508027093305133e-08
-2.386760609196569e-08
-2.271312380092402e-08
-2.161405147478387e-08
-2.056776145208456e-08
-1.95717339621785e-08
-1.862357339357155e-08
-1.772100200408246e-08
-1.686184515845783e-08
-1.604403829317646e-08
-1.526560172856019e-08
-1.452465630931429e-08
-1.381941063279291e-08
-1.314816728929209e-08
-1.25092889258516e-08
-1.19012364054187e-08
-1.132252572388865e-08
-1.07717577712475e-08
-1.024759491708687e-08
-9.748759643170036e-09
-9.274043165019347e-09
-8.8222868065618e-09
-8.392387495640332e-09
-7.983299429914744e-09
-7.594017985833954e-09
-7.223597789534256e-09
-6.87112745574643e-09
-6.535745725952423e-09
-6.216627610701012e-09
-5.912987093061352e-09
-5.624081220419647e-09
-5.349200587900444e-09
-5.087669120529412e-09
-4.838845946777609e-09
-4.602112255089197e-09
-4.376887604377933e-09
-4.162610554926352e-09
-3.958763174244459e-09
-3.764834959195291e-09
-3.580353825190574e-09
-3.4048574515487e-09
-3.23791576762512e-09
-3.079110851188752e-09
-2.928051316875451e-09
-2.784360474453597e-09
-2.647684819979237e-09
-2.517677390292366e-09
-2.394017201605344e-09
-2.276398600059666e-09
-2.164526377020531e-09
-2.058119464276709e-09
-1.956913748277977e-09
-1.860652946946204e-09
-1.769103273184809e-09
-1.682031330212971e-09
-1.599218475235985e-09
-1.520461247715599e-09
-1.445561636667664e-09
-1.374332406945313e-09
-1.306594644477819e-09
-1.242182053343959e-09
-1.180931049922598e-09
-1.122681624067153e-09
-1.067291838171386e-09
-1.014624307522414e-09
-9.645416155828975e-10
-9.169192832380623e-10
-8.716376960909172e-10
-8.285791790897262e-10
-7.876368340969371e-10
-7.487088795416782e-10
-7.116935243492e-10
-6.76499280593795e-10
-6.430378338407663e-10
-6.112217355371167e-10
-5.809715616351833e-10
-5.522106021932133e-10
-5.248717388844167e-10
-4.988778137241876e-10
-4.741670468759566e-10
-4.506784091054792e-10
-4.28342789188387e-10
-4.071101432411943e-10
-3.869232720205411e-10
-3.677314789660782e-10
-3.494874503833969e-10
-3.321466304010079e-10
-3.15664202854068e-10
-2.999952508777137e-10
-2.851034562230971e-10
-2.709450325473142e-10
-2.574883618889116e-10
-2.446997465492552e-10
-2.32542407287451e-10
-2.20983515380961e-10
-2.099970664651952e-10
-1.995564450410181e-10
-1.896311253293713e-10
-1.801966780324086e-10
-1.712356303330066e-10
-1.627130739120676e-10
-1.546178282805382e-10
-1.469237590079271e-10
-1.396085315471003e-10
-1.326558016029674e-10
-1.260443888449089e-10
-1.197587485953712e-10
-1.137864264942179e-10
-1.081114460747583e-10
-1.027184396786058e-10
-9.759366453185263e-11
-9.272401592187833e-11
-8.81000197185957e-11
