-2.561577085648866e-12
-1.693331001006817e-12
-1.119560179619099e-12
-7.308034811481694e-13
-4.612168416236996e-13
-2.656478985185145e-13
-1.128314829799408e-13
1.963442495807952e-14
1.501759753741162e-13
2.944306737839548e-13
4.690243717871677e-13
6.923546182471846e-13
9.86981772842536e-13
1.381312448440035e-12
1.911577952207068e-12
2.625093058155118e-12
3.584089392742991e-12
4.868207940324571e-12
6.583435690625608e-12
8.862957991777496e-12
1.18840030260936e-11
1.587099600899023e-11
2.111439741051737e-11
2.798337632931627e-11
3.695228514473813e-11
4.862096233332944e-11
6.375254874227433e-11
8.330845549833682e-11
1.085033651183992e-10
1.408594306068512e-10
1.82284544369276e-10
2.351613966067039e-10
3.024561252062528e-10
3.878556789735735e-10
4.959226990966437e-10
6.322988056013302e-10
8.039346131810746e-10
1.019378080115141e-09
1.289112086328504e-09
1.625965069853153e-09
2.045597557388771e-09
2.567083784972047e-09
3.213607622639403e-09
4.013280246620584e-09
5.000112571806681e-09
6.215167137296173e-09
7.707915200811221e-09
9.537824446897711e-09
1.177622785584506e-08
1.450851419523968e-08
1.783667209581887e-08
2.188226072937817e-08
2.678985344157233e-08
3.273104766867766e-08
3.990910488013262e-08
4.85643179719068e-08
5.898020317076614e-08
7.149062584126024e-08
8.648799031214772e-08
1.044326335021158e-07
1.258635774567894e-07
1.514108142922303e-07
1.818093199807953e-07
2.1791500545489e-07
2.607228487203324e-07
3.113874569001252e-07
3.712463605944308e-07
4.418463414097847e-07
5.24973150530738e-07
6.226849864056345e-07
7.373501598369071e-07
8.716893855140738e-07
1.028823200627536e-06
1.212325050593915e-06
1.426280610535598e-06
1.675353990432542e-06
1.964861499631116e-06
2.300853696488778e-06
2.690206527120159e-06
3.140722388098367e-06
3.661242039081206e-06
4.261768342991807e-06
4.953602871254574e-06
5.749496492872838e-06
6.66381512566504e-06
7.712721903133122e-06
8.914377087599015e-06
1.028915711583875e-05
1.185989425769923e-05
1.365213841533644e-05
1.569444267152253e-05
1.801867425621419e-05
2.066035265189896e-05
2.365901661553269e-05
2.705862193561936e-05
3.090797177080066e-05
3.526118143887465e-05
4.017817952103101e-05
4.572524712952225e-05
5.19755971499383e-05
5.900999520976981e-05
6.691742409604063e-05
7.579579440792982e-05
8.575270681474054e-05
9.690626665997696e-05
0.0001093859522393214
0.000123333538810627
0.0001389040804460554
0.0001562669517783709
0.0001756069515883612
0.0001971254701396528
0.0002210417220145878
0.0002475940460929027
0.0002770412741490881
0.0003096641693961488
0.0003457669360556764
0.0003856788008544403
0.0004297556670519789
0.0004783818413408355
0.0005319718336324324
0.0005909722293841682
0.0006558636337473453
0.0007271626863693009
0.0008054241452328411
0.0008912430373963045
0.0009852568739504104
0.001088147926027215
0.001200645559610612
0.001323528629636645
0.001457627926575833
0.001603828669054909
0.001763073036531627
0.001936362735392423
0.002124761591038907
0.002329398157702772
0.002551468336856127
0.002792237994136482
0.003053045563762731
0.003335304628597672
0.003640506466128092
0.003970222576634964
0.004326107192097916
0.004709899723956064
0.005123427108396659
0.005568606047994193
0.006047445152580689
0.006562046967803334
0.007114609866540998
0.007707429786740034
0.008342901797062631
0.009023521477043427
0.009751886094935562
0.01053069556172057
0.01136275314746228
0.01225096593721045
0.01319834501107253
0.01420800533046036
0.01528316530807869
0.01642714604921193
0.01764337024013081
0.01893536066945149
0.02030673836542076
0.02176122032710693
0.02330261684052444
0.02493482835616481
0.02666184191748475
0.02848772712670887
0.03041663162838716
0.03245277610786938
0.03460044878402697
0.03686399939224533
0.03924783264992131
0.0417564011899746
0.04439419796886744
0.04716574813337012
0.05007560035069669
0.053128317602548
0.05632846743624075
0.05968061169169691
0.06318929569529988
0.06685903693633638
0.07069431323702656
0.07469955041832731
0.07887910949392807
0.08323727339210488
0.08777823323497053
0.09250607419808511
0.09742476096188307
0.1025381228016537
0.1078498383251664
0.1133634199017522
0.1190821978179987
0.1250093041810901
0.1311476566316383
0.1374999418832084
0.1440685991450565
0.1508558034741661
0.1578634490866778
0.1650931327049008
0.1725461369627119
0.1802234139357357
0.1881255688507519
0.1962528440114536
0.2046051030287706
0.2131818153805807
0.221982041374097
0.231004417570198
0.2402471427084256
0.2497079642265484
0.2593841653987288
0.2692725531695415
0.2793694467433336
0.2896706669639088
0.300171526579568
0.3108668214110752
0.3217508224980942
0.3328172692782226
0.3440593638234622
0.3554697662219994
0.3670405911131022
0.3787634054457471
0.3906292275044401
0.4026285272107448
0.4147512277766882
0.4269867087017546
0.4393238101710851
0.4517508388822562
0.464255575290598
0.4768252823345263
0.4894467156106309
0.5021061350354608
0.5147893180009405
0.5274815739943299
0.5401677607278489
0.5528323017214665
0.5654592053528188
0.5780320853581303
0.5905341827316668
0.6029483890462206
0.6152572711141088
0.6274430969790702
0.6394878631996711
0.6513733233525739
0.6630810177635345
0.6745923043538633
0.6858883905508318
0.6969503662007508
0.7077592374288678
0.7182959614857612
0.7285414823813264
0.7384767670380705
0.748082841892681
0.7573408303476551
0.7662319918463084
0.7747377614839623
0.7828397879168868
0.7905199694358774
0.7977604909836756
0.8045438649669905
0.8108529729865622
0.8166711053823227
0.8219819983643916
0.8267698708439851
0.8310194619969262
0.8347160685833519
0.8378455813797988
0.840394520598325
0.8423500704104246
0.8437001126123905
0.8444332592352706
0.8445388839890282
0.8440071524516297
0.8428290509140716
0.8409964138486108
0.8385019498742011
0.8353392661612599
0.8315028912041244
0.8269882958727846
0.8217919127179999
0.8159111534337322
0.809344424443002
0.8020911405573617
0.79415173664356
0.7855276772886047
0.776221464398609
0.7662366427250581
0.7555778032941037
0.7442505846968162
0.7322616722517141
0.7196187950088974
0.7063307206160636
0.6924072480497612
0.67785919819954
0.6626984023406952
0.6469376884958422
0.6305908657282637
0.6136727063977448
0.5961989264003049
0.578186163453357
0.5596519534526094
0.5406147049622345
0.5210936718942056
0.50110892442907
0.4806813182606482
0.4598324622155499
0.4385846843258888
0.4169609964321213
0.3949850573925464
0.3726811349977213
0.3500740666601625
0.327189218971893
0.3040524462213791
0.2806900479604425
0.2571287257257462
0.2333955390033949
0.2095178605403394
0.1855233311014045
0.1614398137680563
0.1372953478845869
0.1131181027490952
0.0889363311534577
0.06477832287304905
0.04067235820546119
0.01664666165997109
-0.007270644105933702
-0.03105158400472052
-0.05466837579621132
-0.0780934748299712
-0.101299618161543
-0.1242598679523377
-0.1469476540658079
-0.1693368157753435
-0.1914016425011637
-0.2131169135017139
-0.2344579364408501
-0.2554005847593266
-0.2759213337818369
-0.2959972954929027
-0.3156062519254651
-0.3347266871003444
-0.3533378174669214
-0.3714196207963508
-0.3889528634773099
-0.4059191261770045
-0.4223008278267112
-0.4380812479055218
-0.4532445469949264
-0.4677757855743733
-0.4816609410434488
-0.4948869229500351
-0.5074415864189825
-0.5193137437750389
-0.5304931743519899
-0.5409706324961165
-0.5507378537631367
-0.5597875593231194
-0.5681134585872805
-0.5757102500686402
-0.5825736205044189
-0.5887002422580846
-0.5940877690347584
-0.5987348299416504
-0.6026410219217031
-0.6058069006043983
-0.6082339696075041
-0.6099246683365164
-0.610882358327807
-0.6111113081801036
-0.6106166771326004
-0.6094044973347934
-0.6074816548685463
-0.6048558695783005
-0.6015356737592289
-0.5975303897647007
-0.592850106591839
-0.587505655516195
-0.5815085848379689
-0.5748711337942993
-0.5676062057050905
-0.5597273404124185
-0.5512486860809617
-0.5421849704243095
-0.5325514714210579
-0.5223639875936678
-0.5116388079045767
-0.5003926813301927
-0.4886427861761429
-0.4764066991991383
-0.4637023646053375
-0.4505480629763711
-0.4369623801811888
-0.4229641763316717
-0.4085725548383236
-0.3938068316255483
-0.3786865045556839
-0.3632312231148991
-0.3474607584112827
-0.3313949735329058
-0.315053794316324
-0.2984571805661984
-0.2816250977696004
-0.2645774893458379
-0.247334249469529
-0.2299151965055371
-0.2123400470889334
-0.1946283908846675
-0.1767996660568118
-0.1588731354732444
-0.1408678636726848
-0.1228026946174396
-0.1046962302546847
-0.08656680990572845
-0.06843249050035748
-0.05031102767228476
-0.03221985772807467
-0.01417608050104333
0.003803556901094322
0.02170267544797502
0.03950527863200616
0.05719576600361063
0.07475894579550077
0.09218004663744583
0.1094447283630396
0.1265390919110287
0.1434496883264333
0.1601635268708948
0.1766680822519613
0.1929513009789976
0.2090016068554339
0.2248079056206016
0.2403595887592863
0.25564653649529
0.2706591199814758
0.2853882027010409
0.2998251410998632
0.3139617844743439
0.3277904741359033
0.3413040418685706
0.3544958076994081
0.3673595770051601
0.3798896369816939
0.3920807525002672
0.4039281613722339
0.4154275690481667
0.426575142774151
0.437367505229301
0.447801727669609
0.457875322604885
0.467586236039096
0.4769328392950488
0.4859139204466016
0.4945286753835267
0.5027766985365206
0.5106579732926602
0.5181728621210627
0.5253220964294733
0.5321067661757516
0.5385283092629217
0.5445885007485169
0.5502894418848007
0.5556335490081991
0.5606235423000344
0.5652624344429362
0.5695535191977309
0.573500359918695
0.5771067780293258
0.5803768414781656
0.5833148531905259
0.5859253395349283
0.5882130388210435
0.590182889846956
0.5918400205122856
0.5931897365141204
0.5942375101466774
0.5949889692127724
0.5954498860565336
0.5956261667300546
0.5955238403109918
0.5951490483883656
0.5945080347220129
0.5936071350821215
0.5924527672787514
0.5910514213929174
0.5894096502220822
0.5875340599433179
0.5854313009993304
0.5831080592136951
0.5805710471422547
0.5778269956688235
0.5748826458466897
0.5717447409890303
0.5684200190115873
0.5649152050308944
0.5612370042224835
0.5573920949385536
0.5533871220861402
0.549228690766515
0.5449233601766676
0.5404776377756348
0.535897973712069
0.5311907555118144
0.5263623030239341
0.5214188636235034
0.5163666076705216
0.5112116242208545
0.5059599169859149
0.5006174005379699
0.4951898967589773
0.4896831315317626
0.4841027316670172
0.4784542220614932
0.4727430230829399
0.46697444817734
0.4611537016949477
0.4552858769288292
0.4493759543604135
0.4434288001068526
0.4374491645657831
0.4314416812541282
0.4254108658330695
0.4193611153120395
0.4132967074261201
0.407221800183008
0.401140431576267
0.3950565194564244
0.3889738615531547
0.3828961356426971
0.3768268998549762
0.3707695931153894
0.3647275357147329
0.3587039300014301
0.3527018611904942
0.3467242982838352
0.34077409509784
0.3348539913910878
0.3289666140864025
0.3231144785818426
0.3172999901453208
0.3115254453881027
0.3057930338116844
0.3001048394232174
0.2944628424146277
0.2888689209001746
0.2833248527078345
0.2778323172200093
0.2723928972603816
0.2670080810224429
0.2616792640336973
0.2564077511506274
0.2511947585814878
0.2460414159347865
0.2409487682896804
0.2359177782828656
0.2309493282079449
0.2260442221245708
0.2212031879751824
0.2164268797061981
0.2117158793902998
0.2070706993475039
0.2024917842615599
0.1979795132884669
0.1935342021547704
0.1891561052439873
0.1848454176698207
0.180602277333125
0.1764267669601989
0.1723189161204979
0.1682787032226356
0.1643060574876438
0.160400860897203
0.1565629501146367
0.1527921183774482
0.1490881173609967
0.1454506590130049
0.1418794173569474
0.1383740302625827
0.1349341011829379
0.1315592008573684
0.1282488689805084
0.1250026158359827
0.121819923894336
0.1187002493746025
0.1156430237693224
0.1126476553327546
0.109713530531985
0.1068400154610461
0.1040264572179077
0.1012721852436915
0.09857651262385568
0.0959387373517204
0.09335814355479269
0.0908340026839809
0.08836557466585503
0.08595210901843543
0.08359284593044344
0.08128701730402123
0.07903384776136049
0.07683255561586685
0.07468235380852306
0.07258245080958206
0.07053205148582288
0.06853035793388379
0.06657657028055029
0.06466988745091577
0.06280950790452083
0.06099463033967428
0.05922445436660927
0.05749818115026648
0.05581501402344736
0.0541741590708733
0.0525748256850031
0.05101622709422813
0.04949758086381198
0.04801810937019008
0.04657704024941368
0.04517360682049668
0.04380704848434501
0.04247661109888256
0.04118154733104677
0.03992111698624676
0.03869458731581343
0.03750123330309669
0.03634033792918311
0.03521119241920542
0.03411309646947328
0.03304535845567943
0.03200729562284566
0.0309982342580659
0.03001750984699312
0.0290644672142326
0.02813846064807143
0.02723885401004069
0.02636502083024346
0.02551634438913838
0.0246922177861753
0.02389204399565607
0.0231152359103749
0.02236121637374474
0.0216294182009903
0.02091928418979963
0.02023026712094233
0.01956182974933002
0.01891344478589076
0.01828459487066076
0.01767477253770006
0.01708348017234084
0.01651022996126341
0.01595454383560712
0.01541595340743453
0.01489399990010062
0.01438823407269799
0.01389821613914294
0.01342351568224385
0.01296371156316682
0.01251839182658599
0.01208715360163918
0.011669602999104
0.01126535500507118
0.01087403337148825
0.01049527050381729
0.01012870734605041
0.009773993263390159
0.009430785922750347
0.009098751171341965
0.008777562913566852
0.008466902986472581
0.008166461033965164
0.007875934379945526
0.007595027900553518
0.007323453895683613
0.007060931959996909
0.006807188853552498
0.006561958372257392
0.006324981218309274
0.006096004870713704
0.005874783455969918
0.005661077619024239
0.005454654394676324
0.005255287079639541
0.005062755105256307
0.00487684391097522
0.004697344818679556
0.004524054907942831
0.00435677689231494
0.004195318996723055
0.004039494836042062
0.003889123294934047
0.003744028408945822
0.003604039246915258
0.003468989794769543
0.003338718841031713
0.003213069863975238
0.003091890919924816
0.002975034532039331
0.00286235758068656
0.002753721197569836
0.002648990663110789
0.002548035304341696
0.002450728391191548
0.002356947033968451
0.002266572084467718
0.002179488040372927
0.002095582951189377
0.002014748324961317
0.00193687903654486
0.001861873237782444
0.001789632269541755
0.001720060575545926
0.001653065617842659
0.001588557793980273
0.001526450355939431
0.001466659330746469
0.00140910344278351
0.001353704037827935
0.001300385008707116
0.001249072722649071
0.00119969595022287
0.001152185795915684
0.0011064756303439
0.001062501024037979
0.001020199682783255
0.000979511384499957
0.0009403779176609491
0.000902743021199231
0.0008665523259092892
0.0008317532973036381
0.0007982951798956903
0.000766128942911957
0.0007352072273857453
0.0007054842946206431
0.0006769159760154893
0.0006494596241547139
0.0006230740652800593
0.00059771955295424
0.0005733577229979143
0.0005499515496656036
0.0005274653030143368
0.0005058645074270229
0.0004851159013214167
0.0004651873979396918
0.0004460480472874335
0.0004276679991191805
0.0004100184670109299
0.0003930716934282219
0.0003768009158489865
0.0003611803338206116
0.0003461850770197054
0.0003317911742474935
0.0003179755233126509
0.0003047158618519125
0.0002919907390134052
0.0002797794879789108
0.0002680621993419827
0.0002568196952739828
0.0002460335044927947
0.0002356858380189895
0.0002257595656432528
0.0002162381931714834
0.0002071058403524427
0.0001983472195135177
0.0001899476148521704
0.0001818928624212212
0.0001741693307079629
0.0001667639018694162
0.0001596639535665403
0.0001528573413635078
0.0001463323817329501
0.0001400778355845502
0.0001340828923554001
0.0001283371546107904
0.0001228306231624017
0.0001175536826806304
0.0001124970877790321
0.0001076519495664892
0.0001030097226524933
9.856219259344938e-05
9.430146376477461e-05
9.021994764509381e-05
8.631035148066171e-05
8.256566737561969e-05
7.897916172908884e-05
7.554436503055074e-05
7.225506204968655e-05
6.910528231784412e-05
6.608929097104306e-05
6.320157989940154e-05
6.043685921817196e-05
5.779004903798389e-05
5.52562715209832e-05
5.283084320750795e-05
5.050926763599625e-05
4.828722822587837e-05
4.616058140147932e-05
4.412534997607645e-05
4.217771675462606e-05
4.031401839224238e-05
3.853073945043034e-05
3.682450669966129e-05
3.519208360565433e-05
3.363036501646415e-05
3.213637206510601e-05
3.070724723193302e-05
2.934024962557843e-05
2.803275038884465e-05
2.6782228329303e-05
2.558626567528643e-05
2.444254400257026e-05
2.334884031026613e-05
2.230302324949921e-05
2.130304948631368e-05
2.034696020681115e-05
1.943287774701034e-05
1.855900237073216e-05
1.772360914494819e-05
1.69250449426454e-05
1.616172557050106e-05
1.543213299161294e-05
1.473481266142136e-05
1.406837097554498e-05
1.343147278597351e-05
1.282283906164165e-05
1.224124458880723e-05
1.16855157969138e-05
1.115452864396854e-05
1.064720660617678e-05
1.016251873070193e-05
9.699477769993989e-06
9.257138393405689e-06
8.834595464655424e-06
8.430982374971527e-06
8.045469484379556e-06
7.677262555410658e-06
7.325601323295503e-06
6.989758067140985e-06
6.669036273458025e-06
6.362769329000312e-06
6.070319273799535e-06
5.791075610890122e-06
5.524454158270317e-06
5.269895977544617e-06
5.026866279702776e-06
4.79485337165927e-06
4.573367688112858e-06
4.361940991809331e-06
4.160125609426942e-06
3.967493465345902e-06
3.783634950414292e-06
3.608157969977696e-06
3.440687411648619e-06
3.280864688280354e-06
3.128347078299891e-06
2.982806949298403e-06
2.843931004476096e-06
2.711419677083609e-06
2.584986583354264e-06
2.464357960163292e-06
2.349272113331087e-06
2.239478893396912e-06
2.134739205417318e-06
2.034824534062376e-06
1.939516481048061e-06
1.848606334115507e-06
1.761894640004265e-06
1.67919081196756e-06
1.600312744647635e-06
1.525086436811128e-06
1.453345651564168e-06
1.384931572554777e-06
1.319692482322108e-06
1.257483435986904e-06
1.198165988818942e-06
1.141607905359371e-06
1.087682875806872e-06
1.036270268231609e-06
9.872548700529443e-07
9.405266656447265e-07
8.959805823039627e-07
8.535162979694527e-07
8.130380144426129e-07
7.744542625490869e-07
7.376777143243716e-07
7.026249939495301e-07
6.692165018533815e-07
6.373762567654573e-07
6.070317206112403e-07
5.781136620944591e-07
5.505559931255355e-07
5.242956422466058e-07
4.992724078490722e-07
4.754288363479088e-07
4.527100983855984e-07
4.310638751059201e-07
4.104402438870351e-07
3.907915603613486e-07
3.720723683761762e-07
3.542392994662283e-07
3.3725096973735e-07
3.210678996706503e-07
3.056524304615463e-07
2.909686317896117e-07
2.769822407697935e-07
2.636605601415943e-07
2.50972410776787e-07
2.388880485034913e-07
2.273791107350823e-07
2.164185482494348e-07
2.05980557035629e-07
1.960405369727659e-07
1.865750238341635e-07
1.775616456137279e-07
1.689790736906261e-07
1.608069661488793e-07
1.530259329506004e-07
1.456174832197839e-07
1.385639927061715e-07
1.318486523501687e-07
1.254554516188378e-07
1.193691097231152e-07
1.135750678595027e-07
1.080594512044475e-07
1.028090306602729e-07
9.781120178630846e-08
9.305394782739952e-08
8.852581560805953e-08
8.421589858915253e-08
8.011379753147186e-08
7.620959614186991e-08
7.249385445663353e-08
6.895757370313072e-08
6.55921840126943e-08
6.238951431011838e-08
5.934177723965993e-08
5.644156089642664e-08
5.368179857869077e-08
5.10557554712466e-08
4.855702368860328e-08
4.617949390092482e-08
4.391734512654067e-08
4.176503987747457e-08
3.971729318644677e-08
3.776907811963477e-08
3.591560223912037e-08
3.415230085610945e-08
3.247483188983469e-08
3.087905771250714e-08
2.936103930500684e-08
2.791702601528204e-08
2.654343805367814e-08
2.523687956544204e-08
2.399411202741688e-08
2.281204761326921e-08
2.168774427208572e-08
2.061841031342856e-08
1.960138096215942e-08
1.863412069279422e-08
1.771421967789898e-08
1.683937617520477e-08
1.600740563734605e-08
1.521622337929288e-08
1.446384992620317e-08
1.37483949740604e-08
1.30680618742499e-08
1.24211460249889e-08
1.180601928579366e-08
1.122112738488717e-08
1.066499922914368e-08
1.013622786622818e-08
9.633485179853836e-09
9.15549653896936e-09
8.701054127078798e-09
8.269011522513793e-09
7.858266454478809e-09
7.467783075810573e-09
7.096566143547829e-09
6.743676903682964e-09
6.408212828395409e-09
6.089327906616712e-09
5.786201597345587e-09
5.498065267777447e-09
5.224184514135494e-09
4.963856580039868e-09
4.716419100288586e-09
4.48123400227611e-09
4.257698584301726e-09
4.045240320478252e-09
3.843316588509152e-09
3.651409887366899e-09
3.469019689511217e-09
3.295683340665421e-09
3.130951517503783e-09
2.974403342025718e-09
2.825632718706605e-09
2.684263018686674e-09
2.549919609231929e-09
2.422259073823031e-09
2.300950087612536e-09
2.185681246239589e-09
2.076151789266651e-09
1.972080350850255e-09
1.8732014210871e-09
1.779252584997296e-09
1.689989892378023e-09
1.605180907652845e-09
1.524601836013257e-09
1.448048399523458e-09
1.375313299641298e-09
1.306209753854505e-09
1.240556316745625e-09
1.178182456172015e-09
1.118925995325117e-09
1.062632615699842e-09
1.009158620782792e-09
9.583592346246025e-10
9.101048709318442e-10
8.642686788491803e-10
8.20729578226166e-10
7.793782132114697e-10
7.40098388352913e-10
7.027874815241759e-10
6.673500567197533e-10
6.336880381646145e-10
6.017146525438401e-10
5.713465098521247e-10
5.425025269222569e-10
5.151127388525172e-10
4.890965637662767e-10
4.643881676108473e-10
4.409152986699735e-10
4.186262031990716e-10
3.974564627917828e-10
3.773538158417107e-10
3.58263938390833e-10
3.401338032903591e-10
3.229210073648282e-10
3.065742541305004e-10
2.910517404841786e-10
2.7630910776175e-10
2.623084855589309e-10
2.490162552906787e-10
2.363968973472366e-10
2.244127287516218e-10
2.130332578978692e-10
2.022293991937631e-10
1.91971879151345e-10
1.822335791447041e-10
1.729836139174572e-10
1.642031684072377e-10
1.558662206804744e-10
1.479502060643266e-10
1.404294575992365e-10
1.332894268328885e-10
1.265130462143613e-10
1.200826652063285e-10
1.139770286821235e-10
1.081823990428663e-10
1.026823427949608e-10
9.746028641574489e-11
9.250583620437217e-11
8.780113831377024e-11
8.333139658428386e-11
7.909013756032056e-11
7.505885957818182e-11
7.122907238729562e-11
6.759613962485112e-11
6.414946460702437e-11
6.087546045173662e-11
5.77692944497896e-11
5.482303318755622e-11
5.203108304356465e-11
4.937980385569967e-11
4.686221764481106e-11
4.447404237329026e-11
4.220701691105309e-11
4.005632237216611e-11
3.801544105573607e-11
