1.146048959048919e-12
7.616120864696312e-13
5.154602593014245e-13
3.593577928992427e-13
2.64343376665302e-13
2.120145637564632e-13
1.921644049006887e-13
1.998557744058506e-13
2.34549115529076e-13
2.992700260700346e-13
4.002316039859613e-13
5.478360007677316e-13
7.566719877932894e-13
1.047925398452855e-12
1.449451433233484e-12
1.99881713471158e-12
2.74592134040453e-12
3.757491221508241e-12
5.119802767758531e-12
6.947622674359176e-12
9.389535551238114e-12
1.26381554484739e-11
1.694317533169844e-11
2.262769505263815e-11
3.010453613373509e-11
3.990363289900339e-11
5.270126606711878e-11
6.935806583746024e-11
9.096357531242084e-11
1.188972265327032e-10
1.548977870204647e-10
2.011484354047029e-10
2.603871967979267e-10
3.360352010408798e-10
4.323552627169799e-10
5.546482866506806e-10
7.094818547646046e-10
9.049801052853947e-10
1.151162102293131e-09
1.460358254564442e-09
1.847697264415531e-09
2.33171007989076e-09
2.935031981082296e-09
3.685253706530797e-09
4.615927118656647e-09
5.76776025473851e-09
7.190036888342863e-09
8.942288113069157e-09
1.109626542803267e-08
1.373825593722533e-08
1.697180376726382e-08
2.092088203649941e-08
2.573359685632594e-08
3.158652125987263e-08
3.868971895985338e-08
4.729259459379196e-08
5.769065809695757e-08
7.0233349769202e-08
8.533306927621566e-08
1.03475564842245e-07
1.252318790068874e-07
1.512720509944788e-07
1.823807973964756e-07
2.194754330864458e-07
2.636263139812184e-07
3.160801045877814e-07
3.78286227641022e-07
4.519268580451844e-07
5.389509012530173e-07
6.416123942520802e-07
7.625138433775607e-07
9.04655053979682e-07
1.071488042934141e-06
1.266978701764806e-06
1.495675918042479e-06
1.762788940225312e-06
2.074273823293526e-06
2.436929864497835e-06
2.858507009237681e-06
3.347825287009266e-06
3.914907415558363e-06
4.571125801587513e-06
5.329365237659161e-06
6.204202702071538e-06
7.212105742422772e-06
8.371651023190321e-06
9.703764720839787e-06
1.123198652508117e-05
1.298275911811087e-05
1.498574508353878e-05
1.727417329150432e-05
1.988521689313773e-05
2.286040512856326e-05
2.624607123016398e-05
3.009383876427947e-05
3.446114879000643e-05
3.94118302590444e-05
4.501671607401857e-05
5.135430722076925e-05
5.851148734304409e-05
6.658429006231932e-05
7.567872131735746e-05
8.591164019332035e-05
9.741170461526226e-05
0.0001103203831415878
0.0001247930346343795
0.0001410000584725972
0.0001591281179820812
0.000179381439655131
0.0002019831906461145
0.0002271769368774411
0.0002552281839476202
0.0002864260028321151
0.0003210847421544786
0.0003595458285490433
0.0004021796563572393
0.0004493875675614424
0.0005016039225134301
0.0005592982615916873
0.000622977557490082
0.0006931885573211188
0.000770520213200981
0.0008556061993496731
0.0009491275131261586
0.001051815156676319
0.001164452895133998
0.001287880086611315
0.001422994580185868
0.00157075568121249
0.001732187174542984
0.001908380396532332
0.002100497347085354
0.002309773832085799
0.002537522625467415
0.002785136639053761
0.003054092087078272
0.003345951631049587
0.003662367489340696
0.004005084494752707
0.004375943085704405
0.004776882247867049
0.005209942401781212
0.0056772681832985
0.006181111064042675
0.006723831807271962
0.007307902759399965
0.007935909960100553
0.008610555037791862
0.009334656867378742
0.01011115296451057
0.01094310059701169
0.01183367758994056
0.01278618279508571
0.01380403620509227
0.01489077868166512
0.01605007127637183
0.01728569411958405
0.01860154484786561
0.02000163655245142
0.02149009521748025
0.0230711566290045
0.02474916273272399
0.02652855741254022
0.02841388167836657
0.03040976823422771
0.03252093541407505
0.03475218046930463
0.03710837218522931
0.03959444282466341
0.04221537937559058
0.04497621410078949
0.04788201438330406
0.05093787185403176
0.05414889081397771
0.05752017593721637
0.06105681926615836
0.06476388650645851
0.0686464026205936
0.07270933675114577
0.07695758647159692
0.08139596139340437
0.08602916615303653
0.09086178279267447
0.09589825258578062
0.1011428573196267
0.1065997000838485
0.1122726856068129
0.1181655001682015
0.1242815911597204
0.1306241463206513
0.1371960727177225
0.1439999755286325
0.1510381366720155
0.1583124933763338
0.1658246167265394
0.1735756902751418
0.1815664887918446
0.1897973572068069
0.1982681898581135
0.2069784100897291
0.2159269502985203
0.2251122325143481
0.2345321495761111
0.2441840470274408
0.2540647057793222
0.2641703256443133
0.274496509829436
0.2850382504497214
0.2957899151889081
0.3067452351498113
0.3178972939989231
0.3292385184873842
0.3407606704002745
0.3524548400554849
0.3643114413805538
0.3763202086625053
0.3884701950386226
0.4007497727600963
0.4131466353321572
0.4256478015387751
0.4382396214312012
0.4509077843256078
0.4636373288124399
0.4764126548561223
0.4892175379637198
0.5020351454748435
0.5148480549875581
0.5276382748899202
0.540387267045941
0.553075971577603
0.5656848337586279
0.5781938329988837
0.5905825138552714
0.6028300190860593
0.6149151246488774
0.6268162766193852
0.6385116299714859
0.6499790891174407
0.6611963501871688
0.6721409449099957
0.682790286038504
0.6931217142194115
0.7031125461795117
0.7127401241797883
0.7219818665584647
0.730815319249288
0.7392182081494378
0.7471684922163286
0.7546444172724931
0.761624570243099
0.7680879334814592
0.7740139390487005
0.7793825233033848
0.7841741825241674
0.7883700283559328
0.7919518407297941
0.7949021181133825
0.7972041278845599
0.7988419595950882
0.7998005780904954
0.8000658733275505
0.799624706665771
0.7984649557034204
0.7965755586014405
0.7939465568655358
0.7905691359109925
0.7864356632512293
0.7815397243842545
0.7758761563711433
0.7694410788830114
0.7622319225813347
0.7542474547207824
0.7454878018690786
0.7359544696932059
0.7256503596821244
0.71457978274288
0.7027484695996644
0.6901635779166844
0.6768336961247312
0.6627688438771078
0.6479804691190312
0.6324814417466754
0.6162860438246407
0.599409956383038
0.5818702427766069
0.5636853286400193
0.5448749784648143
0.5254602688164007
0.5054635582553783
0.4849084540021943
0.4638197754264997
0.4422235144350963
0.4201467928280049
0.3976178167296331
0.3746658281840022
0.351321054035218
0.3276146522106767
0.3035786555242464
0.279245913143911
0.2546500298528783
0.2298253032564938
0.2048066590873095
0.1796295847628958
0.1543300613670615
0.1289444942143785
0.1035096421724697
0.07806254591756279
0.05264045530099023
0.02728075601037416
0.002020895703809113
-0.02310169019805368
-0.04804965287731299
-0.07278580445611178
-0.09727319212221146
-0.1214751718587532
-0.1453554815971653
-0.1688783136139705
-0.1920083859917998
-0.2147110129726339
-0.2369521740290448
-0.2586985814885081
-0.2799177465487875
-0.3005780435237873
-0.3206487721741706
-0.3401002179701937
-0.3589037101491313
-0.3770316774338866
-0.3944577012822678
-0.411156566555461
-0.4271043094855
-0.4422782628394545
-0.4566570981838826
-0.4702208651590405
-0.4829510276941351
-0.4948304970819086
-0.5058436618517125
-0.515976414387208
-0.5252161742404163
-0.5335519081156969
-0.5409741464874639
-0.5474749968396518
-0.5530481535177924
-0.557688904184889
-0.5613941328952637
-0.5641623197969563
-0.5659935374966142
-0.5668894441204234
-0.5668532731041345
-0.565889819768189
-0.5640054247282072
-0.5612079542117923
-0.5575067773533264
-0.5529127405387362
-0.5474381388923206
-0.5410966849896848
-0.5339034748991011
-0.5258749516539154
-0.5170288662586279
-0.5073842363479248
-0.4969613026094442
-0.4857814830967661
-0.4738673255574167
-0.4612424578987486
-0.4479315369281286
-0.4339601954957935
-0.4193549881791799
-0.4041433356463418
-0.3883534678349693
-0.3720143660921606
-0.3551557044101993
-0.3378077899026659
-0.3200015026607106
-0.3017682351245263
-0.2831398311106245
-0.2641485246320295
-0.2448268786522142
-0.2252077239061692
-0.2053240979162319
-0.1852091843337953
-0.1648962527318336
-0.1444185989730834
-0.1238094862739954
-0.1031020870807247
-0.08232942587154519
-0.06152432299124428
-0.04071933962153833
-0.01994672398802445
0.0007616411003599576
0.02137428928887646
0.04186022020738116
0.06218894741308206
0.08233054467006157
0.1022556904951681
0.1219357109062311
0.1413426203125286
0.1604491604936188
0.1792288376177567
0.1976559572563161
0.2157056573582968
0.2333539391508435
0.2505776959390119
0.2673547397828752
0.2836638260343494
0.2994846757237163
0.3147979957880729
0.3295854971429705
0.3438299106011218
0.357515000643473
0.3706255770562613
0.383147504450042
0.3950677096840201
0.4063741872216787
0.4170560024463608
0.4271032929736051
0.4365072679948758
0.4452602056959648
0.4533554487944552
0.4607873982391662
0.4675515051208828
0.4736442608484684
0.479063185654358
0.4838068154877409
0.4878746873464431
0.4912673231058217
0.4939862119120526
0.496033791214658
0.4974134265054717
0.4981293898224261
0.498186837083443
0.497591784323999
0.4963510829186339
0.4944723938573024
0.491964161137742
0.4888355843411766
0.4850965904666478
0.4807578051039897
0.4758305230158794
0.4703266781907256
0.4642588134335576
0.457640049565618
0.4504840543053458
0.44280501089728
0.4346175865507291
0.4259369007542271
0.4167784935257646
0.4071582936592803
0.3970925870270015
0.3865979849970442
0.3756913930261795
0.3643899794772836
0.3527111447118673
0.3406724905079685
0.3282917898534554
0.3155869571641505
0.3025760189665758
0.2892770850847093
0.2757083203707333
0.2618879170200762
0.2478340675092968
0.2335649381852937
0.2190986435345093
0.204453221160836
0.1896466074998316
0.1746966142945106
0.1596209058530961
0.1444369771089025
0.1291621324994177
0.1138134656789478
0.09840784007820996
0.08296187032197712
0.06749190451421817
0.05201400739793491
0.03654394439516306
0.02109716653077463
0.005688796240505
-0.009666385936986084
-0.0249539537855589
-0.04015984695769829
-0.05527038164686607
-0.07027226039304993
-0.08515258102927259
-0.09989884477818678
-0.1144989635097998
-0.1289412661732181
-0.1432145044152876
-0.1573078574002342
-0.1712109358454792
-0.1849137852903459
-0.1984068886158864
-0.2116811678334624
-0.2247279851606315
-0.2375391434041141
-0.2501068856701275
-0.2624238944241323
-0.2744832899204855
-0.2862786280238898
-0.2978038974448233
-0.309053516411982
-0.3200223288062087
-0.3307055997778068
-0.3410990108703618
-0.3511986546745227
-0.3610010290352493
-0.3705030308370446
-0.3797019493899371
-0.3885954594389103
-0.39718161382041
-0.4054588357897176
-0.4134259110445102
-0.4210819794653476
-0.4284265265952662
-0.4354593748806198
-0.4421806746949182
-0.4485908951684818
-0.4546908148436428
-0.4604815121757281
-0.465964355899932
-0.4711409952846998
-0.4760133502930636
-0.480583601668426
-0.4848541809611693
-0.4888277605136489
-0.4925072434227243
-0.4958957534993364
-0.4989966252382179
-0.5018133938119639
-0.504349785104059
-0.5066097057952893
-0.5085972335181088
-0.5103166070909361
-0.5117722168444983
-0.5129685950521262
-0.5139104064754954
-0.5146024390385358
-0.5150495946372727
-0.5152568800943794
-0.5152293982670826
-0.5149723393165162
-0.5144909721468975
-0.5137906360206437
-0.5128767323565286
-0.5117547167165302
-0.5104300909861651
-0.5089083957531638
-0.5071952028889363
-0.5052961083388882
-0.5032167251249946
-0.5009626765600866
-0.4985395896747178
-0.4959530888603291
-0.4932087897335222
-0.4903122932224995
-0.4872691798730978
-0.4840850043730766
-0.4807652902961866
-0.4773155250673662
-0.4737411551484864
-0.4700475814425646
-0.4662401549162645
-0.4623241724374075
-0.458304872824104
-0.4541874331031754
-0.4499769649772314
-0.4456785114994699
-0.4412970439512542
-0.4368374589181694
-0.4323045755611702
-0.4277031330805598
-0.4230377883709963
-0.4183131138615539
-0.4135335955350989
-0.4087036311229594
-0.4038275284726912
-0.3989095040871611
-0.3939536818278525
-0.3889640917760875
-0.3839446692477236
-0.378899253957977
-0.3738315893329209
-0.3687453219618418
-0.3636440011853103
-0.358531078814294
-0.3534099089756688
-0.3482837480799781
-0.3431557549062604
-0.3380289908004152
-0.332906419982171
-0.3277909099544177
-0.3226852320092672
-0.3175920618273557
-0.3125139801668981
-0.3074534736380156
-0.3024129355577629
-0.2973946668823402
-0.2924008772110955
-0.287433685857222
-0.2824951229810664
-0.2775871307829131
-0.2727115647522596
-0.2678701949685999
-0.2630647074489866
-0.258296705538746
-0.2535677113430466
-0.2488791671973496
-0.2442324371715399
-0.2396288086031891
-0.23506949365667
-0.2305556309059749
-0.2260882869384106
-0.2216684579762295
-0.2172970715139716
-0.2129749879687686
-0.2087030023400088
-0.2044818458755425
-0.2003121877423371
-0.1961946366999429
-0.1921297427744877
-0.1881179989307408
-0.1841598427404459
-0.1802556580446383
-0.1764057766072807
-0.1726104797587213
-0.1688700000285399
-0.1651845227677538
-0.1615541877570952
-0.1579790907980878
-0.1544592852857733
-0.1509947837638183
-0.1475855594623731
-0.1442315478158578
-0.1409326479582962
-0.1376887241953484
-0.1344996074534668
-0.1313650967062455
-0.1282849603763502
-0.1252589377115654
-0.1222867401344371
-0.1193680525657202
-0.1165025347216527
-0.1136898223842073
-0.1109295286438049
-0.1082212451142436
-0.1055645431192022
-0.1029589748496824
-0.1004040744929235
-0.09789935933361153
-0.09544433082722195
-0.09303847564462751
-0.09068126668765811
-0.08837216407596916
-0.08611061610519868
-0.08389606017658235
-0.08172792369874024
-0.07960562496235833
-0.07752857398731576
-0.07549617334182478
-0.07350781893392475
-0.07156290077606163
-0.0696608037232451
-0.06780090818497582
-0.06598259081141812
-0.06420522515411832
-0.06246818230153941
-0.06077083148963103
-0.05911254068808693
-0.05749267716281245
-0.05591060801513066
-0.05436570069786412
-0.05285732350867559
-0.05138484606121704
-0.04994763973466219
-0.04854507810206129
-0.0471765373381868
-0.04584139660761262
-0.0445390384331095
-0.04326884904440523
-0.04203021870780586
-0.04082254203770974
-0.03964521829079298
-0.03849765164304184
-0.03737925144991101
-0.03628943249010729
-0.03522761519351587
-0.03419322585377098
-0.03318569682595328
-0.03220446671008163
-0.03124898052082072
-0.03031868984350853
-0.02941305297662415
-0.02853153506179914
-0.02767360820363696
-0.02683875157932113
-0.02602645153374598
-0.02523620165452285
-0.02446750283666722
-0.02371986335467108
-0.02299279893939449
-0.02228583283613677
-0.02159849582543917
-0.02093032623058308
-0.02028086993313398
-0.01964968039493849
-0.01903631867082625
-0.01844035340621443
-0.01786136082601577
-0.01729892471864632
-0.01675263641540487
-0.01622209476405465
-0.01570690609650264
-0.0152066841911985
-0.01472105023070093
-0.01424963275466656
-0.01379206760859293
-0.01334799788850913
-0.01291707388193491
-0.01249895300509798
-0.01209329973677207
-0.01169978554899404
-0.01131808883508383
-0.01094789483503152
-0.01058889555825863
-0.0102407897041341
-0.009903282580308207
-0.009576086019257999
-0.009258918293075348
-0.008951504026693148
-0.008653574109699861
-0.008364865606910287
-0.008085121667850904
-0.007814091435317468
-0.007551529953109235
-0.007297198073133409
-0.007050862361907569
-0.006812295006620859
-0.0065812737208582
-0.006357581650128223
-0.006141007277279331
-0.005931344327919735
-0.005728391675856585
-0.005531953248744864
-0.00534183793396492
-0.005157859484898042
-0.004979836427574898
-0.004807591967807881
-0.004640953898851347
-0.00447975450967271
-0.004323830493838792
-0.004173022859178941
-0.004027176838191898
-0.003886141799298637
-0.003749771158936697
-0.00361792229455416
-0.003490456458551041
-0.003367238693189897
-0.003248137746514443
-0.003133025989289917
-0.003021779333069772
-0.002914277149254121
-0.002810402189359924
-0.002710040506367916
-0.002613081377196797
-0.002519417226395038
-0.002428943550944529
-0.002341558846279151
-0.002257164533544099
-0.002175664887988241
-0.002096966968616957
-0.002020980549021887
-0.001947618049450041
-0.001876794470080525
-0.001808427325512151
-0.001742436580501892
-0.001678744586885499
-0.00161727602170045
-0.001557957826534117
-0.001500719148074834
-0.001445491279840468
-0.001392207605112174
-0.001340803541042545
-0.001291216483922784
-0.001243385755620191
-0.001197252551158445
-0.001152759887417555
-0.001109852552973251
-0.00106847705902986
-0.001028581591494966
-0.0009901159641046273
-0.0009530315726703541
-0.0009172813503157864
-0.0008828197237874393
-0.0008496025708061917
-0.0008175871784177694
-0.0007867322023721338
-0.0007569976274501887
-0.0007283447287768488
-0.0007007360340683545
-0.0006741352868507454
-0.0006485074105748127
-0.0006238184736401217
-0.0006000356553190235
-0.0005771272125368934
-0.0005550624475182581
-0.0005338116762597197
-0.0005133461978537418
-0.0004936382645983292
-0.000474661052909776
-0.0004563886350023971
-0.0004387959513389309
-0.0004218587838269483
-0.0004055537297361969
-0.0003898581763386558
-0.0003747502762284735
-0.000360208923346095
-0.0003462137296511975
-0.0003327450024714479
-0.0003197837224785048
-0.0003073115222812059
-0.0002953106656261482
-0.0002837640272116998
-0.0002726550730631109
-0.0002619678414951717
-0.0002516869246037038
-0.0002417974503104279
-0.0002322850649446762
-0.0002231359163252973
-0.0002143366373353541
-0.0002058743299984395
-0.0001977365500423259
-0.0001899112919056693
-0.0001823869742169923
-0.0001751524256715547
-0.0001681968713854874
-0.0001615099196311393
-0.0001550815490312008
-0.000148902096128035
-0.0001429622432829654
-0.0001372530068905848
-0.0001317657260588823
-0.0001264920519370125
-0.0001214239373336201
-0.0001165536258989296
-0.0001118736411033741
-0.0001073767766604687
-0.0001030560904415744
-9.890489855967906e-05
-9.491676397994664e-05
-9.108548086444352e-05
-8.740506251347063e-05
-8.386973859276768e-05
-8.047395394065997e-05
-7.721236243476963e-05
-7.407981679336602e-05
-7.107135926446246e-05
-6.818221504333155e-05
-6.540778649116814e-05
-6.274364712784283e-05
-6.018553539235227e-05
-5.772934864981741e-05
-5.537113753265352e-05
-5.310710048875154e-05
-5.093357852199199e-05
-4.884705005378931e-05
-4.684412598973545e-05
-4.49215449151736e-05
-4.307616852272485e-05
-4.130497713403883e-05
-3.960506540356111e-05
-3.79736381695262e-05
-3.640800643276013e-05
-3.490558349092278e-05
-3.346388119326051e-05
-3.208050633969763e-05
-3.075315719274927e-05
-2.947962011685302e-05
-2.82577663265558e-05
-2.708554876241667e-05
-2.596099906803746e-05
-2.488222467084721e-05
-2.384740598147526e-05
-2.285479366280385e-05
-2.190270603237762e-05
-2.098952653131618e-05
-2.011370128130749e-05
-1.927373675342999e-05
-1.846819749523794e-05
-1.769570394858845e-05
-1.695493035607384e-05
-1.624460272438873e-05
-1.556349687671093e-05
-1.491043655587279e-05
-1.428429162939674e-05
-1.368397632181401e-05
-1.3108447533233e-05
-1.255670322245924e-05
-1.202778082756914e-05
-1.152075577735812e-05
-1.103474002464473e-05
-1.056888064421718e-05
-1.012235850270995e-05
-9.694386942066498e-06
-9.284210544736344e-06
-8.891103917519783e-06
-8.514370540441492e-06
-8.153341637155091e-06
-7.807375126716577e-06
-7.475854562979484e-06
-7.158188163356719e-06
-6.853807827404506e-06
-6.562168236371858e-06
-6.282745949387071e-06
-6.015038544992473e-06
-5.758563818671373e-06
-5.512858984616015e-06
-5.27747990160278e-06
-5.052000362323248e-06
-4.836011368109518e-06
-4.629120468890043e-06
-4.430951091935936e-06
-4.241141938144178e-06
-4.05934635720846e-06
-3.885231787264367e-06
-3.718479177708223e-06
-3.558782469570176e-06
-3.405848075893389e-06
-3.259394384289863e-06
-3.119151267837346e-06
-2.984859646600133e-06
-2.856271042399545e-06
-2.733147142883191e-06
-2.615259405658088e-06
-2.502388672028784e-06
-2.394324781664197e-06
-2.290866213378296e-06
-2.191819736434275e-06
-2.09700008286805e-06
-2.006229617311787e-06
-1.919338036043728e-06
-1.836162071526e-06
-1.756545206779604e-06
-1.680337401949029e-06
-1.607394822063034e-06
-1.537579608561385e-06
-1.470759617995232e-06
-1.406808191375227e-06
-1.345603939157631e-06
-1.287030517871238e-06
-1.230976433616718e-06
-1.177334840473281e-06
-1.126003342531808e-06
-1.076883825635185e-06
-1.02988226942657e-06
-9.849085829731219e-07
-9.418764516246034e-07
-9.007031792026129e-07
-8.613095308010402e-07
-8.2361959631949e-07
-7.875606563719388e-07
-7.530630484258867e-07
-7.200600305659091e-07
-6.884876825531648e-07
-6.582847737862272e-07
-6.293926486715448e-07
-6.017551340427054e-07
-5.753184277059986e-07
-5.50030992483105e-07
-5.258434851392526e-07
-5.027086376213561e-07
-4.80581190188865e-07
-4.594178065156494e-07
-4.391769806060263e-07
-4.19818972218908e-07
-4.013057217133155e-07
-3.836007976842828e-07
-3.666693146339056e-07
-3.504778743984789e-07
-3.349944906089327e-07
-3.20188556284818e-07
-3.06030759884691e-07
-2.92493044016532e-07
-2.795485518475479e-07
-2.671715696929171e-07
-2.553374901530309e-07
-2.440227576146322e-07
-2.332048293588282e-07
-2.228621196616021e-07
-2.129739737611131e-07
-2.035206257184361e-07
-1.94483152752565e-07
-1.858434520125575e-07
-1.775841980771518e-07
-1.696888066408496e-07
-1.621414126228377e-07
-1.549268338548105e-07
-1.480305321408128e-07
-1.414386079393127e-07
-1.351377599595184e-07
-1.291152618134609e-07
-1.233589381605279e-07
-1.178571368986324e-07
-1.12598705969437e-07
-1.075729906157325e-07
-1.027697839987395e-07
-9.817932933300939e-08
-9.379229153022183e-08
-8.959974039455835e-08
-8.559313240604596e-08
-8.176429614315175e-08
-7.810541567159892e-08
-7.460901418939265e-08
-7.126793996079335e-08
-6.807534901647833e-08
-6.502470384403324e-08
-6.210975292775509e-08
-5.932450310836331e-08
-5.666323982236855e-08
-5.41204875891357e-08
-5.169101601371042e-08
-4.936982152801151e-08
-4.715211442538106e-08
-4.503332013477483e-08
-4.300906386686486e-08
-4.107515918068325e-08
-3.922761180800026e-08
-3.746259711115897e-08
-3.577645645073209e-08
-3.416569451662835e-08
-3.262696207024909e-08
-3.115707257337332e-08
-2.975296581177982e-08
-2.841171773442208e-08
-2.713053932287515e-08
-2.59067605012053e-08
-2.473782378616364e-08
-2.362128991388498e-08
-2.255482850122686e-08
-2.153620874746534e-08
-2.056330189600166e-08
-1.96340693455479e-08
-1.874656662895019e-08
-1.789893575623176e-08
-1.708939931827152e-08
-1.631625394017436e-08
-1.557787641777496e-08
-1.487271945447337e-08
-1.419929441937231e-08
-1.355618306857994e-08
-1.294203195140558e-08
-1.235554400313437e-08
-1.179548101234287e-08
-1.126066135445513e-08
-1.07499518597829e-08
-1.026227173388005e-08
-9.796592502212414e-09
-9.351924944310827e-09
-8.927329305566648e-09
-8.521906895893705e-09
-8.134798817389443e-09
-7.76517899322067e-09
-7.412264351686235e-09
-7.07530481832251e-09
-6.753581200375261e-09
-6.446404180163893e-09
-6.153126884021099e-09
-5.87312409889524e-09
-5.605798059358631e-09
-5.350578727406258e-09
-5.106917828521731e-09
-4.874304082799006e-09
-4.65223470152891e-09
-4.440234301132145e-09
-4.237846654478792e-09
-4.044638622544172e-09
-3.860198451329362e-09
-3.68412658779245e-09
-3.516043613131754e-09
