1.369342673767848e-12
8.862758258923078e-13
5.755544206391736e-13
3.728179660152518e-13
2.391483270475756e-13
1.484626217207411e-13
8.378397439000096e-14
3.395335264312497e-14
-8.995823301984052e-15
-5.14991887842111e-14
-9.913058007649482e-14
-1.576661207535322e-13
-2.341560910647514e-13
-3.361810153467198e-13
-4.747017379856327e-13
-6.635923256162279e-13
-9.208246527432936e-13
-1.270588568162194e-12
-1.745026370742969e-12
-2.386051102566433e-12
-3.249349969207199e-12
-4.406920223200659e-12
-5.953903011781737e-12
-8.013595796454032e-12
-1.074514113999264e-11
-1.435494194700851e-11
-1.910764474731061e-11
-2.534446484832026e-11
-3.349948766173917e-11
-4.41259907327609e-11
-5.792969941352197e-11
-7.580020839817263e-11
-9.886385092597848e-11
-1.285378679958489e-10
-1.666005943672894e-10
-2.152825143836442e-10
-2.773633073778224e-10
-3.563104890627171e-10
-4.564266621720594e-10
-5.830473610537613e-10
-7.427632630138927e-10
-9.437044636376481e-10
-1.195865000214525e-09
-1.511513777857098e-09
-1.905664516926344e-09
-2.396654876442499e-09
-3.006829711146462e-09
-3.763354613393925e-09
-4.699178120501442e-09
-5.854175313898459e-09
-7.276493043906482e-09
-9.024139074687613e-09
-1.116683787390942e-08
-1.378822633852356e-08
-1.698840451106357e-08
-2.088693519885763e-08
-2.562632847372674e-08
-3.137609713152098e-08
-3.833746928895834e-08
-4.674884150635347e-08
-5.689209037354997e-08
-6.909985337847059e-08
-8.376391502247917e-08
-1.013448486810996e-07
-1.223830823977801e-07
-1.475115679694802e-07
-1.774702703750261e-07
-2.131226983739029e-07
-2.554747416589829e-07
-3.056960806061737e-07
-3.651445028903072e-07
-4.35393451434359e-07
-5.182631886854871e-07
-6.158559981496052e-07
-7.305958711512134e-07
-8.652731859432191e-07
-1.023094912263345e-06
-1.207740950065546e-06
-1.423427230987387e-06
-1.674976294294241e-06
-1.967896086822066e-06
-2.30846782403134e-06
-2.703843783524779e-06
-3.162155996227352e-06
-3.692636854770645e-06
-4.305752736585818e-06
-5.013351829011368e-06
-5.82882739109018e-06
-6.767297804099916e-06
-7.845804808032404e-06
-9.083531431044825e-06
-1.050204117430187e-05
-1.212554012398393e-05
-1.398116369328035e-05
-1.609928982269642e-05
-1.851388048257092e-05
-2.126285340925189e-05
-2.43884860574919e-05
-2.793785374698392e-05
-3.196330406118052e-05
-3.652296949961824e-05
-4.168132046584695e-05
-4.750976132019064e-05
-5.408727395359952e-05
-6.150111050355591e-05
-6.984753723962559e-05
-7.923263213708693e-05
-8.977313870803335e-05
-0.0001015973786705356
-0.0001148462260204669
-0.0001296741450179544
-0.0001462502945914855
-0.0001647597015409828
-0.0001854045048952057
-0.0002084052735987697
-0.0002340023996242894
-0.0002624575684067494
-0.0002940553083185548
-0.0003291046206753607
-0.0003679406915097898
-0.0004109266860500468
-0.0004584556265263227
-0.0005109523535296629
-0.0005688755707665298
-0.000632719972559886
-0.00070301845297824
-0.0007803443949610762
-0.0008653140383616646
-0.000958588927634981
-0.001060878434582754
-0.001172942351565626
-0.001295593550728638
-0.001429700704082334
-0.001576191058436902
-0.001736053258367101
-0.001910340209387979
-0.002100171972597746
-0.002306738680963584
-0.00253130346651026
-0.00277520538891174
-0.003039862375530561
-0.003326774169553001
-0.003637525251727291
-0.003973787700649427
-0.004337323986804351
-0.004729989698561365
-0.005153736187030802
-0.005610613105950201
-0.006102770828815096
-0.006632462723387309
-0.007202047267482453
-0.007813989986841229
-0.008470865191769868
-0.009175357494961674
-0.009930263085422065
-0.0107384907389932
-0.01160306254354485
-0.01252711431301442
-0.01351389567225459
-0.01456676978487013
-0.01568921270408257
-0.01688481232420205
-0.01815726690587819
-0.01951038315901281
-0.02094807385497254
-0.02247435495055737
-0.02409334220347243
-0.0258092472541032
-0.02762637316243318
-0.02954910937410026
-0.03158192610370896
-0.03372936812062179
-0.03599604791686355
-0.03838663825503384
-0.04090586407540642
-0.04355849375923745
-0.04634932974234252
-0.04928319846702112
-0.0523649396832761
-0.05559939508668551
-0.05899139630250401
-0.06254575222219796
-0.06626723569161165
-0.0701605695774125
-0.07423041221046635
-0.07848134223208983
-0.08291784286430179
-0.08754428561592754
-0.09236491346894662
-0.09738382355686875
-0.1026049493791548
-0.1080320425890848
-0.1136686543808835
-0.1195181165399307
-0.1255835221807294
-0.1318677062340356
-0.1383732257364401
-0.1451023399621671
-0.1520569904801913
-0.1592387811721735
-0.1666489582876433
-0.1742883906032254
-0.1821575497376433
-0.1902564907225629
-0.1985848328717709
-0.2071417410368583
-0.2159259073256363
-0.2249355333411167
-0.2341683130510977
-0.2436214163339706
-0.2532914732965322
-0.263174559443633
-0.2732661817568645
-0.2835612657962037
-0.2940541438659838
-0.3047385443411906
-0.3156075822299511
-0.326653751020312
-0.337868915918753
-0.3492443085118019
-0.360770522941136
-0.3724375136562986
-0.3842345947751972
-0.3961504411460317
-0.4081730911230587
-0.4202899511302209
-0.4324878020567133
-0.4447528074915452
-0.4570705238710058
-0.4694259125236935
-0.481803353660516
-0.4941866623264823
-0.5065591062948166
-0.5189034259531011
-0.5312018561317178
-0.5434361498902929
-0.5555876042467802
-0.5676370877968048
-0.5795650702404198
-0.5913516537322672
-0.6029766060367601
-0.6144193954389862
-0.6256592273284896
-0.6366750824471497
-0.6474457566744013
-0.6579499022791288
-0.6681660705556286
-0.6780727557640591
-0.6876484403847993
-0.6968716414651264
-0.7057209577683292
-0.7141751176230283
-0.7222130278196539
-0.7298138242510647
-0.7369569232138561
-0.7436220711958772
-0.749789392990147
-0.7554394407399574
-0.7605532465637358
-0.7651123759630029
-0.7690989790240267
-0.7724958391607883
-0.775286421353384
-0.7774549207988689
-0.7789863109960556
-0.7798663906062384
-0.7800818289216704
-0.7796202100005205
-0.7784700754500444
-0.7766209656224263
-0.7740634590702464
-0.7707892101294231
-0.7667909844992421
-0.7620626927421676
-0.756599421542513
-0.7503974626275947
-0.7434543392446977
-0.7357688300746005
-0.727340990521423
-0.7181721712584522
-0.7082650339683307
-0.6976235642049894
-0.6862530812935582
-0.6741602452387948
-0.6613530605674169
-0.6478408770842219
-0.6336343875101432
-0.6187456219595078
-0.6031879392635953
-0.5869760151162858
-0.5701258270648554
-0.552654636358591
-0.5345809666602933
-0.5159245796690473
-0.4967064476789083
-0.4769487231366142
-0.4566747052559318
-0.435908803743935
-0.4146764997295236
-0.3930043039623645
-0.3709197123811945
-0.3484511591502766
-0.3256279672645451
-0.3024802968488938
-0.2790390912591508
-0.2553360211150669
-0.2314034263979561
-0.2072742567490294
-0.1829820101198936
-0.1585606699135085
-0.1340446407698145
-0.1094686831519758
-0.08486784689133929
-0.06027740385677212
-0.03573277990912301
-0.0112694863087473
0.01307694925724007
0.03727105186027735
0.06127746855885337
0.08506103750143842
0.1085868567356983
0.1318203525575007
0.1547273472331866
0.1772741259346908
0.1994275027242831
0.2211548854323946
0.2424243392744143
0.2632046490539094
0.2834653798111102
0.3031769357703444
0.3223106174510842
0.3408386768116177
0.3587343702981433
0.3759720096885223
0.3925270106101298
0.4083759386269868
0.4234965527966503
0.4378678466019322
0.4514700861803776
0.4642848457668
0.4762950402844018
0.4874849550229194
0.4978402723426565
0.5073480953635883
0.5159969685959499
0.5237768954901251
0.5306793528843337
0.5366973023283668
0.5418251982837465
0.5460589931957702
0.5493961394535269
0.5518355882556693
0.5533777854008546
0.5540246640424661
0.553779634440436
0.5526475707622683
0.5506347949871453
0.5477490579682481
0.5439995177268733
0.5393967150446894
0.5339525464385293
0.5276802346020358
0.5205942963979941
0.5127105085017966
0.5040458707892451
0.494618567575655
0.4844479268137997
0.4735543773591336
0.4619594044230018
0.449685503325209
0.4367561316705295
0.4231956600709181
0.4090293215314679
0.3942831596276413
0.3789839755996368
0.3631592744979961
0.3468372105079612
0.3300465315750304
0.3128165234621798
0.2951769533638712
0.277158013205534
0.2587902627541653
0.2401045726639491
0.2211320675832195
0.2019040694379937
0.1824520410091341
0.1628075299192896
0.1430021131439628
0.1230673421590422
0.1030346888273583
0.08293549212703023
0.06280090582100978
0.04266184716343248
0.02254894673492271
0.002492499493176847
-0.01747758287798225
-0.03733181824251859
-0.05704119883503031
-0.07657723456356771
-0.09591199472776245
-0.1150181480924479
-0.1338690012616358
-0.1524385353021244
-0.1707014405720017
-0.188633149712894
-0.2062098687717931
-0.2234086064223477
-0.2402072012579749
-0.2565843471361955
-0.2725196165568075
-0.2879934820633395
-0.3029873356608589
-0.3174835062466537
-0.3314652750580781
-0.344916889141655
-0.3578235728557682
-0.3701715374215974
-0.3819479885373356
-0.3931411320768378
-0.4037401778993979
-0.4137353418071618
-0.4231178456835634
-0.4318799158413155
-0.4400147796155214
-0.4475166602466597
-0.4543807701067125
-0.4606033023161922
-0.4661814207932605
-0.4711132487831478
-0.4753978559250067
-0.4790352439211473
-0.4820263308664685
-0.4843729342875507
-0.4860777529476967
-0.4871443474830026
-0.487577119940858
-0.4873812922841961
-0.4865628839171929
-0.4851286882943619
-0.4830862486797993
-0.4804438331267347
-0.4772104087423357
-0.4733956152990991
-0.4690097382594031
-0.4640636812746494
-0.458568938221832
-0.452537564840585
-0.4459821500345816
-0.4389157869031696
-0.4313520435583826
-0.4233049337843043
-0.4147888875966919
-0.4058187217616676
-0.3964096103326073
-0.3865770552543371
-0.3763368570834306
-0.3657050858755975
-0.3546980522924339
-0.3433322789792904
-0.3316244722539623
-0.3195914941467946
-0.307250334833873
-0.2946180855046969
-0.2817119117037971
-0.2685490271800993
-0.2551466682785191
-0.2415220689051031
-0.2276924360937581
-0.2136749262023291
-0.1994866217634295
-0.1851445090138981
-0.1706654561245654
-0.1560661921503013
-0.1413632867193505
-0.126573130475359
-0.1117119162847628
-0.09679562122190817
-0.08183998934311197
-0.06686051525863246
-0.05187242850754478
-0.03689067873983568
-0.02192992170908322
-0.007004506077573125
0.007871538966285408
0.02268451528050687
0.03742106653519396
0.05206818817576488
0.06661323658971094
0.08104393748450985
0.09534839348517103
0.1095150909610398
0.1235329060926792
0.1373911101907445
0.1510793742802904
0.1645877729641625
0.1779067875800101
0.1910273086666585
0.2039406377562693
0.216638488510545
0.2291129872179438
0.2413566726701311
0.2533624954365713
0.265123816556547
0.2766344056692314
0.2878884386012424
0.298880494431902
0.3096055520569005
0.3200589862719026
0.3302365633991275
0.340134436476682
0.3497491400317207
0.3590775844589181
0.3681170500254374
0.3768651805249251
0.3853199766007031
0.3934797887588316
0.4013433100920325
0.4089095687357989
0.416177920079316
0.4231480387494168
0.429819910386011
0.4361938232284974
0.4422703595341906
0.4480503868504044
0.4535350491562264
0.4587257578910378
0.4636241828872923
0.4682322432250459
0.4725520980258388
0.4765861372013078
0.480336972172208
0.4838074265730205
0.4870005269574523
0.4899194935210455
0.4925677308525719
0.4949488187268815
0.4970665029517028
0.4989246862803954
0.5005274194029425
0.5018788920253503
0.5029834240483968
0.5038454568555126
0.5044695447184544
0.5048603463296681
0.5050226164696556
0.5049611978194272
0.5046810129251802
0.504187056318726
0.5034843867982246
0.5025781198766009
0.501473420406252
0.500175495384806
0.4986895869427299
0.4970209655151562
0.4951749232025885
0.493156767325411
0.4909718141748672
0.4886253829614952
0.4861227899641057
0.4834693428789426
0.4806703353683232
0.4777310418095263
0.4746567122458045
0.4714525675414066
0.4681237947382204
0.4646755426118875
0.4611129174265235
0.4574409788879219
0.4536647362958073
0.4497891448910546
0.4458191023939327
0.4417594457311189
0.4376149479513068
0.433390315329316
0.429090184653116
0.4247191206886912
0.4202816138196122
0.4157820778594516
0.4112248480347704
0.4066141791339355
0.4019542438175373
0.3972491310866735
0.3925028449052921
0.3877193029732976
0.3829023356458166
0.3780556849958452
0.3731830040159022
0.3682878559526603
0.3633737137692116
0.3584439597318881
0.3535018851185509
0.3485506900440394
0.3435934833983607
0.3386332828942484
0.3336730152185836
0.3287155162824549
0.3237635315656353
0.3188197165523559
0.3138866372553563
0.3089667708228431
0.3040625062232301
0.2991761450037025
0.2943099021202112
0.2894659068367341
0.2846462036880004
0.2798527535004146
0.275087434467502
0.2703520432772781
0.2656482962883827
0.2609778307513128
0.2563422060722436
0.2517429051160029
0.2471813355439179
0.2426588311829622
0.2381766534236613
0.2337359926444806
0.2293379696598855
0.2249836371888086
0.220673981341227
0.2164099231196798
0.2121923199324383
0.2080219671159758
0.2038995994660905
0.1998258927771767
0.1958014653853825
0.191826879711314
0.1879026438005193
0.1840292128622169
0.1802069908062951
0.1764363317748213
0.1727175416646747
0.1690508796398437
0.165436559633493
0.1618747518394413
0.1583655841906078
0.1549091438222448
0.1515054785187737
0.148154598144097
0.1448564760549671
0.1416110504958486
0.1384182259742597
0.1352778746157608
0.1321898374973987
0.1291539259583455
0.1261699228879241
0.1232375839915967
0.1203566390343388
0.1175267930597853
0.1147477275844221
0.1120191017667398
0.1093405535509064
0.1067117007848241
0.1041321423129651
0.101601459044564
0.099119214996121
0.09668495830734292
0.09429822223049952
0.09195852609375028
0.08966537623869503
0.08741826693202738
0.08521668125149909
0.08306009194626435
0.08094796227152862
0.07887974679755184
0.07685489219335101
0.07487283798559241
0.0729330172929115
0.07103485753560311
0.06917778112080565
0.06736120610365644
0.065584546824782
0.06384721452450973
0.06214861793429016
0.06048816384610568
0.05886525765967933
0.05727930390727184
0.05572970675649727
0.05421587049222122
0.05273719997841998
0.05129310109990921
0.0498829811841255
0.04850624940341649
0.04716231715833506
0.04585059844230795
0.04457051018826293
0.04332147259781807
0.04210290945340046
0.04091424841338414
0.03975492129008459
0.03862436431201251
0.0375220183732723
0.03644732926993691
0.0353997479175048
0.03437873054149827
0.03338373885443933
0.03241424024314544
0.03146970796294234
0.03054962130644619
0.02965346572134682
0.02878073290983498
0.02793092093876623
0.02710353435844051
0.02629808430835577
0.02551408860181531
0.02475107179804904
0.02400856526703775
0.02328610724732241
0.02258324289511728
0.02189952432455401
0.02123451063979723
0.02058776795962207
0.01995886943478075
0.01934739525847865
0.01875293267032019
0.01817507595398185
0.0176134264286615
0.01706759243469478
0.01653718931376872
0.01602183938417961
0.01552117191122253
0.01503482307281551
0.01456243592064735
0.01410366033717853
0.01365815298876475
0.0132255772751672
0.0128056032755037
0.01239790769103743
0.01200217378487661
0.0116180913188788
0.0112453564879251
0.01088367185180198
0.01053274626484716
0.0101922948034836
0.009862038691806289
0.009541705225438207
0.009231027693779587
0.008929745300888251
0.008637603085024682
0.008354351837023448
0.008079748017638437
0.007813553674049322
0.007555536355618776
0.007305469029028711
0.007063129992855418
0.006828302791705669
0.006600776130027377
0.006380343785685794
0.006166804523400589
0.005959962008190211
0.005759624718838418
0.005565605861501189
0.005377723283495455
0.005195799387354857
0.005019661045219577
0.004849139513642859
0.00468407034885157
0.004524293322544375
0.004369652338253326
0.004219995348350496
0.004075174271710513
0.003935044912101047
0.003799466877279351
0.003668303498940632
0.003541421753483987
0.0034186921836323
0.003299988820968843
0.003185189109376423
0.003074173829413666
0.002966827023676128
0.002863035923127094
0.002762690874455513
0.002665685268455546
0.002571915469450139
0.002481280745744625
0.002393683201160235
0.00230902770762116
0.002227221838845795
0.002148175805145028
0.00207180238927858
0.001998016883407656
0.001926737027174421
0.001857882946859012
0.001791377095605606
0.001727144194785359
0.001665111176425531
0.001605207126754585
0.001547363230839196
0.001491512718304012
0.001437590810102078
0.001385534666359996
0.001335283335261563
0.001286777703048831
0.001239960445033756
0.001194775977623897
0.001151170411408551
0.001109091505212945
0.001068488621206597
0.001029312680966254
0.0009915161225458769
0.0009550528585057856
0.0009198782348946632
0.0008859489911515905
0.0008532232209827673
0.0008216603341064026
0.0007912210189494029
0.0007618672061929538
0.000733562033211436
0.0007062698093770144
0.0006799559821997176
0.0006545871043135918
0.0006301308012795039
0.0006065557401702656
0.0005838315989604864
0.0005619290366962721
0.0005408196644496157
0.0005204760169766829
0.0005008715251321146
0.0004819804889796358
0.0004637780516446687
0.0004462401738313465
0.0004293436090300811
0.0004130658793759812
0.0003973852521580757
0.0003822807169699183
0.0003677319634737696
0.0003537193597662552
0.0003402239313680367
0.000327227340766262
0.0003147118675365811
0.0003026603890285882
0.0002910563615651265
0.0002798838021940389
0.000269127270941626
0.0002587718536300559
0.0002488031451955441
0.0002392072333333374
0.0002299706825863401
0.0002210805190091416
0.0002125242157861734
0.0002042896791879707
0.0001963652336916104
0.0001887396065934885
0.0001814019149187616
0.0001743416581151937
0.0001675487109287517
0.0001610133069304053
0.0001547260146666231
0.0001486777197092797
0.0001428596224230988
0.0001372632383042479
0.0001318803899203025
0.0001267031917208728
0.0001217240363598021
0.0001169355854858157
0.0001123307618875848
0.0001079027410962629
0.0001036449425927702
9.955102130643072e-05
9.56148596067929e-05
9.183055962403562e-05
8.819243577629662e-05
8.46950074588547e-05
8.133299202200664e-05
7.810129794731708e-05
7.499501827001501e-05
7.200942418046141e-05
6.913995887212617e-05
6.638223155950306e-05
6.373201170500802e-05
6.118522342896094e-05
5.873794011449828e-05
5.638637915864512e-05
5.41268969443889e-05
5.195598392722804e-05
4.987025993125014e-05
4.786646956710064e-05
4.594147782440985e-05
4.409226579430337e-05
4.231592656041542e-05
4.060966118711959e-05
3.897077489509438e-05
3.739667332113224e-05
3.588485893276556e-05
3.443292754592863e-05
3.303856497888271e-05
3.169954379987018e-05
3.041372021214041e-05
2.917903101424639e-05
2.799349069604049e-05
2.685518860989645e-05
2.576228625891604e-05
2.471301466423515e-05
2.370567183423235e-05
2.273862031181257e-05
2.181028481801706e-05
2.091914997704877e-05
2.006375810177367e-05
1.924270708298234e-05
1.845464834062318e-05
1.769828484753419e-05
1.697236921830532e-05
1.627570188255072e-05
1.560712930062283e-05
1.49655422574322e-05
1.434987422103921e-05
1.375909974605542e-05
1.319223293505629e-05
1.264832597377706e-05
1.212646769255213e-05
1.162578219617789e-05
1.114542754287705e-05
1.068459446834768e-05
1.024250514415739e-05
9.818412008512327e-06
9.41159661163393e-06
9.021368519170074e-06
8.647064253262623e-06
8.28804626106866e-06
7.94370194030412e-06
7.613442677490147e-06
7.296702948689814e-06
6.992939430381898e-06
6.701630155331066e-06
6.422273691840373e-06
6.154388364327684e-06
5.897511486093748e-06
5.651198639280305e-06
5.415022963166505e-06
5.188574488935684e-06
4.971459484650629e-06
4.763299816202446e-06
4.563732369173509e-06
4.372408440114015e-06
4.18899319973731e-06
4.013165149970743e-06
3.844615596070298e-06
3.68304815576071e-06
3.528178282782955e-06
3.379732795622129e-06
3.237449450095486e-06
3.101076496811871e-06
2.970372282435949e-06
2.845104841179096e-06
2.725051531795247e-06
2.609998653313242e-06
2.499741111624124e-06
2.394082060196031e-06
2.292832595183083e-06
2.195811428029766e-06
2.102844599299049e-06
2.013765171870205e-06
1.92841296631616e-06
1.84663428802374e-06
1.76828167177193e-06
1.6932136317695e-06
1.621294432863742e-06
1.552393844744006e-06
1.486386939962379e-06
1.423153870034503e-06
1.362579670217932e-06
1.304554064902797e-06
1.248971271551231e-06
1.195729837509887e-06
1.144732449670389e-06
1.095885779984314e-06
1.049100318648587e-06
1.004290220041594e-06
9.613731639746098e-07
9.202702055646046e-07
8.809056418939517e-07
8.432068867862763e-07
8.071043298229819e-07
7.725312317067067e-07
7.394235981719047e-07
7.077200797768365e-07
6.773618501007129e-07
6.482925203758848e-07
6.204580273344861e-07
5.938065379459407e-07
5.682883758744549e-07
5.438559071008429e-07
5.204634837675968e-07
4.980673442294901e-07
4.766255489685465e-07
4.560978938118482e-07
4.364458512202213e-07
4.176324963133374e-07
3.996224286819543e-07
3.823817341993158e-07
3.658779072517235e-07
3.500797996280683e-07
3.349575595059947e-07
3.204825805655304e-07
3.06627458796206e-07
2.93365934113211e-07
2.80672838323663e-07
2.685240654296872e-07
2.568965185567671e-07
2.45768062707814e-07
2.351174947824045e-07
2.24924504340767e-07
2.15169627202794e-07
2.058342250875515e-07
1.969004343926801e-07
1.883511492253938e-07
1.801699816630483e-07
1.723412374953997e-07
1.648498822708452e-07
1.576815098528471e-07
1.508223345176384e-07
1.442591440600385e-07
1.37979282881687e-07
1.319706382012351e-07
1.262216032559737e-07
1.207210660213057e-07
1.154583814392326e-07
1.104233568056793e-07
1.056062341614352e-07
1.009976631622553e-07
9.658869937281012e-08
9.237076998403806e-08
8.833567277859898e-08
8.447554708144287e-08
8.078287399538367e-08
7.725044554911883e-08
7.387136658055329e-08
7.06390404514679e-08
6.754714704967431e-08
6.458963762920598e-08
6.176071835849107e-08
5.905483894399856e-08
5.646669526357839e-08
5.399120556959924e-08
5.162350907915984e-08
4.935894478204869e-08
4.719305660445843e-08
4.512158050678161e-08
4.314043373051111e-08
4.124570371132488e-08
3.943365376324392e-08
3.770069442371198e-08
3.604340697284245e-08
3.44585078116128e-08
3.294285986463101e-08
3.149346228301684e-08
3.010743781915575e-08
2.878203433639762e-08
2.751461829230509e-08
2.630267279027179e-08
2.514378883974679e-08
2.403565797890402e-08
2.297607701422028e-08
2.196293182432301e-08
2.0994201935151e-08
2.006795483469494e-08
1.918233844315483e-08
1.833558313100839e-08
1.75259938636253e-08
1.675195049607846e-08
1.601190255086722e-08
1.530436456729471e-08
1.462791839238602e-08
1.398120467456334e-08
1.336292644888664e-08
1.277183785922973e-08
1.220675701746783e-08
1.16665457516287e-08
1.115011420416794e-08
1.065642464138142e-08
1.0184480029916e-08
9.733327595381671e-09
9.302057796430055e-09
8.889801318701381e-09
8.495726170628923e-09
8.119031707316034e-09
