4.912516220447795e-12
3.383685586252257e-12
2.403992527748343e-12
1.793911973325904e-12
1.449058467435654e-12
1.307086137125128e-12
1.336737593471145e-12
1.530415582745327e-12
1.90090243426395e-12
2.480011302664133e-12
3.319667464294847e-12
4.496007346080523e-12
6.113717688332663e-12
8.313279988787612e-12
1.128101912980977e-11
1.526234678607947e-11
2.057588480810673e-11
2.76370179878625e-11
3.698056982642844e-11
4.929569847753513e-11
6.546699597097257e-11
8.662180236759912e-11
1.141975901813201e-10
1.500178415707765e-10
1.963876169276023e-10
2.562130643565236e-10
3.331464728891408e-10
4.317649374010637e-10
5.57785050223072e-10
7.183291416131302e-10
9.222426794635525e-10
1.180486062670797e-09
1.50659759417677e-09
1.917263092901941e-09
2.432991343705567e-09
3.078926498596235e-09
3.885824300681641e-09
4.891213277135714e-09
6.140776338214159e-09
7.689999161475444e-09
9.606119109691923e-09
1.197043381633108e-08
1.488102317601193e-08
1.845596265327427e-08
2.283709165411372e-08
2.819443434129923e-08
3.473136829073189e-08
4.269066186563512e-08
5.236148768220282e-08
6.408757430178671e-08
7.827663276017767e-08
9.54112454025447e-08
1.160614073606482e-07
1.408990071158126e-07
1.707144724682817e-07
2.064358705708198e-07
2.491507675005721e-07
3.00131203974258e-07
3.608621718077436e-07
4.330740291718143e-07
5.187793092154817e-07
6.203144715604004e-07
7.403871375918834e-07
8.821294655713062e-07
1.04915832302689e-06
1.245643035531005e-06
1.476381499710757e-06
1.746885571749793e-06
2.063476674963536e-06
2.433392683714775e-06
2.864907211782147e-06
3.367462512661166e-06
3.951817316399936e-06
4.630211008899617e-06
5.416545666400695e-06
6.326587566827479e-06
7.37818991565264e-06
8.591538607289531e-06
9.989422970709085e-06
1.159753356456276e-05
1.344478922661158e-05
1.556369570020205e-05
1.799073825552981e-05
2.076681087234602e-05
2.393768463709788e-05
2.755451814360042e-05
3.167441277660071e-05
3.63610158503562e-05
4.168517467736711e-05
4.772564470230474e-05
5.45698548774708e-05
6.231473352018005e-05
7.106759787326586e-05
8.094711058324511e-05
9.208430624819329e-05
0.0001046236910949824
0.0001187244186964119
0.0001345615444447369
0.0001523273612285217
0.0001722328184458875
0.0001945090260545376
0.0002194088451908745
0.000247208570078102
0.0002782097141181821
0.0003127408975829747
0.0003511598359508012
0.0003938554303414758
0.0004412499613305149
0.0004938013870896884
0.0005520057463116323
0.0006163996659807536
0.0006875629734600983
0.0007661214118643254
0.0008527494570238341
0.0009481732337173899
0.001053173528103222
0.001168588892528869
0.00129531883805672
0.001434327109148408
0.001586645034030771
0.00175337494321511
0.001935693647607028
0.002134855966475271
0.002352198294364108
0.002589142194739855
0.002847198006860599
0.003127968451254228
0.00343315222224699
0.003764547564016761
0.004124055806055018
0.004513684835563623
0.004935552486337817
0.005391889822507346
0.005885044294010634
0.006417482739184506
0.006991794208271165
0.00761069258007115
0.008277018942380854
0.00899374370582396
0.009763968427470831
0.01059092739156219
0.01147798894599423
0.0124286564862906
0.01344656898396711
0.01453550106537004
0.0156993626580422
0.0169421981842156
0.01826818524786879
0.01968163278565509
0.02118697864813407
0.02278878659297725
0.02449174266432546
0.02630065092234389
0.02822042850822485
0.03025610000912627
0.03241279110791107
0.03469572149768547
0.03711019703210424
0.03966160110868587
0.04235538525544968
0.04519705891733717
0.04819217843361498
0.05134633518712629
0.05466514293921191
0.05815422433086082
0.06181919656336179
0.06566565626539354
0.06969916354118096
0.07392522523443883
0.07834927740270853
0.08297666703624272
0.08781263304769701
0.09286228654449483
0.09813059044383322
0.1036223384406556
0.1093421333850351
0.1152943651163594
0.1214831877855927
0.1279124967528542
0.1345859050864429
0.1415067197428747
0.1486779174962279
0.1561021206656091
0.1637815727525127
0.1717181140291603
0.1799131571804181
0.1883676630859368
0.1970821168036862
0.2060565038863396
0.2152902870823042
0.2247823835415604
0.2345311426254587
0.244534324388745
0.2547890788797876
0.2652919263130122
0.2760387382415374
0.287024719833076
0.2982443933175927
0.3096915827592687
0.3213594001987127
0.3332402332899086
0.3453257345285529
0.3576068121315611
0.370073622716882
0.382715565810515
0.3955212802916864
0.4084786428555855
0.4215747685313023
0.4347960133851936
0.4481279794101771
0.4615555216903159
0.4750627578925929
0.4886330800903253
0.5022491690202404
0.5158930107368636
0.5295459157217275
0.5431885404624749
0.5568009114637246
0.5703624517504685
0.5838520097880874
0.5972478908412565
0.6105278907443638
0.623669331996683
0.6366491021985764
0.6494436947080572
0.6620292514966141
0.674381608131973
0.6864763407560714
0.6982888150319438
0.709794236892748
0.7209677050248803
0.7317842649698016
0.7422189646764799
0.7522469114417628
0.7618433300299017
0.7709836218629147
0.7796434251304138
0.7877986756185845
0.7954256681615922
0.8025011184797073
0.8090022252668111
0.8149067323514664
0.8201929907168269
0.8248400202702592
0.8288275711024361
0.832136184058871
0.8347472504392054
0.8366430706501665
0.8378069117555375
0.8382230635833835
0.8378768929879439
0.8367548961114161
0.8348447490258262
0.8321353575073587
0.828616904598534
0.8242808934814254
0.8191201856194616
0.8131290371635843
0.8063031364227208
0.7986396391622375
0.7901371985469877
0.7807959896439466
0.770617730659332
0.7596057018621167
0.7477647611941748
0.7351013559640469
0.7216235305450972
0.7073409302220917
0.6922648012495564
0.6764079869879261
0.6597849200743956
0.6424116106140707
0.6243056303871574
0.6054860931201117
0.5859736308049496
0.5657903661137447
0.5449598809532638
0.5235071812027511
0.5014586577291393
0.4788420437349994
0.4556863685443108
0.4320219079278082
0.4078801310684211
0.383293644307889
0.3582961317911114
0.3329222931631662
0.3072077784693701
0.2811891204076744
0.2549036641128173
0.2283894946384079
0.2016853623286054
0.1748306062669487
0.1478650759902179
0.1208290516737319
0.09376316298739314
0.06670830683522048
0.03970556418874956
0.01279611622611931
-0.01397884000513609
-0.04057817618654748
-0.06696091736988236
-0.09308632644408178
-0.118913988210618
-0.1444038928548307
-0.1695165185983997
-0.1942129133233477
-0.2184547749609738
-0.2422045304414239
-0.2654254130135839
-0.2880815377365848
-0.3101379749574342
-0.3315608215942953
-0.352317270048363
-0.3723756745867382
-0.3917056150296896
-0.4102779575978824
-0.428064912778545
-0.4450400900704151
-0.4611785494922236
-0.4764568497318758
-0.4908530928381582
-0.504346965361177
-0.5169197758518872
-0.5285544886592616
-0.5392357539503037
-0.5489499339055862
-0.5576851250487768
-0.5654311766734353
-0.5721797053591211
-0.5779241055546065
-0.5826595562323195
-0.5863830236253142
-0.5890932600650702
-0.5907907989661489
-0.5914779459847924
-0.5911587664050557
-0.5898390688128528
-0.5875263851235387
-0.5842299470528143
-0.5799606591068142
-0.5747310681935366
-0.5685553299579732
-0.5614491719421304
-0.553429853693441
-0.5445161239387322
-0.5347281749621786
-0.5240875943220806
-0.5126173140383354
-0.5003415574021262
-0.4872857835504982
-0.473476629965007
-0.4589418530503405
-0.4437102669463776
-0.4278116807410346
-0.4112768342411213
-0.3941373324699983
-0.3764255790571633
-0.3581747086816475
-0.339418518739819
-0.3201914003982325
-0.3005282691995008
-0.2804644953837551
-0.2600358340832654
-0.2392783555526098
-0.2182283755874397
-0.1969223862872337
-0.1753969873121175
-0.1536888177790825
-0.1318344889425591
-0.1098705177950318
-0.08783326172279282
-0.06575885434494183
-0.04368314265779506
-0.02164162560398101
0.0003306058206060931
0.02219892681412265
0.0439292352701784
0.06548800643845176
0.08684234565538725
0.1079600390616618
0.1288096022299306
0.1493603266328102
0.1695823238872881
0.189446567721168
0.2089249336091768
0.2279902360332901
0.2466162633290144
0.2647778100871686
0.2824507070910349
0.2996118487667949
0.3162392181343168
0.332311909251632
0.3478101471522858
0.3627153052843282
0.3770099204589753
0.3906777053263653
0.4037035584004209
0.4160735716591284
0.42777503575675
0.4387964428808129
0.4491274872960764
0.4587590636212286
0.4676832628865342
0.4758933664289071
0.4833838376796163
0.4901503119097715
0.4961895839980095
0.5014995942828422
0.5060794125709177
0.5099292203716916
0.5130502914357318
0.5154449706733459
0.5171166515302823
0.5180697519044967
0.5183096886813876
0.517842850972804
0.5166765721428461
0.5148191006990642
0.5122795701321807
0.5090679677904463
0.5051951028819417
0.5006725736888118
0.495512734067035
0.489728659311198
0.4833341114706831
0.4763435042081497
0.4687718672802216
0.4606348107096478
0.4519484887233313
0.4427295635360238
0.4329951690629504
0.4227628746331697
0.4120506487650121
0.4008768230689037
0.3892600563477865
0.3772192989667076
0.3647737575525887
0.3519428600766173
0.3387462213746152
0.3252036091616854
0.3113349105967706
0.2971600994459347
0.2826992038884421
0.2679722750106869
0.2529993560274592
0.2378004522687219
0.2223955019679475
0.2068043478861963
0.1910467098044138
0.1751421579088531
0.1591100870937311
0.142969692203935
0.1267399442386223
0.1104395675343319
0.09408701794029603
0.07770046199753321
0.06129775713223666
0.04489643287212207
0.02851367309150331
0.01216629928653214
-0.004129245118827126
-0.02035690943678686
-0.03650104935262472
-0.0525464395397004
-0.0684782852599332
-0.0842822329587332
-0.09994437986532187
-0.1154512826103049
-0.130789964874287
-0.1459479240823894
-0.1609131371614228
-0.1756740653774848
-0.1902196582736068
-0.2045393567295421
-0.2186230951637935
-0.2324613028986378
-0.2460449047107877
-0.2593653205932308
-0.2724144647555795
-0.2851847438863906
-0.2976690547018913
-0.3098607808072792
-0.3217537888987427
-0.3333424243360104
-0.344621506110892
-0.355586321238769
-0.366232618600788
-0.3765566022653342
-0.3865549243190687
-0.3962246772334957
-0.4055633857947035
-0.4145689986239873
-0.4232398793169483
-0.4315747972303868
-0.4395729179422556
-0.4472337934111998
-0.4545573518620193
-0.4615438874234374
-0.468194049545903
-0.4745088322222882
-0.4804895630355753
-0.4861378920573565
-0.4914557806203619
-0.4964454899892906
-0.5011095699504093
-0.5054508473409003
-0.5094724145386773
-0.5131776179338244
-0.5165700464038862
-0.5196535198089459
-0.5224320775241442
-0.524909967026663
-0.5270916325538215
-0.5289817038494283
-0.530584985011993
-0.5319064434584206
-0.5329511990168859
-0.5337245131626471
-0.5342317784113492
-0.534478507878747
-0.5344703250152225
-0.5342129535252986
-0.533712207483378
-0.5329739816578611
-0.5320042420479785
-0.5308090166393973
-0.529394386385148
-0.5277664764178217
-0.5259314474996375
-0.5238954877138594
-0.5216648044014843
-0.5192456163468029
-0.5166441462152763
-0.5138666132481757
-0.5109192262137188
-0.5078081766154263
-0.5045396321585506
-0.5011197304747899
-0.4975545731061903
-0.4938502197466711
-0.4900126827410053
-0.4860479218397107
-0.4819618392074645
-0.4777602746832169
-0.4734490012895798
-0.4690337209909994
-0.4645200606974697
-0.4599135685076995
-0.4552197101863972
-0.450443865873713
-0.4455913270258371
-0.4406672935823155
-0.4356768713526279
-0.4306250696160532
-0.4255167989313076
-0.4203568691527698
-0.415149987648204
-0.4099007577119632
-0.4046136771694289
-0.3992931371658452
-0.393943421132845
-0.388568703927225
-0.3831730511378024
-0.3777604185563969
-0.3723346518055185
-0.3668994861161287
-0.3614585462497442
-0.3560153465604036
-0.3505732911922894
-0.3451356744056859
-0.3397056810241444
-0.3342863869974756
-0.3288807600767207
-0.3234916605977026
-0.3181218423655933
-0.312773953633726
-0.3074505381714207
-0.3021540364169279
-0.2968867867111233
-0.2916510266063362
-0.2864488942449182
-0.2812824298028797
-0.2761535769941269
-0.2710641846310022
-0.2660160082365405
-0.2610107117048504
-0.2560498690053495
-0.2511349659254078
-0.2462674018467659
-0.2414484915526006
-0.2366794670624489
-0.2319614794912395
-0.2272956009289038
-0.2226828263377666
-0.2181240754637026
-0.2136201947571432
-0.2091719593011013
-0.2047800747440121
-0.2004451792352841
-0.1961678453601736
-0.1919485820707607
-0.1877878366106816
-0.1836859964322982
-0.1796433911052356
-0.1756602942129666
-0.171736925234539
-0.1678734514096465
-0.1640699895859201
-0.1603266080470832
-0.1566433283203192
-0.1530201269618972
-0.1494569373196782
-0.145953651270584
-0.1425101209316448
-0.1391261603438619
-0.1358015471283692
-0.1325360241139505
-0.1293293009348962
-0.1261810555986602
-0.123090936022347
-0.1200585615370409
-0.1170835243595073
-0.1141653910317668
-0.1113037038292217
-0.1084979821357087
-0.1057477237840642
-0.1030524063621041
-0.1004114884852576
-0.09782441103668491
-0.09529059837383834
-0.09280945950041777
-0.09038038920394023
-0.08800276915984905
-0.08567596900292788
-0.08339934736555277
-0.08117225288250576
-0.07899402516266101
-0.07686399572832509
-0.07478148892290738
-0.0727458227868716
-0.07075630990240248
-0.06881225820709316
-0.06691297177689701
-0.06505775157853097
-0.06324589619221344
-0.06147670250579263
-0.05974946638077849
-0.0580634832901251
-0.0564180489282514
-0.05481245979392099
-0.05324601374648177
-0.05171801053609492
-0.05022775230886731
-0.04877454408774637
-0.04735769422937322
-0.04597651485709229
-0.04463032227069156
-0.04331843733376418
-0.0420401858394572
-0.04079489885498887
-0.03958191304567855
-0.03840057097904586
-0.03725022140942128
-0.03613021954364257
-0.03503992728846365
-0.03397871348037954
-0.03294595409846001
-0.0319410324605675
-0.03096333940346952
-0.03001227344750194
-0.02908724094630488
-0.02818765622221064
-0.02731294168790744
-0.02646252795502835
-0.02563585392997457
-0.02483236689715381
-0.02405152259024242
-0.02329278525216174
-0.0225556276844717
-0.02183953128644767
-0.02114398608416512
-0.02046849075004119
-0.01981255261334095
-0.01917568766199485
-0.01855742053622802
-0.01795728451447604
-0.01737482149192694
-0.01680958195195893
-0.01626112493057801
-0.01572901797459317
-0.01521283709493813
-0.01471216671515437
-0.01422659961281924
-0.01375573685091776
-0.0132991877046781
-0.01285656959356375
-0.01242750801696525
-0.01201163648081029
-0.01160859640522359
-0.01121803702645106
-0.01083961530453741
-0.01047299583586046
-0.01011785076206144
-0.009773859672338875
-0.009440709502610799
-0.009118094433598015
-0.008805715787971614
-0.008503281926002835
-0.008210508139645998
-0.00792711654545746
-0.007652835976547368
-0.007387401873776535
-0.007130556176281719
-0.006882047211592558
-0.00664162958535915
-0.006409064070788601
-0.006184117497959427
-0.005966562643124449
-0.00575617811827128
-0.005552748260878787
-0.005356063024018308
-0.005165917866795326
-0.004982113645364572
-0.004804456504511809
-0.004632757769979356
-0.004466833841505052
-0.004306506086695252
-0.004151600735762913
-0.004001948777269856
-0.003857385854838954
-0.003717752164959303
-0.003582892355895651
-0.003452655427762125
-0.003326894633759681
-0.003205467382642129
-0.003088235142476491
-0.002975063345671461
-0.002865821295370386
-0.002760382073149065
-0.002658622448089401
-0.002560422787261625
-0.00246566696762404
-0.002374242289337045
-0.002286039390517601
-0.002200952163425452
-0.002118877672086507
-0.002039716071393555
-0.001963370527631284
-0.001889747140511406
-0.001818754866642678
-0.001750305444463983
-0.001684313320644354
-0.001620695577902394
-0.001559371864325676
-0.001500264324058946
-0.001443297529497606
-0.001388398414834343
-0.001335496211067486
-0.00128452238239205
-0.001235410563976661
-0.001188096501108581
-0.001142517989698837
-0.001098614818139098
-0.001056328710481349
-0.001015603270942981
-0.0009763839296899144
-0.0009386178899275312
-0.0009022540762175675
-0.0008672430840773994
-0.0008335371307720052
-0.0008010900073295171
-0.0007698570317495335
-0.0007397950033789719
-0.0007108621584346217
-0.000683018126655951
-0.0006562238890571536
-0.0006304417368009023
-0.0006056352311368208
-0.00058176916436547
-0.0005588095218572114
-0.0005367234450939015
-0.000515479195677037
-0.0004950461203270519
-0.000475394616816377
-0.0004564961008511851
-0.0004383229738597435
-0.0004208485916997469
-0.0004040472342065773
-0.0003878940756152278
-0.0003723651558169899
-0.0003574373524193544
-0.0003430883536440421
-0.0003292966319689422
-0.0003160414185523475
-0.0003033026783974946
-0.0002910610862341137
-0.0002792980031343029
-0.0002679954538013172
-0.0002571361045459725
-0.0002467032419072278
-0.0002366807519401015
-0.0002270531001011392
-0.0002178053117682826
-0.0002089229533341169
-0.0002003921139070168
-0.0001921993875312514
-0.0001843318560245832
-0.0001767770722782651
-0.0001695230441261834
-0.0001625582187047096
-0.0001558714673053241
-0.0001494520707011791
-0.0001432897049514446
-0.0001373744276463365
-0.0001316966645909257
-0.0001262471969609263
-0.0001210171487927152
-0.0001159979749503509
-0.0001111814494404421
-0.0001065596541435005
-0.0001021249678880199
-9.787005588629675e-05
-9.378785953910308e-05
-8.98715865551697e-05
-8.61147014185414e-05
-8.251091616671994e-05
-7.905418144669302e-05
-7.573867793802356e-05
-7.255880801098888e-05
-6.950918768753911e-05
-6.658463886849385e-05
-6.378018182908925e-05
-6.1091027969367e-05
-5.851257282207607e-05
-5.604038930782172e-05
-5.367022119044218e-05
-5.139797672649373e-05
-4.921972261088894e-05
-4.713167819777097e-05
-4.513020993016291e-05
-4.321182567855134e-05
-4.137316907246168e-05
-3.961101443808793e-05
-3.792226310787844e-05
-3.630393979834607e-05
-3.475318709168311e-05
-3.326725838565023e-05
-3.184351222837926e-05
-3.047941014964802e-05
-2.917251505359197e-05
-2.792048789989575e-05
-2.672108289635708e-05
-2.557214312615395e-05
-2.447159719184905e-05
-2.341745617523011e-05
-2.240781057359177e-05
-2.144082718914983e-05
-2.051474615939827e-05
-1.962787810888072e-05
-1.877860145504855e-05
-1.796535978442527e-05
-1.71866593190816e-05
-1.644106648647007e-05
-1.572720556521078e-05
-1.504375644090448e-05
-1.438945243539063e-05
-1.376307820888334e-05
-1.316346775014985e-05
-1.258950244217961e-05
-1.204010918616243e-05
-1.151425862909929e-05
-1.101096342697671e-05
-1.052927657769581e-05
-1.006828983747452e-05
-9.627132171325269e-06
-9.204968287421528e-06
-8.800997203422907e-06
-8.414450887525471e-06
-8.044592942667186e-06
-7.690717341529677e-06
-7.352147208930947e-06
-7.028233659539214e-06
-6.718354669446164e-06
-6.421913984252391e-06
-6.138340099560515e-06
-5.867085259842286e-06
-5.607624485776703e-06
-5.35945467167439e-06
-5.122093686137205e-06
-4.895079522487068e-06
-4.677969496509025e-06
-4.470339433623625e-06
-4.271782942235786e-06
-4.081910665488998e-06
-3.900349606203559e-06
-3.726742438009567e-06
-3.560746878634177e-06
-3.402035061565209e-06
-3.250292951044982e-06
-3.105219770386581e-06
-2.966527459498871e-06
-2.833940145659242e-06
-2.707193644647345e-06
-2.586034977876112e-06
-2.470221897563995e-06
-2.359522464671433e-06
-2.253714596581378e-06
-2.152585677678096e-06
-2.055932141476758e-06
-1.963559123820983e-06
-1.875280072045814e-06
-1.790916419452102e-06
-1.710297244711472e-06
-1.63325893767957e-06
-1.559644917321064e-06
-1.48930531513497e-06
-1.422096711169221e-06
-1.357881847204517e-06
-1.296529383720885e-06
-1.23791363113947e-06
-1.181914327041208e-06
-1.128416405876804e-06
-1.077309769422668e-06
-1.028489079899901e-06
-9.818535644360828e-07
-9.373068216957053e-07
-8.947566191979948e-07
-8.541147434046863e-07
-8.152968050710911e-07
-7.782220905911013e-07
-7.428133944924052e-07
-7.089968776634474e-07
-6.767019230510805e-07
-6.458609958632609e-07
-6.164095109484123e-07
-5.882857029810595e-07
-5.61430511313192e-07
-5.357874692588485e-07
-5.11302569513689e-07
-4.879241890751513e-07
-4.656029590976649e-07
-4.442916941981175e-07
-4.239452739984739e-07
-4.045205603945453e-07
-3.859763266427309e-07
-3.682731607903692e-07
-3.513733812982194e-07
-3.352409765656886e-07
-3.198415254991377e-07
-3.051421292237114e-07
-2.911113502035852e-07
-2.777191311431948e-07
-2.649367564459177e-07
-2.527367865231323e-07
-2.410929902339682e-07
-2.299803063938218e-07
-2.193747852934232e-07
-2.092535421697734e-07
-1.995947164233187e-07
-1.903774169456027e-07
-1.815816834366335e-07
-1.731884543925097e-07
-1.651795116326886e-07
-1.575374547693729e-07
-1.502456605116219e-07
-1.432882450132961e-07
-1.36650039870036e-07
-1.303165514872989e-07
-1.24273941285984e-07
-1.185089927935254e-07
-1.130090782829348e-07
-1.077621412145561e-07
-1.027566695262484e-07
-9.798165849732499e-08
-9.342660476531262e-08
-8.908147740250342e-08
-8.493669886366872e-08
-8.098311967074759e-08
-7.721200817166966e-08
-7.36150238524475e-08
-7.018420670187274e-08
-6.69119529835914e-08
-6.379100765571313e-08
-6.081443697069205e-08
-5.79756308743118e-08
-5.526826743509883e-08
-5.268631752551032e-08
-5.02240269932146e-08
-4.78759051248968e-08
-4.56367020328062e-08
-4.350141387965575e-08
-4.146525470590251e-08
-3.952367240778293e-08
-3.767230842714946e-08
-3.590700504932093e-08
-3.422379792373328e-08
-3.261890074079788e-08
-3.108870114882803e-08
-2.962975711974528e-08
-2.823877504703842e-08
-2.691262246495992e-08
-2.564829873940428e-08
-2.444294733485569e-08
-2.329383712107074e-08
-2.219836572116917e-08
-2.115405176868586e-08
-2.015852052150534e-08
-1.920951591060334e-08
-1.830487930823879e-08
-1.744255316401302e-08
-1.662057452041063e-08
-1.583706559741492e-08
-1.509024806082827e-08
-1.437841087048289e-08
-1.369993198798737e-08
-1.305325750606353e-08
-1.243690789918416e-08
-1.184947175735949e-08
-1.12896050627569e-08
-1.075602280724134e-08
-1.024750121770382e-08
-9.762874371733673e-09
-9.301019368369568e-09
-8.860881607672263e-09
-8.441440137939792e-09
-8.041731744272305e-09
-7.660834978489701e-09
-7.297869312025351e-09
-6.951999074160242e-09
-6.62242107487967e-09
-6.308371351225855e-09
-6.009125741330321e-09
-5.723991263405933e-09
-5.452310283043562e-09
-5.193451278632926e-09
-4.94681140614581e-09
-4.711820908081035e-09
-4.487933755195351e-09
-4.274624445695688e-09
-4.071395781429785e-09
-3.877778470150014e-09
-3.693314362821368e-09
-3.517577931065922e-09
-3.35015847222058e-09
-3.190665541456012e-09
-3.038725981923892e-09
-2.893984532721947e-09
-2.756096667338902e-09
-2.624745632509515e-09
-2.49961958687884e-09
-2.380427316906323e-09
-2.266890921259167e-09
-2.158742573323048e-09
-2.055728364038794e-09
-1.957603167261063e-09
-1.86413923780943e-09
-1.775115590915016e-09
-1.690325977000369e-09
-1.609568995247773e-09
-1.532649996501068e-09
-1.459386684674851e-09
-1.389609131408892e-09
-1.323151814683121e-09
-1.259858425289821e-09
-1.199577476258601e-09
-1.142170812674491e-09
-1.087498454647265e-09
-1.035432655177569e-09
-9.858484927320594e-10
-9.386240699459989e-10
-8.936504698832504e-10
-8.508208627041535e-10
-8.100344421916794e-10
-7.71192588198098e-10
-7.342096014222972e-10
