-1.460946138243268e-12
-9.486579050447154e-13
-6.015782520549489e-13
-3.54609168730048e-13
-1.66887445828616e-13
-8.817722985757555e-15
1.431148078514638e-13
3.088844212727397e-13
5.085551204550055e-13
7.647265899869621e-13
1.104306226496193e-12
1.561764141363347e-12
2.181523878888868e-12
3.022213417257645e-12
4.160171543281548e-12
5.696398762164932e-12
7.762709777145077e-12
1.053043726452964e-11
1.422409909470369e-11
1.913276091569609e-11
2.563146170105068e-11
3.420241590683113e-11
4.546386804706253e-11
6.020713418650708e-11
7.944031298383536e-11
1.044436290195731e-10
1.368387384725173e-10
1.786718601500277e-10
2.325190124789559e-10
3.016114840232679e-10
3.899915225142645e-10
5.027029080937267e-10
6.460191213850704e-10
8.277250609448258e-10
1.057453115732607e-09
1.34709038253722e-09
1.711275009673853e-09
2.167981730736954e-09
2.739233104701181e-09
3.451945817155617e-09
4.338939923485725e-09
5.440146396907008e-09
6.804033354128293e-09
8.489300638985602e-09
1.056688341356221e-08
1.312231602333908e-08
1.62585124026685e-08
2.0099027692349e-08
2.479187913475953e-08
3.051401286967849e-08
3.747649498846875e-08
4.5930552695587e-08
5.617456847539855e-08
6.856220607292409e-08
8.351180092560326e-08
1.015172023481849e-07
1.231602470349925e-07
1.491251006713377e-07
1.802147015466407e-07
2.17369578544929e-07
2.616893517753844e-07
3.144572506510133e-07
3.771680148574684e-07
4.515595877240298e-07
5.396490631742259e-07
6.437733625521967e-07
7.666352077140621e-07
9.113549628600991e-07
1.08152901517956e-06
1.281295387858838e-06
1.515407375474352e-06
1.789316023189267e-06
2.109262378782531e-06
2.482380495136807e-06
2.916812249190278e-06
3.421835137251689e-06
4.008004276824355e-06
4.6873099451984e-06
5.473352060405238e-06
6.381533134908238e-06
7.429271310729361e-06
8.636235229586137e-06
1.002460254785234e-05
1.161934403696685e-05
1.344853532440105e-05
1.554369842502273e-05
1.794017531814496e-05
2.067753593974278e-05
2.380002304552288e-05
2.735703650164272e-05
3.140365963815468e-05
3.600123037246542e-05
4.121795987259586e-05
4.712960157147233e-05
5.382017335578152e-05
6.138273576659697e-05
6.992022898792938e-05
7.954637137646733e-05
9.038662210917744e-05
0.0001025792104516837
0.0001162762338863827
0.0001316448272675977
0.0001488684071428802
0.000168148000361401
0.0001897036568803746
0.0002137759477248538
0.000240627550422618
0.0002705449242441769
0.0003038400773323683
0.0003408524275584521
0.0003819507586812709
0.0004275352730591201
0.0004780397418006814
0.0005339337528574583
0.0005957250571118094
0.0006639620120375926
0.0007392361219620164
0.0008221846734123503
0.0009134934633395666
0.00101389961740098
0.001124194494655293
0.001245226674308765
0.001377905019216043
0.001523201809958757
0.001682155942325331
0.00185587617995663
0.002045544453039387
0.00225241919566457
0.00247783871959324
0.002723224608498856
0.002990085117514343
0.003280018563922678
0.003594716693713049
0.003935968007414099
0.004305661027245279
0.004705787486211131
0.005138445418273801
0.005605842127269755
0.006110297011051698
0.006654244221540759
0.007240235189246286
0.007870941008120086
0.0085491546031904
0.009277792605526518
0.01005989693302326
0.01089863608301339
0.01179730611681302
0.01275933129289924
0.0137882643212765
0.01488778620840028
0.0160617056721859
0.01731395810100611
0.01864860402296466
0.02006982706621367
0.02158193137597397
0.02318933846792632
0.02489658349381286
0.02670831088822581
0.02862926938402957
0.03066430636419137
0.03281836153630622
0.03509645991205362
0.03750370406611234
0.04004526567274388
0.04272637629397403
0.04555231741696274
0.04852840973355973
0.05166000164593023
0.0549524570116903
0.05841114211252048
0.06204141185955748
0.06584859524333052
0.0698379800254729
0.07401479670569738
0.07838420176081518
0.08295126018754986
0.08772092737468271
0.09269803031846566
0.09788724823823711
0.1032930926036075
0.1089198866259133
0.1147717442590011
0.1208525487403014
0.1271659307525669
0.1337152462332857
0.140503553907289
0.1475335926070371
0.154807758426364
0.1623280818095931
0.170096204617034
0.1781133572627349
0.1863803360054581
0.1948974804508255
0.2036646513855883
0.2126812089936826
0.2219459915639176
0.2314572947811888
0.2412128516667597
0.2512098133024813
0.2614447303895887
0.2719135357577084
0.2826115279189085
0.2935333557332452
0.3046730043267252
0.3160237823044843
0.3275783103721849
0.3393285114544476
0.3512656023660471
0.3633800871697238
0.3756617522484278
0.3880996631947585
0.4006821635907244
0.4133968757122243
0.4262307032757526
0.4391698362296335
0.452199757671827
0.4653052529418887
0.4784704208896493
0.4916786874084267
0.504912821204369
0.5181549518578334
0.5313865901908439
0.544588650903195
0.557741477529213
0.5708248696481014
0.5838181123674262
0.5967000080542764
0.6094489102360241
0.6220427596847352
0.6344591225745222
0.6466752306876947
0.6586680236025749
0.6704141927475196
0.681890227298926
0.693072461768263
0.7039371252121059
0.7144603919584638
0.7246184336966074
0.7343874728696356
0.7437438371803613
0.752664015108518
0.7611247123000389
0.7691029086503437
0.7765759159994559
0.783521436213127
0.7899176194989203
0.7957431227957212
0.8009771680827689
0.8055996005636815
0.8095909464089024
0.8129324696724406
0.8156062282304594
0.817595129107471
0.81888298393144
0.8194545632184723
0.8192956470343195
0.8183930719281912
0.8167347770642287
0.8143098523676302
0.8111085855021871
0.8071225044545132
0.8023444155580941
0.7967684391022883
0.7903900434813836
0.783206076846697
0.7752147956053278
0.7664158896368021
0.756810504331244
0.7464012594711708
0.7351922647684247
0.7231891319590822
0.7103989833861631
0.6968304570082808
0.6824937078269085
0.6674004056527661
0.651563729197827
0.6349983564752141
0.6177204514840275
0.5997476472128146
0.5810990249481948
0.5617950899308802
0.5418577433956898
0.5213102510285496
0.5001772079210276
0.4784845000711963
0.4562592625260738
0.4335298342544721
0.4103257098354803
0.3866774880869711
0.3626168177393365
0.3381763402946769
0.3133896302062344
0.2882911325112363
0.2629160980792731
0.237300516625967
0.2114810476653364
0.1854949495715721
0.1593800069219603
0.1331744563100428
0.1069169108091267
0.08064628328012322
0.05440170871734008
0.02822246582736946
0.002147898042163942
-0.02378266583652709
-0.04952999115933578
-0.07505501691681335
-0.1003189349909344
-0.1252832689732739
-0.1499099523506953
-0.1741614058627708
-0.198000613837847
-0.2213911993158577
-0.2442974977769692
-0.2666846292902889
-0.2885185689097084
-0.3097662151468827
-0.3303954563513053
-0.3503752348446578
-0.3696756086513326
-0.3882678106847436
-0.4061243052529693
-0.423218841750144
-0.4395265054224906
-0.4550237650875479
-0.4696885177072178
-0.4835001297205858
-0.4964394750466891
-0.5084889696921969
-0.5196326028874246
-0.5298559646970097
-0.5391462700587764
-0.5474923792108811
-0.5548848144935448
-0.561315773495057
-0.5667791385367004
-0.5712704824985197
-0.574787070993674
-0.5773278609232204
-0.5788934954310722
-0.5794862953053571
-0.5791102468740622
-0.5777709864428443
-0.5754757813463083
-0.5722335076794346
-0.5680546247988116
-0.5629511466817716
-0.5569366102297855
-0.550026040624756
-0.5422359138395123
-0.5335841164231413
-0.5240899026808006
-0.5137738493665419
-0.5026578080255675
-0.4907648551129601
-0.4781192400316102
-0.4647463312302734
-0.4506725605013285
-0.435925365630917
-0.4205331315446024
-0.4045251301038553
-0.3879314587049088
-0.3707829778280572
-0.3531112476950121
-0.3349484641829195
-0.3163273941502956
-0.2972813103267424
-0.2778439259153052
-0.2580493290604982
-0.2379319173251896
-0.2175263323237959
-0.1968673946532301
-0.1759900392575227
-0.1549292513632558
-0.1337200031179556
-0.1123971910625794
-0.09099557456136788
-0.06954971530659824
-0.04809391801429793
-0.0266621724208575
-0.005288096686586614
0.01599511769350542
0.03715475937690033
0.05815864896984062
0.07897518904952595
0.09957341233361577
0.1199230279240826
0.1399944655590672
0.1597589178146653
0.1791883802010402
0.1982556891038654
0.2169345575282471
0.2351996086079634
0.253026406851378
0.2703914870971116
0.2872723811607741
0.3036476421592184
0.3194968665038087
0.3348007135636559
0.3495409229987585
0.3637003297719407
0.3772628768527669
0.3902136256303186
0.4025387640600105
0.4142256125702021
0.4252626277642415
0.4356394039547999
0.4453466725668042
0.4543762994546389
0.4627212801798453
0.4703757333030025
0.4773348917447244
0.4835950922719671
0.4891537631739769
0.4940094101876801
0.4981616007408805
0.5016109465810178
0.5043590848543067
0.5064086577055443
0.5077632904731317
0.5084275685624775
0.5084070130732961
0.5077080552470505
0.5063380098077975
0.5043050472775624
0.5016181653539608
0.4982871594276734
0.4943225923076327
0.4897357632277523
0.4845386762161474
0.4787440079129124
0.4723650749116967
0.4654158006899612
0.4579106821977924
0.4498647561818697
0.4412935653241022
0.4322131242640719
0.4226398855654342
0.4125907056906584
0.4020828110506676
0.3911337641965828
0.3797614302139348
0.3679839433748638
0.3558196741062574
0.3432871963259133
0.3304052551980866
0.3171927353583522
0.3036686296563348
0.2898520084643879
0.2757619895907928
0.261417708836097
0.2468382912304158
0.2320428229882462
0.2170503242157722
0.2018797223976866
0.1865498266895497
0.1710793030415321
0.1554866501784217
0.1397901764582867
0.1240079776248322
0.1081579154680424
0.0922575974069567
0.07632435700673511
0.06037523543955559
0.04442696389551503
0.0284959469484179
0.01259824687890472
-0.003250431044656838
-0.01903475232852706
-0.03473976606208291
-0.05035091677708192
-0.06585405536410467
-0.08123544905440899
-0.09648179047775733
-0.1115802058072831
-0.12651826200317
-0.1412839731686772
-0.1558658060342488
-0.1702526845878061
-0.1844339938677936
-0.1983995829366513
-0.2121397670539233
-0.2256453290701248
-0.2389075200644924
-0.2519180592472808
-0.2646691331486956
-0.2771533941176688
-0.2893639581546137
-0.3012944021041636
-0.3129387602311983
-0.3242915202049466
-0.3353476185162448
-0.3461024353537795
-0.3565517889662351
-0.3666919295349627
-0.3765195325826798
-0.3860316919440136
-0.3952259123239582
-0.4041001014718216
-0.4126525619943596
-0.4208819828329216
-0.428787430429593
-0.4363683396069423
-0.443624504186898
-0.4505560673715169
-0.457163511908648
-0.4634476500655997
-0.4694096134343962
-0.4750508425933309
-0.480373076644162
-0.4853783426455087
-0.4900689449630516
-0.4944474545563659
-0.4985166982232033
-0.5022797478184811
-0.5057399094655312
-0.5089007127771568
-0.5117659001040964
-0.5143394158296547
-0.5166253957233288
-0.5186281563664129
-0.5203521846636556
-0.5218021274566231
-0.522982781254841
-0.523899082093688
-0.5245560955292377
-0.5249590067808731
-0.5251131110320094
-0.5250238038994384
-0.5246965720792396
-0.5241369841772443
-0.5233506817316178
-0.5223433704352685
-0.5211208115664034
-0.5196888136308974
-0.5180532242211137
-0.5162199220957308
-0.5141948094845562
-0.511983804622767
-0.5095928345166291
-0.5070278279438722
-0.5042947086905628
-0.5013993890253542
-0.4983477634123447
-0.4951457024632216
-0.4917990471312282
-0.4883136031465555
-0.484695135689636
-0.480949364299651
-0.4770819580186759
-0.4730985307732477
-0.4690046369910615
-0.464805767447446
-0.460507345337633
-0.4561147225733005
-0.4516331763021841
-0.4470679056475198
-0.4424240286627735
-0.4377065794992026
-0.4329205057805948
-0.4280706661798938
-0.4231618281933518
-0.4181986661094369
-0.4131857591696824
-0.4081275899149237
-0.4030285427109818
-0.3978929024490142
-0.3927248534166606
-0.3875284783367086
-0.382307757566251
-0.3770665684495355
-0.3718086848194847
-0.3665377766445781
-0.3612574098181309
-0.3559710460823303
-0.3506820430802338
-0.3453936545305835
-0.3401090305214756
-0.3348312179188042
-0.3295631608834376
-0.3243077014915675
-0.3190675804534306
-0.3138454379254706
-0.3086438144116407
-0.3034651517486227
-0.2983117941712586
-0.29318598945338
-0.2880898901180351
-0.2830255547117747
-0.2779949491395493
-0.2729999480568769
-0.2680423363150986
-0.263123810455463
-0.2582459802487657
-0.2534103702757196
-0.2486184215435101
-0.2438714931348753
-0.2391708638869997
-0.2345177340975856
-0.229913227253855
-0.2253583917804038
-0.2208542028028733
-0.2164015639256094
-0.212001309021676
-0.2076542040309582
-0.2033609487625787
-0.1991221786991113
-0.1949384668008692
-0.1908103253082233
-0.1867382075395582
-0.182722509683354
-0.1787635725822725
-0.1748616835065177
-0.1710170779143697
-0.1672299411985472
-0.163500410417203
-0.1598285760080761
-0.1562144834840424
-0.1526581351089207
-0.1491594915519643
-0.1457184735192408
-0.1423349633609377
-0.139008806654699
-0.1357398137653146
-0.1325277613783352
-0.1293723940054398
-0.1262734254608824
-0.1232305403100846
-0.120243395290971
-0.1173116207062603
-0.1144348217849654
-0.1116125800129462
-0.1088444544331819
-0.106129982916228
-0.1034686833998958
-0.1008600550973451
-0.09830357967358021
-0.09579872239084142
-0.09334493322333644
-0.09094164794092421
-0.08858828916173477
-0.08628426737385256
-0.08402898192592252
-0.08182182198653648
-0.07966216747309922
-0.07754938995123947
-0.07548285350491714
-0.07346191557683596
-0.07148592777933002
-0.06955423667617472
-0.06766618453575213
-0.06582111005589206
-0.06401834906132134
-0.06225723517456287
-0.06053710046013213
-0.05885727604208116
-0.05721709269533139
-0.05561588141170346
-0.05405297394120334
-0.05252770330902935
-0.05103940430887206
-0.04958741397300211
-0.04817107201952676
-0.04678972127731716
-0.04544270808916684
-0.04412938269397092
-0.04284909958838913
-0.04160121786837607
-0.04038510155102285
-0.03920011987735293
-0.03804564759666663
-0.03692106523293526
-0.03582575933395137
-0.03475912270393773
-0.03372055461983092
-0.03270946103142396
-0.03172525474591573
-0.03076735559775676
-0.02983519060455893
-0.02892819410925311
-0.02804580790890186
-0.02718748137061556
-0.02635267153509997
-0.02554084320830002
-0.02475146904163518
-0.02398402960137849
-0.0232380134276331
-0.02251291708307001
-0.02180824519155434
-0.02112351046764031
-0.02045823373863586
-0.01981194395927725
-0.01918417821603413
-0.0185744817167771
-0.01798240777335471
-0.01740751778996527
-0.01684938125554132
-0.01630757572274348
-0.0157816867601166
-0.01527130789525294
-0.01477604056445246
-0.01429549406781555
-0.01382928551814067
-0.01337703977961205
-0.01293838940083807
-0.01251297454517475
-0.01210044291845422
-0.01170044969331768
-0.01131265743013836
-0.01093673599497309
-0.01057236247486339
-0.01021922109075467
-0.009877003108247738
-0.009545406746316584
-0.009224137084260569
-0.008912905966921774
-0.008611431908343466
-0.008319439994209289
-0.008036661783228422
-0.007762835207570554
-0.007497704472408245
-0.007241019954759022
-0.006992538101742387
-0.006752021328470605
-0.006519237915638216
-0.006293961906935978
-0.006075973006373195
-0.005865056475662944
-0.005661003031736416
-0.00546360874450427
-0.005272674934945469
-0.005088008073657641
-0.004909419679846995
-0.004736726220882799
-0.004569749012498828
-0.004408314119701311
-0.00425225225843799
-0.004101398698120803
-0.00395559316497616
-0.003814679746359366
-0.003678506796041206
-0.003546926840533345
-0.003419796486493366
-0.003296976329205601
-0.003178330862188662
-0.003063728387968122
-0.002953040930033008
-0.002846144145998722
-0.002742917242036178
-0.002643242888554313
-0.002547007137146036
-0.002454099338829713
-0.002364412063597385
-0.002277841021253132
-0.002194284983616943
-0.002113645707996767
-0.002035827862061288
-0.001960738950002191
-0.001888289240062573
-0.001818391693400513
-0.001750961894288123
-0.001685917981623767
-0.001623180581806482
-0.001562672742921814
-0.00150431987024928
-0.001448049663102509
-0.001393792052933173
-0.001341479142778726
-0.001291045147933752
-0.001242426337966061
-0.001195560979911878
-0.001150389282803456
-0.001106853343378539
-0.001064897093031202
-0.001024466245955009
-0.0009855082485004567
-0.0009479722296919462
-0.0009118089529137242
-0.0008769707687573362
-0.0008434115689748421
-0.000811086741561082
-0.0007799531269238615
-0.0007499689751224363
-0.0007210939041835178
-0.0006932888594403812
-0.000666516073918087
-0.0006407390297309979
-0.0006159224204568404
-0.0005920321144898473
-0.0005690351193208943
-0.0005468995467993098
-0.0005255945792682587
-0.0005050904366477028
-0.0004853583443594495
-0.0004663705021291346
-0.0004481000536481846
-0.0004305210570424208
-0.0004136084561596112
-0.0003973380526739481
-0.0003816864789421336
-0.000366631171618514
-0.000352150346034348
-0.0003382229712756283
-0.000324828745997521
-0.0003119480749085826
-0.0002995620459531224
-0.0002876524081415812
-0.0002762015500357328
-0.000265192478842756
-0.0002546088001682754
-0.0002444346983147177
-0.0002346549172043521
-0.00022525474185391
-0.0002162199803984428
-0.0002075369466931294
-0.0001991924433973075
-0.0001911737456013003
-0.0001834685849403472
-0.000176065134210453
-0.0001689519924325269
-0.0001621181704242429
-0.0001555530767652407
-0.0001492465042373745
-0.000143188616692408
-0.0001373699363080189
-0.0001317813312634954
-0.000126414003803543
-0.0001212594786942299
-0.0001163095920227207
-0.0001115564803718488
-0.0001069925703402232
-0.0001026105684129223
-9.840345113346725e-05
-9.43644556424855e-05
-9.048707049236248e-05
-8.676502676790931e-05
-8.319228941528377e-05
-7.976304895544225e-05
-7.647171362721385e-05
-7.331290178040289e-05
-7.028143405189063e-05
-6.737232547048699e-05
-6.458077850098958e-05
-6.190217822890682e-05
-5.933208768877326e-05
-5.686623995203832e-05
-5.450052771530441e-05
-5.223099509733199e-05
-5.005383503669285e-05
-4.796538765954319e-05
-4.596213575493852e-05
-4.404069780853894e-05
-4.21978216559259e-05
-4.043037978578917e-05
-3.873536514780918e-05
-3.710988684909638e-05
-3.555116577238216e-05
-3.405653034302763e-05
-3.262341254517395e-05
-3.124934407124626e-05
-2.993195261871709e-05
-2.86689582986939e-05
-2.745817016484347e-05
-2.629748286936387e-05
-2.518487345092333e-05
-2.411839822738917e-05
-2.309618980392893e-05
-2.21164541872982e-05
-2.117746800435808e-05
-2.027757581816013e-05
-1.941518755305707e-05
-1.858877599319823e-05
-1.779687438902469e-05
-1.703807415112471e-05
-1.631102260703247e-05
-1.561442086839528e-05
-1.494702176918681e-05
-1.430762785558455e-05
-1.36950894869915e-05
-1.310830297550152e-05
-1.25462088223221e-05
-1.200778999154392e-05
-1.149207027200512e-05
-1.099811267590353e-05
-1.052501793878213e-05
-1.007192301149825e-05
-9.637999676470683e-06
-9.222453171134547e-06
-8.82452087521694e-06
-8.443471061603814e-06
-8.078601662976374e-06
-7.729239119925175e-06
-7.394737253233651e-06
-7.074476180795766e-06
-6.76786128289955e-06
-6.474322184702273e-06
-6.193311820557182e-06
-5.924305493042721e-06
-5.66679997924592e-06
-5.420312694397297e-06
-5.184380840176077e-06
-4.958560642611168e-06
-4.742426579115931e-06
-4.5355706418675e-06
-4.337601644613468e-06
-4.148144545542023e-06
-3.966839794909742e-06
-3.793342717664261e-06
-3.627322904157203e-06
-3.468463640638648e-06
-3.316461357201141e-06
-3.171025089910309e-06
-3.031875973950027e-06
-2.898746758319166e-06
-2.771381318377753e-06
-2.649534214551986e-06
-2.532970252455232e-06
-2.421464077655717e-06
-2.31479975681309e-06
-2.212770398914515e-06
-2.115177791381718e-06
-2.021832036822846e-06
-1.932551216130936e-06
-1.847161056176614e-06
-1.765494616320936e-06
-1.68739199748943e-06
-1.612700035921611e-06
-1.541272032061968e-06
-1.472967486112109e-06
-1.407651837282556e-06
-1.345196228188577e-06
-1.28547725088886e-06
-1.22837673596827e-06
-1.173781530644013e-06
-1.121583280351643e-06
-1.071678252146112e-06
-1.023967115874855e-06
-9.783547739000006e-07
-9.347501815203563e-07
-8.930661864096941e-07
-8.532193494799408e-07
-8.151298034822813e-07
-7.787210988977042e-07
-7.439200516570016e-07
-7.106566215053299e-07
-6.788637721290948e-07
-6.48477338531053e-07
-6.194359172154196e-07
-5.916807414415982e-07
-5.651555741999084e-07
-5.398066012461586e-07
-5.155823295858704e-07
-4.924334823383991e-07
-4.703129137851895e-07
-4.491755157117952e-07
-4.289781253904235e-07
-4.096794466614968e-07
-3.91239979631001e-07
-3.736219274498995e-07
-3.567891366917249e-07
-3.40707021321043e-07
-3.25342499671181e-07
-3.106639275458226e-07
-2.96641031651106e-07
-2.832448704744613e-07
-2.704477482149721e-07
-2.582231840658012e-07
-2.465458484227988e-07
-2.353915197199123e-07
-2.247370348957508e-07
-2.14560240366519e-07
-2.048399551882153e-07
-1.955559221860345e-07
-1.866887829459771e-07
-1.782200064827776e-07
-1.701318935278187e-07
-1.624075107937412e-07
-1.550306731417405e-07
-1.479859098612861e-07
-1.412584261377808e-07
-1.348340789223702e-07
-1.286993460561362e-07
-1.228413045000037e-07
-1.172476019450428e-07
-1.119064318016977e-07
-1.068065041786767e-07
-1.019370309863838e-07
-9.728769981240882e-08
-9.284865694938709e-08
-8.861048298588203e-08
-8.456417394180273e-08
-8.070113097021483e-08
-7.701312682498388e-08
-7.349230259077557e-08
-7.013115389980231e-08
-6.692250551485561e-08
-6.385950081029409e-08
-6.093559015350007e-08
-5.814451227769141e-08
-5.548028301245469e-08
-5.293719651366997e-08
-5.050979422076463e-08
-4.819285760438655e-08
-4.598140309827648e-08
-4.387067533725027e-08
-4.185611903140976e-08
-3.993339336255641e-08
-3.809835020802957e-08
-3.634702319592352e-08
-3.46756196332383e-08
-3.308052244433103e-08
-3.155828010351347e-08
-3.010558998680804e-08
-2.871930177796497e-08
-2.739640397886212e-08
-2.613402336843899e-08
-2.492940656029865e-08
-2.377993800877323e-08
-2.268311265673811e-08
-2.163653676970399e-08
-2.06379269875464e-08
-1.968510449789303e-08
-1.877598585522876e-08
-1.790858104058132e-08
-1.708098697703241e-08
-1.629139241275814e-08
-1.553806631213211e-08
-1.481935733471736e-08
-1.413368087807882e-08
-1.347953203811531e-08
-1.285546898886189e-08
-1.226012085102285e-08
-1.169217271119801e-08
-1.115037148809213e-08
-1.063352689300563e-08
-1.014049150195001e-08
-9.670180895146304e-09
-9.221552129402389e-09
-8.793616755827056e-09
-8.385423274839041e-09
-7.996070543707948e-09
-7.624690745934962e-09
-7.270466444723017e-09
-6.932602706517684e-09
-6.610351087465388e-09
-6.302996794348767e-09
-6.009854831249889e-09
-5.73027441944722e-09
-5.463627952415433e-09
-5.209326968075293e-09
-4.966795937569466e-09
-4.735496003860108e-09
-4.514908926203213e-09
-4.304539002831434e-09
-4.103915116869768e-09
-3.912590984975344e-09
-3.730140909075684e-09
-3.556152115049262e-09
-3.390238938648056e-09
-3.232032065682475e-09
-3.081168861296183e-09
-2.937321262006796e-09
-2.800158042555651e-09
-2.669370762613369e-09
-2.544657991188583e-09
-2.425744922593533e-09
-2.312356949696574e-09
-2.204246256492996e-09
-2.101163545124872e-09
-2.002877369694464e-09
-1.909167096425209e-09
-1.819819788997328e-09
-1.734632879894272e-09
-1.653416447936038e-09
-1.575985984981309e-09
