-1.676411665919211e-12
-1.073676476531571e-12
-6.963911730598267e-13
-4.55259622548429e-13
-3.012624428467598e-13
-2.032852463030607e-13
-1.419971109939608e-13
-1.055412331949324e-13
-8.687946658429885e-14
-8.217603484279177e-14
-9.004084399488504e-14
-1.107478619619193e-13
-1.46172567827369e-13
-2.000092579531039e-13
-2.776842242785317e-13
-3.875112324337203e-13
-5.402418669426262e-13
-7.507359297608459e-13
-1.039677148417355e-12
-1.434001886369229e-12
-1.969681394514006e-12
-2.694355195849916e-12
-3.671123446622296e-12
-4.982349803211794e-12
-6.735972404866323e-12
-9.07243774610504e-12
-1.217346081608528e-11
-1.627427816565481e-11
-2.167884982890345e-11
-2.877503937100805e-11
-3.806168192461332e-11
-5.017402099165899e-11
-6.591971582431861e-11
-8.632355180608598e-11
-1.126808951427904e-10
-1.466249399348023e-10
-1.902084210529171e-10
-2.46005124883299e-10
-3.172341857319935e-10
-4.079077831836455e-10
-5.23016514499017e-10
-6.687539574742306e-10
-8.527802601677695e-10
-1.084555796419989e-09
-1.375726762129466e-09
-1.740603528808918e-09
-2.196720007925728e-09
-2.765516822691424e-09
-3.473144717250323e-09
-4.351428219124542e-09
-5.439004338716862e-09
-6.782674583725128e-09
-8.438994953777333e-09
-1.047616189301902e-08
-1.297622478009286e-08
-1.603768655679154e-08
-1.977855279511465e-08
-2.433988993270808e-08
-2.988998860362549e-08
-3.662919674163169e-08
-4.47955451408747e-08
-5.467126693906619e-08
-6.659034469814342e-08
-8.094722477709777e-08
-9.820686349531802e-08
-1.189162889173015e-07
-1.437178718285431e-07
-1.733645461901723e-07
-2.087372175641595e-07
-2.508646438167736e-07
-3.009461069214448e-07
-3.603772013031638e-07
-4.307791423128591e-07
-5.140319957032968e-07
-6.123122933910227e-07
-7.281355536887919e-07
-8.644042517388584e-07
-1.024461850884082e-06
-1.212153558674868e-06
-1.431894536987904e-06
-1.688746345956425e-06
-1.98850248835171e-06
-2.337783976053636e-06
-2.744145923761739e-06
-3.216196250048408e-06
-3.763727657814227e-06
-4.39786412713182e-06
-5.131223280143991e-06
-5.978096028457582e-06
-6.954645041729518e-06
-8.079123632990715e-06
-9.372116797660545e-06
-1.085680619044161e-05
-1.255926093967401e-05
-1.450875629301426e-05
-1.673812215615619e-05
-1.928412366571517e-05
-2.218787601591762e-05
-2.549529580631264e-05
-2.925759120629915e-05
-3.353179327931508e-05
-3.8381330848568e-05
-4.38766519281821e-05
-5.009589634064387e-05
-5.712562161225805e-05
-6.506158457061029e-05
-7.400958157263037e-05
-8.408635034043653e-05
-9.542053640826854e-05
-0.0001081537271648612
-0.0001224415564827534
-0.0001384548828392117
-0.000156381043820057
-0.0001764251897706813
-0.0001988116992675095
-0.0002237856789311133
-0.000251614549929634
-0.0002825897233167039
-0.0003170283661063339
-0.0003552752596969268
-0.0003977047519431741
-0.0004447228038089636
-0.0004967691310927766
-0.0005543194413038595
-0.0006178877651790849
-0.000688028881826048
-0.0007653408358758682
-0.0008504675454675733
-0.0009441015015815005
-0.001046986553918752
-0.001159920778403524
-0.001283759421370434
-0.001419417914645991
-0.00156787495480695
-0.001730175638832811
-0.001907434647330811
-0.002100839465310491
-0.002311653629288407
-0.002541219988384453
-0.002790963968106167
-0.003062396845032138
-0.003357119027108749
-0.003676823302761343
-0.00402329802106797
-0.004398430195406791
-0.004804208526003845
-0.005242726325217481
-0.005716184318344062
-0.006226893298660695
-0.006777276613066499
-0.007369872458420004
-0.008007335965310027
-0.008692441041673547
-0.009428081954367175
-0.01021727461902521
-0.0110631575741148
-0.01196899261255207
-0.01293816504014362
-0.01397418353809935
-0.01508067959672882
-0.016261406495567
-0.01752023780262468
-0.01886116536098574
-0.02028829674209565
-0.02180585213255714
-0.02341816063254057
-0.02512965594136492
-0.02694487140076916
-0.02886843438133168
-0.0309050599822431
-0.03305954402970136
-0.03533675535653688
-0.03774162734017204
-0.04027914869559281
-0.04295435350082715
-0.04577231045163025
-0.0487381113394805
-0.05185685874128525
-0.0551336529337808
-0.0585735780214723
-0.062181687290923
-0.06596298780139201
-0.06992242421506231
-0.07406486189982418
-0.07839506930875766
-0.0829176996699913
-0.08763727201636066
-0.09255815157518264
-0.09768452957369747
-0.1030204024820071
-0.1085695507502068
-0.1143355170901871
-0.1203215843410609
-0.1265307529981591
-0.1329657184447835
-0.1396288479655402
-0.1465221576120445
-0.1536472889781779
-0.1610054859884938
-0.1685975717534862
-0.1764239255892804
-0.1844844602894438
-0.1927785997211265
-0.2013052568690729
-0.2100628123903319
-0.2190490937910382
-0.228261355323896
-0.2376962586856206
-0.2473498546485765
-0.2572175656924796
-0.2672941697548417
-0.277573785201324
-0.2880498570929397
-0.2987151448860764
-0.3095617116240979
-0.3205809147359708
-0.331763398535137
-0.3430990884815681
-0.3545771873311017
-0.366186173214872
-0.3779137997522445
-0.3897470982714883
-0.4016723821751486
-0.4136752535519787
-0.4257406120502599
-0.4378526660899052
-0.4499949464574197
-0.4621503222870421
-0.4743010194988643
-0.4864286416696849
-0.4985141933752088
-0.5105381060079828
-0.5224802660357329
-0.5343200457335909
-0.5460363363186708
-0.557607583480518
-0.5690118252664131
-0.5802267322399358
-0.5912296499003772
-0.6019976432441264
-0.6125075434143756
-0.6227359963512017
-0.6326595133180108
-0.6422545232531889
-0.6514974267740935
-0.6603646517155173
-0.6688327100711505
-0.6768782562074711
-0.6844781463069435
-0.6916094987640282
-0.6982497551904683
-0.7043767418740302
-0.709968731977247
-0.715004509097612
-0.7194634310495052
-0.7233254916796058
-0.7265713805299948
-0.7291825428468117
-0.7311412424181866
-0.7324306244240867
-0.7330347753524686
-0.7329387797146892
-0.7321287753959554
-0.7305920084483767
-0.7283168863249404
-0.7252930288752187
-0.7215113168959962
-0.716963938244218
-0.7116444314462766
-0.7055477265384923
-0.6986701829550677
-0.6910096243033638
-0.6825653698719685
-0.6733382627691423
-0.6633306945180282
-0.6525466259982834
-0.6409916046192582
-0.6286727776043731
-0.6155989013230564
-0.6017803465599874
-0.5872290996680417
-0.5719587595472915
-0.5559845303896527
-0.5393232101799297
-0.5219931749130428
-0.5040143585381777
-0.4854082286370134
-0.466197757841474
-0.446407391042253
-0.426063008421448
-0.4051918843853753
-0.3838226424715663
-0.3619852063053802
-0.3397107467196075
-0.3170316251396714
-0.2939813333701773
-0.2705944299201203
-0.2469064730091299
-0.2229539504249653
-0.1987742063945047
-0.1744053656545803
-0.1498862549135927
-0.1252563219013048
-0.1005555522209297
-0.07582438421364004
-0.05110362206078398
-0.02643434735346287
-0.001857829364259205
0.0225845657378359
0.04685146648789703
0.07090158829328895
0.09469382591998017
0.1181873460449415
0.1413416796245369
0.1641168138253744
0.186473283268139
0.2083722603358056
0.2297756442960276
0.2506461489973582
0.270947388895141
0.2906439631745566
0.309701537741477
0.3280869248541559
0.3457681601862262
0.3627145771049829
0.3788968779668708
0.3942872022383077
0.4088591912550866
0.4225880494561567
0.4354506019207408
0.4474253480594829
0.4584925113194615
0.4686340847721063
0.4778338724788481
0.486077526519684
0.4933525795950715
0.4996484731225462
0.504956580759194
0.509270227307191
0.5125847029542965
0.5148972728296527
0.5162071818624001
0.5165156549361579
0.515825892358983
0.5141430606701448
0.5114742788316859
0.5078285998572762
0.503216987935393
0.4976522911300445
0.4911492097415417
0.4837242604335944
0.4753957362378549
0.4661836625523269
0.4561097492718149
0.4451973391860886
0.4334713528012397
0.4209582297436891
0.4076858669103237
0.3936835535454657
0.3789819034216528
0.3636127843171315
0.3476092449839998
0.3310054398023375
0.313836551328225
0.296138710939412
0.2779489177918579
0.2593049563006561
0.2402453123591443
0.2208090885163784
0.2010359183267908
0.1809658800916137
0.1606394102081035
0.140097216339223
0.1193801906185773
0.09852932310175501
0.07758561567448714
0.05658999662137611
0.03558323605390978
0.01460586239452748
-0.006301919892596587
-0.0271003111381208
-0.04774999569188024
-0.068212219361964
-0.08844886490315661
-0.1084225253956698
-0.1280965753616485
-0.1474352394749953
-0.1664036587288482
-0.1849679539361448
-0.203095286442732
-0.2207539159423747
-0.2379132552921568
-0.2545439222355704
-0.2706177879526173
-0.2861080223608442
-0.3009891361033691
-0.3152370191684652
-0.3288289760942542
-0.3417437577250229
-0.353961589488728
-0.3654641961776644
-0.376234823223043
-0.3862582544613242
-0.3955208264028225
-0.4040104390172114
-0.4117165630646349
-0.4186302440058398
-0.4247441025284448
-0.4300523317392881
-0.4345506910773076
-0.4382364970122667
-0.441108610599362
-0.4431674219647347
-0.4444148318078078
-0.4448542300056292
-0.4444904714155118
-0.4433298489748264
-0.4413800641970763
-0.4386501951714865
-0.4351506621795903
-0.4308931910522946
-0.4258907743861443
-0.4201576307320055
-0.4137091618775571
-0.4065619083535105
-0.3987335033001156
-0.3902426248231365
-0.3811089469620312
-0.3713530893991669
-0.3609965660452248
-0.3500617326401163
-0.3385717335002594
-0.3265504475354977
-0.3140224336632285
-0.3010128757517
-0.2875475272255293
-0.2736526554579388
-0.2593549860673944
-0.2446816472384308
-0.2296601141864406
-0.2143181538845958
-0.1986837701648478
-0.1827851493000503
-0.1666506061736372
-0.150308531137496
-0.1337873376560912
-0.1171154108312173
-0.1003210568981792
-0.0834324537802698
-0.06647760278133312
-0.04948428149315062
-0.03247999799069842
-0.01549194638393798
0.001453036210256952
0.01832851121796288
0.03510847862555066
0.05176741541431241
0.0682803123673404
0.0846227092094496
0.1007707280446285
0.1167011050593153
0.132391220464609
0.1478191266554893
0.1629635745704276
0.1778040382376839
0.1923207374999848
0.2064946589130595
0.2203075748164458
0.2337420605798442
0.2467815100318156
0.2594101490817971
0.2716130475498493
0.2833761292227415
0.2946861801604291
0.3055308552749227
0.3158986832069052
0.3257790695300435
0.3351622983183165
0.3440395321155763
0.3524028103425827
0.3602450461801042
0.367560021970431
0.3743423831836019
0.3805876309975654
0.3862921135378846
0.3914530158254388
0.3960683484829906
0.4001369352534741
0.403658399385362
0.4066331489370976
0.4090623610549303
0.4109479652794427
0.4122926259370102
0.4130997236739128
0.4133733361879448
0.4131182182137095
0.4123397808179993
0.4110440700618894
0.4092377450875536
0.4069280556831203
0.4041228193802803
0.4008303981388447
0.3970596746719188
0.3928200284655515
0.3881213115435509
0.3829738240278801
0.3773882895445432
0.3713758305244542
0.3649479434487468
0.3581164740826274
0.3508935927421966
0.343291769637685
0.3353237503351412
0.3270025313780579
0.3183413361068936
0.3093535907136187
0.300052900567299
0.2904530268455729
0.2805678635060904
0.2704114146272441
0.2599977721465641
0.2493410940246232
0.238455582861748
0.2273554649933797
0.2160549700850329
0.2045683112473725
0.1929096656908781
0.18109315593811
0.1691328316101891
0.1570426518017204
0.1448364680572151
0.132528007960636
0.1201308593482244
0.1076584551536575
0.09512405889189822
0.08254075078731654
0.06992141455040793
0.05727872480612451
0.04462513517564549
0.03197286701188547
0.01933389878805563
0.006719956137273783
-0.005857497459862459
-0.01838726934383249
-0.03085844570603431
-0.04326039898618007
-0.05558279464459069
-0.06781559731733076
-0.07994907636263029
-0.09197381080822949
-0.1038806937105454
-0.1156609359370272
-0.1273060693829915
-0.1388079496348396
-0.1501587580926506
-0.1613510035661823
-0.1723775233582732
-0.1832314838498948
-0.1939063806020889
-0.2043960379894171
-0.2146946083796703
-0.2247965708753869
-0.2346967296336576
-0.2443902117813717
-0.2538724649413435
-0.2631392543849154
-0.2721866598274602
-0.2810110718838216
-0.2896091882015174
-0.2979780092869455
-0.3061148340398194
-0.3140172550119903
-0.3216831534082473
-0.3291106938472219
-0.3362983188966019
-0.3432447433968756
-0.3499489485890875
-0.3564101760628834
-0.3626279215410391
-0.3686019285143935
-0.3743321817413264
-0.3798189006259305
-0.385062532489062
-0.3900637457462643
-0.3948234230056381
-0.3993426540997153
-0.4036227290639606
-0.4076651310722409
-0.4114715293397959
-0.4150437720062144
-0.4183838790108295
-0.4214940349712477
-0.4243765820751
-0.4270340129961959
-0.4294689638430483
-0.4316842071476505
-0.4336826449030685
-0.4354673016593844
-0.4370413176874658
-0.4384079422164598
-0.4395705267504967
-0.4405325184713693
-0.4412974537354931
-0.4418689516738362
-0.4422507078976295
-0.442446488312625
-0.4424601230466931
-0.4422955004966
-0.4419565614985568
-0.4414472936261904
-0.440771725620519
-0.4399339219550994
-0.4389379775371502
-0.4377880125463824
-0.4364881674142542
-0.4350425979469224
-0.433455470593307
-0.4317309578588652
-0.4298732338665806
-0.4278864700650745
-0.4257748310824414
-0.4235424707262405
-0.4211935281327264
-0.4187321240689647
-0.4161623573830995
-0.4134883015975094
-0.4107140016440161
-0.4078434707451267
-0.4048806874441389
-0.4018295927785856
-0.3986940875915265
-0.3954780299789396
-0.3921852328750334
-0.388819461775971
-0.3853844325973996
-0.3818838096612837
-0.3783212038097862
-0.3747001706459218
-0.371024208900136
-0.3672967589187799
-0.3635212012716028
-0.3597008554754453
-0.3558389788303341
-0.3519387653634599
-0.3480033448803483
-0.3440357821234472
-0.3400390760352104
-0.3360161591196426
-0.3319698968982927
-0.3279030874585516
-0.3238184610907497
-0.3197186800113351
-0.3156063381709046
-0.3114839611465217
-0.307354006112598
-0.303218861884997
-0.2990808490353876
-0.2949422200746874
-0.2908051597032886
-0.2866717851247876
-0.2825441464206761
-0.278424226983204
-0.2743139440027439
-0.2702151490066038
-0.2661296284470281
-0.2620591043367339
-0.258005234929307
-0.2539696154408508
-0.249953778809828
-0.2459591964931859
-0.2419872792965823
-0.2380393782364364
-0.2341167854322166
-0.2302207350281915
-0.226352404140551
-0.2225129138253872
-0.2187033300656288
-0.2149246647774439
-0.2111778768358528
-0.2074638731159689
-0.2037835095470748
-0.2001375921777476
-0.1965268782506044
-0.192952077284976
-0.189413852166138
-0.185912820240527
-0.1824495544153213
-0.1790245842590563
-0.1756383970997636
-0.1722914391230662
-0.1689841164800744
-0.1657167964016009
-0.1624898082894069
-0.159303444743895
-0.1561579625840347
-0.1530535839684625
-0.1499904976038129
-0.1469688598875148
-0.1439887958566812
-0.1410504000902975
-0.1381537377028568
-0.1352988454214337
-0.1324857326396409
-0.1297143824047139
-0.1269847523767206
-0.1242967757835736
-0.1216503623712695
-0.1190453993388984
-0.1164817522550125
-0.1139592659572611
-0.1114777654361342
-0.109037056702531
-0.1066369276389615
-0.1042771488345317
-0.1019574744029519
-0.09967764278246803
-0.09743737751770418
-0.09523638802438282
-0.09307437033775902
-0.0909510078436498
-0.08886597199123998
-0.08681892298771521
-0.08480951047529538
-0.082837374190977
-0.08090214460880546
-0.07900344356455902
-0.07714088486294134
-0.07531407486751904
-0.07352261307352606
-0.07176609266369489
-0.07004410104741148
-0.06835622038330454
-0.06670202808523443
-0.06508109731161497
-0.0634929974385445
-0.06193729451713272
-0.06041355171527517
-0.05892132974381236
-0.05746018726716962
-0.05602968129892267
-0.05462936758287141
-0.05325880095981331
-0.05191753572006196
-0.0506051259418229
-0.04932112581584561
-0.04806508995644455
-0.04683657369927457
-0.04563513338621508
-0.04446032663784331
-0.04331171261355529
-0.04218885225958603
-0.04109130854517112
-0.04001864668718347
-0.03897043436354145
-0.03794624191566148
-0.03694564254027688
-0.0359682124708939
-0.03501353114917756
-0.03408118138655606
-0.0331707495162682
-0.03228182553607127
-0.03141400324180756
-0.03056688035231328
-0.02974005862596639
-0.02893314396905998
-0.02814574653619621
-0.02737748082293408
-0.02662796575099554
-0.02589682474626145
-0.02518368580982568
-0.02448818158238107
-0.02380994940217282
-0.02314863135670641
-0.02250387432832835
-0.02187533003407485
-0.02126265505996228
-0.02066551089004007
-0.02008356393029757
-0.01951648552767596
-0.01896395198431202
-0.01842564456728503
-0.01790124951400587
-0.01739045803342547
-0.0168929663032089
-0.0164084754631467
-0.01593669160513361
-0.01547732575987285
-0.01503009388023696
-0.01459471682128759
-0.01417092031731175
-0.01375843495623408
-0.01335699615156252
-0.01296634411179533
-0.01258622380729262
-0.01221638493497381
-0.0118565818809256
-0.01150657368114261
-0.01116612398042826
-0.01083500098960748
-0.01051297744113833
-0.01019983054318426
-0.00989534193228854
-0.009599297624814068
-0.009311487967214101
-0.009031707585296119
-0.008759755332461549
-0.008495434237045163
-0.008238551448853517
-0.007988918185073851
-0.007746349675523338
-0.007510665107266551
-0.007281687568686792
-0.007059243993160251
-0.00684316510252651
-0.006633285350299349
-0.006429442864540886
-0.006231479390536435
-0.006039240233352892
-0.005852574200445619
-0.005671333544261588
-0.005495373904874124
-0.005324554252708534
-0.005158736831374029
-0.004997787100693304
-0.004841573679939803
-0.004689968291346549
-0.004542845703953793
-0.004400083677734106
-0.004261562908143267
-0.004127166971039027
-0.003996782267878228
-0.003870297971285163
-0.00374760597125852
-0.003628600822474287
-0.003513179692001284
-0.003401242306003532
-0.003292690895799851
-0.003187430146811019
-0.003085367154815177
-0.002986411382015766
-0.002890474595193193
-0.002797470790501108
-0.002707316146429172
-0.00261992905796559
-0.002535230170273637
-0.002453142268083251
-0.002373590046198856
-0.002296499960824005
-0.002221800316126933
-0.002149421389973679
-0.002079295427986579
-0.00201135652237389
-0.001945540507616801
-0.001881784922678944
-0.00182002899017815
-0.001760213584119148
-0.001702281186920366
-0.001646175847591978
-0.001591843144574988
-0.001539230150212745
-0.001488285395202419
-0.001438958832982343
-0.001391201804870352
-0.001344967006052689
-0.001300208452296184
-0.001256881447276974
-0.001214942550491686
-0.001174349545826301
-0.001135061410777612
-0.001097038286287826
-0.001060241447216979
-0.001024633273391738
-0.0009901772212878716
-0.0009568377962795114
-0.0009245805255368366
-0.0008933719314627113
-0.0008631795057148467
-0.0008339716838054296
-0.000805717820237455
-0.0007783881642221094
-0.0007519538359135109
-0.0007263868031978682
-0.0007016598590031466
-0.0006777465991180295
-0.0006546214005473511
-0.0006322594003451571
-0.0006106364749642199
-0.0005897292200712532
-0.0005695149308501254
-0.0005499715827781947
-0.000531077812856535
-0.0005128129012932797
-0.0004951567536250784
-0.00047808988330493
-0.0004615933946746143
-0.0004456489663967362
-0.0004302388352585409
-0.0004153457804144652
-0.000400953108007538
-0.0003870446361842953
-0.0003736046804931796
-0.0003606180396424449
-0.0003480699816384524
-0.0003359462302563328
-0.0003242329518981061
-0.0003129167427570238
-0.0003019846163290456
-0.000291423991270296
-0.0002812226795502459
-0.000271368874925847
-0.0002618511417190292
-0.0002526584039010466
-0.0002437799344698842
-0.000235205345103685
-0.0002269245761016094
-0.000218927886594989
-0.0002112058450260507
-0.0002037493198926075
-0.000196549470741729
-0.000189597739395005
-0.0001828858414604164
-0.0001764057580209972
-0.0001701497276148404
-0.0001641102384015515
-0.0001582800205522147
-0.0001526520388627793
-0.0001472194855769288
-0.0001419757734032095
-0.0001369145287426506
-0.0001320295850975323
-0.0001273149766789626
-0.0001227649321978666
-0.0001183738688223689
-0.0001141363863233984
-0.000110047261390247
-0.0001061014421022651
-0.0001022940425568262
-9.862033768594485e-05
-9.507575818505979e-05
-9.165588561036869e-05
-8.835644763483154e-05
-8.517331340737895e-05
-8.210248909412121e-05
-7.914011351489111e-05
-7.62824539323902e-05
-7.35259019549838e-05
-7.086696958057499e-05
-6.830228533437581e-05
-6.582859053744912e-05
-6.344273569124965e-05
-6.114167696482014e-05
-5.892247278935353e-05
-5.67822805561499e-05
-5.47183534253357e-05
-5.272803721417776e-05
-5.080876739781952e-05
-4.895806619554413e-05
-4.717353974442232e-05
-4.545287536945419e-05
-4.379383892583843e-05
-4.219427222820527e-05
-4.065209056748417e-05
-3.916528028551633e-05
-3.773189645852268e-05
-3.635006061187502e-05
-3.501795855119422e-05
-3.373383822275299e-05
-3.249600766028358e-05
-3.13028330003702e-05
-3.015273655128885e-05
-2.904419491799656e-05
-2.797573720499467e-05
-2.694594325915079e-05
-2.59534419863859e-05
-2.499690969124643e-05
-2.407506851649289e-05
-2.318668488329993e-05
-2.233056801292744e-05
-2.150556848590774e-05
-2.07105768578865e-05
-1.99445222961794e-05
-1.920637128641721e-05
-1.849512637482959e-05
-1.780982493012738e-05
-1.714953797803771e-05
-1.651336905731711e-05
-1.590045310842011e-05
-1.530995540620118e-05
-1.474107052809416e-05
-1.419302135313555e-05
-1.366505809669679e-05
-1.315645737308374e-05
-1.266652129244686e-05
-1.219457658299449e-05
-1.173997375107193e-05
-1.130208625996768e-05
-1.088030973980227e-05
-1.047406122878763e-05
-1.008277842219488e-05
-9.705918971568499e-06
-9.342959788028127e-06
-8.993396376095109e-06
-8.656742188478105e-06
-8.332528009036702e-06
-8.020301344029675e-06
-7.719625841759649e-06
-7.430080735719415e-06
-7.151260292658138e-06
-6.88277329449611e-06
-6.624242527779279e-06
-6.375304294723659e-06
-6.135607940501753e-06
-5.904815398859749e-06
-5.682600742644388e-06
-5.468649766719022e-06
-5.262659566321238e-06
-5.064338149218277e-06
-4.873404048740991e-06
-4.689585950148582e-06
-4.512622322537516e-06
-4.342261095104276e-06
-4.178259307066173e-06
-4.020382785742254e-06
-3.868405844434803e-06
-3.722110972534382e-06
-3.581288546100125e-06
-3.445736548411455e-06
-3.315260301187104e-06
-3.189672205093595e-06
-3.068791485553224e-06
-2.952443947879646e-06
-2.840461742656194e-06
-2.732683139904137e-06
-2.628952309104457e-06
-2.529119106603597e-06
-2.433038880154856e-06
-2.340572259569249e-06
-2.251584979150957e-06
-2.165947687132086e-06
-2.083535767371432e-06
-2.004229173694008e-06
-1.927912266804865e-06
-1.854473647675897e-06
-1.783806013136949e-06
-1.715806007202586e-06
-1.650374067966909e-06
-1.58741430053713e-06
-1.526834342240541e-06
-1.468545239245912e-06
-1.412461312188914e-06
-1.358500043297906e-06
-1.306581969275439e-06
-1.256630551601354e-06
-1.208572086900142e-06
-1.162335604394038e-06
-1.117852748299513e-06
-1.075057699730483e-06
-1.033887081515197e-06
-9.942798620827767e-07
-9.561772792988395e-07
-9.195227472279789e-07
-8.842617855292923e-07
-8.503419391703273e-07
-8.177127028995511e-07
-7.863254531903342e-07
-7.561333758832324e-07
-7.270913934961329e-07
-6.991561135952497e-07
-6.722857646133591e-07
-6.464401262306542e-07
-6.215804878945211e-07
-5.976695854923708e-07
-5.746715417491338e-07
-5.525518206749962e-07
-5.312771824808659e-07
