-1.331689388542504e-13
-1.033209820294707e-13
-8.97575786522626e-14
-9.064589190442248e-14
-1.066979165581779e-13
-1.378038748975188e-13
-1.874881126513022e-13
-2.6139326197939e-13
-3.677159147863882e-13
-5.18174392750962e-13
-7.291117300083129e-13
-1.022620747465178e-12
-1.428347920284802e-12
-1.986735543410729e-12
-2.751623637749838e-12
-3.794181494326837e-12
-5.208956928220555e-12
-7.120522398285836e-12
-9.692607529791952e-12
-1.313896171090399e-11
-1.77380832089974e-11
-2.385147000999675e-11
-3.194568902028667e-11
-4.26229326238731e-11
-5.665572771719031e-11
-7.503156337512478e-11
-9.901097203530613e-11
-1.30195818574241e-10
-1.706141262212039e-10
-2.22829890758352e-10
-2.900694980574334e-10
-3.763863334314001e-10
-4.868537413749434e-10
-6.278060644299693e-10
-8.071293601196905e-10
-1.034617842293941e-09
-1.322399116637637e-09
-1.685455355342512e-09
-2.142247446736602e-09
-2.715466452322135e-09
-3.432934092765536e-09
-4.328683405406844e-09
-5.444246875030141e-09
-6.830191509799842e-09
-8.547943532643432e-09
-1.067194849601631e-08
-1.329223294340521e-08
-1.651741860931596e-08
-2.047827451794399e-08
-2.533187812531762e-08
-3.126649724300064e-08
-3.850727441216787e-08
-4.732285625458518e-08
-5.8033124390744e-08
-7.101816457339748e-08
-8.672867068903256e-08
-1.056979726460584e-07
-1.285559141324721e-07
-1.560448415004665e-07
-1.890379736648295e-07
-2.285604793924611e-07
-2.758136070108521e-07
-3.322022567733397e-07
-3.993664265688379e-07
-4.792170080830081e-07
-5.739764610386472e-07
-6.862249455214057e-07
-8.189525424579312e-07
-9.75618274788528e-07
-1.160216681361644e-06
-1.377352789657055e-06
-1.632326393022436e-06
-1.931226633820161e-06
-2.281037962946433e-06
-2.689758650767581e-06
-3.166533120050749e-06
-3.721799463977042e-06
-4.367453611232075e-06
-5.117031725464433e-06
-5.98591251472054e-06
-6.991541286688584e-06
-8.153677674903901e-06
-9.494669101177034e-06
-1.10397521585802e-05
-1.281738424096165e-05
-1.485960784915982e-05
-1.720245016747325e-05
-1.988636059666597e-05
-2.295668907348712e-05
-2.646420811220088e-05
-3.046568161756216e-05
-3.502448360546327e-05
-4.021127006089003e-05
-4.610470721287157e-05
-5.279225956037711e-05
-6.037104099060517e-05
-6.894873231097143e-05
-7.864456847099374e-05
-8.959039863967565e-05
-0.0001019318221562851
-0.0001158294031853127
-0.0001314599667710769
-0.0001490179809677717
-0.0001687170347070379
-0.0001907914119274473
-0.0002154977634383632
-0.0002431168793832867
-0.0002739555650934558
-0.0003083486228584738
-0.000346660941861644
-0.0003892896981872548
-0.000436666666436054
-0.0004892606440401544
-0.0005475799889229494
-0.000612175270568082
-0.0006836420340288312
-0.0007626236757214254
-0.0008498144291643148
-0.0009459624580328671
-0.001051873053093206
-0.001168411928629355
-0.001296508613052548
-0.001437159927273901
-0.001591433543347029
-0.001760471614637113
-0.001945494467531078
-0.002147804343537001
-0.002368789182301241
-0.002609926441241465
-0.002872786933001532
-0.003159038662489599
-0.003470450646078193
-0.003808896694157902
-0.004176359136643464
-0.004574932469354307
-0.005006826897460445
-0.005474371750416357
-0.005980018741005249
-0.006526345039667784
-0.007116056139568578
-0.007751988538943524
-0.008437112232474736
-0.009174532924765718
-0.009967493880732554
-0.01081937740667844
-0.01173370596399709
-0.01271414288976984
-0.01376449267327608
-0.01488870075445835
-0.01609085280697118
-0.0173751734794451
-0.01874602456266933
-0.02020790254227854
-0.02176543551234556
-0.02342337940916011
-0.02518661353984001
-0.02706013537662068
-0.02904905458050448
-0.031158586238372
-0.03339404327673497
-0.03576082803581906
-0.03826442298383539
-0.04091038054337481
-0.04370431202827979
-0.04665187566348711
-0.04975876368679649
-0.05303068852721474
-0.05647336804530986
-0.0600925098540501
-0.06389379470720659
-0.06788285897529914
-0.07206527622384137
-0.07644653789803563
-0.08103203315859135
-0.08582702787410668
-0.09083664281463974
-0.09606583108522894
-0.1015193548263017
-0.1072017612560009
-0.1131173580803608
-0.1192701883434903
-0.1256640047824035
-0.1323022437365236
-0.1391879987168029
-0.146323993681742
-0.1537125561213736
-0.1613555900389058
-0.1692545488997707
-0.1774104086798149
-0.1858236410781758
-0.194494187020739
-0.2034214305640384
-0.2126041732845115
-0.2220406093068834
-0.2317283010475756
-0.2416641558146503
-0.2518444033857929
-0.2622645746569081
-0.272919481528755
-0.2838031981068078
-0.2949090433593606
-0.306229565355512
-0.3177565271725813
-0.3294808946423298
-0.3413928259974547
-0.3534816635544831
-0.3657359275414225
-0.3781433121409408
-0.3906906839023655
-0.4033640825593197
-0.4161487243684631
-0.42902900805058
-0.4419885233713386
-0.4550100624855654
-0.4680756340428445
-0.4811664801350349
-0.4942630961262768
-0.5073452533555945
-0.5203920247898026
-0.5333818135777546
-0.5462923845437063
-0.5591008986096605
-0.5717839500793931
-0.5843176068079062
-0.596677453151692
-0.6088386356829737
-0.6207759116008603
-0.6324636997142361
-0.6438761339645326
-0.6549871193236596
-0.6657703899896381
-0.676199569755162
-0.6862482343718962
-0.6958899758270241
-0.7050984683099073
-0.7138475357358737
-0.7221112206507579
-0.7298638542911793
-0.737080127667787
-0.7437351634069552
-0.7498045881742494
-0.7552646054643229
-0.7600920685031668
-0.7642645531037893
-0.7677604301736872
-0.7705589376479561
-0.7726402516121794
-0.773985556387788
-0.774577113459627
-0.7743983288620018
-0.7734338185810934
-0.7716694717608337
-0.769092511992446
-0.7656915573082294
-0.7614566775642546
-0.756379446863091
-0.7504529909201938
-0.743672032066018
-0.7360329343736811
-0.727533745861305
-0.7181742347940817
-0.7079559199646337
-0.6968820968875408
-0.684957860714717
-0.6721901249054935
-0.6585876350571764
-0.6441609777839356
-0.6289225847366716
-0.6128867317862204
-0.5960695332203689
-0.578488930892504
-0.5601646782908974
-0.5411183195126444
-0.5213731631775081
-0.5009542512672905
-0.4798883229375839
-0.4582037733531981
-0.4359306076035458
-0.4131003898044768
-0.3897461874665795
-0.3659025112586655
-0.3416052502987351
-0.3168916031106531
-0.29180000442421
-0.2663700479830534
-0.2406424055618445
-0.214658742396303
-0.1884616292356622
-0.1620944512554686
-0.1356013140648608
-0.1090269470658638
-0.08241660442417109
-0.05581596391692539
-0.02927102393890675
-0.002827998949171504
0.02346678634914565
0.04956700380137975
0.07542642926676886
0.1009990504547513
0.1262391748266126
0.1511015372571905
0.1755414071514088
0.1995146947089035
0.2229780560394123
0.2458889968246356
0.2682059742322924
0.2898884967919954
0.3108972219460489
0.3311940510077626
0.3507422212487797
0.3695063948563512
0.3874527445090578
0.4045490353259382
0.4207647029692685
0.4360709276733166
0.4504407040000993
0.4638489061302459
0.4762723485019272
0.4876898416423257
0.4980822430322056
0.5074325028751738
0.5157257046526658
0.522949100355119
0.5290921403141373
0.534146497552268
0.538106086600643
0.5409670767462311
0.5427278996811585
0.5433892515608747
0.5429540894697313
0.5414276223246308
0.5388172962600348
0.5351327745504422
0.5303859121582686
0.5245907249832454
0.51776335392019
0.5099220238437575
0.5010869976493944
0.4912805255062188
0.4805267894708802
0.4688518436392429
0.4562835500176836
0.4428515102996953
0.4285869937565481
0.4135228614496034
0.3976934869927515
0.3811346740936166
0.3638835711034837
0.3459785828235398
0.3274592798110365
0.3083663054428358
0.2887412809929008
0.2686267089799813
0.2480658750519126
0.227102748666496
0.2057818828362522
0.1841483132011336
0.1622474566905387
0.1401250100390923
0.1178268484132257
0.09539892440657635
0.0728871676560716
0.05033738532516566
0.02779516369792753
0.00530577111979576
-0.01708593748418638
-0.03933561429052805
-0.06139951024225438
-0.08323456449055333
-0.1047984914142205
-0.1260498650278788
-0.1469482005993267
-0.1674540333043006
-0.1875289937584369
-0.2071358802757325
-0.2262387277174116
-0.2448028728040863
-0.2627950157719955
-0.2801832782690167
-0.2969372573946918
-0.3130280758027888
-0.3284284277956644
-0.343112621350844
-0.3570566160374882
-0.3702380567815909
-0.3826363034528245
-0.3942324562589368
-0.4050093769472385
-0.4149517058286476
-0.424045874637192
-0.4322801152534493
-0.4396444643314252
-0.4461307638778727
-0.4517326578475401
-0.4564455848183442
-0.460266766824636
-0.4631951944340856
-0.4652316081608767
-0.4663784763214672
-0.4666399694363949
-0.4660219312942985
-0.4645318467996069
-0.4621788067295545
-0.458973469536201
-0.4549280203287687
-0.450056127182721
-0.4443728949217055
-0.4378948165174831
-0.4306397222620955
-0.4226267268660679
-0.4138761746424702
-0.4044095829359518
-0.3942495839557003
-0.3834198651765058
-0.3719451084661138
-0.359850928102261
-0.3471638078396437
-0.3339110371827458
-0.3201206470224879
-0.305821344794626
-0.2910424493201309
-0.2758138254785162
-0.2601658188568203
-0.2441291905187533
-0.2277350520393994
-0.2110148009492165
-0.1940000567211604
-0.176722597426612
-0.1592142971853578
-0.1415070645333818
-0.1236327818282945
-0.1056232458027057
-0.08751010936844826
-0.0693248247723128
-0.05109858820050914
-0.03286228592317188
-0.0146464420619765
0.00351883194208463
0.02160388608775953
0.03957957873193704
0.05741732160638985
0.07508912287828966
0.09256762820524603
0.1098261597416745
0.1268387530585361
0.1435801919439726
0.1600260410582603
0.1761526764224765
0.1919373137274131
0.207358034451466
0.2223938097816658
0.2370245223377461
0.2512309857053007
0.2649949617906167
0.2782991760097115
0.291127330328568
0.30346411417751
0.3152952132695632
0.3266073163586301
0.3373881199693415
0.3476263311347049
0.3573116681835438
0.3664348596244287
0.3749876411768525
0.382962750999049
0.3903539231675937
0.3971558794649659
0.4033643195313136
0.4089759094409863
0.4139882687652856
0.418399956185491
0.4222104537213717
0.4254201496422773
0.4280303201322023
0.4300431097726459
0.431461510908579
0.4322893419666918
0.4325312247984525
0.4321925611218781
0.43127950812726
0.4297989533136768
0.4277584886250462
0.4251663839564391
0.422031560101551
0.4183635612051538
0.4141725267854087
0.4094691633910987
0.4042647159585542
0.398570938933119
0.392400067214263
0.3857647869836124
0.3786782064743182
0.3711538267386988
0.3632055124706977
0.3548474629348303
0.3460941830529149
0.3369604546981245
0.3274613082444861
0.3176119944190916
0.3074279564988803
0.2969248028933547
0.2861182801528294
0.2750242464397282
0.2636586454991741
0.252037481161276
0.2401767924060843
0.2280926290205009
0.2158010278747264
0.2033179898444172
0.1906594573999423
0.1778412928834821
0.1648792574927497
0.1517889909882369
0.1385859921393621
0.1252855999219138
0.1119029754778022
0.09845308484647325
0.08495068247573406
0.07141029551808281
0.05784620891582432
0.04427245127713908
0.03070278154402555
0.01715067645177267
0.003629318777656403
-0.009848413625259643
-0.02326995801441141
-0.03662307617035993
-0.0498958630433788
-0.06307675464285899
-0.07615453517947185
-0.08911834347109637
-0.1019576786244707
-0.1146624050057255
-0.1272227565141167
-0.1396293401734686
-0.1518731390567019
-0.1639455145596135
-0.1758382080406827
-0.1875433418445811
-0.1990534197271852
-0.2103613267006451
-0.2214603283174914
-0.2323440694126794
-0.2430065723232233
-0.2534422346052657
-0.2636458262697687
-0.2736124865572948
-0.2833377202707402
-0.2928173936854357
-0.3020477300578052
-0.3110253047550889
-0.3197470400267725
-0.3282101994361427
-0.3364123819711529
-0.3443515158554427
-0.3520258520806005
-0.3594339576796827
-0.3665747087606321
-0.3734472833199612
-0.3800511538541931
-0.3863860797865987
-0.3924520997271448
-0.3982495235848194
-0.4037789245514789
-0.4090411309725844
-0.4140372181203539
-0.4187684998853598
-0.4232365204033621
-0.4274430456345378
-0.4313900549078127
-0.4350797324429097
-0.438514458863589
-0.4416968027175975
-0.4446295120186564
-0.4473155058202489
-0.4497578658307987
-0.4519598280814823
-0.4539247746587963
-0.455656225513291
-0.4571578303532651
-0.4584333606316836
-0.4594867016352691
-0.4603218446839933
-0.4609428794492887
-0.4613539863977821
-0.4615594293686411
-0.4615635482907084
-0.4613707520430357
-0.4609855114625796
-0.4604123525053702
-0.459655849566949
-0.4587206189661869
-0.4576113125957508
-0.4563326117437649
-0.4548892210878186
-0.4532858628622609
-0.4515272712008271
-0.4496181866576312
-0.4475633509093485
-0.4453675016379
-0.4430353675927269
-0.4405716638328937
-0.4379810871513199
-0.4352683116834353
-0.4324379846969377
-0.4294947225595006
-0.4264431068834162
-0.4232876808471849
-0.4200329456932425
-0.4166833573997471
-0.4132433235257639
-0.4097172002277079
-0.4061092894428965
-0.4024238362370873
-0.3986650263140532
-0.3948369836856042
-0.3909437684991504
-0.3869893750191353
-0.3829777297596232
-0.3789126897640456
-0.3747980410272235
-0.3706374970563528
-0.366434697570299
-0.3621932073369273
-0.3579165151410566
-0.3536080328753653
-0.3492710947506401
-0.3449089566259982
-0.3405247954587225
-0.3361217088662893
-0.3317027147934521
-0.3272707512807064
-0.3228286763332833
-0.3183792678889974
-0.3139252238790044
-0.3094691623758418
-0.3050136218250882
-0.3005610613587243
-0.2961138611878573
-0.2916743230699075
-0.2872446708465897
-0.2828270510490402
-0.278423533565741
-0.2740361123686528
-0.269666706295796
-0.2653171598895177
-0.2609892442870888
-0.2566846581581226
-0.2524050286849552
-0.2481519125835089
-0.2439267971614814
-0.2397311014110778
-0.2355661771349065
-0.2314333101040523
-0.227333721243656
-0.2232685678415748
-0.2192389447777333
-0.2152458857729719
-0.2112903646555926
-0.2073732966429484
-0.2034955396361655
-0.1996578955258576
-0.1958611115061867
-0.1921058813950676
-0.1883928469589552
-0.1847225992411455
-0.1810956798917668
-0.1775125824970807
-0.1739737539061017
-0.1704795955534563
-0.1670304647771784
-0.1636266761301051
-0.1602685026840755
-0.1569561773267104
-0.1536898940482322
-0.1504698092156238
-0.1472960428332146
-0.1441686797904415
-0.1410877710970189
-0.1380533351034432
-0.1350653587054436
-0.1321237985315862
-0.1292285821135814
-0.1263796090385676
-0.1235767520829968
-0.1208198583281933
-0.1181087502569583
-0.1154432268296071
-0.1128230645375995
-0.1102480184369082
-0.1077178231678501
-0.1052321939595914
-0.1027908276010675
-0.1003934033533628
-0.09803958383989342
-0.0957290159832687
-0.09346133197939534
-0.09123615021304803
-0.08905307603632182
-0.08691170250359019
-0.08481161114901088
-0.08275237280097036
-0.08073354836773197
-0.07875468956814263
-0.07681533963222235
-0.07491503398650064
-0.0730533009241786
-0.07122966225412243
-0.069443633927136
-0.06769472664110134
-0.06598244642591611
-0.06430629520853978
-0.0626657713583529
-0.06106037021347051
-0.05948958458780168
-0.05795290525873681
-0.05644982143576494
-0.05497982121106312
-0.0535423919928025
-0.0521370209209548
-0.05076319526551372
-0.04942040280738541
-0.04810813220278371
-0.046825873331528
-0.04557311762951659
-0.04434935840559013
-0.04315409114321878
-0.04198681378735294
-0.04084702701690295
-0.03973423450312494
-0.03864794315444404
-0.03758766334798575
-0.03655290914809112
-0.03554319851201121
-0.03455805348331219
-0.03359700037344859
-0.03265956993185302
-0.03174529750473207
-0.03085372318288279
-0.02998439193891295
-0.02913685375446709
-0.02831066373768354
-0.02750538223111774
-0.02672057491041892
-0.02595581287408674
-0.025210672724592
-0.02448473664121104
-0.02377759244489763
-0.02308883365563046
-0.02241805954239092
-0.02176487516603688
-0.02112889141537528
-0.02050972503670148
-0.019906998657062
-0.01932034080154934
-0.01874938590490898
-0.01819377431762073
-0.01765315230685492
-0.01712717205239277
-0.01661549163782725
-0.01611777503721556
-0.01563369209733282
-0.01516291851591411
-0.01470513581607284
-0.01426003131704017
-0.01382729810145959
-0.01340663497935694
-0.01299774644901235
-0.01260034265493886
-0.01221413934311441
-0.01183885781366565
-0.01147422487118772
-0.01111997277280143
-0.01077583917409883
-0.0104415670731299
-0.01011690475263741
-0.009801605720686189
-0.009495428649738308
-0.009198137314372917
-0.008909500527713917
-0.00862929207672848
-0.008357290656437526
-0.008093279803244997
-0.007837047827370571
-0.007588387744576718
-0.007347097207342914
-0.007112978435621791
-0.006885838147067871
-0.006665487486844326
-0.006451741957103227
-0.006244421346362329
-0.006043349658843794
-0.005848355043705648
-0.005659269724276771
-0.005475929927297093
-0.005298175812362625
-0.005125851401584459
-0.004958804509494953
-0.004796886673262458
-0.00463995308325763
-0.004487862513994609
-0.004340477255489605
-0.004197663045116719
-0.004059288999990844
-0.003925227549927092
-0.003795354370946811
-0.003669548319412352
-0.003547691366817941
-0.003429668535259198
-0.003315367833612665
-0.003204680194383211
-0.003097499411288598
-0.002993722077597372
-0.002893247525297754
-0.002795977765075734
-0.002701817427055025
-0.002610673702311417
-0.002522456285249025
-0.002437077316838674
-0.002354451328689101
-0.002274495187992752
-0.002197128043299421
-0.002122271271164461
-0.002049848423659872
-0.001979785176751842
-0.001912009279560434
-0.001846450504504936
-0.001783040598315993
-0.001721713233914577
-0.001662403963201287
-0.001605050170602042
-0.001549591027496255
-0.001495967447552583
-0.001444122043159393
-0.00139399908267828
-0.001345544447913266
-0.001298705591961467
-0.0012534314988316
-0.001209672646499738
-0.001167380970471223
-0.001126509820878187
-0.001087013914987908
-0.001048849301303812
-0.001011973355681087
-0.000976344777379718
-0.0009419235297788856
-0.0009086707361519151
-0.0008765486077378771
-0.0008455204624914743
-0.0008155507586725478
-0.0007866050781318574
-0.0007586500663429936
-0.0007316533795264226
-0.0007055836575132803
-0.0006804105033656133
-0.0006561044590629899
-0.0006326369775196789
-0.0006099803954848015
-0.0005881079085055871
-0.0005669935469159752
-0.0005466121521184576
-0.0005269393532265865
-0.0005079515443074938
-0.00048962586224353
-0.0004719401652318707
-0.0004548730117761141
-0.0004384036402056744
-0.0004225119487370212
-0.000407178476059736
-0.0003923843824220292
-0.0003781114312095544
-0.0003643419710161338
-0.0003510589181774813
-0.0003382457397804212
-0.0003258864371404937
-0.0003139655296970503
-0.0003024680393687341
-0.0002913794753236607
-0.000280685819149134
-0.0002703735104708754
-0.000260429432930622
-0.0002508409005606685
-0.0002415956445511191
-0.0002326818003692952
-0.0002240878952527869
-0.0002158028360608158
-0.0002078158974472785
-0.0002001167103923106
-0.0001926952510505007
-0.000185541829927659
-0.0001786470813476096
-0.0001720019532558705
-0.0001655976972986662
-0.0001594258591862576
-0.0001534782693518548
-0.0001477470338703195
-0.0001422245256638642
-0.0001369033759571363
-0.000131776465963016
-0.0001268369188670732
-0.0001220780920047434
-0.0001174935692893383
-0.0001130771538773585
-0.0001088228610437219
-0.0001047249112702463
-0.0001007777235529694
-9.697590890883898e-05
-9.331426408095755e-05
-8.978776544064816e-05
-8.63915630688234e-05
-8.31209750274725e-05
-7.997148180218862e-05
-7.693872091781754e-05
-7.401848172744662e-05
-7.120670036131492e-05
-6.849945483799086e-05
-6.589296030708601e-05
-6.33835644818719e-05
-6.096774317018346e-05
-5.864209598195121e-05
-5.640334216441022e-05
-5.424831654630747e-05
-5.21739656567076e-05
-5.017734391478449e-05
-4.825560998839312e-05
-4.640602324304634e-05
-4.462594031310576e-05
-4.291281177814333e-05
-4.126417896580827e-05
-3.967767082125012e-05
-3.815100092403862e-05
-3.668196456367652e-05
-3.526843593039186e-05
-3.390836540757495e-05
-3.259977691911017e-05
-3.134076539929473e-05
-3.012949432874354e-05
-2.896419334748148e-05
-2.784315595726794e-05
-2.676473729658737e-05
-2.572735200436982e-05
-2.472947211985688e-05
-2.376962508068597e-05
-2.284639178673106e-05
-2.195840471930227e-05
-2.110434611792874e-05
-2.028294624762082e-05
-1.949298168698831e-05
-1.873327370677229e-05
-1.800268667086077e-05
-1.730012653080073e-05
-1.662453932910253e-05
-1.597490979420404e-05
-1.535025994168355e-05
-1.474964776447726e-05
-1.417216594295711e-05
-1.361694059592583e-05
-1.308313010285656e-05
-1.25699239318423e-05
-1.207654152691069e-05
-1.160223123483151e-05
-1.114626926355361e-05
-1.070795867913138e-05
-1.028662843196994e-05
-9.88163242880831e-06
-9.492348622025714e-06
-9.118178147121273e-06
-8.758544475982905e-06
-8.412892604631125e-06
-8.080688275863844e-06
-7.761417218758252e-06
-7.454584428301544e-06
-7.159713455642216e-06
-6.876345728384204e-06
-6.60403990155399e-06
-6.342371225834765e-06
-6.090930926220266e-06
-5.849325644517313e-06
-5.617176838105029e-06
-5.394120259098898e-06
-5.179805423107135e-06
-4.973895092516751e-06
-4.776064796722887e-06
-4.586002355842019e-06
-4.403407425182924e-06
-4.227991063900714e-06
-4.059475304250591e-06
-3.897592742818949e-06
-3.742086147988178e-06
-3.592708094716948e-06
-3.449220585486903e-06
-3.311394697645612e-06
-3.179010251716804e-06
-3.051855490341558e-06
-2.929726749023965e-06
-2.812428159125704e-06
-2.699771350756832e-06
-2.591575184118792e-06
-2.48766546809815e-06
-2.387874699585082e-06
-2.292041820480362e-06
-2.200011961822268e-06
-2.111636217513435e-06
-2.026771415070168e-06
-1.945279913427774e-06
-1.867029375534112e-06
-1.791892567667833e-06
-1.719747181540387e-06
-1.650475642892168e-06
-1.583964918800063e-06
-1.520106363528441e-06
-1.458795535730144e-06
-1.39993204357467e-06
-1.34341940024834e-06
-1.289164860921747e-06
-1.237079289537227e-06
-1.187077014643632e-06
-1.139075703452445e-06
-1.092996231152121e-06
-1.048762554079985e-06
-1.006301597168882e-06
-9.655431379647868e-07
-9.264196914363875e-07
-8.888664248163401e-07
-8.528210256956866e-07
-8.182236314545485e-07
-7.850167249923399e-07
-7.5314503563453e-07
-7.225554666316056e-07
-6.931970008712253e-07
-6.650206279136047e-07
-6.379792588419457e-07
-6.120276625474587e-07
-5.871223846208344e-07
-5.632216828464525e-07
-5.402854580953329e-07
-5.182751927158733e-07
-4.97153891429236e-07
-4.768860139755203e-07
-4.574374238132404e-07
-4.387753327596606e-07
-4.208682510678763e-07
-4.036859392667084e-07
-3.871993503994129e-07
-3.71380589531319e-07
-3.562028588083319e-07
-3.416404313598855e-07
-3.276686040298797e-07
-3.142636528208308e-07
-3.014027853740135e-07
-2.890641285467917e-07
-2.772266788294397e-07
-2.658702584131952e-07
-2.549754991162558e-07
-2.445238028868168e-07
-2.344973106168256e-07
-2.248788766460804e-07
-2.156520468786502e-07
-2.068010119939062e-07
-1.983106031358903e-07
-1.901662483088311e-07
-1.823539709519621e-07
-1.748603410433194e-07
-1.676724749734805e-07
-1.607779962408836e-07
-1.541650339816852e-07
-1.478221863620835e-07
-1.417385090085444e-07
-1.359035015552905e-07
-1.303070792123296e-07
-1.249395661116871e-07
-1.197916715813775e-07
-1.148544822476537e-07
-1.101194398839421e-07
-1.055783330087486e-07
