-7.746536992114082e-13
-4.850095140751927e-13
-3.048728672054073e-13
-1.925546174779838e-13
-1.237967305862155e-13
-8.088322200495178e-14
-5.373703124095803e-14
-3.689018004016293e-14
-2.598966859175136e-14
-1.896841462849747e-14
-1.442709271175378e-14
-1.111035468905506e-14
-8.728484497077162e-15
-6.4578013747806e-15
-4.547668648878892e-15
-2.278138785314188e-15
2.673452318956351e-16
3.249615997970208e-15
6.978085072972131e-15
1.164704217367725e-14
1.719296005901995e-14
2.431906425706921e-14
3.439340183222598e-14
4.751788423636448e-14
6.550928024263611e-14
8.932048699356727e-14
1.210028732343523e-13
1.64188654535867e-13
2.226084046406254e-13
3.003312893397865e-13
4.035284810536358e-13
5.413046371010833e-13
7.227992926595887e-13
9.62397524136105e-13
1.276782964094072e-12
1.689049906298923e-12
2.228615825820751e-12
2.931697046279895e-12
3.846743090429013e-12
5.034307052455902e-12
6.57175017812959e-12
8.558259579157746e-12
1.111722856403097e-11
1.44060834637569e-11
1.862135825995992e-11
2.401190639071732e-11
3.088649869377854e-11
3.963269473647888e-11
5.07317401212556e-11
6.478256285495806e-11
8.252652768564576e-11
1.048829835746574e-10
1.329801634342118e-10
1.682140685060374e-10
2.122924034989512e-10
2.67310338584832e-10
3.35826390325123e-10
4.209619694418012e-10
5.265156929327125e-10
6.570984159541296e-10
8.182979115003949e-10
1.016869486005292e-09
1.260963722403317e-09
1.560397340882917e-09
1.926965488796343e-09
2.3748135205641e-09
2.920876957452295e-09
3.58538304349868e-09
4.392452471618461e-09
5.370789186571712e-09
6.554488499568064e-09
7.983977490487668e-09
9.70709924199404e-09
1.178037407591342e-08
1.427045595828249e-08
1.725580832063216e-08
2.082863866981002e-08
2.509712528236907e-08
3.018796238897197e-08
3.624928775937799e-08
4.345402703101118e-08
5.200371095436552e-08
6.213283376518947e-08
7.411380866090696e-08
8.826260566464937e-08
1.049451479029541e-07
1.245845563953973e-07
1.476693508555763e-07
1.747627114427795e-07
2.065129214270853e-07
2.436651290623347e-07
2.87074568783375e-07
3.377214085371152e-07
3.967273788838096e-07
4.653743909485693e-07
5.45125333579577e-07
6.376472690114031e-07
7.448372636643118e-07
8.688511110727187e-07
1.012135204670386e-06
1.177461862010812e-06
1.367968389303091e-06
1.58720026189713e-06
1.839158861192144e-06
2.128354129009707e-06
2.459862550184299e-06
2.839390897921154e-06
3.273346223767175e-06
3.76891259852536e-06
4.334135143639572e-06
4.978011909694311e-06
5.710594214703005e-06
6.543096052468493e-06
7.488013253168842e-06
8.559253078400691e-06
9.77227496505205e-06
1.114424319892876e-05
1.269419228084631e-05
1.44432058207368e-05
1.641460978663837e-05
1.863418099669927e-05
2.113037174190077e-05
2.393455146050456e-05
2.708126640592097e-05
3.060851825624189e-05
3.455806264133538e-05
3.897572855288233e-05
4.391175971244547e-05
4.942117910406905e-05
5.556417761560356e-05
6.240652773560756e-05
7.002002330371708e-05
7.848294630755472e-05
8.788056166712956e-05
9.830564093035656e-05
0.0001098590157553648
0.0001226501619720233
0.0001367978149850638
0.0001524306171703112
0.0001696877980400945
0.0001887198895383048
0.0002096894778716762
0.0002327719907263074
0.0002581565185095317
0.0002860466706510955
0.0003166614683234072
0.0003502362739582517
0.0003870237569576605
0.0004272948954330114
0.0004713400135001039
0.0005194698539614389
0.0005720166857863478
0.0006293354453101947
0.0006918049104910345
0.0007598289066734168
0.0008338375427132045
0.0009142884759009777
0.001001668203523755
0.001096493379526473
0.001199312153459741
0.001310705529534788
0.001431288743052217
0.001561712650749418
0.001702665132500989
0.001854872500134534
0.002019100910025363
0.002196157775517347
0.002386893174247709
0.002592201246804837
0.002813021580931822
0.00305034057685889
0.003305192788563058
0.003578662234639627
0.003871883674360452
0.004186043841647294
0.004522382631547476
0.004882194232976183
0.005266828200178872
0.005677690458060461
0.006116244232765293
0.006584010901516662
0.007082570754796535
0.007613563662398289
0.008178689638501619
0.008779709296238515
0.009418444185880342
0.01009677700961296
0.01081665170393832
0.01158007338546625
0.01238910815025244
0.01324588272162126
0.01415258394004299
0.0151114580862705
0.01612481003512775
0.01719500223031454
0.01832445347671222
0.01951563754511064
0.02077108158157654
0.02209336432155184
0.02348511409986075
0.02494900665539445
0.02648776272751509
0.02810414543829745
0.02980095746443718
0.03158103799141167
0.03344725945184133
0.03540252404801441
0.03744976005496704
0.03959191791212482
0.04183196609825766
0.04417288679590733
0.04661767134878684
0.0491693155111636
0.05183081450218605
0.0546051578622549
0.05749532412223495
0.06050427529288906
0.06363495117602561
0.06689026351500145
0.07027308998442762
0.07378626803533857
0.07743258860710477
0.08121478970969812
0.08513554989877822
0.08919748164566159
0.09340312462302976
0.09775493892110854
0.1022552982000469
0.1069064828059259
0.1117106728535308
0.1166699412998367
0.1217862470254606
0.1270614279319352
0.1324971940871358
0.1380951209215639
0.1438566425016838
0.1497830448990538
0.1558754596632909
0.1621348574338637
0.1685620416923707
0.175157642682669
0.1819221115177782
0.188855714481923
0.1959585275672273
0.2032304312411518
0.210671105464152
0.2182800249744589
0.2260564548605966
0.2339994464842466
0.2421078337191866
0.2503802294361949
0.2588150222438328
0.2674103737134234
0.2761642165174878
0.2850742530683333
0.2941379536266631
0.3033525537741044
0.3127150526194228
0.3222222133185486
0.3318705646359146
0.3416564019824498
0.3515757877574849
0.3616245521320742
0.3717982949341684
0.3820923881884234
0.3925019790028715
0.403021992772235
0.4136471368166988
0.4243719045369996
0.435190580020131
0.4460972430776942
0.4570857747089361
0.4681498629772158
0.4792830093266123
0.4904785352961911
0.5017295896338131
0.5130291557981697
0.5243700598197231
0.5357449785367642
0.5471464481622559
0.5585668731827379
0.5699985355733056
0.5814336042919199
0.5928641450629575
0.6042821304034166
0.615679449893873
0.6270479206750503
0.6383792981247111
0.6496652867190899
0.6608975510314231
0.6720677268704421
0.6831674325374073
0.6941882801529806
0.7051218870562925
0.7159598872272996
0.7266939427315456
0.7373157551651796
0.7478170770554332
0.7581897232240633
0.7684255820601064
0.7785166266949758
0.788454926058242
0.798232655776443
0.8078421089277785
0.8172757065972981
0.8265260082221488
0.8355857217072273
0.8444477132824242
0.8531050171218407
0.8615508446687932
0.8697785936578049
0.8777818568168611
0.8855544302226211
0.8930903213253837
0.900383756599975
0.9074291888293833
0.9142213040097618
0.9207550278429496
0.9270255318313442
0.9330282389409026
0.9387588288412198
0.9442132427162475
0.949387687624606
0.9542786404348448
0.9588828513017259
0.9631973466932734
0.967219431967011
0.9709466934812915
0.9743770002708987
0.9775085052589965
0.9803396460156871
0.9828691450667987
0.9850960097498629
0.9870195316548762
0.988639285623454
0.9899551283190969
0.9909671963761025
0.9916759041268063
0.9920819409417969
0.9921862681688456
0.9919901156972712
0.9914949781590168
0.9907026107581395
0.9896150247564648
0.9882344826136853
0.9865634928163443
0.9846048044097593
0.9823614012272938
0.9798364958475286
0.9770335232784683
0.9739561343995314
0.9706081891770113
0.9669937496541153
0.9631170727480802
0.9589826028540288
0.9545949642838697
0.9499589535567065
0.945079531544655
0.9399618155060798
0.934611071007165
0.9290327037607499
0.9232322513983361
0.9172153751777589
0.910987851655617
0.9045555643258505
0.8979244952474511
0.8911007166760374
0.8840903827072856
0.8768997209613202
0.8695350243074369
0.8620026426539021
0.8543089748152873
0.8464604604543411
0.8384635721149717
0.8303248073545861
0.8220506810047655
0.8136477175705841
0.8051224437623782
0.7964813811766788
0.7877310391272838
0.7788779076408791
0.7699284506254603
0.7608890992178894
0.7517662453339321
0.7425662354094948
0.7332953643333239
0.7239598695772729
0.7145659255349934
0.705119638090381
0.6956270394022644
0.6860940829066319
0.676526638539243
0.6669304881800571
0.6573113213306613
0.6476747310167627
0.6380262099188766
0.6283711467316357
0.6187148227499496
0.6090624086904999
0.599418961738423
0.5897894228194175
0.5801786140956388
0.5705912366801563
0.5610318685725324
0.5515049628084755
0.5420148458274487
0.5325657160542683
0.5231616426836332
0.5138065646661381
0.5045042898889673
0.4952584945507345
0.4860727227257218
0.4769503861106065
0.4678947639535764
0.4589090031558337
0.4499961185436265
0.4411589933050748
0.4324003795801207
0.4237228991971076
0.4151290445523776
0.4066211796371377
0.3982015412048555
0.3898722400621168
0.3816352624736278
0.3734924716798242
0.3654456095311068
0.3574962982320006
0.3496460421793643
0.3418962298855334
0.3342481359846916
0.3267029233256222
0.3192616451443682
0.3119252473019162
0.3046945705783031
0.2975703530214074
0.2905532323526624
0.2836437484237738
0.2768423457122612
0.2701493758492159
0.263565100176145
0.2570896923301263
0.2507232408523548
0.2444657518128913
0.2383171514486526
0.2322772888085113
0.2263459384009454
0.2205228028404335
0.2148075154899751
0.2091996430990892
0.2036986884303072
0.1983040928695965
0.1930152390175314
0.1878314532596801
0.1827520083157914
0.177776125762081
0.1729029785222106
0.1681316933247626
0.1634613531271275
0.1588909995065663
0.1544196350131385
0.1500462254809559
0.1457697022961837
0.1415889646213974
0.1375028815760156
0.1335102943704073
0.1296100183931322
0.1258008452501269
0.1220815447539201
0.1184508668622743
0.1149075435653582
0.1114502907211151
0.1080778098384441
0.1047887898081487
0.1015819085826918
0.09845583480297998
0.09540922937106336
0.09244074696895167
0.08954903752466105
0.08673274762687168
0.0839905218870703
0.08132100424889162
0.07872283924510408
0.07619467320329484
0.0737351554015903
0.07134293917407797
0.06901668296632772
0.06675505134171546
0.06455671593952565
0.06242035638603728
0.06034466115894235
0.05832832840579953
0.05637006671746352
0.05446859585748426
0.0526226474486509
0.05083096561743047
0.04909230759715098
0.0474054442910701
0.04576916079634496
0.04418225689026609
0.0426435474794888
0.04115186301324912
0.03970604986164394
0.03830497066004237
0.03694750462087158
0.03563254781365351
0.03435901341436951
0.03312583192516869
0.03193195136564161
0.0307763374369338
0.02965797365946874
0.0285758614852678
0.02752902038593574
0.02651648791728372
0.02553731976172847
0.02459058974931612
0.02367538985832281
0.02279083019640755
0.02193603896327733
0.02111016239598988
0.02031236469755034
0.01954182794963378
0.01879775201029121
0.01807935439762514
0.01738587016037693
0.01671655173604064
0.0160706687972881
0.01544750808737835
0.01484637324538959
0.01426658462198708
0.01370747908637674
0.01316840982511459
0.01264874613346657
0.01214787319989916
0.01166519188440683
0.01120011849119507
0.01075208453624868
0.01032053651028711
0.009904935637737622
0.009504757632111789
0.009119492448338779
0.008748644032524035
0.00839173006947746
0.008048281728554563
0.007717843408084646
0.007399972478864901
0.007094239027067795
0.006800225596945928
0.00651752693354903
0.00624574972576008
0.005984512350018608
0.005733444614994315
0.005492187507515366
0.005260392939927978
0.005037723499093988
0.004823852197262358
0.004618462225052499
0.004421246706745771
0.004231908458050233
0.004050159746443865
0.003875722054333022
0.003708325845070721
0.003547710332017017
0.003393623250690922
0.003245820634263872
0.003104066592362874
0.002968133093281949
0.002837799749709479
0.002712853608021485
0.002593088941219786
0.002478307045550256
0.002368316040825525
0.002262930674486296
0.002161972129431035
0.00206526783572363
0.001972651286068834
0.001883961855101717
0.0017990446225274
0.001717750200077289
0.00163993456225398
0.00156545888092913
0.00149418936371585
0.001425997096075098
0.001360757887208983
0.001298352119651464
0.001238664602525327
0.001181584428490203
0.00112700483426348
0.001074823064735634
0.001024940240603942
0.0009772612294631326
0.0009316945203556656
0.0008881521016987815
0.0008465493425483964
0.000806804877172409
0.0007688404927993199
0.0007325810206084953
0.0006979542297790149
0.0006648907246110959
0.0006333238447117598
0.0006031895680292457
0.000574426416878988
0.0005469753666903428
0.0005207797576354242
0.0004957852088795729
0.000471939535546869
0.0004491926682507075
0.0004274965751530752
0.0004068051865135777
0.0003870743216419903
0.0003682616182108422
0.0003503264638757812
0.0003332299301373455
0.0003169347083952367
0.0003014050481128473
0.0002866066970622437
0.0002725068436048672
0.0002590740609139044
0.0002462782531219956
0.0002340906033249054
0.000222483523392085
0.0002114306055131392
0.0002009065754784416
0.0001908872475973199
0.0001813494812099454
0.0001722711388033468
0.000163631045579045
0.0001554089505407805
0.0001475854889663922
0.0001401421462774313
0.0001330612232255235
0.0001263258024052619
0.0001199197159627103
0.0001138275145788966
0.0001080344375737304
0.0001025263841605076
9.728988581892788e-05
9.231207967243676e-05
8.758068295951297e-05
8.308396845021515e-05
7.881074082433055e-05
7.475031396905541e-05
7.089248920178533e-05
6.722753430727438e-05
6.37461634268796e-05
6.04395177575556e-05
5.729914701466088e-05
5.431699163037989e-05
5.148536568557656e-05
4.879694052711212e-05
4.624472905381366e-05
4.382207064757709e-05
4.152261670936848e-05
3.934031682009181e-05
3.726940544228038e-05
3.530438919191761e-05
3.344003464883665e-05
3.167135666626307e-05
2.99936071656125e-05
2.840226441447601e-05
2.689302277146207e-05
2.546178283718816e-05
2.410464206257583e-05
2.28178857140169e-05
2.159797828140485e-05
2.044155520673681e-05
1.934541501223059e-05
1.830651173843397e-05
1.73219477339247e-05
1.638896675389771e-05
1.550494734922733e-05
1.46673965741105e-05
1.387394396217096e-05
1.312233574605905e-05
1.241042936332882e-05
1.173618820705062e-05
1.10976765841777e-05
1.049305493412303e-05
9.92057524035489e-06
9.378576667368866e-06
8.865481368246855e-06
8.379790521760412e-06
7.920080514329545e-06
7.484999319014805e-06
7.073263025834547e-06
6.683652553988566e-06
6.315010485911311e-06
5.966238075282559e-06
5.636292371416139e-06
5.324183509681246e-06
5.028972087634577e-06
4.749766696678872e-06
4.485721553630131e-06
4.236034244566334e-06
3.999943585449662e-06
3.776727570687322e-06
3.56570141764086e-06
3.366215737674247e-06
3.177654750849183e-06
2.999434617761763e-06
2.831001825611026e-06
2.671831665315827e-06
2.521426777896023e-06
2.379315786693551e-06
2.245051977421586e-06
2.118212054005793e-06
1.998394939130029e-06
1.885220655074976e-06
1.77832923817757e-06
1.677379729831974e-06
1.582049192810634e-06
1.492031788312442e-06
1.407037907815417e-06
1.326793329139618e-06
1.251038417666485e-06
1.179527383118201e-06
1.11202755780512e-06
1.048318709722592e-06
9.881924161569388e-07
9.314514255708244e-07
8.779091016610594e-07
8.273888429286128e-07
7.797235665957824e-07
7.347552105145992e-07
6.923342653330733e-07
6.523193229696523e-07
6.145766380480294e-07
5.789797384862266e-07
5.454090203267468e-07
5.137514047964575e-07
4.838999799126422e-07
4.557536838395821e-07
4.292169767103454e-07
4.041995613897074e-07
3.806160903028113e-07
3.583859067482594e-07
3.374328031440515e-07
3.176847689206277e-07
2.990737663621863e-07
2.81535519807387e-07
2.650093184870953e-07
2.494378082525431e-07
2.347668217522239e-07
2.209452010910432e-07
2.079246427052619e-07
1.956595307361212e-07
1.841067993408303e-07
1.732257869560247e-07
1.629780992115935e-07
1.53327507881881e-07
1.442398104512254e-07
1.356827269800347e-07
1.276257914329863e-07
1.200402524532706e-07
1.128989824822401e-07
1.061763867315076e-07
9.984831745234586e-08
9.389199553559815e-08
8.82859276972026e-08
8.300985016406004e-08
7.804465065901899e-08
7.337229565078836e-08
6.897578664421209e-08
6.483909341105481e-08
6.094709360945616e-08
5.728553106332968e-08
5.384097462100263e-08
5.060075371057042e-08
4.755292959525017e-08
4.468624972027351e-08
4.19901063851234e-08
3.945450435777215e-08
3.707002091638302e-08
3.482778392841714e-08
3.271942922868097e-08
3.073707533805479e-08
2.887329940728819e-08
2.712110709861168e-08
2.547391646359152e-08
2.392552140863156e-08
2.247007651895625e-08
2.110208309224679e-08
1.981635647166226e-08
1.860801547895574e-08
1.747246635313051e-08
1.640538568428344e-08
1.540270224528845e-08
1.446057531808691e-08
1.357539366755422e-08
1.274376450005992e-08
1.196248921179664e-08
1.122855820120605e-08
1.053913201777638e-08
9.891554929004391e-09
9.283313520517305e-09
8.712056630810551e-09
8.175557914808792e-09
7.671732109233228e-09
7.198612965482439e-09
6.754348644147336e-09
6.337201181477976e-09
5.945535505974623e-09
5.577818525799558e-09
5.232599894533318e-09
4.908519571623927e-09
4.604302252489999e-09
4.318742969839999e-09
4.050708714227581e-09
3.799137474028033e-09
3.563028124932548e-09
3.341442384487217e-09
3.133493974327014e-09
2.938356359816172e-09
2.755247992049608e-09
2.583435863757903e-09
2.422225868430234e-09
2.270975219352469e-09
2.129077762562146e-09
1.995959888400279e-09
1.871086114639624e-09
1.753946540127519e-09
1.644074452419407e-09
1.541022310512506e-09
1.444369516149396e-09
1.353718606893495e-09
1.26870740037987e-09
1.188989098924512e-09
1.114233213050065e-09
1.044133468337238e-09
9.784045966134075e-10
9.167708150472396e-10
8.589844417917637e-10
8.048022923969681e-10
7.540104701780677e-10
7.063923015193789e-10
6.617520225732935e-10
6.199121758724963e-10
5.806900162149673e-10
5.439280266479132e-10
5.094771692617716e-10
4.771944371373667e-10
4.469432251860367e-10
4.18597580972929e-10
3.920372766593444e-10
3.671481038965313e-10
3.438238142248474e-10
3.219715455010241e-10
3.0149218138306e-10
2.822996768910931e-10
2.643165978218529e-10
2.474636176768586e-10
2.316786882787781e-10
2.16889256216455e-10
2.030354793989848e-10
1.900649087553168e-10
1.779177946740943e-10
1.665466204472189e-10
1.558999860786572e-10
1.459309951898032e-10
1.365979811083314e-10
1.278531041379324e-10
1.196651706483525e-10
1.119946337416238e-10
1.04810079328311e-10
9.807998749950561e-11
9.177862078645285e-11
8.587402668637752e-11
8.035047038509539e-11
7.517987231526484e-11
7.034264688923935e-11
6.581745778095534e-11
6.157876708731159e-11
5.761274604753487e-11
5.389470339877608e-11
5.041421030592503e-11
4.715553598917024e-11
4.410534654525297e-11
4.125900265141934e-11
3.859314768531723e-11
3.610086638688469e-11
3.37714724797417e-11
3.159282372046903e-11
2.955392786431808e-11
2.764372476907207e-11
2.585705217417839e-11
2.418163353135824e-11
2.260831376251434e-11
2.113507875144327e-11
1.975681033098677e-11
1.846790790466059e-11
1.726309746131505e-11
1.613557332665225e-11
1.508440684284056e-11
1.410378747713191e-11
1.318873100392346e-11
1.233571012251935e-11
1.15369521201726e-11
1.07952579141179e-11
1.009383515515445e-11
9.434353882181739e-12
8.820783263493534e-12
8.24314003416925e-12
7.701905921145656e-12
7.194301983778053e-12
6.724008730436327e-12
6.283197012197062e-12
5.871780976668602e-12
5.488725692008885e-12
5.126430454352892e-12
4.789741379508549e-12
4.473688797882312e-12
4.180383913941312e-12
3.90737129118084e-12
3.650881077010237e-12
3.4139958364667e-12
3.193105933529731e-12
2.983313871735811e-12
2.789095187813642e-12
2.604885121145679e-12
2.435706734567951e-12
2.277319256470322e-12
2.128528960696085e-12
1.987627581156146e-12
1.853990950935524e-12
1.729317188584625e-12
1.610802324846473e-12
1.505141211611934e-12
1.405461434659398e-12
1.313115195745893e-12
1.228253697877944e-12
1.150851240435153e-12
1.078067312519579e-12
1.004814913333758e-12
9.376568091021063e-13
8.749969799215087e-13
8.154398846950374e-13
7.612718844016527e-13
7.116928240427355e-13
6.63943074460653e-13
6.219954569276797e-13
5.783607410626135e-13
5.387693127621673e-13
5.043108868590691e-13
4.751952290806086e-13
4.453187342186519e-13
4.141384780413125e-13
3.869270025725879e-13
3.62221062119352e-13
3.376386175157301e-13
3.119859021750151e-13
2.906156089136534e-13
2.695527741052215e-13
2.509295075132197e-13
2.340008435270926e-13
2.173283823496374e-13
2.101510611867512e-13
1.950868391070159e-13
1.801897990894277e-13
1.673559331019673e-13
1.5478129983106e-13
1.473691614478666e-13
1.367198830131867e-13
1.258410773123713e-13
1.179545504504835e-13
1.119987536462903e-13
1.065476500382254e-13
1.017219374176718e-13
9.754154180128967e-14
9.389755617911236e-14
8.526212563147863e-14
7.435624757016179e-14
6.467266462480348e-14
5.619958753459705e-14
4.940119373515778e-14
4.4485631682345e-14
4.145094130423644e-14
4.334657300054679e-14
4.705927886694242e-14
4.629010397192039e-14
4.492550200017749e-14
4.074164158785682e-14
3.906835535644446e-14
3.82285523033789e-14
3.832268742695831e-14
3.692126984055978e-14
3.20772848781698e-14
2.583213579915904e-14
2.139264083069874e-14
1.849188740083836e-14
1.605204094918172e-14
1.239906194361309e-14
7.520264960229138e-15
4.703757718247568e-15
5.948570040898565e-15
7.079906764093081e-15
1.085001984667628e-14
1.494395974813895e-14
1.642884272149561e-14
2.098440860525646e-14
1.934705884401638e-14
1.786524867366926e-14
1.419410387896511e-14
1.245608684022867e-14
7.09534582034503e-15
4.744318626548562e-15
2.909663988192453e-15
3.696391000860048e-15
5.76858545288216e-15
5.740406261686349e-15
4.018029429725406e-15
2.890877960327695e-16
-2.707970676161608e-15
-5.252527323915734e-15
-6.371399933583642e-15
-4.814606596281069e-15
-2.818450923162761e-16
5.198975151665746e-15
1.050926669624332e-14
1.54245449098132e-14
1.680205451227287e-14
1.52879338775266e-14
8.799141086093939e-15
6.101427589089658e-15
2.679213665506275e-15
-1.093041728245022e-15
-5.080324876813864e-15
-6.343059170496768e-15
-6.395846243007451e-15
-6.370604488801375e-15
-6.266271592647573e-15
-5.346369823639908e-15
-4.135928470381124e-15
-3.188840082526864e-16
3.06579452263231e-15
4.895960823159175e-15
6.871307097737188e-15
5.253533909855664e-15
5.660862059743468e-15
5.561083970554821e-15
5.944707427783171e-15
4.33019157722061e-15
3.770718077676083e-15
2.43939043074671e-15
2.49769267398314e-15
3.398520808771957e-15
1.236346765627079e-15
-4.06130580608137e-15
-5.018617960639307e-15
-8.04614853052925e-15
-9.214980698917054e-15
-1.371874637423933e-14
-1.273056951869119e-14
-9.195364758737156e-15
-1.493804062144672e-15
5.781850440529172e-15
1.120884763130743e-14
1.593031001220963e-14
1.713137287013152e-14
1.6659890925559e-14
1.175783840998747e-14
6.997970785176866e-15
9.362947162523011e-16
-3.081720949391295e-15
-7.414123538090126e-15
-1.051418234489226e-14
-1.32692586500078e-14
-1.682717273232607e-14
-1.631205864830279e-14
-1.165845490227469e-14
-7.144325348476597e-15
6.051942478962463e-16
7.511993014406574e-15
9.631624958370426e-15
9.766135302597167e-15
1.131913564907995e-14
1.314166070321487e-14
