-2.731119816776007e-12
-1.746111585528821e-12
-1.122875270811395e-12
-7.267285338077049e-13
-4.746246875723526e-13
-3.127842618513419e-13
-2.084300557781238e-13
-1.403630655932082e-13
-9.580429806120964e-14
-6.662364428643e-14
-4.69629908643734e-14
-3.358256677641685e-14
-2.360543443848518e-14
-1.618418726155413e-14
-9.466866246633967e-15
-2.643774586919913e-15
5.58363105834416e-15
1.553709332303004e-14
2.942796468773115e-14
4.807445337478012e-14
7.394897236596594e-14
1.091460628683242e-13
1.584517979833536e-13
2.258519832795334e-13
3.17906036627408e-13
4.418949571631521e-13
6.100602038659118e-13
8.343458748529351e-13
1.133866497663688e-12
1.530789319183566e-12
2.05506152851531e-12
2.744890520464675e-12
3.647897077468754e-12
4.828270223878251e-12
6.363786166303923e-12
8.357209728263194e-12
1.093647012615188e-11
1.426519573274206e-11
1.854843382149806e-11
2.404694722915466e-11
3.108465341663938e-11
4.006973361295345e-11
5.151347215075436e-11
6.60509483576308e-11
8.447445233154418e-11
1.077637259863519e-10
1.371368124193832e-10
1.740930029888113e-10
2.204820937538171e-10
2.785790351027985e-10
3.511716654752124e-10
4.416728503741585e-10
5.542480553797106e-10
6.939698655113105e-10
8.670047746096427e-10
1.080826866514231e-09
1.344483220380027e-09
1.668897500471278e-09
2.067229079484694e-09
2.555304278214169e-09
3.152112981423932e-09
3.880396690484129e-09
4.767335768167203e-09
5.845352502865724e-09
7.153045794842356e-09
8.736280988545201e-09
1.06494531794193e-08
1.295695377202327e-08
1.573486708322495e-08
1.907292825621926e-08
2.307678611788364e-08
2.787059647549673e-08
3.360001628251349e-08
4.043562730366986e-08
4.857685891410447e-08
5.825647654718112e-08
6.9745699934591e-08
8.336003762082587e-08
9.946592128081813e-08
1.184882447014487e-07
1.40918907683209e-07
1.67326492999823e-07
1.983672014728074e-07
2.347971981029728e-07
2.774865166204446e-07
3.274347145786905e-07
3.85788449997271e-07
4.538612024716925e-07
5.331553605676776e-07
6.253869161772446e-07
7.325130427584396e-07
8.567628326234364e-07
1.000671515400184e-06
1.167118484836396e-06
1.359369490431609e-06
1.58112337771922e-06
1.836563785533757e-06
2.130416225938421e-06
2.468011007890074e-06
2.855352476731622e-06
3.299195078142653e-06
3.807126772531894e-06
4.387660428021564e-06
5.050334081768245e-06
5.80582063046077e-06
6.666047602828707e-06
7.644327747256155e-06
8.755501223002554e-06
1.001609020627254e-05
1.144446676814419e-05
1.306103491666736e-05
1.48884277231399e-05
1.695172049695174e-05
1.927866100217837e-05
2.189991773569709e-05
2.484934732744764e-05
2.816428212860152e-05
3.188583910770624e-05
3.605925116255621e-05
4.073422199066956e-05
4.596530566487963e-05
5.181231206543014e-05
5.834073931881726e-05
6.562223437801622e-05
7.373508287469776e-05
8.276472933131993e-05
9.280432880969897e-05
0.0001039553311956609
0.0001163280996738731
0.0001300425641668121
0.0001452289105360136
0.0001620283064136694
0.000180593664437399
0.0002010904435658289
0.0002236974890376322
0.0002486079113772634
0.0002760300047316109
0.0003061882046016131
0.0003393240849030877
0.0003756973944769795
0.000415587136717524
0.0004592926937404928
0.0005071349908767101
0.0005594576969244509
0.0006166284609792864
0.0006790401872865974
0.0007471123474736639
0.0008212923274216047
0.0009020568070381444
0.0009899131707036403
0.001085400946755341
0.001189093273680182
0.00130159838970754
0.001423561143458769
0.001555664521660033
0.001698631190809457
0.001853225049037657
0.002020252783304372
0.002200565428516039
0.002395059922754913
0.002604680654243512
0.002830420994813776
0.003073324813376283
0.003334487964883599
0.003615059747224765
0.00391624432049712
0.004239302082125898
0.004585550989733889
0.004956367826456125
0.005353189399516057
0.005777513665682179
0.006230900776110718
0.00671497403118203
0.007231420739872223
0.007781992973115793
0.008368508204430063
0.008992849829816862
0.009656967556878983
0.01036287765834845
0.01111266307858894
0.01190847338682176
0.01275252456935081
0.01364709865063336
0.01459454313981418
0.01559727029122797
0.01665775617422079
0.01777853954580826
0.01896222051654126
0.02021145900856039
0.02152897299513762
0.02291753651965405
0.02437997748972954
0.02591917523831096
0.02753805785440478
0.02923959927414872
0.03102681613357409
0.03290276438179923
0.03487053564892052
0.03693325337621992
0.03909406870129549
0.04135615610352592
0.04372270881232269
0.04619693397572725
0.04878204760295393
0.0514812692757096
0.05429781663853016
0.0572348996748461
0.06029571476953183
0.06348343857738406
0.06680122169512094
0.07025218215279437
0.07383939873582286
0.07756590414134247
0.08143467799452909
0.08544863972481043
0.08961064132334291
0.09392345999710922
0.09838979072544225
0.1030122387494859
0.1077933119968547
0.1127354134687685
0.1178408336085572
0.1231117426581778
0.1285501830376733
0.1341580617507524
0.1399371428476862
0.1458890399666835
0.1520152089608328
0.1583169406496097
0.1647953536969272
0.1714513876481908
0.1782857961480945
0.1852991403464135
0.1924917825344924
0.199863880010834
0.2074153792081839
0.2151460101027332
0.2230552809101537
0.2311424731113822
0.2394066368025125
0.2478465863995627
0.2564608967160887
0.2652478994162252
0.274205679889194
0.2833320745294953
0.2926246684396397
0.3020807935684089
0.3116975273020732
0.3214716915837177
0.3313998525006939
0.3414783202324953
0.3517031493625656
0.3620701398541739
0.3725748392563521
0.3832125455569282
0.393978309282249
0.4048669347106342
0.4158729820396471
0.426990772589143
0.4382143952969442
0.449537712413524
0.4609543641776886
0.472457773978775
0.484041154856704
0.4956975167307468
0.5074196739411256
0.5192002530551795
0.5310317010827192
0.5429062941941468
0.5548161468448296
0.5667532212726382
0.5787093373486683
0.5906761827577544
0.6026453235335704
0.6146082148860349
0.6265562123154452
0.6384805829915311
0.6503725173540179
0.6622231409483154
0.6740235264355245
0.6857647057729559
0.6974376825408227
0.7090334443656782
0.7205429754494677
0.7319572691441715
0.7432673405724294
0.7544642392691382
0.7655390617880252
0.776482964278017
0.7872871749724883
0.7979430065956207
0.8084418686615791
0.818775279610211
0.8289348787850173
0.8389124381982397
0.8486998740861545
0.8582892582323225
0.8676728290112451
0.8768430021663383
0.8857923812654667
0.8945137678322909
0.9030001711350062
0.9112448175963002
0.9192411598466159
0.9269828853654032
0.9344639247064985
0.9416784592942511
0.9486209287665939
0.9552860378973265
0.9616687630437782
0.9677643581194691
0.9735683600835616
0.9790765939265131
0.9842851771813008
0.9891905239218362
0.993789348266947
0.9980786673878187
1.002055803992647
1.005718388315628
1.009064359583626
1.012091966981421
1.014799770119196
1.017186638990234
1.01925175345709
1.020994602239891
1.022414981428017
1.023512992523676
1.024289040012429
1.024743828501897
1.024878359408404
1.024693927212318
1.024192115295087
1.023374791363963
1.022244102512473
1.020802469897298
1.01905258305337
1.01699739386256
1.014640110183645
1.011984189186283
1.009033330381191
1.00579146838061
1.002262765406532
0.9984516035442904
0.9943625767750431
0.9900004827908457
0.9853703146315627
0.9804772521623226
0.9753266533896261
0.9699240456505549
0.9642751166773865
0.9583857055712025
0.952261793702473
0.9459094955418641
0.9393350494552223
0.9325448084637438
0.9255452309983241
0.9183428716647933
0.9109443720244028
0.9033564514206416
0.8955858978531587
0.887639558926187
0.8795243328858693
0.8712471597478401
0.8628150125413726
0.8542348886700158
0.8455138014084447
0.8366587715475856
0.8276768191929554
0.8185749557412323
0.8093601760314147
0.8000394506908449
0.790619718684289
0.7811078800600268
0.7715107889047863
0.7618352465114641
0.7520879947826115
0.7422757098749845
0.7324049960753654
0.7224823799186286
0.7125143045449366
0.7025071243044618
0.6924670996129649
0.6824003920592433
0.6723130597810266
0.6622110530942183
0.6521002103713924
0.6419862541702129
0.6318747876169413
0.6217712910592461
0.6116811189714672
0.6016094971089911
0.5915615199094508
0.5815421481376787
0.5715562067794904
0.5616083831728947
0.5517032253750309
0.5418451407608742
0.5320383948477819
0.5222871103490542
0.5125952664434807
0.5029666982571585
0.4934050965520353
0.483914007612982
0.4744968333317355
0.4651568314781351
0.4558971161582169
0.4467206584524652
0.4376302872214567
0.4286286900744493
0.4197184144922086
0.410901869100517
0.4021813250876623
0.3935589177572761
0.3850366482139124
0.3766163851704379
0.3682998668734603
0.3600887031395998
0.3519843774910603
0.343988249383069
0.3361015565184662
0.3283254172510479
0.3206608330704076
0.3131086911530025
0.3056697669704361
0.2983447269524325
0.2911341312066321
0.2840384362885462
0.2770579980079574
0.2701930742638087
0.2634438279052816
0.2568103296209944
0.250292560850471
0.2438904167056925
0.2376037088954624
0.2314321686511323
0.225375449655004
0.2194331309667173
0.2136047199379265
0.2078896551102908
0.2022873090943346
0.1967969914287912
0.191417951416759
0.1861493809334629
0.1809904172036352
0.1759401455442123
0.1709976020693542
0.1661617763553244
0.1614316140638476
0.1568060195239754
0.1522838582678049
0.1478639595172609
0.1435451186203092
0.1393260994361419
0.1352056366697505
0.1311824381524811
0.1272551870660426
0.1234225441092114
0.1196831496080611
0.116035625571084
0.1124785776861787
0.1090105972578198
0.1056302630841962
0.102336143274873
0.09912679700979707
0.09600077623876323
0.0929566273218909
0.08999289261118347
0.08710811197270357
0.08430082424991579
0.0815695686684324
0.0789128861828509
0.07632932076638067
0.07381742064406721
0.07137573947128729
0.06900283745708924
0.06669728243258517
0.06445765086528508
0.06228252882108852
0.06017051287571163
0.05812021097560368
0.05613024324892728
0.05419924276776196
0.05232585626304474
0.05050874479385648
0.04874658437168161
0.04703806654055797
0.04538189891435247
0.04377680567250045
0.04222152801574284
0.04071482458270345
0.03925547182847725
0.03784226436644319
0.03647401527458641
0.03514955636771356
0.03386773843661779
0.03262743145532436
0.03142752475763822
0.03026692718427956
0.02914456720193694
0.02805939299516719
0.02701037253232134
0.02599649360658747
0.02501676385328735
0.02407021074462361
0.02315588156285549
0.02227284335293234
0.0214201828556482
0.02059700642239105
0.0198024399126628
0.01903562857511269
0.01829573691305901
0.01758194853543296
0.01689346599401106
0.01622951060791553
0.01558932227613681
0.0149721592789031
0.0143772980687072
0.01380403305181245
0.01325167636105779
0.01271955762061514
0.01220702370330054
0.0117134384811665
0.0112381825700767
0.0107806530689944
0.01034026329447752
0.009916442510926372
0.009508635657149026
0.00911630306975773
0.008738920203989977
0.008375977352347717
0.008026979361574364
0.007691445348398199
0.0073689084144228
0.007058915360727935
0.006761026402345912
0.006474814883143983
0.006199866991281998
0.005935781475688027
0.005682169363807163
0.005438653680939566
0.005204869171390364
0.004980462021709126
0.004765089586253823
0.004558420115278088
0.00436013248573047
0.004169915935042722
0.003987469798011857
0.00381250324690924
0.003644735034958122
0.00348389324336881
0.003329715032011115
0.003181946393881135
0.003040341913421648
0.002904664528758625
0.002774685297930653
0.002650183169244277
0.002530944755769848
0.002416764114014574
0.00230744252682995
0.002202788290615332
0.002102616506743981
0.002006748877305099
0.001915013505136105
0.00182724469821299
0.00174328277831061
0.001662973893972286
0.00158616983775419
0.001512727867717786
0.001442510533214375
0.001375385504816491
0.001311225408464635
0.001249907663730919
0.001191314326158081
0.001135331933725073
0.001081851357243233
0.001030767654760692
0.0009819799298672631
0.0009353911937669199
0.0008909082312765216
0.0008484414704352537
0.0008079048558887593
0.0007692157258080142
0.00073229469240686
0.0006970655259210812
0.0006634550420188413
0.0006313929925753044
0.0006008119597012407
0.0005716472530463255
0.0005438368102138857
0.0005173211002558881
0.000492043030216012
0.000467947854614892
0.0004449830878005699
0.0004230984191519476
0.0004022456309889969
0.0003823785191949466
0.0003634528164397884
0.0003454261179650939
0.0003282578098309593
0.0003119089996199559
0.0002963424494363973
0.0002815225112680207
0.0002674150645090855
0.0002539874557290998
0.0002412084404776073
0.0002290481271909074
0.0002174779230478797
0.0002064704817860823
0.0001959996533682349
0.0001860404354975631
0.0001765689268490141
0.0001675622820671865
0.0001589986684064357
0.0001508572239508498
0.000143118017415115
0.0001357620094415977
0.0001287710153694147
0.0001221276693980017
0.0001158153901376564
0.0001098183474651317
0.0001041214306530862
9.87102177407094e-05
9.357094610371868e-05
8.869048418127855e-05
8.405630426242321e-05
7.965645645127745e-05
7.547954355265448e-05
7.151469702629947e-05
6.775155391711669e-05
6.4180234661205e-05
6.079132183194621e-05
5.757583974812769e-05
5.452523490579797e-05
5.163135719579172e-05
4.888644192930364e-05
4.62830925899267e-05
4.381426432030351e-05
4.147324806168822e-05
3.925365539915316e-05
3.714940401304094e-05
3.515470378753693e-05
3.326404345123902e-05
3.14721778456648e-05
2.977411569929723e-05
2.816510793896112e-05
2.664063650848324e-05
2.519640366816205e-05
2.382832177360773e-05
2.253250347801122e-05
2.130525235456506e-05
2.014305399923405e-05
1.904256743503657e-05
1.800061694537732e-05
1.701418428838075e-05
1.608040120689054e-05
1.519654232532669e-05
1.436001831757384e-05
1.35683694239149e-05
1.281925923930407e-05
1.211046878376986e-05
1.143989085158689e-05
1.080552460931355e-05
1.020547045085e-05
9.637925084680025e-06
9.101176842788273e-06
8.593601214002047e-06
8.11365658156656e-06
7.659880146976304e-06
7.2308840688731e-06
6.825351759915196e-06
6.442034379506379e-06
6.079747471333798e-06
5.737367769154706e-06
5.413830143158925e-06
5.108124722700029e-06
4.819294111591791e-06
4.546430769889301e-06
4.288674510532322e-06
4.045210111828769e-06
3.815265054147193e-06
3.598107359420098e-06
3.393043533974734e-06
3.199416614435797e-06
3.016604316465696e-06
2.844017251335968e-06
2.681097252631498e-06
2.527315786988264e-06
2.382172406443523e-06
2.245193321040761e-06
2.115930029943512e-06
1.993958000388087e-06
1.878875439408657e-06
1.770302096620209e-06
1.667878167889392e-06
1.571263209755653e-06
1.480135146156455e-06
1.394189296779572e-06
1.313137467131262e-06
1.236707088437614e-06
1.16464038754699e-06
1.096693614927368e-06
1.032636292409145e-06
9.722505231568169e-07
9.153303252644818e-07
8.616809808532788e-07
8.111184624990556e-07
7.634688429329909e-07
7.185677636935671e-07
6.76259918603349e-07
6.363985769363203e-07
5.988451143631834e-07
5.634685792051966e-07
5.301452912907876e-07
4.987584278876583e-07
4.691976699672846e-07
4.413588456907428e-07
4.15143584790261e-07
3.904590319181229e-07
3.672175048907197e-07
3.453362468452406e-07
3.247371417712168e-07
3.053464637693232e-07
2.870946445540831e-07
2.699160197421232e-07
2.537486459513917e-07
2.38534074009217e-07
2.242171628332683e-07
2.107459015299209e-07
1.980712268625701e-07
1.861468770253344e-07
1.749292129372079e-07
1.643770825106772e-07
1.544516805096239e-07
1.451164303319565e-07
1.363368424272551e-07
1.280804000736907e-07
1.203164639138814e-07
1.130161374915129e-07
1.061522093650565e-07
9.969901913611105e-08
9.363239455446437e-08
8.792956057762431e-08
8.256905550816044e-08
7.753065930486771e-08
7.279532640460465e-08
6.834511507056415e-08
6.416312862042861e-08
6.023345140275973e-08
5.654110165259116e-08
5.307196970799606e-08
4.981276748925644e-08
4.675098654095129e-08
4.387485220500394e-08
4.117327200271806e-08
3.86358162981328e-08
3.62526589144685e-08
3.401455814889698e-08
3.191281306846223e-08
2.993923963284671e-08
2.808613308552009e-08
2.634624955503966e-08
2.471276767668571e-08
2.317927729316527e-08
2.173974145354861e-08
2.038848163071804e-08
1.912016299972539e-08
1.79297667612341e-08
1.681257078529747e-08
1.576412968330013e-08
1.478026987219871e-08
1.385706973167795e-08
1.299083652607374e-08
1.217810903101383e-08
1.141561969053486e-08
1.070030655807168e-08
1.002929092919886e-08
9.399862716069594e-09
8.809476957417059e-09
8.255748510853173e-09
7.736429807211738e-09
7.249407658522277e-09
6.792701570816848e-09
6.364443785941505e-09
5.962886854704181e-09
5.586381801505167e-09
5.233386262449343e-09
4.902453373917382e-09
4.592212522359094e-09
4.301395340888959e-09
4.028790587979075e-09
3.7732735552351e-09
3.53378751376274e-09
3.309346671735085e-09
3.099007753718608e-09
2.901903360229679e-09
2.717206969986176e-09
2.544149035874497e-09
2.382002494693106e-09
2.230086506130895e-09
2.087759511722285e-09
1.954423579738313e-09
1.82951713836328e-09
1.712511833395713e-09
1.6029121889251e-09
1.50026151667608e-09
1.404116765636007e-09
1.314072980962247e-09
1.229745700046135e-09
1.150778088515304e-09
1.076832669550404e-09
1.007594023561239e-09
9.427722106088144e-10
8.820850424761395e-10
8.252656306630254e-10
7.720679783167781e-10
7.222740030038643e-10
6.756595279238218e-10
6.320296135848814e-10
5.911913676226279e-10
5.529655261058532e-10
5.171879325376429e-10
4.837064862599777e-10
4.523712579172651e-10
4.230454674842388e-10
3.956000723021149e-10
3.699252114508872e-10
3.458995931891333e-10
3.234236214406531e-10
3.023956788293014e-10
2.827279932707895e-10
2.643291849714985e-10
2.471194353983856e-10
2.31018124957072e-10
2.159595561249551e-10
2.018717204737552e-10
1.886959411965349e-10
1.763675262208671e-10
1.648409746589879e-10
1.540625827306086e-10
1.439825359712706e-10
1.345546575230341e-10
1.257433589679502e-10
1.175057723153303e-10
1.098007813897273e-10
1.025966182633073e-10
9.586105300327888e-11
8.956567918442775e-11
8.368392527045153e-11
7.818180423822321e-11
7.303733103538418e-11
6.823169316307355e-11
6.374150009455807e-11
5.954441698273359e-11
5.562131692980327e-11
5.195775984461774e-11
4.853363216235166e-11
4.532834916514435e-11
4.232918580573799e-11
3.952536292580707e-11
3.690742626078013e-11
3.446542195658064e-11
3.218652852015997e-11
3.005688582943299e-11
2.806641807489691e-11
2.620628625951109e-11
2.44715226018505e-11
2.285210642630598e-11
2.134104452920011e-11
1.992826031358956e-11
1.860331316248047e-11
1.73663626160794e-11
1.621002180487736e-11
1.513025641773116e-11
1.411575731090732e-11
1.317206652290397e-11
1.229026952514107e-11
1.146962004889251e-11
1.070379015233722e-11
9.995123794691983e-12
9.33464168951443e-12
8.713013035010834e-12
8.134401229974695e-12
7.593090296176335e-12
7.085968942028118e-12
6.61045761124079e-12
6.167742682742166e-12
5.756052115587194e-12
5.368276829180352e-12
5.008173315860928e-12
4.668685889972021e-12
4.355615663993771e-12
4.059251905192343e-12
3.787496751076952e-12
3.532028684576939e-12
3.295813564385021e-12
3.07386088302789e-12
2.870019359779312e-12
2.67798329413981e-12
2.500916670575582e-12
2.33568872678156e-12
2.180749388502957e-12
2.033574777515446e-12
1.893427534239567e-12
1.765969418495719e-12
1.645892428107085e-12
1.534133063973648e-12
1.428317192958173e-12
1.33036279984403e-12
1.239644287948368e-12
1.15803244719866e-12
1.081228193641129e-12
1.006973810920745e-12
9.372899201512037e-13
8.706430783425583e-13
8.0938553236146e-13
7.542235133705605e-13
7.096720288640034e-13
6.649551152324492e-13
6.249928399807477e-13
5.85182676150358e-13
5.463063326674591e-13
5.114339537247046e-13
4.744896262692636e-13
4.341243112335421e-13
4.004165806129903e-13
3.698932952886902e-13
3.400516915144411e-13
3.142316626278118e-13
2.950256934049885e-13
2.787888773989752e-13
2.650518841042724e-13
2.478194045138513e-13
2.329129763985573e-13
2.198200607366925e-13
2.073806335224774e-13
1.957218770011912e-13
1.820771615385448e-13
1.661448924647858e-13
1.562604088249729e-13
1.443513499040429e-13
1.322687164721972e-13
1.193357172817969e-13
1.072947029377893e-13
9.49891090724357e-14
8.856105899984515e-14
8.338237157525944e-14
7.920336618790479e-14
7.355838100771483e-14
7.051101526257336e-14
6.885951565213134e-14
7.079991080387991e-14
7.383573605702248e-14
7.254899133521006e-14
7.016770410378484e-14
6.038038553842925e-14
5.075307170489244e-14
3.851135981845546e-14
2.949477930187713e-14
2.042103223779322e-14
1.679393862044761e-14
1.615382164567428e-14
2.144901032432257e-14
2.596991415979374e-14
3.02564567013303e-14
3.337999725514582e-14
3.225575382276817e-14
2.843738068570533e-14
2.35270022388731e-14
1.913705634007928e-14
1.736776642603374e-14
1.692079700851121e-14
1.682126906282948e-14
1.755169260407364e-14
1.36874927136412e-14
1.096165276453675e-14
5.203125169726178e-15
8.079223787842444e-16
-4.461229826633998e-18
5.003733280127593e-15
3.918522413270519e-15
1.115612218943952e-14
1.530230212381798e-14
1.367904050437795e-14
7.853608551469543e-15
1.416722962315112e-15
8.482407808717134e-16
1.967289990289157e-15
6.763701457021706e-15
1.049147745120487e-14
1.043214469679695e-14
9.277927270331999e-15
7.961656757170529e-15
4.125100308683281e-15
1.064128417446955e-16
-2.824092992457457e-15
-5.238937005815131e-15
-4.493889545952108e-15
-1.711606527997829e-15
7.871275146446328e-16
3.82254707178521e-15
2.594226559192429e-15
1.184323767927794e-15
1.565978593501601e-15
7.323310255964856e-15
1.117132867195221e-14
8.826267721247705e-15
4.335776397868604e-15
-2.429956241784546e-16
-1.942094467703865e-15
-2.576925353084318e-15
-3.041313160578681e-15
4.157039293285843e-16
-1.432244820784645e-15
-5.418068279838276e-15
-4.473029010514651e-15
-3.421998979669486e-15
1.460532319785197e-15
6.35564362319306e-15
1.150901989616346e-14
7.744563970614036e-15
2.783479087440902e-15
-9.100747037085534e-16
-9.185915552234621e-16
1.734524583604388e-16
-1.622492679069024e-15
-1.102921577960294e-15
-6.374766767323975e-15
-6.774871229849091e-15
-5.049345178579831e-15
-1.390725841088615e-15
-1.048172045362414e-15
1.926284480363161e-15
4.968438316471878e-15
7.666243130301796e-15
1.170297233275416e-14
1.260641292059054e-14
7.047144716327004e-15
-7.799187482039211e-16
-5.858369744969674e-15
-7.130510761820401e-15
-1.024136205640794e-14
-9.043976946744558e-15
-1.118095914510984e-14
-1.00335288395699e-14
-6.268137948110814e-15
-3.685757802160423e-16
7.482784476140249e-15
1.41060695340171e-14
1.234187180247311e-14
1.027597347910426e-14
1.040490933912405e-14
7.165086942577479e-15
4.190911678257998e-15
-8.639830280201769e-16
-5.115862497952074e-15
-6.516246352461061e-15
-8.64621651510945e-15
-1.080737933050997e-14
-1.30389808124644e-14
-1.098002932664693e-14
-8.127935755611628e-15
-9.246965851753116e-16
4.611340297786915e-15
5.074544760202481e-15
7.605817523553757e-15
7.541697914796584e-15
1.139168064388048e-14
1.492234616537223e-14
1.06603503847231e-14
8.40606238468958e-15
2.676057929472848e-15
-2.207119541847224e-15
-7.952487051965285e-15
-1.283594573010907e-14
-1.34179716021055e-14
