-1.37219622307586e-12
-8.860232581254394e-13
-5.774863375700609e-13
-3.790315972042362e-13
-2.506684031679042e-13
-1.669359331902496e-13
-1.118838920997509e-13
-7.505978284446776e-14
-5.017240035632082e-14
-3.292599629908456e-14
-2.043743610705363e-14
-1.039365092735196e-14
-1.87942208429244e-15
6.914207297248063e-15
1.749778979213244e-14
3.101060088834409e-14
4.857710479273805e-14
7.351026701682595e-14
1.073040752030342e-13
1.538181690141461e-13
2.166438003816175e-13
3.017001350173665e-13
4.161740023844239e-13
5.694067465274321e-13
7.751193707355482e-13
1.047362980882683e-12
1.409434891006092e-12
1.888646946395543e-12
2.521694380115079e-12
3.354723033001872e-12
4.44770693781829e-12
5.876027591399423e-12
7.738611387728713e-12
1.015817665322317e-11
1.32924614222395e-11
1.733837737184864e-11
2.254800516485438e-11
2.923602437364515e-11
3.779725280804688e-11
4.87289665685356e-11
6.264918420538859e-11
8.033206140467026e-11
1.027363952921548e-10
1.310528710359184e-10
1.667564850566585e-10
2.11665527591683e-10
2.680214452061078e-10
3.385771468305175e-10
4.267073762776351e-10
5.365421471943281e-10
6.731194684984439e-10
8.425752315288422e-10
1.052363628006043e-09
1.311521314612833e-09
1.630978693084963e-09
2.023929315960666e-09
2.506265747145974e-09
3.097090844691809e-09
3.819319163816302e-09
4.700380787146054e-09
5.773045535182813e-09
7.076389837354464e-09
8.65690988548885e-09
1.056983083774994e-08
1.288061950734479e-08
1.566673317439806e-08
1.901965313405925e-08
2.304721800993919e-08
2.787632169421108e-08
3.36560123374048e-08
4.056105117897468e-08
4.879599015706992e-08
5.859983702384647e-08
7.025138756522553e-08
8.407529926549114e-08
1.004490125017501e-07
1.198106105772293e-07
1.426677473491376e-07
1.696077502650996e-07
2.013090586205999e-07
2.38554132252586e-07
2.82244013288828e-07
3.334147137357224e-07
3.932556474778938e-07
4.631303036835582e-07
5.445994269815788e-07
6.394469485475889e-07
7.49708958182286e-07
8.777060286821936e-07
1.026079215260486e-06
1.197830094857856e-06
1.396365229336229e-06
1.62554545474573e-06
1.889740455507494e-06
2.193889070082096e-06
2.54356583776483e-06
2.945054312953661e-06
3.405427692584131e-06
3.932637338356989e-06
4.535609802566214e-06
5.224352977119729e-06
6.010072027135277e-06
6.905295911639092e-06
7.924015676249945e-06
9.081835171393829e-06
1.039613498415503e-05
1.188625047526348e-05
1.357366487349787e-05
1.548221840068769e-05
1.763833446831703e-05
2.007126398236259e-05
2.281334885469539e-05
2.590030584480228e-05
2.937153186265766e-05
3.327043193499667e-05
3.764477100197765e-05
4.25470507685851e-05
4.803491284068328e-05
5.417156936619734e-05
6.102626241154232e-05
6.867475331063716e-05
7.719984317552272e-05
8.6691925766843e-05
9.724957386435251e-05
0.0001089801602425774
0.0001220005142991729
0.0001364376153181333
0.0001524293235507257
0.0001701251507673045
0.0001896870707766287
0.0002112903704546422
0.0002351245418840173
0.0002613942160989153
0.000290320138757146
0.0003221401878998881
0.0003571104337632043
0.000395506240366595
0.0004376234083901606
0.0004837793585981807
0.0005343143554034018
0.0005895927751900181
0.0006500044207987924
0.0007159658755509677
0.0007879218898274574
0.0008663468008854048
0.0009517459875151906
0.001044657358165035
0.00114565286828305
0.00125534006409626
0.001374363649398236
0.001503407072834699
0.001643194132246908
0.001794490591326732
0.001958105805313537
0.0021348943501692
0.002325757651061805
0.002531645605101787
0.002753558191943685
0.00299254706783832
0.003249717135658651
0.003526228085399927
0.003823295898649085
0.004142194308876988
0.004484256212261574
0.004850875019698888
0.005243505943531934
0.005663667211332083
0.006112941197049609
0.006592975463801067
0.007105483707434809
0.007652246593940665
0.008235112482367817
0.008855998022601513
0.009516888622631583
0.01021983877337815
0.01096697222430643
0.0117604820015543
0.01260263025766728
0.01349574794906057
0.01444223432879484
0.01544455624908933
0.01650524726625799
0.01762690653763352
0.01881219750898624
0.0200638463804857
0.02138464034823116
0.02277742561605978
0.02424510516836222
0.02579063630580345
0.02741702793341121
0.02912733760168286
0.03092466829848922
0.03281216498460964
0.03479301087960025
0.03687042348943873
0.03904765038093151
0.04132796470446783
0.04371466046111856
0.04621104752676439
0.0488204464270307
0.0515461828728231
0.05439158206243803
0.05735996275001896
0.06045463110002212
0.06367887432384203
0.06703595411377704
0.07052909988500322
0.07416150182865167
0.07793630380203373
0.08185659605488417
0.08592540781285797
0.09014569973350714
0.09452035624058976
0.0990521777691496
0.1037438729221398
0.1085980505653114
0.1136172118794302
0.1188037423771155
0.1241599039211998
0.129687826747083
0.1353895015214877
0.1412667714595814
0.1473213245074267
0.1535546856304462
0.1599682092101231
0.1665630715845257
0.173340263755845
0.1803005842710609
0.1874446323196545
0.1947728010478317
0.2022852711248066
0.2099820045835112
0.2178627389408199
0.2259269816438811
0.2341740048367545
0.2426028404811703
0.2512122758513009
0.2600008494034485
0.2689668470660878
0.2781082989387241
0.2874229764303369
0.2969083898530785
0.3065617864688179
0.3163801490364003
0.3263601948356472
0.3364983751819289
0.3467908754405404
0.3572336155551603
0.3678222511705723
0.3785521752746164
0.3894185202303249
0.4004161601974109
0.4115397142800642
0.4227835510368411
0.4341417936786915
0.4456083243612331
0.4571767874264921
0.468840593678916
0.4805929280336084
0.4924267585464372
0.5043348444604813
0.5163097430303918
0.5283438168195379
0.5404292424173114
0.5525580198842199
0.5647219824541295
0.576912806436799
0.5891220214789558
0.6013410212838415
0.6135610746781176
0.6257733369859332
0.637968861685002
0.6501386123161285
0.6622734746709392
0.6743642691868437
0.6864017635409724
0.6983766854175461
0.7102797353994943
0.722101599998212
0.733832964753996
0.7454645274024655
0.7569870110801936
0.7683911775157457
0.7796678402161372
0.7908078775840884
0.8018022459675928
0.8126419926156043
0.8233182684811082
0.8338223408782286
0.8441456059343682
0.854279600843989
0.8642160159006138
0.8739467062491321
0.8834637033679648
0.8927592262250439
0.9018256921145161
0.9106557271541796
0.9192421763965823
0.927578113572937
0.9356568504135667
0.9434719455475793
0.9510172129667763
0.9582867300201539
0.9652748449673293
0.9719761840370663
0.9783856579924064
0.9844984681930061
0.9903101121352325
0.9958163885089072
1.001013401719451
1.0058975658807
1.010465608274892
1.014714572263976
1.018641819688121
1.022245032716722
1.02552221517654
1.028471693359781
1.031092116290386
1.033382455481549
1.035342004162363
1.036970375999868
1.038267503325404
1.039233634857719
1.039869332966623
1.040175470455032
1.040153226885457
1.039804084464058
1.039129823481414
1.038132517356047
1.036814527263981
1.035178496379273
1.0332273437422
1.030964257764728
1.028392689424884
1.025516345133799
1.022339179299972
1.018865386609321
1.015099394031028
1.011045852594566
1.006709628932153
1.002095796622756
0.9972096273568004
0.9920565819208366
0.9866423010370488
0.9809725960624347
0.9750534395879076
0.9688909559564352
0.9624914116992458
0.9558612059246584
0.9490068606620105
0.9419350111943061
0.9346523963969817
0.9271658490860597
0.9194822864085676
0.9116087002759343
0.9035521478679894
0.8953197422232824
0.886918642919018
0.878356046870007
0.8696391792460864
0.8607752845336145
0.8517716177534126
0.8426354358350721
0.833373989171627
0.8239945133525503
0.8145042210927251
0.8049102943668859
0.7952198767524662
0.7854400660029526
0.7755779068459981
0.7656403840237948
0.7556344155811923
0.7455668463934879
0.7354444419431584
0.7252738823466922
0.7150617566514286
0.7048145574046852
0.6945386754836357
0.6842403951939628
0.6739258896317405
0.6636012163142666
0.6532723130805275
0.6429449942597517
0.6326249471213656
0.6223177285896174
0.6120287622166558
0.6017633354123774
0.5915265969336146
0.5813235546435847
0.571159073523675
0.5610378739319771
0.550964530104478
0.5409434688937557
0.5309789687478781
0.5210751589168376
0.5112360188829238
0.5014653780094233
0.4917669154002548
0.482144159971651
0.4726004907220283
0.4631391371948971
0.4537631801280503
0.4444755522798943
0.435279039429866
0.4261762815426373
0.4171697740943505
0.4082618695533191
0.3994547790022857
0.3907505738968917
0.3821511879513166
0.3736584191467832
0.3652739318557281
0.3569992590728784
0.3488358047499634
0.3407848462232812
0.3328475367299066
0.3250249080053662
0.3173178729516335
0.3097272283681238
0.3022536577410357
0.2948977340918374
0.2876599228780628
0.280540584932169
0.2735399794301279
0.2666582668872731
0.2598955121830007
0.2532516876082379
0.2467266759232542
0.2403202734186148
0.2340321929772688
0.2278620671394079
0.2218094511649927
0.2158738260831088
0.2100546017218808
0.2043511197177852
0.1987626565057436
0.1932884262859604
0.1879275839593065
0.1826792280269577
0.1775424034526159
0.1725161044871382
0.1675992774528028
0.1627908234828992
0.1580896012153295
0.1534944294368416
0.1490040896756617
0.1446173287408703
0.1403328612076974
0.1361493718492188
0.1320655180109242
0.1280799319261176
0.1241912229713005
0.1203979798615456
0.1166987727868249
0.113092155486725
0.1095766672619608
0.106150834922506
0.1028131746735716
0.09956219394111579
0.09639639313481296
0.09331426734748935
0.09031430799141371
0.08739500437239152
0.08455484520288235
0.08179232005385559
0.07910592074638965
0.07649414268352923
0.07395548612251958
0.07148845738828111
0.06909157002890243
0.06676334591416702
0.0645023162780628
0.06230702270658837
0.06017601807252441
0.05810786741736713
0.05610114878093207
0.05415445397984922
0.05226638933677966
0.05043557636220084
0.04866065238925243
0.04694027116244453
0.04527310338158445
0.04365783720250296
0.04209317869634639
0.04057785226817754
0.03911060103605962
0.03769018717193096
0.03631539220565923
0.03498501729385997
0.03369788345446648
0.03245283176826662
0.03124872354865579
0.03008444048096944
0.02895888473274037
0.02787097903593048
0.02681966674241756
0.02580391185380027
0.02482269902687644
0.02387503355603574
0.02295994133353499
0.0220764687887706
0.02122368280758293
0.02040067063272004
0.01960653974657649
0.0188404177371091
0.01810145214792048
0.01738881031350338
0.01670167918063073
0.01603926511690871
0.01540079370728206
0.0147855095393019
0.01419267597798022
0.01362157493110171
0.01307150660578033
0.01254178925697653
0.0120317589286582
0.01154076918835279
0.01106819085578878
0.01061341172633133
0.01017583628974183
0.009754885444874283
0.009349996210797074
0.008960621435021974
0.008586229499381997
0.008226304024030013
0.007880343569965321
0.00754786134054492
0.007228384882444649
0.006921455786475146
0.006626629388640252
0.006343474471780327
0.006071572968151211
0.005810519663326455
0.005559921901678166
0.005319399293732402
0.005088583425660749
0.004867117571157535
0.004654656405924843
0.004450865725006072
0.004255422163152885
0.004068012918431123
0.003888335479215183
0.003716097354730947
0.003551015809319075
0.003392817600502445
0.003241238721021875
0.003096024144950166
0.002956927577923692
0.002823711211587571
0.002696145482328783
0.002574008834399643
0.002457087487461203
0.002345175208551649
0.002238073088576992
0.002135589323250555
0.002037538998629733
0.001943743881166016
0.00185403221230161
0.001768238507645762
0.001686203360643726
0.00160777325078479
0.001532800356276602
0.001461142371222271
0.001392662327207701
0.001327228419336265
0.001264713836605761
0.001204996596609592
0.001147959384500172
0.001093489396213331
0.001041478185855622
0.0009918215171987319
0.000944419219223514
0.0008991750456969946
0.0008559965386706715
0.0008147948958633455
0.0007754848418459291
0.0007379845029695292
0.0007022152859565107
0.0006681017601087865
0.0006355715430609823
0.0006045551899731231
0.0005749860861359761
0.0005468003428857659
0.0005199366967975154
0.0004943364119933491
0.0004699431856344794
0.0004467030564096141
0.0004245643159758707
0.0004034774233250776
0.0003833949219304784
0.0003642713596703526
0.0003460632114050479
0.0003287288042272611
0.0003122282451702355
0.0002965233514676411
0.0002815775831618849
0.0002673559780927087
0.0002538250891375984
0.0002409529236946215
0.0002287088852814379
0.0002170637172246326
0.0002059894484092612
0.0001954593409425666
0.0001854478397796687
0.0001759305241468759
0.0001668840608005522
0.0001582861589853371
0.0001501155271077624
0.0001423518310081377
0.0001349756538189318
0.0001279684573774009
0.0001213125450519233
0.0001149910260803723
0.0001089877812009528
0.0001032874296820815
9.787529762049858e-05
9.273738746759764e-05
8.786034878280699e-05
8.323145013995406e-05
7.883855214046171e-05
7.467008153357179e-05
7.07150063575472e-05
6.696281208673376e-05
6.340347876816855e-05
6.002745907982974e-05
5.682565728115195e-05
5.378940905303849e-05
5.091046215031413e-05
4.818095787233693e-05
4.559341330121532e-05
4.314070429089574e-05
4.081604917792292e-05
3.861299315099112e-05
3.652539334125786e-05
3.454740448738854e-05
3.26734652702993e-05
3.089828517609856e-05
2.921683198508255e-05
2.762431977383185e-05
2.611619743210467e-05
2.468813770514683e-05
2.333602669424408e-05
2.20559538381287e-05
2.084420232500053e-05
1.969723994106203e-05
1.86117103102322e-05
1.75844245378748e-05
1.661235323303261e-05
1.569261887373546e-05
1.482248853640395e-05
1.399936693262817e-05
1.322078977611079e-05
1.248441745296818e-05
1.178802899019404e-05
1.112951627610579e-05
1.050687856092329e-05
9.918217220529669e-06
9.361730750290544e-06
8.835709993751627e-06
8.3385336017374e-06
7.868663698861493e-06
7.424641744476157e-06
7.005084609010344e-06
6.608680812530677e-06
6.234186966186479e-06
5.880424370377484e-06
5.546275756554535e-06
5.230682224393419e-06
4.932640293900267e-06
4.651199105639777e-06
4.385457773699172e-06
4.134562834570122e-06
3.897705856199598e-06
3.67412113117004e-06
3.463083505176889e-06
3.263906302442501e-06
3.075939344747392e-06
2.898567090361608e-06
2.73120683785147e-06
2.57330703607781e-06
2.42434568166579e-06
2.283828777797072e-06
2.151288884915615e-06
2.026283740542304e-06
1.908394937958291e-06
1.79722668574579e-06
1.692404624440801e-06
1.593574696809517e-06
1.500402086139655e-06
1.412570207073534e-06
1.329779721883853e-06
1.251747652776674e-06
1.178206500969583e-06
1.108903433892544e-06
1.043599491330791e-06
9.820688492406902e-07
9.24098133161226e-07
8.694857299429549e-07
8.180411785433554e-07
7.695845510858485e-07
7.239459033699626e-07
6.809647327676369e-07
6.404894519160001e-07
6.023769300006504e-07
5.664920202903601e-07
5.327071259238006e-07
5.009017979532028e-07
4.709623341356934e-07
4.427814192018912e-07
4.162577672690107e-07
3.912958113663241e-07
3.678053665771434e-07
3.457013385735905e-07
3.249034482688773e-07
3.053359677268354e-07
2.86927459890491e-07
2.696105537050337e-07
2.533217090197843e-07
2.380010132742171e-07
2.235919700093276e-07
2.10041312812732e-07
1.972988159321837e-07
1.853171382188772e-07
1.740516646698524e-07
1.634603316609548e-07
1.535035027832017e-07
1.441438308999368e-07
1.35346115933913e-07
1.270771925182384e-07
1.193058246080037e-07
1.12002576562492e-07
1.051397234779082e-07
9.869115612527281e-08
9.263227614896713e-08
8.693991928514348e-08
8.159227062238682e-08
7.656879954198256e-08
7.18501705966721e-08
6.741817810956237e-08
6.325568539149854e-08
5.934656413817105e-08
5.567563259431565e-08
5.222860759253068e-08
4.89920413799332e-08
4.595328681366989e-08
4.310044197706129e-08
4.042230036840269e-08
3.790833304294366e-08
3.554862171743976e-08
3.333384515470409e-08
3.125523146006307e-08
2.930453019121634e-08
2.747398500677311e-08
2.575630249592271e-08
2.414462068049836e-08
2.26324887561133e-08
2.121385401895946e-08
1.988301128183283e-08
1.86346027740961e-08
1.746360038463336e-08
1.636526231201191e-08
1.533514902752357e-08
1.436907679875938e-08
1.346312401565733e-08
1.261359545495419e-08
1.181703357549602e-08
1.10701708737075e-08
1.03699568427259e-08
9.713512210181983e-09
9.098132809428551e-09
8.521287225417243e-09
7.980590715584026e-09
7.473805003160679e-09
6.998827488311929e-09
6.553689538851422e-09
6.136539825716244e-09
5.745639868027461e-09
5.379356613940252e-09
5.036163243311223e-09
4.714624568009805e-09
4.413386780650471e-09
4.131189615308691e-09
3.866845236801774e-09
3.619236200721822e-09
3.387313806073321e-09
3.170100834129346e-09
2.966668262555781e-09
2.776151267339625e-09
2.59773712688196e-09
2.430669122820092e-09
2.274230686607904e-09
2.127760120258993e-09
1.990627225294927e-09
1.862241639685635e-09
1.742052647248737e-09
1.629539726401842e-09
1.524222624804923e-09
1.425643696656192e-09
1.333377067914684e-09
1.247024870809487e-09
1.166210774786084e-09
1.090584172768882e-09
1.01981858757282e-09
9.536048025576158e-10
8.916445194890012e-10
8.336726318644602e-10
7.794311353190284e-10
7.286849354486113e-10
6.812122007088622e-10
6.36806370104393e-10
5.952683818036117e-10
5.564133468424333e-10
5.200722385462118e-10
4.860845011241888e-10
4.542984068718387e-10
4.245694459199867e-10
3.967735095240675e-10
3.707835646296199e-10
3.464794942723516e-10
3.237534350639888e-10
3.025029008157817e-10
2.82633835784215e-10
2.640573513354701e-10
2.46691625480894e-10
2.304579124437708e-10
2.152875262828255e-10
2.011039012007322e-10
1.878455643800277e-10
1.754606129890536e-10
1.638859049981533e-10
1.530704100585572e-10
1.429610211486826e-10
1.335181100225386e-10
1.246963926038498e-10
1.164509533874399e-10
1.087380255824817e-10
1.015319591516762e-10
9.47985347566475e-11
8.850776226142351e-11
8.26320758018212e-11
7.714125016064843e-11
7.201217385612225e-11
6.722476983838109e-11
6.275215372158727e-11
5.857757720849233e-11
5.46764913775209e-11
5.104044943805976e-11
4.764129465663452e-11
4.447152955487063e-11
4.150923700384436e-11
3.87449115682199e-11
3.615973259781184e-11
3.374748393651819e-11
3.149215739641025e-11
2.938382252495663e-11
2.741546414221073e-11
2.557699621338987e-11
2.386042787577702e-11
2.225611811720181e-11
2.075955448459553e-11
1.936218748401292e-11
1.80577597019923e-11
1.684264246839139e-11
1.57134189721271e-11
1.466315381662058e-11
1.368351195812449e-11
1.276829686684207e-11
1.191633019346561e-11
1.111750909198666e-11
1.037017820599234e-11
9.675780050198765e-12
9.02535308640685e-12
8.415142120117025e-12
7.845713728174941e-12
7.309431757517773e-12
6.809267027653341e-12
6.342900711128466e-12
5.904279672392249e-12
5.499423699743894e-12
5.122750724091443e-12
4.77746309914184e-12
4.460319257170425e-12
4.165902738288296e-12
3.894368148070171e-12
3.639673654216073e-12
3.399704684223994e-12
3.169813988025508e-12
2.954693367419272e-12
2.752362099863878e-12
2.557927115697775e-12
2.375076733586385e-12
2.207263806128822e-12
2.052705460009608e-12
1.913471790579747e-12
1.783380417232868e-12
1.663767405756308e-12
1.55293555158179e-12
1.452257288258226e-12
1.35478647266721e-12
1.263155965741696e-12
1.177534926799175e-12
1.093491689889787e-12
1.01827024731717e-12
9.455122032895536e-13
8.809782188600878e-13
8.239224183695316e-13
7.694072571611198e-13
7.170572159533127e-13
6.706902715496622e-13
6.207488106033325e-13
5.824078069406746e-13
5.448868163877503e-13
5.101037089448697e-13
4.718447825371055e-13
4.373370928954771e-13
4.032701745010538e-13
3.740264570241425e-13
3.445236910376336e-13
3.179495381742633e-13
2.956640231879135e-13
2.767573462297991e-13
2.535458316005006e-13
2.350302567096874e-13
2.245800621493393e-13
2.165745340938203e-13
2.088683600974534e-13
1.993327733666535e-13
1.869402506340259e-13
1.774169395389084e-13
1.636814200546588e-13
1.504688581234235e-13
1.338143858241418e-13
1.193896575661418e-13
1.021044125593505e-13
9.027318942368958e-14
7.937300080897515e-14
7.190502768724146e-14
6.55244932110408e-14
6.525442498436087e-14
6.750597135079764e-14
7.186830160386909e-14
7.859338428814929e-14
7.850246546161487e-14
7.173931056387241e-14
6.425536890521891e-14
5.616717473454581e-14
5.065877696001967e-14
4.153084665943136e-14
3.466793936376847e-14
2.721902205799661e-14
2.586966336403689e-14
2.476262856733136e-14
2.297255395709451e-14
2.241831079460301e-14
2.206318031332595e-14
2.109511626178921e-14
1.855888572040249e-14
1.62555840659904e-14
1.46825040010058e-14
1.528917454765228e-14
1.754660693332918e-14
1.951430564081787e-14
2.07362675924202e-14
1.955362908611579e-14
1.538973220869257e-14
1.491945804888734e-14
1.39813336221927e-14
1.341556629306652e-14
1.272367331367545e-14
1.193636794858967e-14
8.736307005654886e-15
3.535763412136546e-15
-8.085561748834453e-16
-4.678128293410997e-15
-3.80169498749583e-15
-1.355284923357742e-15
-3.666199604276084e-16
3.537007834220409e-15
6.195698910154044e-15
8.206583525972449e-15
8.138599199175832e-15
4.884725199353264e-15
6.230293838968231e-15
1.003897303215809e-14
9.599545298186838e-15
1.341909185860392e-14
9.068351124134011e-15
5.890142151041911e-15
1.643571753359727e-15
-3.139351798455468e-15
-2.717460903818336e-15
-6.357024113581484e-15
-6.015633262873259e-15
-5.984117228528944e-15
-6.038555671259333e-15
-3.180206061090366e-15
-2.660521687164248e-15
-1.194852711824404e-15
7.397876611872685e-16
4.241768741010751e-15
7.608923147615755e-15
8.781118691517685e-15
9.724219462840992e-15
1.168083593913873e-14
1.053411116586672e-14
5.402480797632169e-15
-1.420394204477942e-15
-1.292535042818271e-15
-2.690273702528347e-15
-1.848720365146938e-15
-2.575495197467337e-15
-4.809877425957991e-15
-7.048026109143558e-15
-1.252427984221882e-14
-1.087902621133006e-14
-9.432722273182255e-15
-2.619559830731389e-15
-6.740293107762335e-16
1.833648166308469e-15
8.329995777832916e-15
1.099742822787301e-14
1.425401024111306e-14
1.787877020815152e-14
1.485441104411208e-14
1.047470567087412e-14
1.728109633049245e-15
-4.528372880474382e-15
-7.249814995131544e-15
-1.10714766419304e-14
-1.502376896044287e-14
-1.556145827249893e-14
-1.096514932711791e-14
-8.724233530597349e-15
-6.716482478486193e-15
-3.563944611276191e-15
-1.024728172188702e-15
5.212735843470365e-15
9.337150725592525e-15
1.443592635658197e-14
1.752161794016721e-14
1.533314849928404e-14
1.369336330270397e-14
9.799023753113351e-15
4.339885225175477e-15
3.449808266018054e-17
-6.488924930242382e-15
-1.197644891159625e-14
-1.707310029550623e-14
-1.899096718349432e-14
-2.001797005118026e-14
-1.633633553845007e-14
-7.892411931466565e-15
-1.623125433046619e-15
3.154286866837968e-15
8.659607034824277e-15
1.587896571010074e-14
2.047434449082985e-14
2.054690745977777e-14
1.722323304677486e-14
1.238678694749496e-14
3.78589160051115e-15
-5.824770793724562e-15
-1.193405275137619e-14
-1.179125466467832e-14
-1.135749317684645e-14
-1.236728912781398e-14
-1.001355374753339e-14
-9.143575404599412e-15
-4.42993200261056e-15
-2.279701960009852e-15
1.857416972702228e-15
4.423681116548346e-15
1.998395130843705e-15
3.733369675640626e-15
2.889435074398156e-15
