7.429190963451198e-13
4.592176339284971e-13
2.860513714011779e-13
1.804116568693759e-13
1.15523640954746e-13
7.536639909005352e-14
5.050254556895625e-14
3.511162482849078e-14
2.576167745391586e-14
1.998783757318134e-14
1.673244497853136e-14
1.481683998290087e-14
1.38982943512241e-14
1.357295508658798e-14
1.352304428854149e-14
1.395553545235264e-14
1.4990314235856e-14
1.644370807743249e-14
1.875839159211781e-14
2.222013422063119e-14
2.768904636707135e-14
3.534880896499907e-14
4.683657214667692e-14
6.363343687445579e-14
8.7308306752527e-14
1.209921742284414e-13
1.668372230337066e-13
2.30809401597239e-13
3.165182793660129e-13
4.34108525009176e-13
5.915199259459324e-13
8.026124457084284e-13
1.084501871895267e-12
1.460232684927497e-12
1.958642971694237e-12
2.619459177655193e-12
3.489986409018499e-12
4.635012068602882e-12
6.136423517712735e-12
8.098516903998696e-12
1.065590315229924e-11
1.397732562477579e-11
1.82796815595167e-11
2.383853422325158e-11
3.099901111820118e-11
4.019941249494526e-11
5.198843365858746e-11
6.705759623824514e-11
8.626832954547489e-11
1.106987505988876e-10
1.41688789177711e-10
1.809042556900857e-10
2.304061714840571e-10
2.927438672541868e-10
3.71057344170691e-10
4.692099471610406e-10
5.919405509905812e-10
7.45052686324485e-10
9.356346467453374e-10
1.172322946507087e-09
1.46562519694889e-09
1.828287414100495e-09
2.275748182130593e-09
2.8266590070817e-09
3.503512425551649e-09
4.333372448645379e-09
5.348742714739048e-09
6.588575491041639e-09
8.099464012799958e-09
9.937028376991403e-09
1.216753895073799e-08
1.486980715394229e-08
1.813737769722484e-08
2.208108100491233e-08
2.683198809489402e-08
3.2544821136548e-08
3.940190375039426e-08
4.761770118937306e-08
5.744404827777166e-08
6.917615582343645e-08
8.315949067081525e-08
9.979765410103833e-08
1.195613843721178e-07
1.429988257861681e-07
1.707472188943877e-07
2.035461998735453e-07
2.422528912353779e-07
2.87859005821937e-07
3.415102003963086e-07
4.045279326188613e-07
4.78434119748494e-07
5.649788954251587e-07
6.661718163375941e-07
7.843168882093548e-07
9.220518050213685e-07
1.082391851994516e-06
1.268778927099415e-06
1.485136201057322e-06
1.735928950415352e-06
2.026232148100924e-06
2.361805432138427e-06
2.74917609819848e-06
3.195730911654842e-06
3.709817656132809e-06
4.30085724070922e-06
4.979467198658278e-06
5.757597540107518e-06
6.648679977878894e-06
7.667791612098937e-06
8.831834193667731e-06
1.015973020028876e-05
1.167263695938169e-05
1.339418016824299e-05
1.535070819555133e-05
1.757156861296018e-05
2.008940848668711e-05
2.294049997801195e-05
2.616509291189165e-05
2.980779597689415e-05
3.391798829271225e-05
3.85502631328193e-05
4.376490560427989e-05
4.962840614244993e-05
5.621401168643712e-05
6.360231641611063e-05
7.188189394671971e-05
8.114997285691447e-05
9.151315759184218e-05
0.0001030881970704517
0.0001160028027116275
0.0001303965175906961
0.0001464216384895222
0.0001642441925505165
0.0001840449701181167
0.0002060206152293997
0.0002303847750780091
0.0002573693095855152
0.0002872255620038027
0.0003202256912812958
0.0003566640670472986
0.0003968587313700392
0.0004411529293646876
0.0004899167052908377
0.0005435485602217089
0.0006024771723704311
0.0006671631817099619
0.0007381010384356093
0.0008158209126118346
0.0009008906632084725
0.0009939178640201759
0.001095551884445406
0.00120648602219787
0.00132745968386663
0.001459260610018362
0.001602727139628728
0.001758750509331918
0.001928277182056266
0.002112311198297417
0.002311916544418324
0.002528219529759454
0.002762411165451164
0.003015749536727157
0.003289562158901725
0.003585248308996469
0.003904281321492642
0.004248210838525206
0.004618665003531732
0.005017352585353702
0.005446065022591847
0.005906678373456623
0.006401155159200923
0.00693154608770314
0.007499991641444653
0.00810872351822905
0.00876006590711712
0.009456436586067743
0.01020034782621703
0.01099440708516844
0.01184131747745322
0.0127438780027142
0.01370498351786689
0.01472762443780923
0.01581488614634371
0.0169699481067607
0.01819608265218583
0.01949665344371692
0.02087511358235671
0.02233500335714986
0.0238799476221519
0.02551365278369127
0.02723990338974846
0.02906255831093218
0.03098554649818532
0.03301286231559469
0.0351485604327985
0.03739675027461051
0.03976159002282638
0.04224728016027791
0.04485805656386169
0.04759818313567458
0.05047194397751421
0.05348363511109615
0.05663755574098774
0.05993799907763269
0.06338924271560915
0.06699553858189856
0.07076110246544594
0.07469010313276282
0.07878665105821057
0.08305478677152389
0.08749846884860076
0.09212156156667729
0.09692782223662245
0.1019208882532269
0.1071042638732657
0.112481306758732
0.1180552143160308
0.1238290098508238
0.1298055285900009
0.1359874035877224
0.1423770515645725
0.1489766587192466
0.1557881665373753
0.1628132576585017
0.1700533418227718
0.1775095419549094
0.1851826804309276
0.1930732655556194
0.2011814783198122
0.2095071594597142
0.2180497968796863
0.2268085134863396
0.2357820554636389
0.2449687810637436
0.2543666499320604
0.26397321302799
0.2737856031877771
0.2838005263553188
0.2940142535549949
0.3044226136184029
0.3150209867225837
0.3258042987804707
0.3367670167039601
0.3479031446144122
0.3592062209959698
0.3706693168274675
0.3822850347229176
0.3940455091148632
0.4059424075866366
0.4179669332871277
0.4301098283005407
0.4423613779832856
0.4547114166522472
0.4671493353376434
0.4796640908646116
0.4922442145085146
0.5048778200694386
0.5175526136748274
0.5302559078938515
0.5429746379610841
0.5556953774936646
0.5684043534376089
0.5810874621095643
0.593730287368528
0.6063181201417893
0.618835978773702
0.6312686301207884
0.6436006115507593
0.6558162539358771
0.6678997054976802
0.6798349564361194
0.6916058642911648
0.7031961799789328
0.7145895745010581
0.7257696662197746
0.7367200486582448
0.7474243187648905
0.7578661055541643
0.7680290991023965
0.7778970797888434
0.7874539477385323
0.7966837523985181
0.8055707221499063
0.8140992939250726
0.822254142719659
0.8300202109586667
0.8373827376459226
0.8443272871926281
0.8508397778886359
0.8569065099122863
0.8625141928425368
0.8676499726063013
0.8723014577598583
0.8764567450720968
0.8801044443125547
0.88323370221102
0.8858342255294998
0.8878963031623403
0.8894108272464124
0.8903693131914665
0.89076391859967
0.8905874610280718
0.8898334345317739
0.8884960249865276
0.8865701241135365
0.8840513421842308
0.8809360193746018
0.8772212357320703
0.8729048197725424
0.8679853556465537
0.8624621888670879
0.856335430586619
0.849605960402846
0.8422754277195527
0.8343462516313471
0.8258216193538336
0.8167054832051219
0.8070025561272262
0.7967183057835591
0.7858589472266129
0.7744314341717314
0.7624434489008273
0.7499033908102924
0.7368203636585027
0.7232041615210403
0.7090652535003198
0.6944147672287788
0.6792644711974959
0.6636267559759209
0.6475146143478252
0.6309416204189272
0.6139219077476822
0.5964701465481212
0.578601520040034
0.5603316999818651
0.5416768214482167
0.5226534569112563
0.5032785896818605
0.4835695867855601
0.4635441713218338
0.4432203943776137
0.4226166065569909
0.4017514291807889
0.380643725226367
0.3593125700646391
0.3377772220655959
0.3160570931336111
0.294171719226489
0.272140730924766
0.2499838241059896
0.2277207307876553
0.205371190195802
0.1829549201116034
0.1604915885548444
0.1380007858537351
0.1155019971552498
0.09301457542521741
0.07055771498426423
0.04815042562751411
0.02581150737005651
0.003559525860974536
-0.01858721149533759
-0.04061067867390369
-0.06249315338488275
-0.08421723861766632
-0.105765883343172
-0.1271224023468462
-0.1482704951663534
-0.1691942641131219
-0.1898782313559705
-0.2103073550509891
-0.2304670445031649
-0.2503431743435648
-0.269922097712044
-0.2891906584357785
-0.3081362022034529
-0.3267465867329123
-0.345010190926276
-0.3629159230160318
-0.3804532277022303
-0.3976120922881833
-0.4143830518224859
-0.4307571932564014
-0.4467261586373189
-0.4622821473432038
-0.4774179173697464
-0.4921267856863506
-0.5064026276828109
-0.5202398757386987
-0.5336335169264357
-0.5465790898696045
-0.5590726807801325
-0.5711109186988684
-0.5826909699734631
-0.5938105319938296
-0.6044678262151112
-0.6146615904974922
-0.6243910707908689
-0.6336560122037667
-0.6424566494789941
-0.6507936969089911
-0.6586683377226403
-0.6660822129722642
-0.6730374099583093
-0.6795364502194609
-0.6855822771287088
-0.6911782431279858
-0.6963280966248
-0.7010359685856155
-0.7053063588545176
-0.7091441222334429
-0.7125544543551726
-0.7155428773769639
-0.7181152255322091
-0.7202776305629929
-0.7220365070680054
-0.7233985377941351
-0.7243706588899066
-0.7249600451457757
-0.725174095250436
-0.7250204171055957
-0.7245068132237639
-0.7236412662137076
-0.7224319243693651
-0.7208870873912686
-0.7190151922801179
-0.7168247994223528
-0.7143245788678512
-0.7115232968109475
-0.7084298022989854
-0.7050530142031255
-0.7014019084661187
-0.6974855056220572
-0.6933128585936728
-0.688893040787095
-0.684235134511856
-0.6793482197363157
-0.6742413631715387
-0.6689236076879612
-0.6634039620757932
-0.6576913911653866
-0.6517948063128985
-0.6457230562494272
-0.6394849183012202
-0.6330890899788795
-0.6265441809364153
-0.6198587053017413
-0.6130410743823069
-0.6060995897541671
-0.5990424367246497
-0.5918776781629861
-0.5846132486971252
-0.5772569492775911
-0.5698164421131823
-0.5622992459655471
-0.554712731792618
-0.5470641187360665
-0.5393604704543304
-0.5316086918047785
-0.5238155258584919
-0.5159875512352123
-0.5081311797516969
-0.5002526543795457
-0.492358047509213
-0.4844532595083796
-0.4765440175688031
-0.4686358748328461
-0.4607342097875725
-0.452844225918145
-0.4449709516109326
-0.4371192402980244
-0.4292937708343272
-0.4214990480993417
-0.4137394038196355
-0.4060189975965719
-0.398341818125831
-0.390711684599827
-0.3831322482879858
-0.375606994290719
-0.3681392434525734
-0.3607321544225731
-0.3533887258530278
-0.3461117987304679
-0.3389040588335018
-0.3317680393052994
-0.3247061233309976
-0.3177205469117946
-0.3108134017286074
-0.3039866380896074
-0.2972420679514614
-0.2905813680062191
-0.284006082826585
-0.2775176280626069
-0.2711172936844228
-0.2648062472626964
-0.2585855372800711
-0.2524560964673762
-0.2464187451589377
-0.2404741946627358
-0.2346230506380647
-0.2288658164749547
-0.2232028966703227
-0.2176346001957894
-0.2121611438534133
-0.2067826556139281
-0.2014991779328964
-0.1963106710408836
-0.1912170162044566
-0.1862180189557016
-0.1813134122855269
-0.1765028597971444
-0.1717859588169766
-0.1671622434600576
-0.1626311876481961
-0.1581922080777105
-0.1538446671344305
-0.149587875754016
-0.1454210962261934
-0.1413435449422518
-0.1373543950832024
-0.1334527792466523
-0.1296377920113573
-0.1259084924392976
-0.12226390651548
-0.1187030295235825
-0.1152248283565842
-0.1118282437619033
-0.1085121925209248
-0.1052755695630624
-0.102117250013993
-0.0990360911781278
-0.09603093445550619
-0.09310060719351265
-0.09024392447431115
-0.08745969083784949
-0.08474670194081617
-0.08210374615220584
-0.07952960608613928
-0.07702306007290398
-0.07458288356882313
-0.07220785050598257
-0.06989673458268809
-0.06764831049551978
-0.0654613551140554
-0.06333464859933019
-0.06126697546753157
-0.05925712560005145
-0.05730389520043822
-0.05540608769931447
-0.05356251460870202
-0.05177199632760235
-0.0500333628999449
-0.04834545472570774
-0.04670712322631988
-0.04511723146581925
-0.04357465472935417
-0.04207828106030617
-0.04062701175717172
-0.03921976183165914
-0.03785546042905964
-0.03653305121207066
-0.03525149270928743
-0.03400975862991615
-0.03280683814607574
-0.03164173614370577
-0.03051347344323869
-0.02942108699119605
-0.02836363002405214
-0.02734017220569361
-0.02634979973941321
-0.02539161545541016
-0.02446473887496253
-0.0235683062524982
-0.02270147059683369
-0.02186340167239032
-0.02105328598127497
-0.0202703267272098
-0.01951374376242202
-0.01878277351846204
-0.01807666892183845
-0.01739469929529317
-0.01673615024561085
-0.0161003235388017
-0.01548653696349543
-0.01489412418333196
-0.0143224345791636
-0.01377083308178689
-0.01323869999583256
-0.01272543081542278
-0.01223043603238783
-0.01175314093764146
-0.01129298541642125
-0.01084942373791595
-0.01042192433988589
-0.01000996960880407
-0.009613055655938669
-0.00923069208992028
-0.008862401786306977
-0.008507720654613858
-0.008166197403257507
-0.007837393302672848
-0.007520881947149971
-0.007216249015696868
-0.006923092032390398
-0.006641020126453266
-0.006369653792368561
-0.006108624650278994
-0.005857575207043372
-0.005616158618189996
-0.005384038450990823
-0.005160888448985929
-0.004946392298104394
-0.004740243394567599
-0.004542144614806078
-0.00435180808747875
-0.004168954967885597
-0.003993315214871985
-0.003824627370345402
-0.003662638341535951
-0.003507103186147152
-0.003357784900454732
-0.003214454210438109
-0.003076889366111065
-0.002944875939100608
-0.002818206623587921
-0.002696681040514987
-0.002580105545195146
-0.002468293038372052
-0.002361062780861187
-0.002258240211653577
-0.002159656769591914
-0.002065149718555348
-0.001974561976220657
-0.001887741946444318
-0.001804543355198414
-0.00172482509006271
-0.001648451043290472
-0.001575289958399265
-0.001505215280336916
-0.001438105009100946
-0.001373841556883164
-0.001312311608674321
-0.001253405986242748
-0.001197019515528572
-0.001143050897348
-0.001091402581474169
-0.001041980643937596
-0.0009946946675935518
-0.0009494576258548715
-0.0009061857695446781
-0.0008647985168247531
-0.0008252183461867784
-0.0007873706923997732
-0.0007511838454319346
-0.0007165888522177232
-0.00068351942130062
-0.0006519118301792638
-0.000621704835438351
-0.0005928395854901409
-0.0005652595359735817
-0.0005389103676696544
-0.000513739906939854
-0.0004896980486215424
-0.0004667366812708199
-0.0004448096147964811
-0.0004238725103138629
-0.0004038828122738601
-0.00038479968274059
-0.0003665839377980619
-0.0003491979859995833
-0.0003326057688594543
-0.0003167727032935485
-0.0003016656259570336
-0.0002872527394659682
-0.0002735035604320246
-0.000260388869215111
-0.0002478806614424028
-0.0002359521011219704
-0.0002245774754549753
-0.0002137321511469141
-0.0002033925322982175
-0.0001935360197299688
-0.00018414097178924
-0.0001751866665058708
-0.000166653265153128
-0.0001585217770511691
-0.0001507740257062801
-0.0001433926161464445
-0.0001363609034511081
-0.0001296629624518769
-0.0001232835585531191
-0.000117208119624091
-0.0001114227089545535
-0.0001059139991512034
-0.0001006692470188313
-9.567626950494883e-05
-9.092342060382302e-05
-8.639956912202998e-05
-8.209407712086829e-05
-7.799677919514103e-05
-7.409796259428697e-05
-7.038834824192541e-05
-6.685907243664925e-05
-6.350166925887061e-05
-6.030805364222192e-05
-5.727050514540646e-05
-5.438165235475681e-05
-5.163445792282602e-05
-4.902220417986406e-05
-4.653847935400158e-05
-4.417716432170665e-05
-4.193241991913154e-05
-3.979867474076515e-05
-3.777061345694609e-05
-3.584316560361958e-05
-3.401149482536435e-05
-3.227098857357051e-05
-3.061724823136627e-05
-2.90460796334813e-05
-2.755348400191829e-05
-2.613564923781971e-05
-2.478894160690849e-05
-2.350989774100399e-05
-2.229521701635759e-05
-2.114175421717398e-05
-2.004651252871466e-05
-1.900663684581707e-05
-1.801940733772254e-05
-1.708223329832878e-05
-1.619264728307894e-05
-1.534829945501018e-05
-1.454695222839507e-05
-1.378647510992507e-05
-1.306483977392507e-05
-1.238011535605767e-05
-1.173046394823428e-05
-1.111413629086631e-05
-1.052946766350414e-05
-9.974873952806381e-06
-9.448847884572308e-06
-8.949955439539172e-06
-8.476832434210404e-06
-8.028181218298637e-06
-7.602767559339332e-06
-7.199417661774124e-06
-6.817015296333625e-06
-6.454499074588981e-06
-6.110859855705827e-06
-5.785138262715604e-06
-5.476422296114011e-06
-5.183845094638156e-06
-4.906582759074452e-06
-4.643852304018939e-06
-4.39490967621939e-06
-4.159047907182617e-06
-3.93559530060469e-06
-3.723913739268505e-06
-3.523397060615223e-06
-3.333469493178994e-06
-3.153584200108389e-06
-2.983221846347137e-06
-2.821889280130459e-06
-2.669118240982157e-06
-2.524464137367751e-06
-2.387504883458347e-06
-2.257839807111404e-06
-2.135088584799077e-06
-2.01889024882196e-06
-1.908902214804411e-06
-1.804799385341496e-06
-1.70627327215695e-06
-1.613031187055119e-06
-1.524795434059279e-06
-1.441302577629757e-06
-1.362302721796669e-06
-1.287558842854561e-06
-1.216846129727623e-06
-1.149951384856306e-06
-1.086672434476552e-06
-1.026817570129556e-06
-9.702050263571371e-07
-9.166624763625423e-07
-8.660265504213546e-07
-8.181423930396816e-07
-7.728632110519081e-07
-7.300498854562598e-07
-6.895705631507479e-07
-6.513003034495593e-07
-6.151207111550478e-07
-5.80919602557863e-07
-5.48590694554585e-07
-5.180332988844116e-07
-4.891520383661817e-07
-4.618565661803344e-07
-4.360613010446826e-07
-4.116852005712793e-07
-3.886515067693054e-07
-3.668875379878995e-07
-3.463244732613718e-07
-3.268971440007885e-07
-3.085438504499404e-07
-2.912061878867055e-07
-2.748288686152227e-07
-2.59359552384447e-07
-2.447487066884337e-07
-2.309494464771943e-07
-2.179174042743506e-07
-2.056105872030906e-07
-1.939892714579886e-07
-1.830158581750256e-07
-1.726547857945539e-07
-1.628723967450731e-07
-1.536368670616928e-07
-1.44918087755101e-07
-1.366875705997449e-07
-1.289183882911071e-07
-1.215850577535429e-07
-1.1466348802099e-07
-1.081308972015467e-07
-1.019657394798044e-07
-9.614764826470632e-08
-9.065736711131879e-08
-8.547667785238736e-08
-8.058837246240813e-08
-7.597618052668322e-08
-7.162471532789903e-08
-6.75194414745591e-08
-6.364661679506573e-08
-5.999325971390192e-08
-5.654710489313083e-08
-5.329655869805488e-08
-5.023066244560688e-08
-4.733906863830916e-08
-4.46119988853985e-08
-4.204021195595589e-08
-3.961498412026058e-08
-3.73280742801205e-08
-3.51716970577589e-08
-3.313848847253252e-08
-3.122150258764844e-08
-2.94141783960299e-08
-2.771032088911413e-08
-2.610407740215739e-08
-2.45899250766356e-08
-2.316264864153925e-08
-2.181733172025687e-08
-2.054932317913848e-08
-1.935422794823666e-08
-1.822790363921429e-08
-1.716643852485197e-08
-1.616614535355397e-08
-1.522353658767768e-08
-1.433532300511545e-08
-1.349840162363825e-08
-1.270984989946921e-08
-1.196689576717585e-08
-1.126694186632029e-08
-1.060752085614137e-08
-9.986313665784718e-09
-9.401132515923685e-09
-8.849908264816743e-09
-8.330694529545765e-09
-7.841647863750448e-09
-7.381039280086849e-09
-6.947230783372742e-09
-6.538679205814972e-09
-6.153925115018276e-09
-5.791602152528735e-09
-5.450415826297458e-09
-5.129135633974188e-09
-4.826619273957596e-09
-4.541780803345055e-09
-4.273599179971981e-09
-4.021109814450305e-09
-3.783406748946821e-09
-3.559632238843632e-09
-3.348977606927296e-09
-3.150686397713321e-09
-2.964035741590019e-09
-2.788346826662911e-09
-2.62298201022569e-09
-2.467342867931232e-09
-2.320865348977499e-09
-2.183011732379182e-09
-2.05327756850793e-09
-1.931188246362129e-09
-1.816296691124322e-09
-1.708183965391793e-09
-1.606451627847081e-09
-1.510726710857391e-09
-1.420656367844762e-09
-1.335909979254665e-09
-1.256174921711117e-09
-1.181161939452162e-09
-1.110596218156281e-09
-1.044220257742228e-09
-9.817832532881272e-10
-9.230565953272914e-10
-8.678133474772975e-10
-8.158512343661938e-10
-7.66979158257428e-10
-7.210120893073383e-10
-6.777787310477451e-10
-6.371204987153201e-10
-5.98883213248329e-10
-5.629246186790987e-10
-5.291090388856312e-10
-4.97309234848701e-10
-4.674024587298589e-10
-4.392768610896181e-10
-4.128287802415546e-10
-3.879609257697118e-10
-3.645816107398754e-10
-3.426010655894821e-10
-3.21939836971277e-10
-3.025140983726284e-10
-2.842590114834149e-10
-2.670946768312427e-10
-2.509664851013701e-10
-2.358098266424613e-10
-2.215627301020875e-10
-2.081791452260996e-10
-1.955959547817118e-10
-1.83766904631626e-10
-1.726434358432609e-10
-1.621833289245354e-10
-1.52354268965474e-10
-1.431122924572359e-10
-1.344230519080461e-10
-1.262534197929014e-10
-1.185786038358138e-10
-1.113683961293191e-10
-1.045958328036955e-10
-9.823026718942625e-11
-9.225921415361296e-11
-8.665558026845901e-11
-8.139355850338098e-11
-7.645125520291842e-11
-7.180536631171687e-11
-6.743958663663584e-11
-6.333436250747306e-11
-5.947478991642829e-11
-5.584756367612728e-11
-5.244238728632306e-11
-4.924239527664591e-11
-4.623508554174614e-11
-4.34072859535099e-11
-4.075170593391049e-11
-3.825562863803801e-11
-3.59122360379517e-11
-3.370989859530283e-11
-3.164070013855344e-11
-2.969923432867122e-11
-2.787865967313154e-11
-2.617262174206916e-11
-2.456866905913779e-11
-2.306512997529695e-11
-2.16582155626596e-11
-2.034048938713968e-11
-1.910343837713098e-11
-1.793774325423993e-11
-1.684114110831141e-11
-1.580988429740279e-11
-1.484114856704371e-11
-1.392719114752795e-11
-1.306808836335703e-11
-1.225746460147008e-11
-1.14964395677745e-11
-1.078006997305351e-11
-1.010572284510332e-11
-9.476720194488212e-12
-8.887962206146152e-12
-8.341660926440584e-12
-7.830423166882095e-12
-7.349031210226289e-12
-6.903379862173817e-12
-6.487158769137372e-12
-6.095317582316167e-12
-5.727609214220944e-12
-5.38040778084828e-12
-5.050570329625193e-12
-4.740337551589084e-12
-4.445867470046707e-12
-4.168823731608559e-12
-3.907586009672817e-12
-3.661045937289826e-12
-3.428096990561169e-12
-3.203888338931381e-12
-2.994963140770791e-12
-2.802259044481383e-12
-2.62397237517968e-12
-2.465463283002235e-12
-2.321472086518122e-12
-2.186784106987331e-12
-2.057823443031101e-12
-1.940582129851932e-12
-1.82404410754122e-12
-1.712114255390309e-12
-1.608018469805831e-12
-1.508767445764637e-12
-1.410579526243216e-12
-1.320640726280362e-12
-1.238475974296141e-12
-1.157342115616711e-12
-1.078679050541435e-12
-1.008670565143032e-12
-9.422647053162431e-13
-8.821584106069418e-13
-8.26593230061107e-13
-7.785990444961257e-13
-7.341073244801943e-13
-6.920174420038236e-13
-6.488161264219043e-13
-6.037568547971191e-13
-5.644395672386557e-13
-5.291013634289981e-13
-4.995882901832011e-13
-4.711971809893394e-13
-4.461812426591033e-13
-4.212471965496734e-13
-3.943416542408171e-13
-3.706053942547022e-13
-3.466490696222975e-13
-3.260813022575573e-13
-3.054152043873042e-13
-2.870053924018145e-13
-2.695490442632497e-13
-2.507757881510231e-13
-2.280437302657424e-13
-2.060756640704287e-13
-1.879478659869614e-13
-1.718916804297227e-13
-1.594856516480568e-13
-1.516321707739682e-13
-1.457260954949453e-13
-1.435727745272314e-13
-1.414069758435208e-13
-1.373544603546972e-13
-1.346112736058411e-13
-1.294365742560636e-13
-1.237839298965131e-13
-1.150124101177444e-13
-1.088164005272086e-13
-1.017709183731999e-13
-9.439784741008426e-14
-8.26009681733902e-14
-6.466978059528647e-14
-5.002319586670076e-14
-3.914288486533679e-14
-3.278057972615891e-14
-3.238933168819765e-14
-3.553842838202073e-14
-3.918937532538466e-14
-4.579576201197764e-14
-4.771421220679326e-14
-4.879455781443801e-14
-5.166311628987125e-14
-5.214203924331575e-14
-4.888377760485739e-14
-4.520347942132375e-14
-4.083877650973626e-14
-3.604550412160949e-14
-3.409457566687254e-14
-2.758541319444264e-14
-2.190400474039046e-14
-1.521837429215316e-14
-8.827087923572282e-15
-6.147749759699352e-15
-1.121567275152277e-15
1.174043021664536e-15
2.4587465809257e-15
-4.695536553442551e-16
-4.968085964775649e-15
-1.053859951770788e-14
-1.872952646545442e-14
