2.639447683470088e-13
1.699842613272823e-13
1.112655043403806e-13
7.27705868700621e-14
4.77421884296253e-14
3.078180678426422e-14
1.896452517391479e-14
1.001252646646077e-14
2.242937692225387e-15
-5.686808502027265e-15
-1.497740739968437e-14
-2.75287329045025e-14
-4.454283263469371e-14
-6.832507448060619e-14
-1.01840655274187e-13
-1.492356063755157e-13
-2.152660387423806e-13
-3.064612705038517e-13
-4.3331974511438e-13
-6.076313218561121e-13
-8.449899372392454e-13
-1.16853077961814e-12
-1.605303511975248e-12
-2.192741719830078e-12
-2.980203967339062e-12
-4.030163689593528e-12
-5.425107823491373e-12
-7.271745113853376e-12
-9.707852186333707e-12
-1.290909184607637e-11
-1.710263686594414e-11
-2.257712940460474e-11
-2.970143951050041e-11
-3.894610897776179e-11
-5.090472050197623e-11
-6.632846649693843e-11
-8.616662674471616e-11
-1.116070896544541e-10
-1.441428185859431e-10
-1.856396849991391e-10
-2.384260170356395e-10
-3.053975179570781e-10
-3.901506585412874e-10
-4.971369876305076e-10
-6.318585517124942e-10
-8.010958603333216e-10
-1.013189735835303e-09
-1.278371385032074e-09
-1.609166609731299e-09
-2.020872535424079e-09
-2.532126166818936e-09
-3.165588894651012e-09
-3.94874140592919e-09
-4.914839884292379e-09
-6.104044870903192e-09
-7.56474632500887e-09
-9.355128638915891e-09
-1.154500558011196e-08
-1.421797161725358e-08
-1.747391546280925e-08
-2.143195382632501e-08
-2.623385313005717e-08
-3.204799603386136e-08
-3.907399059356413e-08
-4.75480026526607e-08
-5.774891902281656e-08
-7.000545655263837e-08
-8.470434004152409e-08
-1.022997057234425e-07
-1.233238847965075e-07
-1.483997473750709e-07
-1.782548130698838e-07
-2.1373734929126e-07
-2.5583470147216e-07
-3.0569414169677e-07
-3.646465299975961e-07
-4.342331208642695e-07
-5.162359014328961e-07
-6.127118437593683e-07
-7.260315266449059e-07
-8.589226218494668e-07
-1.014518756990676e-06
-1.196414355453441e-06
-1.408726072037173e-06
-1.656161514674697e-06
-1.94409598891894e-06
-2.278658075497164e-06
-2.666824897357477e-06
-3.116528009827975e-06
-3.636770909822792e-06
-4.23775923099781e-06
-4.931044761694947e-06
-5.729684490785318e-06
-6.648415964421907e-06
-7.703850296904442e-06
-8.914684262454874e-06
-1.030193293315929e-05
-1.18891844188702e-05
-1.370287829321312e-05
-1.577260933820038e-05
-1.813145828389512e-05
-2.081635125437287e-05
-2.386845014012288e-05
-2.733357727547831e-05
-3.126267602781003e-05
-3.571230917768882e-05
-4.074519733795692e-05
-4.643079977581411e-05
-5.284594002300786e-05
-6.007547871723553e-05
-6.821303616128561e-05
-7.736176709066001e-05
-8.763519017007399e-05
-9.915807473125054e-05
-0.0001120673872449961
-0.0001265133000022302
-0.0001426602644092515
-0.0001606881512468003
-0.0001807934601506618
-0.0002031906004261906
-0.0002281132452163222
-0.0002558157608092467
-0.0002865747127152851
-0.0003206904498748098
-0.000358488768085105
-0.0004003226534333835
-0.0004465741061998377
-0.0004976560461790005
-0.0005540143018337789
-0.0006161296817221211
-0.0006845201266923644
-0.000759742941446614
-0.0008423971035794035
-0.0009331256476007449
-0.001032618120778389
-0.001141613106941447
-0.001260900813597582
-0.0013913257168932
-0.001533789258182812
-0.001689252586951422
-0.001858739360707762
-0.002043338602020244
-0.002244207587502935
-0.002462574742670588
-0.00269974254098759
-0.002957090408093982
-0.003236077623008371
-0.003538246199074995
-0.003865223732292763
-0.004218726202767267
-0.004600560718068122
-0.00501262818453621
-0.005456925888928308
-0.005935549977446467
-0.006450697812597645
-0.00700467019287126
-0.007599873417898706
-0.008238821178097679
-0.008924136254282195
-0.009658552003875479
-0.01044491361687669
-0.01128617912222575
-0.01218542012094206
-0.01314582223143936
-0.01417068522116076
-0.01526342280779959
-0.01642756211051879
-0.01766674272657004
-0.01898471542089552
-0.02038534040224596
-0.02187258517162333
-0.02345052192562678
-0.02512332449149525
-0.0268952647868181
-0.02877070877894188
-0.03075411193488471
-0.03285001414919619
-0.03506303413081476
-0.03739786325072479
-0.03985925882928014
-0.04245203686222417
-0.04518106418054667
-0.04805125003176819
-0.05106753709580591
-0.05423489192089909
-0.05755829479053021
-0.06104272902695821
-0.0646931697270817
-0.06851457195740338
-0.07251185840221822
-0.07668990649001103
-0.08105353501598875
-0.08560749026639161
-0.09035643168744142
-0.09530491710216805
-0.1004573875145066
-0.1058181515314552
-0.1113913694199947
-0.1171810368589272
-0.1231909683971924
-0.1294247806715403
-0.1358858754265458
-0.14257742236424
-0.1495023419005795
-0.1566632878464576
-0.1640626300784657
-0.1717024372525111
-0.179584459594414
-0.1877101118570105
-0.1960804564659616
-0.2046961869301527
-0.2135576115765922
-0.2226646376462887
-0.2320167558496872
-0.2416130254032581
-0.2514520596291274
-0.2615320121794503
-0.2718505639183159
-0.2824049105607693
-0.2931917510868743
-0.3042072770156526
-0.3154471625972537
-0.3269065559456615
-0.3385800712079926
-0.3504617817775149
-0.3625452146297553
-0.3748233458302109
-0.3872885972226219
-0.3999328343863687
-0.4127473658522914
-0.4257229436414974
-0.4388497651601392
-0.4521174764438781
-0.4655151768305668
-0.4790314250261166
-0.4926542466094645
-0.5063711429895825
-0.5201691017864911
-0.5340346086960056
-0.5479536607793765
-0.5619117812020969
-0.5758940354127186
-0.5898850487144403
-0.603869025278184
-0.6178297685027598
-0.6317507027003578
-0.6456148960742207
-0.6594050849626716
-0.6731036994428141
-0.6866928900942386
-0.7001545556307569
-0.713470371349486
-0.7266218189474845
-0.7395902187519193
-0.7523567630553455
-0.7649025477142667
-0.7772086018101799
-0.789255918980974
-0.8010254942567681
-0.8124983627832609
-0.8236556363829658
-0.8344785376149563
-0.8449484341480452
-0.8550468749003687
-0.8647556267041159
-0.8740567106678042
-0.8829324380970249
-0.8913654461698056
-0.899338733458895
-0.9068356950663797
-0.9138401572519796
-0.9203364114627641
-0.9263092476692923
-0.9317439869928174
-0.9366265134704799
-0.9409433049006983
-0.9446814626880737
-0.9478287405784842
-0.9503735722648766
-0.9523050977361603
-0.9536131883312166
-0.954288470432588
-0.9543223477044288
-0.953707021864874
-0.9524355118920048
-0.9505016716496643
-0.94790020588815
-0.9446266845401887
-0.9406775553156843
-0.9360501545252254
-0.9307427161425431
-0.9247543790845372
-0.9180851926542337
-0.9107361201708104
-0.9027090407439681
-0.894006749221117
-0.8846329543100773
-0.8745922748575111
-0.8638902343332918
-0.8525332535000713
-0.8405286413093832
-0.8278845840508927
-0.8146101327688742
-0.8007151890179468
-0.7862104889604797
-0.7711075858605722
-0.7554188310225842
-0.7391573532170316
-0.7223370366842709
-0.7049724977376826
-0.6870790600355776
-0.6686727285860626
-0.6497701625426773
-0.630388646885244
-0.6105460630335205
-0.5902608584822728
-0.5695520155322403
-0.5484390191783987
-0.5269418242504104
-0.5050808218685627
-0.4828768053063838
-0.4603509353404683
-0.4375247051605987
-0.4144199049368241
-0.3910585861089743
-0.3674630254857876
-0.34365568923383
-0.3196591968303656
-0.2954962850697418
-0.2711897721892793
-0.2467625221942334
-0.2222374094564938
-0.1976372836582782
-0.1729849351591717
-0.14830306084644
-0.1236142305369031
-0.09894085399463007
-0.07430514862531414
-0.04972910790945376
-0.0252344706273449
-0.0008426909307224264
0.0234250906894777
0.04754807549237891
0.07150583358834625
0.09527833001033331
0.1188459497180718
0.1421895215015104
0.1652903407503424
0.1881301910629216
0.210691364667304
0.2329566816349171
0.2549095078691584
0.2765337718506074
0.297813980130637
0.3187352315604945
0.3392832302532588
0.3594442972766438
0.3792053810728374
0.3985540666142086
0.4174785832954961
0.4359678115764247
0.4540112883870647
0.4715992113042994
0.4887224415223766
0.5053725056298336
0.5215415962179044
0.5372225713440656
0.5524089528724763
0.5670949237277702
0.5812753240832677
0.5949456465218708
0.6081020302026369
0.6207412540569069
0.6328607290516884
0.6444584895540558
0.6555331838472894
0.6660840638382978
0.6761109739835689
0.6856143394791115
0.6945951537484579
0.7030549652743812
0.710995863816087
0.7184204660525434
0.7253319007095576
0.7317337931965971
0.7376302497899138
0.7430258414034698
0.7479255869946335
0.7523349366635935
0.7562597544701103
0.7597063010057546
0.7626812157605702
0.765191499322137
0.7672444954552573
0.7688478730892401
0.7700096082517215
0.770737965984135
0.7710414822709942
0.7709289460274505
0.7704093811657828
0.7694920287740625
0.7681863294363963
0.7665019057193229
0.7644485448578576
0.7620361816617819
0.759274881675868
0.7561748246175084
0.7527462881035131
0.748999631690057
0.7449452812416135
0.7405937136521172
0.7359554419354342
0.7310410006971021
0.7258609320094415
0.7204257716953852
0.714746036038258
0.7088322089275343
0.7026947294401847
0.6963439798637929
0.6897902741715153
0.6830438469707133
0.676114842929232
0.6690133066643319
0.6617491730903534
0.6543322582336195
0.6467722505319341
0.6390787026174504
0.6312610235639996
0.6233284715904471
0.6152901472237328
0.6071549869337223
0.5989317572342814
0.5906290492282381
0.5822552735837707
0.5738186559423549
0.5653272327648735
0.556788847607335
0.5482111478041227
0.5396015815465859
0.5309673953506941
0.5223156319118433
0.5136531283362209
0.5049865147329007
0.4963222131587623
0.4876664369011249
0.4790251900858317
0.4704042675994007
0.4618092553161002
0.4532455306243631
0.4447182632336536
0.4362324162468299
0.4277927474862476
0.4194038110645076
0.4110699591935612
0.4027953442137545
0.3945839208267024
0.3864394485206404
0.3783654941815301
0.3703654348850373
0.3624424608504809
0.3545995785417462
0.3468396139041431
0.3391652157290727
0.3315788591386795
0.324082849177514
0.3166793245025125
0.3093702611611536
0.3021574764457078
0.2950426328146574
0.2880272418716207
0.2811126683936428
0.2743001344003726
0.267590723256818
0.2609853838050029
0.2544849345129307
0.2480900676308381
0.2418013533480629
0.2356192439464488
0.2295440779469747
0.2235760842400547
0.2177153861919096
0.2119620057217076
0.2063158673457958
0.2007768021861767
0.1953445519363557
0.1900187727794362
0.1847990392545081
0.1796848480681004
0.1746756218484767
0.1697707128381455
0.164969406521281
0.1602709251833851
0.1556744314008839
0.1511790314592133
0.1467837786965224
0.1424876767710995
0.138289682850939
0.1341887107244117
0.1301836338316425
0.1262732882147568
0.1224564753859868
0.1187319651131061
0.115098498121768
0.1115547887149311
0.1080995273088134
0.1047313828852277
0.101449005360614
0.09825102787233403
0.09513606898344622
0.09210273480571152
0.08914962104138205
0.08627531494458229
0.08347839720318488
0.08075744374249361
0.07811102745138979
0.07553771983210751
0.07303609257474164
0.07060471905810649
0.06824217577866375
0.06594704370842604
0.06371790958289683
0.06155336712071358
0.05945201817678229
0.05741247383107631
0.05543335541405181
0.05351329547017922
0.05165093866124387
0.0498449426110502
0.0480939786935122
0.04639673276550841
0.0447519058462845
0.0431582147450937
0.04161439263878904
0.04011918960132459
0.03867137308655875
0.03726972836597203
0.03591305892293154
0.03460018680518202
0.03332995293725426
0.03210121739427795
0.03091285963889505
0.02976377872276762
0.02865289345417864
0.02757914253325791
0.02654148465629824
0.02553889859080459
0.02457038322265081
0.02363495757649703
0.02273166081076389
0.0218595521886102
0.02101771102639556
0.02020523662091454
0.01942124815636406
0.01866488459222031
0.01793530453322935
0.01723168608277199
0.01655322668065327
0.01589914292639148
0.01526867038895843
0.01466106340400694
0.01407559485938568
0.013511555969907
0.01296825604235176
0.01244502223153994
0.01194119928833662
0.01145614930022382
0.01098925142521059
0.01053990161991997
0.01010751236250761
0.009691512371075262
0.00929134631807524
0.008906474541417627
0.008536372752819096
0.008180531744053426
0.00783845709152141
0.007509668859624623
0.00719370130334409
0.006890102570522524
0.006598434404353406
0.006318271846335913
0.006049202940157249
0.005790828436739435
0.005542761500896217
0.005304627419824082
0.005076063313734118
0.004856717848907464
0.004646250953440404
0.004444333535791118
0.004250647206426175
0.004064884002717127
0.00388674611726783
0.003715945629897378
0.003552204243379628
0.0033952530230529
0.003244832140476528
0.003100690621170984
0.002962586096520754
0.002830284559996499
0.002703560127746976
0.002582194803580547
0.00246597824843378
0.00235470755430188
0.002248187022719376
0.002146227947836352
0.002048648404054389
0.001955273038230483
0.00186593286646559
0.001780465075421109
0.001698712828264656
0.001620525075080342
0.001545756367873125
0.001474266680010027
0.001405921230129168
0.001340590310480889
0.001278149119590798
0.001218477599288661
0.001161460275989364
0.001106986106205369
0.001054948326233738
0.001005244305939775
0.000957775406562605
0.0009124468425390001
0.0008691675472096118
0.0008278500424168533
0.0007884103118728967
0.0007507676782541158
0.0007148446838950518
0.0006805669751002834
0.0006478631899502275
0.0006166648495309724
0.0005869062525306848
0.0005585243731155325
0.000531458762001729
0.000505651450691356
0.0004810468587685511
0.0004575917041734664
0.0004352349164324889
0.00041392755268368
0.0003936227165262676
0.000374275479559157
0.0003558428055728489
0.0003382834772926364
0.0003215580256279145
0.0003056286613342617
0.0002904592090735834
0.000276015043743342
0.0002622630290528173
0.0002491714582888816
0.0002367099971515085
0.0002248496286576009
0.0002135626000246353
0.0002028223714728037
0.0001926035669142989
0.0001828819264099967
0.0001736342604352373
0.0001648384058047969
0.0001564731832532322
0.0001485183566232667
0.000140954593559069
0.0001337634277266097
0.0001269272224530349
0.0001204291357814477
0.0001142530868575633
0.0001083837236102171
0.0001028063917216878
9.75071047892937e-05
9.247251566014804e-05
8.768988891435934e-05
8.314707442619808e-05
7.883248198923176e-05
7.473505695893042e-05
7.084425686570521e-05
6.715002898097824e-05
6.364278881198253e-05
6.03133994423418e-05
5.715315174127873e-05
5.415374538095723e-05
5.130727063963859e-05
4.860619094939253e-05
4.604332619808816e-05
4.361183669112325e-05
4.130520783782301e-05
3.911723543057708e-05
3.704201157896323e-05
3.507391124551616e-05
3.320757932884092e-05
3.143791833497512e-05
2.976007654742031e-05
2.81694367155382e-05
2.666160525884313e-05
2.52324018981367e-05
2.387784977149423e-05
2.25941659828729e-05
2.137775251618776e-05
2.022518761569878e-05
1.913321749593943e-05
1.809874848298392e-05
1.711883947702418e-05
1.619069473161505e-05
1.531165693054434e-05
1.447920062167562e-05
1.369092592881017e-05
1.294455257716652e-05
1.223791417205962e-05
1.156895271165511e-05
1.093571338426712e-05
1.033633959720482e-05
9.769068219334286e-06
9.232225068481456e-06
8.724220567522181e-06
8.243545649743229e-06
7.788767818824602e-06
7.358527415915278e-06
6.951534024247211e-06
6.566563097754988e-06
6.202452693917768e-06
5.858100394003237e-06
5.532460367147662e-06
5.224540549428459e-06
4.933399990139016e-06
4.658146288822981e-06
4.397933185435801e-06
4.151958252021432e-06
3.919460691486496e-06
3.69971925923515e-06
3.492050258619346e-06
3.295805657943579e-06
3.110371287178821e-06
2.93516512077557e-06
2.769635646153128e-06
2.613260322818232e-06
2.465544104055878e-06
2.326018023441622e-06
2.194237879588308e-06
2.069782946139235e-06
1.952254785283486e-06
1.841276092535145e-06
1.736489610854709e-06
1.637557103103125e-06
1.5441583533569e-06
1.455990242243065e-06
1.372765863564021e-06
1.294213677903744e-06
1.220076698584623e-06
1.150111750101448e-06
1.084088743637282e-06
1.021789987173238e-06
9.630095357442642e-07
9.075525813764639e-07
8.55234857054319e-07
8.058820889397116e-07
7.59329461946407e-07
7.154211251090373e-07
6.74009711164398e-07
6.349558908108035e-07
5.98127945188726e-07
5.634013533551527e-07
5.306584113683963e-07
4.997878804471857e-07
4.706846186091812e-07
4.432492727976381e-07
4.173879578164837e-07
3.930119630541626e-07
3.700374878685349e-07
3.483853578758986e-07
3.279807780090112e-07
3.087531067031364e-07
2.906356256209227e-07
2.735653216517009e-07
2.57482696147592e-07
2.423315504068255e-07
2.280588344297361e-07
2.146144622988465e-07
2.019511487920979e-07
1.900242635397506e-07
1.78791669898393e-07
1.682135999528378e-07
1.582525285110599e-07
1.488730339230659e-07
1.400416972614408e-07
1.317269876259977e-07
1.23899143941254e-07
1.165301016596418e-07
1.095933841063736e-07
1.030640147158747e-07
9.691842771466238e-08
9.113440714169965e-08
8.569100210013225e-08
8.056844667540147e-08
7.574810683667859e-08
7.12124215059566e-08
6.69448198259236e-08
6.292969035452005e-08
5.915230610152011e-08
5.559878979920842e-08
5.225606495988872e-08
4.911180124505622e-08
4.615438206854163e-08
4.337285498583743e-08
4.075690081567041e-08
3.829680135040573e-08
3.598339353025881e-08
3.380805269658631e-08
3.176264603115942e-08
2.983951935995833e-08
2.803146209216925e-08
2.633167798264751e-08
2.473376622505874e-08
2.323170103461438e-08
2.181980817243362e-08
2.049274158079413e-08
1.924546868812829e-08
1.807325216724149e-08
1.697163069922323e-08
1.593641029372191e-08
1.496363842656164e-08
1.404958998723056e-08
1.319076525164289e-08
1.238387065164399e-08
1.162580337096236e-08
1.091364568895414e-08
1.024464977827076e-08
9.61622624971393e-09
9.02594666329683e-09
8.471521414775103e-09
7.950797511529431e-09
7.461751412480443e-09
7.002476298417072e-09
6.571179204349524e-09
6.166176939771126e-09
5.785887109182945e-09
5.428816475555553e-09
5.093567284586638e-09
4.778814497550626e-09
4.483319484848884e-09
4.205919807297482e-09
3.945515363493593e-09
3.701078455736865e-09
3.471644015183251e-09
3.256298285478584e-09
3.054184837135044e-09
2.86449682308462e-09
2.686479810356037e-09
2.519423918456708e-09
2.362656079808405e-09
2.215557870504002e-09
2.07753303455416e-09
1.948025393594324e-09
1.826517349177413e-09
1.712522047008811e-09
1.605580070139165e-09
1.505258295432968e-09
1.411149179625693e-09
1.322871057885119e-09
1.240071048512836e-09
1.162413664327046e-09
1.089578791007419e-09
1.021267736076569e-09
9.57204153507203e-10
8.971251226731963e-10
8.407850669840127e-10
7.879520078002241e-10
7.384123012197173e-10
6.91956505669698e-10
6.483950450223474e-10
6.075572733725403e-10
5.692715825405144e-10
5.333771142901722e-10
4.997307335295086e-10
4.68188489332584e-10
4.386263959020242e-10
4.10917733582612e-10
3.849470396444155e-10
3.606026300036434e-10
3.377872030288289e-10
3.164049258994071e-10
2.963708653861878e-10
2.775924176240894e-10
2.599944016808599e-10
2.435056412993414e-10
2.280532906946716e-10
2.135747194635313e-10
2.000034111121294e-10
1.872819870102707e-10
1.753619938539899e-10
1.641985068406472e-10
1.537413378322624e-10
1.439476128412872e-10
1.347745483726226e-10
1.261869474414945e-10
1.181434226296284e-10
1.106085728875708e-10
1.035544761020365e-10
9.694686359692099e-11
9.075986881485781e-11
8.49619900419109e-11
7.953195171436577e-11
7.444198436295112e-11
6.967588357494288e-11
6.521174626331845e-11
6.102860415935586e-11
5.711363237595305e-11
5.344738883682742e-11
5.001491794907351e-11
4.680363725247883e-11
4.379805483030433e-11
4.098259711132757e-11
3.834730480316259e-11
3.588386569714061e-11
3.357556439198131e-11
3.141710944319863e-11
2.939671390933354e-11
2.750937058446891e-11
2.574272306505749e-11
2.408455321635914e-11
2.253579898447728e-11
2.10841191135163e-11
1.972544622941225e-11
1.845406699460956e-11
1.726207481815839e-11
1.614390968902882e-11
1.509752687169826e-11
1.411531169553918e-11
1.319769335724076e-11
1.233910750244313e-11
1.15342474515033e-11
1.078413676542178e-11
1.00845988017293e-11
9.430580472599696e-12
8.817007885476027e-12
8.250083704197653e-12
7.720593128582443e-12
7.229327214679843e-12
6.772275261162573e-12
6.345290263713939e-12
5.937029559437113e-12
5.553640682220783e-12
5.192921673446141e-12
4.849844355264567e-12
4.526226293121737e-12
4.217920444272956e-12
3.927628197223549e-12
3.65690467503589e-12
3.408826653677012e-12
3.184009154644163e-12
2.980804482696168e-12
2.798225081192532e-12
2.624790989848487e-12
2.464821383399532e-12
2.318546566944655e-12
2.17765268330187e-12
2.041415625499452e-12
1.911764761842991e-12
1.780105757914754e-12
1.654607188559323e-12
1.540520847081324e-12
1.431977255210368e-12
1.333401426216109e-12
1.241312698862426e-12
1.156317724930551e-12
1.07666993066705e-12
1.003313162330848e-12
9.353527386059441e-13
8.769184547193678e-13
8.233622247447905e-13
7.757977506609681e-13
7.291114487573451e-13
6.85750227301362e-13
6.431327037657962e-13
6.016338642043137e-13
5.638595049183747e-13
5.276495111792245e-13
4.970423652038796e-13
4.657468521179331e-13
4.374173592334531e-13
4.07008736317175e-13
3.784788382203536e-13
3.462162936989572e-13
3.118054611027473e-13
2.824642610974877e-13
2.568299034095567e-13
2.37310130334708e-13
2.224028992128121e-13
2.138620581950766e-13
2.095040671510696e-13
1.991203605878184e-13
1.954886815706099e-13
1.870681418802938e-13
1.801171250527431e-13
1.725169823153141e-13
1.563658427432969e-13
1.473496804282235e-13
1.273840896384865e-13
1.172762461164008e-13
1.070296364864165e-13
9.948682189327912e-14
8.972933481078968e-14
7.986952896622227e-14
7.042475679760818e-14
6.475155753344099e-14
5.940843874948476e-14
5.539996700272499e-14
5.545840411713172e-14
5.340882440275742e-14
5.267417836636494e-14
5.252799135424469e-14
5.427103778263515e-14
5.421392950433961e-14
5.093795153096617e-14
4.5285503845261e-14
4.165333288181137e-14
3.973325868417315e-14
3.723164076477615e-14
3.732976755911907e-14
3.552880138517346e-14
2.825313824217619e-14
2.198418468428639e-14
1.64388407459199e-14
1.429454556436207e-14
1.0092957109789e-14
3.84946721719287e-15
2.568134811410718e-15
-2.587061168440558e-15
2.094852537546807e-15
9.083298736782721e-15
1.372672720445433e-14
1.983111293365098e-14
2.318207554082545e-14
2.765560034674515e-14
2.910448737354112e-14
3.052509749792074e-14
2.821576611624879e-14
2.267143114531307e-14
1.250575498533025e-14
-5.928701004608212e-17
-6.64399187471506e-15
-1.79270730074989e-14
-1.796066203582971e-14
-1.695554616660203e-14
-9.378657538220679e-15
-3.696998210782758e-15
7.902599645591177e-16
5.202815019183893e-15
8.842588897665299e-15
1.193183864139924e-14
1.447371619772928e-14
1.783391078409013e-14
1.958315051344415e-14
1.738756926491352e-14
1.356497684119906e-14
1.092497977159216e-14
5.520560141974113e-15
-1.024377624110777e-15
-5.802716594385546e-15
-8.180823228089476e-15
-1.199963003105996e-14
-1.290297860701263e-14
-1.597864430324853e-14
-1.281894675279489e-14
-8.710620530951759e-15
-1.519663700258968e-15
8.951700331429257e-15
1.480176564125475e-14
1.218373991603883e-14
1.19292805698128e-14
8.86447889051637e-15
5.285174083496971e-15
6.124924145632221e-15
6.311072028190203e-15
1.670699008651179e-15
-1.407122263903982e-15
-4.055677833540126e-15
-2.181914365615849e-15
-3.243170726570684e-15
-2.063208633105555e-15
