1.723892564632375e-12
1.102656488799384e-12
7.114076723727304e-13
4.620647130734562e-13
3.036817675950933e-13
2.026365491109023e-13
1.383293173833305e-13
9.829746388715914e-14
7.474678344365723e-14
6.321138858120392e-14
6.094608023060766e-14
6.750464374870476e-14
8.317525140678799e-14
1.092295844653668e-13
1.487600143248898e-13
2.062207061840987e-13
2.878578031878469e-13
4.016175175018078e-13
5.594012124876779e-13
7.77333543950381e-13
1.075307804435086e-12
1.482350415641053e-12
2.034913019547341e-12
2.781706823495555e-12
3.787606627570162e-12
5.135870060359588e-12
6.937182693673822e-12
9.333970853486858e-12
1.251292356451816e-11
1.671268432552175e-11
2.224327803571944e-11
2.950148281053104e-11
3.899633826519737e-11
5.137866899968295e-11
6.747431802023417e-11
8.833507018975521e-11
1.15290407873576e-10
1.500184981218522e-10
1.946345307380156e-10
2.517948664157223e-10
3.248228330706249e-10
4.178761055323047e-10
5.361332287311303e-10
6.8603440195977e-10
8.755663211253766e-10
1.11460978601284e-09
1.415361330118115e-09
1.792838034206371e-09
2.265490782138549e-09
2.855928022909882e-09
3.591795207801044e-09
4.5068073397597e-09
5.641995482985227e-09
7.047172202148699e-09
8.782680908000781e-09
1.092145661767493e-08
1.35514638884247e-08
1.677856327343166e-08
2.072988223080733e-08
2.555776171052658e-08
3.14443806804925e-08
3.860714577936301e-08
4.730498202080316e-08
5.784563252507078e-08
7.059414499111877e-08
8.598268766190674e-08
1.045218944357404e-07
1.268139640888443e-07
1.535677282421154e-07
1.856159774457554e-07
2.239353318027736e-07
2.696689938127365e-07
3.241527512050705e-07
3.889446436443095e-07
4.658587532625054e-07
5.570036126730526e-07
6.648257977452865e-07
7.921593191329119e-07
9.422814724409558e-07
1.11897590253617e-06
1.326603679178412e-06
1.5701832890406e-06
1.855480480021742e-06
2.189109042631319e-06
2.578643641659576e-06
3.032745948933599e-06
3.561305407044507e-06
4.175596061793408e-06
4.888451010761583e-06
5.714456120163855e-06
6.670164789647528e-06
7.774335638563474e-06
9.048195122980113e-06
1.0515727197047e-05
1.22039922430342e-05
1.414347761662684e-05
1.636848222525221e-05
1.89175376904553e-05
2.183386868248353e-05
2.516589510437281e-05
2.896777882724205e-05
3.330001777312331e-05
3.823009088518418e-05
4.383315941022796e-05
5.019282706306214e-05
5.7401962029529e-05
6.556358437163879e-05
7.479182250880096e-05
8.521294248931622e-05
9.696645379604133e-05
0.0001102062954710036
0.0001251021063026432
0.0001418405828074174
0.0001606269286796838
0.0001816863992869822
0.0002052659446678313
0.0002316359543425752
0.0002610921070453969
0.000293957328241982
0.0003305838580304172
0.0003713554316668628
0.000416689574582151
0.000467040013317366
0.0005228992032676582
0.0005848009735837202
0.0006533232888983376
0.0007290911269674077
0.0008127794718721192
0.0009051164247714952
0.001006886427492133
0.001118933594229826
0.001242165146614488
0.001377554946461082
0.001526147119369399
0.001689059761108822
0.001867488717413192
0.002062711426385266
0.002276090811220564
0.002509079209573316
0.002763222327368368
0.003040163230696009
0.003341646372232614
0.003669521607027145
0.004025748150957111
0.004412398475029832
0.00483166213300851
0.005285849504731738
0.005777395422810891
0.006308862658295133
0.006882945237871977
0.007502471570219851
0.008170407354744615
0.008889858240104799
0.009664072207697648
0.01049644164475311
0.01139050507927785
0.01234994854563863
0.01337860654394077
0.01448046256725039
0.0156596491567469
0.01692044745598278
0.01826728623182205
0.01970474032328431
0.02123752849478244
0.0228705106526232
0.02460868439915073
0.02645718089504166
0.02842125999296023
0.03050630462630584
0.03271781441503517
0.03506139847124143
0.03754276738298262
0.04016772434654708
0.04294215544442144
0.0458720190384846
0.04896333427446412
0.0522221686893223
0.05565462490433404
0.05926682642082359
0.06306490250024746
0.06705497214358629
0.07124312718003017
0.07563541446425739
0.08023781722316245
0.08505623555041432
0.09009646608853782
0.095364180930902
0.1008649057616296
0.1066039973011037
0.1125866200746555
0.1188177225712064
0.1253020128483433
0.1320439336221298
0.139047636938309
0.1463169584607713
0.1538553914696011
0.1616660606480228
0.1697516957161949
0.1781146050366278
0.1867566492414525
0.1956792149949568
0.2048831889891797
0.2143689322462646
0.2241362548761303
0.2341843913472772
0.2445119763994184
0.2551170217069949
0.2659968933732381
0.2771482904154461
0.2885672243002111
0.3002489996653874
0.31218819633968
0.3243786527341612
0.3368134507687986
0.3494849023816199
0.3623845377536815
0.3755030953504407
0.3888305138352888
0.4023559260044215
0.416067654770874
0.429953211318483
0.4439992955044073
0.4581917985342215
0.4725158080341132
0.4869556155151399
0.5014947263221561
0.5161158721121875
0.5308010258480351
0.545531419399131
0.5602875636998521
0.5750492715154788
0.5897956828173906
0.6045052927123019
0.6191559819802578
0.6337250501191346
0.6481892508979374
0.6625248303729068
0.6767075672624385
0.6907128156887817
0.7045155501348549
0.7180904125703965
0.7314117616540279
0.7444537238664288
0.7571902465491895
0.7695951526386268
0.7816421969751272
0.7933051240519149
0.8045577270741927
0.8153739083429576
0.8257277406144647
0.8355935289818599
0.8449458731255888
0.8537597304908268
0.8620104815009555
0.8696739951096438
0.8767266912870121
0.8831456002226876
0.8889084223741495
0.8939935935373021
0.8983803505591633
0.902048793036796
0.9049799406575759
0.9071557892882192
0.9085593672839469
0.9091747905268132
0.9089873152122473
0.907983388172693
0.9061506948825332
0.9034782051695857
0.8999562163227909
0.8955763934169363
0.8903318067097284
0.8842169659713089
0.8772278516899296
0.8693619429698821
0.8606182420389783
0.8509972952679529
0.8405012105861859
0.829133671268825
0.8168999459794614
0.8038068950426416
0.7898629729032747
0.7750782267134325
0.7594642910686172
0.743034378846821
0.7258032681851186
0.7077872856094551
0.6890042853159658
0.6694736246750841
0.649216135981312
0.6282540945398001
0.6066111831630745
0.5843124531373215
0.5613842817794044
0.5378543266676837
0.5137514766832781
0.4891057999868501
0.4639484890495009
0.4383118029033496
0.4122290067418902
0.3857343090406538
0.3588627963643379
0.3316503660253657
0.3041336567892432
0.2763499777934966
0.2483372358742604
0.2201338614935879
0.1917787334609086
0.1633111026579852
0.1347705149554853
0.1061967335259326
0.07762966075587457
0.04910925995889597
0.02067547709543358
-0.007631837303712656
-0.03577300580974541
-0.06370860116902981
-0.09139952258374467
-0.11880707101072
-0.1458930232916496
-0.1726197049347391
-0.1989500613730804
-0.2248477275276878
-0.2502770955176132
-0.2752033803551996
-0.2995926834792904
-0.3234120539847595
-0.3466295474100159
-0.3692142819655791
-0.3911364920771618
-0.4123675791364296
-0.4328801593594208
-0.452648108658445
-0.4716466044599776
-0.4898521643831757
-0.5072426817183281
-0.5237974576517559
-0.5394972301887072
-0.5543241997530537
-0.5682620514267275
-0.5812959738222644
-0.593412674582885
-0.6046003925018266
-0.6148489062815108
-0.6241495399448466
-0.632495164940833
-0.639880198983263
-0.6463006016561531
-0.6517538668499647
-0.6562390120799917
-0.6597565647655932
-0.6623085455466422
-0.6638984487094476
-0.6645312198220373
-0.6642132306619307
-0.6629522515446306
-0.6607574211578866
-0.6576392140028364
-0.6536094055667484
-0.6486810353344731
-0.6428683677685972
-0.6361868513824124
-0.6286530760230363
-0.6202847285029371
-0.6111005467008317
-0.6011202722692911
-0.59036460208209
-0.578855138550228
-0.5666143389504064
-0.5536654638896472
-0.5400325250462598
-0.5257402323183927
-0.5108139405007659
-0.4952795956216615
-0.479163681065357
-0.4624931636156095
-0.4452954395414876
-0.4275982808351732
-0.4094297817221537
-0.3908183055524316
-0.3717924321855062
-0.3523809059749961
-0.3326125844540012
-0.3125163878261595
-0.2921212493465908
-0.2714560666796035
-0.2505496543183873
-0.2294306971492684
-0.2081277052409673
-0.1866689699217892
-0.1650825212093216
-0.1433960866531149
-0.1216370516457801
-0.09983242125486341
-0.07800878361852004
-0.05619227494597338
-0.03440854615830004
-0.012682731200012
0.008960582952259471
0.03049738456405331
0.05190426368374975
0.07315843693776571
0.09423777057254309
0.1151208017405045
0.1357867580306432
0.1562155752503279
0.1763879134682294
0.196285171329998
0.2158894986635795
0.2351838073932777
0.2541517807871762
0.2727778810647544
0.2910473553933911
0.3089462403091084
0.3264613645943715
0.3435803506530196
0.3602916144226308
0.3765843638622512
0.3924485960578377
0.4078750929922907
0.4228554160365474
0.4373818992121469
0.4514476412651087
0.4650464965976082
0.4781730651129099
0.490822681038413
0.5029914007817068
0.5146759898614862
0.5258739089624158
0.5365832991725367
0.5468029664714934
0.5565323655249298
0.5657715828253576
0.5745213192266954
0.5827828719312176
0.5905581159953662
0.5978494854073573
0.604659953774748
0.6109930146683176
0.6168526616743297
0.6222433682121831
0.6271700671648954
0.6316381303625102
0.6356533479667206
0.6392219077951686
0.6423503746259273
0.6450456695223999
0.6473150492207563
0.6491660856261644
0.65060664544458
0.6516448699800574
0.6522891551300967
0.6525481316141967
0.6524306454738503
0.6519457388624038
0.6511026311440172
0.6499107003263579
0.6483794648573983
0.6465185658192911
0.6443377495270647
0.641846850543292
0.6390557751250803
0.6359744851224329
0.6326129823468056
0.6289812934171082
0.6250894550964966
0.6209475001287275
0.6165654435771853
0.6119532696733879
0.607120919179062
0.6020782772664698
0.5968351619197967
0.5914013128607881
0.5857863810063557
0.5799999184488873
0.5740513689514922
0.567950058955589
0.5617051891030127
0.555325826275291
0.5488208961370161
0.5421991761726631
0.5354692892099709
0.5286396974258768
0.5217186968320058
0.5147144122251733
0.5076347925915432
0.5004876069543533
0.4932804406562194
0.4860206920686617
0.4787155697138465
0.4713720897861424
0.4639970740615627
0.456597148183405
0.4491787403141078
0.4417480801381991
0.434311198203342
0.4268739255866281
0.4194418938739263
0.4120205354420817
0.4046150840279832
0.3972305755711196
0.3898718493166602
0.3825435491662382
0.3752501252651034
0.3679958358114568
0.3607847490748175
0.3536207456113357
0.3465075206647765
0.3394485867437435
0.3324472763606852
0.3255067449205978
0.3186299737482053
0.3118197732424572
0.3050787861487853
0.2984094909372577
0.2918142052759678
0.2852950895898268
0.2788541506958042
0.2724932455070321
0.2662140847946802
0.2600182369974949
0.253907132070771
0.2478820653681244
0.2419442015504065
0.2360945785119389
0.230334111316197
0.2246635961341118
0.2190837141786882
0.2135950356303689
0.208198023546629
0.202893037750209
0.1976803386907386
0.1925600912750807
0.1875323686627488
0.1825971560208574
0.1777543542341629
0.1730037835664308
0.1683451872695469
0.1637782351374786
0.1593025270016399
0.1549175961651926
0.1506229127736474
0.1464178871192251
0.1423018728770087
0.1382741702710084
0.1343340291694633
0.1304806521077752
0.1267131972367059
0.1230307811942904
0.1194324819013146
0.1159173412808075
0.1124843679009617
0.1091325395399871
0.1058608056723659
0.1026680898768992
0.09955329216724697
0.0965152912452031
0.09355294667671088
0.0906651009914537
0.08785058170610947
0.08510820327156485
0.08243676894499169
0.07983507258804932
0.07730190039256431
0.07483603253424607
0.07243624475525427
0.07010130987677343
0.06782999924310092
0.06562108409892177
0.06347333690060722
0.06138553256252752
0.05935644963980297
0.05738487144939966
0.05546958713148012
0.05360939265193203
0.05180309174719818
0.05004949681309165
0.04834742973926724
0.0466957226911417
0.04509321884061526
0.04353877304707826
0.04203125249023999
0.04056953725637329
0.03915252087963766
0.0377791108398678
0.03644822901862226
0.03515881211487091
0.03390981202167237
0.03270019616508892
0.03152894780705141
0.03039506631374552
0.02929756739089084
0.02823548328735351
0.027207862968531
0.0262137722606567
0.02525229396735098
0.02432252795963081
0.02342359124080829
0.02255461798758814
0.02171475956850403
0.02090318454067583
0.02011907862614603
0.01936164466899317
0.01863010257448434
0.01792368923111207
0.01724165841645291
0.01658328068777496
0.01594784325853579
0.01533464986168178
0.01474302060060964
0.01417229178877798
0.01362181577874495
0.01309096078139725
0.01257911067609526
0.01208566481245909
0.01161003780473371
0.01115165931922646
0.01070997385557661
0.0102844405224824
0.009874532808411178
0.009479738347875884
0.009099558683841595
0.008733509026882497
0.008381118011653348
0.008041927451082903
0.007715492088567616
0.007401379348679686
0.007099169086846345
0.006808453338559587
0.006528836068323667
0.006259932918601168
0.006001370959126767
0.005752788436920463
0.005513834527378531
0.005284169086655546
0.005063462405522397
0.004851394964937006
0.004647657193632833
0.00445194922789383
0.004263980673726742
0.004083470371566006
0.003910146163684734
0.003743744664449099
0.003584011033492188
0.003430698752039387
0.003283569402448467
0.003142392451099011
0.003006945034706662
0.002877011750076671
0.002752384447391436
0.00263286202712935
0.002518250240583905
0.002408361494146322
0.002303014657342294
0.002202034874616469
0.002105253380916156
0.002012507321032405
0.001923639572754893
0.001838498573820311
0.001756938152695658
0.001678817363133534
0.001604000322510848
0.001532356053920794
0.001463758332020285
0.001398085532553986
0.001335220485568907
0.001275050332291223
0.001217466385584526
0.001162363993986547
0.001109642409270047
0.001059204657468177
0.00101095741333907
0.0009648108782216593
0.0009206786612347215
0.0008784776637482766
0.000838127967086295
0.0007995527233728861
0.0007626780495125722
0.000727432924230199
0.0006937490881081065
0.0006615609465888876
0.0006308054758391675
0.0006014221314375164
0.0005733527598410971
0.0005465415125516034
0.000520934762922479
0.0004964810255663351
0.000473130878287764
0.0004508368864698025
0.0004295535298726653
0.0004092371318206512
0.000389845790721322
0.0003713393137321891
0.0003536791524599881
0.0003368283407717625
0.0003207514350152148
0.0003054144565098705
0.0002907848357679472
0.0002768313581344173
0.0002635241112226122
0.0002508344344218191
0.000238734870406666
0.0002271991182957243
0.0002162019883275447
0.0002057193580977969
0.0001957281303866341
0.0001862061924979418
0.0001771323770837988
0.0001684864243526571
0.0001602489456552151
0.0001524013884120035
0.0001449260023211818
0.0001378058068193968
0.000131024559734345
0.0001245667271260713
0.0001184174542512915
0.0001125625375974912
0.0001069883980298457
0.0001016820548895606
9.663110114783513e-05
9.182367947004188e-05
8.72484592134523e-05
8.2894614315094e-05
7.875180205689175e-05
7.481014263447374e-05
7.106019953485854e-05
6.749296070003946e-05
6.409982042153703e-05
6.08725619593079e-05
5.7803340842766e-05
5.488466886265457e-05
5.210939869636499e-05
4.947070913626922e-05
4.69620909487219e-05
4.457733328284936e-05
4.231051063329574e-05
4.015597036695566e-05
3.810832072545826e-05
3.616241934262919e-05
3.431336223526122e-05
3.255647325550819e-05
3.088729396805456e-05
2.930157396357718e-05
2.779526158534899e-05
2.636449501800941e-05
2.500559378538359e-05
2.371505059052418e-05
2.248952352105444e-05
2.132582855301415e-05
2.022093241649473e-05
1.917194572754466e-05
1.81761164573095e-05
1.723082365576746e-05
1.633357144206308e-05
1.548198328980265e-05
1.467379652181776e-05
1.390685707343443e-05
1.317911447975941e-05
1.248861707311521e-05
1.183350740408772e-05
1.121201785539403e-05
1.062246646756383e-05
1.006325292200331e-05
9.532854729303837e-06
9.029823574678586e-06
8.552781835434998e-06
8.100419248097139e-06
7.671489723646635e-06
7.264808312655987e-06
6.879248320308309e-06
6.513738509834182e-06
6.167260496047578e-06
5.838846199804345e-06
5.527575456737653e-06
5.232573717635242e-06
4.953009863834717e-06
4.688094104016733e-06
4.437076003901516e-06
4.199242570147007e-06
3.973916459920305e-06
3.760454228276596e-06
3.558244689614987e-06
3.366707363785624e-06
3.185290957804099e-06
3.013471960974516e-06
2.850753279200379e-06
2.696662931936546e-06
2.550752826522546e-06
2.412597594913832e-06
2.281793447938021e-06
2.157957134500583e-06
2.040724914854344e-06
1.929751597751582e-06
1.824709618706924e-06
1.7252881665594e-06
1.631192347221388e-06
1.542142393216841e-06
1.457872905086749e-06
1.378132132406567e-06
1.302681292936933e-06
1.231293915408656e-06
1.163755236450364e-06
1.099861590616642e-06
1.039419862751513e-06
9.822469592378592e-07
9.281692912059997e-07
8.770222957958244e-07
8.286499748588411e-07
7.829044693891205e-07
7.396456294272077e-07
6.987406420539492e-07
6.60063642081662e-07
6.234953641736369e-07
5.889227973770644e-07
5.562388718697845e-07
5.25342151066413e-07
4.961365384160308e-07
4.685310050006469e-07
4.424393291375193e-07
4.177798627802167e-07
3.944752546648287e-07
3.724522689031047e-07
3.516415464338929e-07
3.319774180909235e-07
3.133977080015127e-07
2.958435512875862e-07
2.792592263874035e-07
2.635919750401017e-07
2.487918650085118e-07
2.348116293120525e-07
2.216065402437717e-07
2.091342575825401e-07
1.973547254564852e-07
1.862300316111918e-07
1.75724313411676e-07
1.658036304418192e-07
1.564358821917249e-07
1.47590684806501e-07
1.392393132603141e-07
1.313545832481287e-07
1.239107931807029e-07
1.16883630851614e-07
1.102501004781676e-07
1.039884562824687e-07
9.807813678733613e-08
9.24997159735313e-08
8.7234813956045e-08
8.226604059647225e-08
7.757694898960472e-08
7.315200252297155e-08
6.89765167194011e-08
6.503660910547462e-08
6.131916519167643e-08
5.781178813630795e-08
5.45027578121105e-08
5.138099854411043e-08
4.84360505025051e-08
4.565802001762919e-08
4.303756426265392e-08
4.056586053283105e-08
3.823456972186039e-08
3.603581580210256e-08
3.396214835372579e-08
3.200653607098732e-08
3.016233735633803e-08
2.84232826615613e-08
2.678344881538959e-08
2.52372369891434e-08
2.37793665544291e-08
2.240485030258404e-08
2.110897514559131e-08
1.988729389931008e-08
1.873560719551138e-08
1.764994529528102e-08
1.662657099202226e-08
1.566194719937792e-08
1.475274023492911e-08
1.389580529142688e-08
1.308816404166499e-08
1.232701587479102e-08
1.160971363414351e-08
1.093375393799874e-08
1.029678551939232e-08
9.69657664742413e-09
9.131030333028851e-09
8.598166671902597e-09
8.096112300328658e-09
7.623105484968722e-09
7.177482113353233e-09
6.757673612938891e-09
6.362199817539795e-09
5.98966615169161e-09
5.638753510377423e-09
5.308212122554553e-09
4.996883373553185e-09
4.703645974819275e-09
4.427475085638252e-09
4.167384124794303e-09
3.922445016175413e-09
3.691781862182745e-09
3.47457192363682e-09
3.270037963807538e-09
3.077449619161467e-09
2.896110892222666e-09
2.725371049119636e-09
2.564610290090912e-09
2.413254673319729e-09
2.270757018629936e-09
2.136601836089686e-09
2.01031313434513e-09
1.891431039609676e-09
1.779521171435223e-09
1.674180542887452e-09
1.57502629452447e-09
1.481700522536863e-09
1.393867177868643e-09
1.311202731870076e-09
1.233403629816066e-09
1.160192074230533e-09
1.091291881035342e-09
1.026453536133559e-09
9.654467238637229e-10
9.080382087870613e-10
8.540163328468286e-10
8.031818148531303e-10
7.55349605889714e-10
7.103449141406504e-10
6.680028714080042e-10
6.281651711770535e-10
5.906840051874217e-10
5.55421465276975e-10
5.222515531698762e-10
4.910512836236302e-10
4.617021467953303e-10
4.340931420335405e-10
4.081321968508207e-10
3.8371708590565e-10
3.607543376441937e-10
3.391575731607963e-10
3.188426487783066e-10
2.997362367466697e-10
2.81768812126681e-10
2.648674350769132e-10
2.48971643892517e-10
2.340212072984855e-10
2.19964609180108e-10
2.067472665574501e-10
1.943172384938254e-10
1.82629039258637e-10
1.716388281156386e-10
1.613095137869202e-10
1.515961964494819e-10
1.424624285219042e-10
1.338799486333288e-10
1.258150526626605e-10
1.182346350552405e-10
1.111071742520382e-10
1.044126622890307e-10
9.811434224514915e-11
9.219275755438404e-11
8.662456358181634e-11
8.139101956385998e-11
7.647192955773294e-11
7.184440455555286e-11
6.749511062962341e-11
6.34076147169202e-11
5.956395212386135e-11
5.595408359433297e-11
5.256196497148394e-11
4.937632299564134e-11
4.638585283543773e-11
4.357449665210376e-11
4.093720201813711e-11
3.845696080453559e-11
3.612381130172724e-11
3.393187935228349e-11
3.187241087332498e-11
2.993705881684752e-11
2.811769803590797e-11
2.640805467175339e-11
2.480333913408498e-11
2.329316469534394e-11
2.187184841968929e-11
2.053908639152869e-11
1.928703682146545e-11
1.811084423511788e-11
1.700590195273687e-11
1.596970865523249e-11
1.499834488540691e-11
1.40829312231166e-11
1.32232990753503e-11
1.241734696594383e-11
1.166281786794713e-11
1.095232400389796e-11
1.028558578616678e-11
9.655641330535348e-12
9.067224165839726e-12
8.512566223985208e-12
7.990217051131089e-12
7.496814081634129e-12
7.035623054530531e-12
6.60662206659445e-12
6.206488795809857e-12
5.827715061290135e-12
5.472643486511995e-12
5.135368456423094e-12
4.819556412756509e-12
4.528226642761401e-12
4.251239684817932e-12
3.989304483707097e-12
3.740541296680903e-12
3.507377483220229e-12
3.2894220474444e-12
3.08351316049202e-12
2.892971471757203e-12
2.719432842913847e-12
2.556933674409491e-12
2.401817400158886e-12
2.260401242822584e-12
2.122459626833328e-12
1.995871610963803e-12
1.873031789262271e-12
1.755504853793695e-12
1.64757254814039e-12
1.541377113541977e-12
1.444225006704957e-12
1.350821268661004e-12
1.263218533598635e-12
1.180300579090252e-12
1.106732618414225e-12
1.038309175339311e-12
9.757122847954017e-13
9.210437349647435e-13
8.712940745933163e-13
8.239926013662121e-13
7.786877318085783e-13
7.361079742190037e-13
6.894348852888295e-13
6.45319721468491e-13
5.97043135644822e-13
5.519968256149838e-13
5.118312276818127e-13
4.735521389814555e-13
4.406204242226513e-13
4.167196757840535e-13
3.983822484017761e-13
3.812663328758282e-13
3.620906030030003e-13
3.403232366109201e-13
3.203385524596752e-13
2.958495089003013e-13
2.769779218944427e-13
2.58110234778613e-13
2.408512940162082e-13
2.278710186780995e-13
2.171367716969846e-13
2.050283426174811e-13
1.899258127086223e-13
1.7562064921825e-13
1.625617256135346e-13
1.496687737400542e-13
1.387852303987032e-13
1.318863843652131e-13
1.256457525535902e-13
1.166237201739838e-13
1.105775908517005e-13
1.064639223684587e-13
1.036311317527656e-13
9.936510794447816e-14
9.244416998835129e-14
8.688839485770961e-14
7.881832298749026e-14
7.05254211926002e-14
6.421115078720959e-14
5.911964065782112e-14
