1.642126951386481e-13
9.686280697151897e-14
6.488351324646479e-14
4.064604023981989e-14
2.346368797559741e-14
1.171867083918958e-14
3.201773531880848e-15
-2.887957421616871e-15
-7.66458084961873e-15
-1.126352434871713e-14
-1.46478375567467e-14
-1.732007411245293e-14
-1.996185583306807e-14
-2.344705224221988e-14
-2.801729906652778e-14
-3.487721577194159e-14
-4.518155445758418e-14
-6.055515798518017e-14
-8.360076803763136e-14
-1.17244160841883e-13
-1.657396657287174e-13
-2.340710789375891e-13
-3.296011584336642e-13
-4.608303222824275e-13
-6.405529524232722e-13
-8.852220169507075e-13
-1.216668013807136e-12
-1.664852365047438e-12
-2.266412848765153e-12
-3.072442341403623e-12
-4.148114442307723e-12
-5.578949276052931e-12
-7.475767624930087e-12
-9.982064958078755e-12
-1.328210179368328e-11
-1.761337541875757e-11
-2.328140704935814e-11
-3.067589192729686e-11
-4.029259067802768e-11
-5.276375348740399e-11
-6.889131440108773e-11
-8.968725369923239e-11
-1.16428443608698e-10
-1.507247140657623e-10
-1.945902014799223e-10
-2.505500048358571e-10
-3.21753785199715e-10
-4.121236928778013e-10
-5.265322998300955e-10
-6.710139604672373e-10
-8.530296628885796e-10
-1.081775468719368e-09
-1.368563421783963e-09
-1.727271168308801e-09
-2.174888425006632e-09
-2.732165730263708e-09
-3.424384824170005e-09
-4.282287493397162e-09
-5.343164168750724e-09
-6.652155226045627e-09
-8.263778684380874e-09
-1.024374287669196e-08
-1.267107274200981e-08
-1.564061572457259e-08
-1.926596578715084e-08
-2.36828984572537e-08
-2.90533752554278e-08
-3.557020877064893e-08
-4.346249131407864e-08
-5.300189345136443e-08
-6.450996252444546e-08
-7.83665607045777e-08
-9.501960328370636e-08
-1.149962820434016e-07
-1.38915967277264e-07
-1.675050183602755e-07
-2.016137580085471e-07
-2.422358837668606e-07
-2.905306364008799e-07
-3.47848062903985e-07
-4.157577677838685e-07
-4.960815693223972e-07
-5.909305338377551e-07
-7.027469048798802e-07
-8.343514858488712e-07
-9.889971149868712e-07
-1.170428890220529e-06
-1.382951910687145e-06
-1.631507320409443e-06
-1.921757554652245e-06
-2.260181725702399e-06
-2.654182184254327e-06
-3.112203365307389e-06
-3.643864110364202e-06
-4.260104741652045e-06
-4.973350249807138e-06
-5.79769105113377e-06
-6.749082840914505e-06
-7.845567166010416e-06
-9.107514418225342e-06
-1.055789101621751e-05
-1.22225526487016e-05
-1.413056577641236e-05
-1.631456038077124e-05
-1.881111597135857e-05
-2.166118309694609e-05
-2.491054288164553e-05
-2.861030725778608e-05
-3.2817462638762e-05
-3.75954599030215e-05
-4.301485363117803e-05
-4.915399363821005e-05
-5.609977192147962e-05
-6.394842819241823e-05
-7.280641724614982e-05
-8.279134142836908e-05
-9.403295151548318e-05
-0.00010667421930334
-0.0001208724852071855
-0.0001368006841193035
-0.0001546486527099084
-0.000174624521281078
-0.000196956193123183
-0.0002218929141925618
-0.0002497069357155823
-0.000280695272074029
-0.0003151815560976203
-0.000353517994147348
-0.0003960874243923507
-0.0004433054788175328
-0.0004956228494239271
-0.0005535276590221611
-0.0006175479365218714
-0.0006882541960336974
-0.000766262118415763
-0.0008522353331789884
-0.0009468882978455355
-0.001050989270987832
-0.001165363374291353
-0.001290895739450307
-0.001428534747511403
-0.001579295360392008
-0.001744262524549963
-0.001924594625264071
-0.00212152698821727
-0.002336375426918358
-0.002570539827088691
-0.002825507751593703
-0.003102858052765849
-0.003404264476933175
-0.003731499247908531
-0.004086436613485568
-0.004471056335507407
-0.004887447107274893
-0.005337809876146486
-0.005824461052301666
-0.006349835582204273
-0.006916489861689633
-0.007527104468392908
-0.008184486685357763
-0.008891572792503943
-0.009651430100055773
-0.010467258693867
-0.0113423928697518
-0.01228030222389668
-0.0132845923737257
-0.01435900528081903
-0.01550741914272927
-0.01673384783076623
-0.01804243983836694
-0.01943747671508001
-0.02092337095826882
-0.02250466332933607
-0.02418601957559205
-0.02597222652292148
-0.02786818751854004
-0.02987891720029803
-0.0320095355634013
-0.03426526131450756
-0.03665140448275184
-0.03917335827597027
-0.04183659016747628
-0.04464663219235901
-0.04760907045655252
-0.0507295338371611
-0.05401368187695987
-0.05746719187204531
-0.0610957451433925
-0.06490501251324862
-0.06890063897791157
-0.07308822759869699
-0.07747332262768492
-0.08206139187455512
-0.0868578083577095
-0.0918678312466981
-0.09709658613903097
-0.1025490447080239
-0.1082300037463284
-0.1141440636735332
-0.1202956065310079
-0.1266887735288978
-0.1333274422024653
-0.1402152032214024
-0.147355336946339
-0.1547507897703661
-0.1624041503316115
-0.1703176256728751
-0.1784930174071222
-0.1869316980041544
-0.1956345872486409
-0.2046021289743524
-0.2138342681650866
-0.2233304284906048
-0.2330894904091818
-0.2431097698924739
-0.2533889978896868
-0.2639243006287115
-0.2747121808233688
-0.2857484999238444
-0.2970284614653292
-0.3085465956376633
-0.320296745172189
-0.332272052605221
-0.3444649490520549
-0.3568671445347661
-0.3694696199795248
-0.3822626209672478
-0.3952356532797588
-0.4083774803636526
-0.4216761227313102
-0.4351188593936656
-0.4486922313852911
-0.4623820474002412
-0.4761733916413797
-0.4900506338678574
-0.5039974417051057
-0.5179967952457007
-0.5320310039244845
-0.5460817257380851
-0.5601299887545942
-0.5741562149409615
-0.5881402462979571
-0.602061373250301
-0.6158983653339618
-0.6296295040727645
-0.6432326180070693
-0.6566851198220272
-0.6699640455264445
-0.6830460957507313
-0.6959076789302152
-0.708524956043914
-0.720873886821345
-0.7329302779339154
-0.7446698341785354
-0.7560682112744207
-0.7671010673609604
-0.7777441129632613
-0.7879731630073573
-0.7977641946458071
-0.8070934071711424
-0.8159372799056198
-0.8242726276896239
-0.8320766567163126
-0.8393270220713684
-0.8460018856614751
-0.8520799736367994
-0.8575406330970795
-0.8623638881980458
-0.8665304956681604
-0.8700219994266168
-0.8728207841079216
-0.8749101273249951
-0.8762742505011512
-0.8768983681782578
-0.8767687355781312
-0.875872694287447
-0.8741987159166357
-0.8717364435591133
-0.8684767309639493
-0.8644116792375722
-0.8595346709766938
-0.8538404017129987
-0.8473249085269214
-0.8399855957700606
-0.8318212577577958
-0.8228320983772566
-0.8130197475316744
-0.8023872743183653
-0.7909391969152241
-0.7786814890926528
-0.7656215833428207
-0.7517683705958623
-0.7371321964721502
-0.7217248540911569
-0.705559573408995
-0.6886510071207832
-0.6710152131490604
-0.6526696337285977
-0.6336330711587146
-0.6139256602460643
-0.5935688375146008
-0.5725853072541514
-0.5509990044763914
-0.5288350548940162
-0.5061197319954435
-0.4828804113304029
-0.4591455221221759
-0.4349444963242043
-0.4103077152731689
-0.3852664540522753
-0.3598528237131581
-0.3340997115057273
-0.3080407192658723
-0.2817101001335634
-0.2551426937522043
-0.2283738601239669
-0.2014394122903378
-0.1743755480045136
-0.1472187805776463
-0.1200058690699198
-0.09277374800832255
-0.06555945680881418
-0.03840006907904005
-0.01133262198165345
0.01560595416891904
0.04237890590094345
0.06894972599944625
0.09528222217034737
0.1213405847903023
0.1470894535791689
0.1724939830372695
0.1975199064941901
0.2221335986197536
0.2463021362608702
0.2699933574627413
0.2931759185447074
0.3158193491066757
0.3378941048463063
0.3593716180845187
0.3802243458898554
0.4004258157119456
0.4199506684376172
0.4387746987827317
0.4568748929537144
0.4742294635094439
0.490817881377388
0.5066209049783083
0.5216206064116167
0.5358003946788447
0.5491450359149795
0.5616406706217933
0.5732748278979458
0.5840364366598303
0.5939158338726276
0.602904769799699
0.6109964103027941
0.6181853362257592
0.6244675398939301
0.6298404187854632
0.6343027664180042
0.6378547605185723
0.6404979485423139
0.6422352306023726
0.6430708398968255
0.6430103207047638
0.6420605040435469
0.640229481078424
0.6375265743748937
0.6339623071037157
0.6295483702905668
0.6242975882240852
0.6182238821301088
0.6113422322113118
0.6036686381680653
0.5952200783121989
0.5860144674021056
0.576070613315226
0.5654081726631509
0.5540476054715351
0.5420101290365369
0.5293176710785757
0.5159928223099608
0.5020587885306632
0.4875393423771722
0.472458774824309
0.4568418465471265
0.4407137392521386
0.4241000070881621
0.4070265282506251
0.3895194568689345
0.3716051752736212
0.3533102467381251
0.334661368786403
0.3156853271591922
0.2964089505181368
0.2768590659695356
0.2570624554844211
0.2370458132867953
0.2168357042823503
0.1964585235878095
0.1759404572218109
0.1553074440132911
0.1345851387782384
0.1137988768138345
0.09297363975194385
0.07213402281227085
0.05130420348891478
0.03050791169908402
0.009768401420700174
-0.01089157615911715
-0.0314497979662953
-0.05188459281908505
-0.07217486365439163
-0.0923001081955442
-0.1122404380590262
-0.1319765963021275
-0.1514899734168837
-0.1707626217770173
-0.1897772685482568
-0.2085173270765401
-0.2269669067762106
-0.2451108215403205
-0.2629345966916142
-0.2804244744968143
-0.2975674182738655
-0.3143511151297724
-0.3307639773635274
-0.3467951425617636
-0.3624344724199068
-0.3776725503295612
-0.392500677781322
-0.4069108696259482
-0.4208958482269272
-0.4344490365432414
-0.4475645501903129
-0.4602371885352733
-0.4724624248738498
-0.4842363957261114
-0.4955558892949379
-0.5064183331366958
-0.516821781098791
-0.5267648995725005
-0.5362469531042227
-0.5452677894157173
-0.5538278238768698
-0.561928023476323
-0.5695698903365141
-0.5767554448214394
-0.5834872082903027
-0.5897681855337299
-0.5956018469323855
-0.6009921103802706
-0.6059433230181931
-0.6104602428265279
-0.6145480201081577
-0.6182121788939651
-0.6214585983078099
-0.6242934939341879
-0.6267233992346833
-0.628755147035579
-0.6303958511121452
-0.6316528879000883
-0.6325338783674386
-0.6330466700803263
-0.6331993194845905
-0.6330000744314359
-0.6324573569706172
-0.6315797464289054
-0.6303759627953277
-0.6288548504315874
-0.627025362126745
-0.6248965435131687
-0.6224775178609275
-0.6197774712726477
-0.6168056382827656
-0.6135712878663664
-0.6100837098677807
-0.6063522018641203
-0.602386056479398
-0.5981945491474872
-0.5937869263248524
-0.5891723941570122
-0.5843601076061052
-0.5793591600474243
-0.5741785733301615
-0.5688272883002539
-0.5633141557845578
-0.5576479280363388
-0.551837250643479
-0.5458906548920718
-0.5398165505802951
-0.533623219277881
-0.527318808026114
-0.5209113234750964
-0.5144086264486002
-0.5078184269289753
-0.501148279454256
-0.4944055789199313
-0.4875975567800664
-0.4807312776350759
-0.473813636196126
-0.4668513546164445
-0.4598509801792809
-0.4528188833340026
-0.445761256067821
-0.438684110601661
-0.4315932783994476
-0.4244944094809057
-0.4173929720297959
-0.4102942522830985
-0.4032033546892655
-0.3961252023241892
-0.3890645375536245
-0.3820259229321954
-0.3750137423261401
-0.3680322022481489
-0.3610853333932582
-0.3541769923658195
-0.3473108635889019
-0.3404904613828744
-0.3337191322008859
-0.3270000570111174
-0.3203362538174845
-0.3137305803115473
-0.3071857366429357
-0.300704268297732
-0.2942885690755314
-0.2879408841563418
-0.281663313249338
-0.2754578138140511
-0.2693262043456896
-0.2632701677164843
-0.2572912545657567
-0.251390886732539
-0.2455703607218934
-0.23983085119766
-0.234173414494853
-0.2285989921453361
-0.2231084144110682
-0.2177024038185404
-0.21238157868916
-0.2071464566601751
-0.2019974581905829
-0.1969349100474726
-0.1919590487681738
-0.1870700240951637
-0.1822679023795405
-0.1775526699476226
-0.1729242364263934
-0.1683824380254938
-0.1639270407741931
-0.1595577437103544
-0.1552741820172933
-0.1510759301054424
-0.1469625046373595
-0.1429333674948778
-0.1389879286866495
-0.135125549193975
-0.1313455437540351
-0.12764718357859
-0.1240296990065531
-0.1204922820895998
-0.1170340891107102
-0.113654243035728
-0.1103518358966847
-0.1071259311061879
-0.1039755657027285
-0.1008997525272757
-0.09789748233181925
-0.09496772581926027
-0.09210943561447378
-0.08932154816690716
-0.08660298558592078
-0.08395265741005219
-0.08136946231008957
-0.07885228972610493
-0.07640002143940421
-0.07401153308052927
-0.07168569557459895
-0.06942137652466285
-0.06721744153400057
-0.06507275546841726
-0.06298618365976755
-0.06095659305196526
-0.05898285329059125
-0.05706383775757906
-0.0551984245521914
-0.05338549741915936
-0.05162394662511482
-0.04991266978486131
-0.04825057263908623
-0.04663656978480978
-0.04506958535984132
-0.04354855368286649
-0.0420724198501396
-0.04064014029004245
-0.03925068327687146
-0.0379030294053488
-0.03659617202740715
-0.03532911765229458
-0.0341008863112078
-0.0329105118877325
-0.03175704241564451
-0.03063954034554191
-0.02955708278129379
-0.02850876168729675
-0.02749368406773092
-0.02651097211924346
-0.02555976335817824
-0.02463921072355043
-0.02374848265691624
-0.02288676316027249
-0.02205325183289538
-0.02124716388810018
-0.02046773015102484
-0.0197141970385064
-0.01898582652202791
-0.01828189607463018
-0.01760169860269213
-0.01694454236346376
-0.0163097508691155
-0.01569666277814415
-0.01510463177512141
-0.01453302643974248
-0.01398123010572237
-0.01344864070997476
-0.01293467063291727
-0.0124387465307394
-0.01196030916044203
-0.01149881319815875
-0.01105372705108422
-0.01062453266369071
-0.01021072531895033
-0.0098118134350695
-0.009427318358282007
-0.009056774151978057
-0.008699727382768797
-0.008355736903867083
-0.008024373636397551
-0.007705220348858325
-0.007397871435202613
-0.007101932691838707
-0.006817021093886242
-0.00654276457099065
-0.006278801783028623
-0.006024781896121056
-0.005780364359155918
-0.005545218681067741
-0.00531902420901995
-0.005101469907828274
-0.004892254140742904
-0.004691084451836188
-0.004497677350242294
-0.004311758096415707
-0.004133060490527893
-0.003961326663096809
-0.003796306868016683
-0.003637759278114311
-0.003485449783366326
-0.003339151791856064
-0.003198646033616274
-0.003063720367373392
-0.002934169590312765
-0.002809795250884788
-0.00269040546472824
-0.002575814733795453
-0.002465843768686746
-0.002360319314249971
-0.002259073978443906
-0.002161946064480873
-0.002068779406319169
-0.001979423207493045
-0.001893731883237453
-0.001811564906036025
-0.001732786654455383
-0.001657266265334002
-0.001584877489206307
-0.001515498549067261
-0.001449012002456443
-0.001385304606738902
-0.001324267187670263
-0.001265794511145966
-0.001209785158083117
-0.001156141402462191
-0.001104769092489142
-0.001055577534771165
-0.001008479381556391
-0.0009633905209381273
-0.0009202299699562031
-0.0008789197706022364
-0.0008393848887456506
-0.0008015531159120395
-0.0007653549736804389
-0.0007307236204053573
-0.0006975947606334479
-0.0006659065577795496
-0.0006355995498809718
-0.000606616567479305
-0.0005789026528244205
-0.0005524049814109763
-0.000527072786413669
-0.0005028572859404767
-0.0004797116124637942
-0.0004575907441150504
-0.0004364514380787464
-0.0004162521661243138
-0.0003969530522353626
-0.0003785158122148173
-0.0003609036952111927
-0.000344081427153815
-0.0003280151560032328
-0.000312672398835751
-0.0002980219906409806
-0.0002840340348388236
-0.0002706798554615836
-0.00025793195094116
-0.0002457639494405937
-0.0002341505657414254
-0.0002230675595752308
-0.0002124916954482704
-0.0002024007037872522
-0.0001927732435095494
-0.0001835888658567809
-0.000174827979537332
-0.0001664718170905449
-0.0001585024024565169
-0.0001509025197009242
-0.0001436556828741215
-0.0001367461069680532
-0.0001301586799163038
-0.0001238789356293453
-0.0001178930280217162
-0.0001121877060014212
-0.0001067502893660644
-0.0001015686456328371
-9.663116770510812e-05
-9.192675239820452e-05
-8.744477976647979e-05
-8.317509322714381e-05
-7.910798042583358e-05
-7.523415484870773e-05
-7.154473813439043e-05
-6.803124307302135e-05
-6.468555726052994e-05
-6.149992739738792e-05
-5.846694418269547e-05
-5.557952782539893e-05
-5.283091410226484e-05
-5.021464098679957e-05
-4.772453579109253e-05
-4.535470283868452e-05
-4.309951161780719e-05
-4.095358541183746e-05
-3.891179038731142e-05
-3.696922512880457e-05
-3.512121058192791e-05
-3.336328043518911e-05
-3.169117186261236e-05
-3.010081666435709e-05
-2.85883327617545e-05
-2.715001606689585e-05
-2.57823326378966e-05
-2.448191121434888e-05
-2.3245536036635e-05
-2.207013996659651e-05
-2.095279789742765e-05
-1.989072044828649e-05
-1.888124790702223e-05
-1.79218444596929e-05
-1.70100926363602e-05
-1.614368799566348e-05
-1.53204340523436e-05
-1.453823741422114e-05
-1.379510311876587e-05
-1.308913018005381e-05
-1.241850732445865e-05
-1.178150891964353e-05
-1.117649105830443e-05
-1.06018878433677e-05
-1.005620781009215e-05
-9.538030508597639e-06
-9.046003245903828e-06
-8.578837963634899e-06
-8.135308254976833e-06
-7.714246519459108e-06
-7.314541234700011e-06
-6.93513434868101e-06
-6.575018799347469e-06
-6.233236131257752e-06
-5.908874230728697e-06
-5.601065154525415e-06
-5.308983055753167e-06
-5.031842216699456e-06
-4.768895148891261e-06
-4.519430803736088e-06
-4.282772830977649e-06
-4.05827796374089e-06
-3.84533441787956e-06
-3.643360423788591e-06
-3.451802775027633e-06
-3.270135491896435e-06
-3.097858505348231e-06
-2.934496421374922e-06
-2.779597328709796e-06
-2.632731685612552e-06
-2.493491234562232e-06
-2.361487980974372e-06
-2.236353214666039e-06
-2.117736577742143e-06
-2.005305176957986e-06
-1.89874272752154e-06
-1.797748766011038e-06
-1.702037860496342e-06
-1.611338892055179e-06
-1.525394338259162e-06
-1.443959633689673e-06
-1.366802513285071e-06
-1.29370242162568e-06
-1.224449931851884e-06
-1.158846195575915e-06
-1.096702430393487e-06
-1.037839417232924e-06
-9.820870316973145e-07
-9.292837850769207e-07
-8.792764062959312e-07
-8.319194243457318e-07
-7.870747885473502e-07
-7.446114958300345e-07
-7.044052420474631e-07
-6.663380821347346e-07
-6.302981139334632e-07
-5.961791769517316e-07
-5.638805660900984e-07
-5.333067510045528e-07
-5.043671265174334e-07
-4.769757502458835e-07
-4.510511246557054e-07
-4.265159548962076e-07
-4.032969529631608e-07
-3.813246211464761e-07
-3.605330663920214e-07
-3.408598127722864e-07
-3.222456290865078e-07
-3.0463437264879e-07
-2.879728423996539e-07
-2.722106272749202e-07
-2.5729992742844e-07
-2.43195414358599e-07
-2.298541139358645e-07
-2.172353186768693e-07
-2.053004657879635e-07
-1.940130258400464e-07
-1.833383837264895e-07
-1.732437441085849e-07
-1.636980342509738e-07
-1.546718237582554e-07
-1.461372312790074e-07
-1.380678527221246e-07
-1.30438677943495e-07
-1.232260189810264e-07
-1.164074466030769e-07
-1.099617165947721e-07
-1.038687099276137e-07
-9.810938546838476e-08
-9.266571043985055e-08
-8.752061124310326e-08
-8.265792351740426e-08
-7.806234599898181e-08
-7.371939211375215e-08
-6.961535394213339e-08
-6.573724935384249e-08
-6.207280366262379e-08
-5.861038641411771e-08
-5.533899789259762e-08
-5.224823140772755e-08
-4.932823227517861e-08
-4.656967629677629e-08
-4.396375504090614e-08
-4.150212066520966e-08
-3.917687435047011e-08
-3.698055297884224e-08
-3.490608678700367e-08
-3.294679687689251e-08
-3.109636172092664e-08
-2.934880804551091e-08
-2.769847731359129e-08
-2.614002118743672e-08
-2.46683802582146e-08
-2.327877264432319e-08
-2.196667619558247e-08
-2.072781312466285e-08
-1.955814633540351e-08
-1.845384929853148e-08
-1.741131155944029e-08
-1.642711571921173e-08
-1.549802860448545e-08
-1.462100196786242e-08
-1.379314350375158e-08
-1.301172844168628e-08
-1.227417827875632e-08
-1.157805274468099e-08
-1.09210507828184e-08
-1.030099712559522e-08
-9.715835566262409e-09
-9.16361797830815e-09
-8.642511483998017e-09
-8.150778274093486e-09
-7.686781861885193e-09
-7.248969238217977e-09
-6.835876982427188e-09
-6.446126109851745e-09
-6.078410580325599e-09
-5.731494892453137e-09
-5.404217262225896e-09
-5.095469757541814e-09
-4.804218405597689e-09
-4.529477011385571e-09
-4.270317816015219e-09
-4.025872511038702e-09
-3.795308796909511e-09
-3.577845680466325e-09
-3.372744470832502e-09
-3.179307285163031e-09
-2.996874256394274e-09
-2.824826197075453e-09
-2.662575373949562e-09
-2.509573904534928e-09
-2.365299504155639e-09
-2.229259480312803e-09
-2.100984541601458e-09
-1.980039135367009e-09
-1.866001539056836e-09
-1.758485124633693e-09
-1.657115135306912e-09
-1.561549113594809e-09
-1.47145493382752e-09
-1.38652040808941e-09
-1.306452207473277e-09
-1.23097568369071e-09
-1.159827159985625e-09
-1.092767213464078e-09
-1.029556515065775e-09
-9.699803990520778e-10
-9.13826269612462e-10
-8.608998198449632e-10
-8.11019661181851e-10
-7.640085158648048e-10
-7.197023411740829e-10
-6.779462417828261e-10
-6.385962044852955e-10
-6.015150923946884e-10
-5.665744816918597e-10
-5.336505901284552e-10
-5.026292411699693e-10
-4.734022159378589e-10
-4.458667309818665e-10
-4.199227093227811e-10
-3.954770378041066e-10
-3.724444136370128e-10
-3.507445672524179e-10
-3.303007904224544e-10
-3.110394323217678e-10
-2.928940785885163e-10
-2.758061907895187e-10
-2.59706293816225e-10
-2.445425096299151e-10
-2.302566871181429e-10
-2.168035177695519e-10
-2.04128227765813e-10
-1.921911443690221e-10
-1.80946970670689e-10
-1.703539986898639e-10
-1.603808841443407e-10
-1.509877670819541e-10
-1.421400141413443e-10
-1.338105289925021e-10
-1.259689962720939e-10
-1.185846286934109e-10
-1.116317999816505e-10
-1.050837175643466e-10
-9.891715764029846e-11
-9.311135746127542e-11
-8.764300176525317e-11
-8.249185860172599e-11
-7.764262227623722e-11
-7.307670451879289e-11
-6.877818060049058e-11
-6.472704968948888e-11
-6.091210358520246e-11
-5.732535646188053e-11
-5.394534821407783e-11
-5.076963718701149e-11
-4.778152533882615e-11
-4.496750362393185e-11
-4.231774574152354e-11
-3.982174339461136e-11
-3.74791912182167e-11
-3.526878340566411e-11
-3.318915159432923e-11
-3.122699381120658e-11
-2.938013671485755e-11
-2.764490684568053e-11
-2.601055106728216e-11
-2.447274304082091e-11
-2.302598599324535e-11
-2.166239444479113e-11
-2.037671914240784e-11
-1.916493723711334e-11
-1.802769545354356e-11
-1.695762786663775e-11
-1.595640210999025e-11
-1.501347722547703e-11
-1.412996925675207e-11
-1.329789388505796e-11
-1.251331875288563e-11
-1.1770591086064e-11
-1.107314032363959e-11
-1.041521656519138e-11
-9.796471615005389e-12
-9.211878858034692e-12
-8.66035894259509e-12
-8.144066804839169e-12
-7.657306955139417e-12
-7.199610539950553e-12
-6.769690095076338e-12
-6.369039398300719e-12
-5.992517710947033e-12
-5.638462620529262e-12
-5.308035055524068e-12
-4.993593454834044e-12
-4.697920140806281e-12
-4.415838466847364e-12
-4.152119262787296e-12
-3.903614783049728e-12
-3.669448651509619e-12
-3.445629784546136e-12
-3.240692983196834e-12
-3.04837865405564e-12
-2.868174176260085e-12
-2.701565213004906e-12
-2.543094291667012e-12
-2.39132149307016e-12
-2.251730112794114e-12
-2.11338384603347e-12
-1.985001931148684e-12
-1.859250631765411e-12
-1.744675400218987e-12
-1.637035694842644e-12
-1.538231283991643e-12
-1.44935887323138e-12
-1.368751949772839e-12
-1.292441751162466e-12
-1.217362371438367e-12
-1.146219190360832e-12
-1.079271438112243e-12
-1.01340888865353e-12
-9.521127389924073e-13
-8.939225837252967e-13
-8.384779014833007e-13
-7.878113956873875e-13
-7.371344066712907e-13
-6.92024911146822e-13
-6.485224335141226e-13
-6.067286470484877e-13
-5.669591706446414e-13
-5.308898496542474e-13
-5.030982543631124e-13
-4.779245109974082e-13
-4.541998688697722e-13
-4.300999963304693e-13
-4.063759849993611e-13
-3.850217247559611e-13
-3.611955122432605e-13
-3.355057086388072e-13
-3.143921036288329e-13
