1.30290465663345e-12
8.240050509598496e-13
5.260856990502459e-13
3.378745446073035e-13
2.184726239852676e-13
1.420613897760191e-13
9.261177707272529e-14
5.988825214720766e-14
3.777688794619685e-14
2.183511029016668e-14
9.381117955504342e-15
-1.918577322838717e-15
-1.391687767635855e-14
-2.801705507443269e-14
-4.654897953702363e-14
-7.174787167175629e-14
-1.071961144234915e-13
-1.557874571536198e-13
-2.238044259034727e-13
-3.173010493469103e-13
-4.463784269371848e-13
-6.223758650883769e-13
-8.625155564209426e-13
-1.188444417771704e-12
-1.628809735147958e-12
-2.221069633995416e-12
-3.018519717299208e-12
-4.083517006956863e-12
-5.50489221786745e-12
-7.396085893510951e-12
-9.901186515589646e-12
-1.321110088675062e-11
-1.756954068176814e-11
-2.328851893962241e-11
-3.077038626189843e-11
-4.052688143665751e-11
-5.321345827272562e-11
-6.965927488007555e-11
-9.091444058726102e-11
-1.183067454746801e-10
-1.535101797542599e-10
-1.986289121751356e-10
-2.562982838938553e-10
-3.298146683458607e-10
-4.232916183666305e-10
-5.41841855852978e-10
-6.918158820511684e-10
-8.810728829066477e-10
-1.119319534011376e-09
-1.418516207368106e-09
-1.793360880379443e-09
-2.261879327053348e-09
-2.846114919874547e-09
-3.572973915836105e-09
-4.475210551746429e-09
-5.592619389127391e-09
-6.9734362688569e-09
-8.67599739755794e-09
-1.077070549576106e-08
-1.334234106222596e-08
-1.649278018742537e-08
-2.034418721530416e-08
-2.504274766502674e-08
-3.076303831477965e-08
-3.771311568340569e-08
-4.614044173438468e-08
-5.633876727332134e-08
-6.865610977169915e-08
-8.350398608506177e-08
-1.013680731061909e-07
-1.228204945571473e-07
-1.485339615528908e-07
-1.792980046505649e-07
-2.160375898484743e-07
-2.598344088985112e-07
-3.119512102957632e-07
-3.738595376915015e-07
-4.472712924743429e-07
-5.341746188893605e-07
-6.36874585202774e-07
-7.58039266504112e-07
-9.007518312181796e-07
-1.068569328168833e-06
-1.265588925376716e-06
-1.496522410791116e-06
-1.766779858734397e-06
-2.082563430816579e-06
-2.450972356361834e-06
-2.880120249148899e-06
-3.379265973804764e-06
-3.958959393611179e-06
-4.631203424157374e-06
-5.409633901853366e-06
-6.309718896540555e-06
-7.348979185502063e-06
-8.547231708712885e-06
-9.926857929060596e-06
-1.151309910177401e-05
-1.333438056611346e-05
-1.542266722417583e-05
-1.781385245979152e-05
-2.0548182837724e-05
-2.367072142109626e-05
-2.723185378931141e-05
-3.128783910541333e-05
-3.590140890303793e-05
-4.114241667021949e-05
-4.70885414304625e-05
-5.382604860558802e-05
-6.145061153846423e-05
-7.006819708795173e-05
-7.979601880803107e-05
-9.07635612027788e-05
-0.0001031136786268816
-0.0001170037723438814
-0.0001326070492830598
-0.0001501138659410606
-0.0001697331608312605
-0.0001916939787520871
-0.0002162470900251525
-0.0002436667076530208
-0.0002742523051385546
-0.0003083305374389122
-0.0003462572672121671
-0.0003884196981425183
-0.0004352386167205977
-0.0004871707434216059
-0.0005447111946348971
-0.0006083960582061685
-0.0006788050810315805
-0.0007565644670043024
-0.0008423497836004321
-0.0009368889746415475
-0.001040965475927107
-0.001155421429502165
-0.001281160991282635
-0.001419153725691965
-0.001570438079747662
-0.001736124927927008
-0.001917401179966316
-0.002115533461511106
-0.002331871865653292
-0.002567853744349265
-0.002825007507007294
-0.003104956420971936
-0.003409422411467757
-0.003740229847855023
-0.004099309292365215
-0.004488701192697392
-0.004910559497311845
-0.005367155175504075
-0.005860879620844421
-0.00639424791201601
-0.006969901910214132
-0.007590613164284224
-0.008259285599801552
-0.008978957965354684
-0.009752806004748527
-0.01058414433127373
-0.0114764279695645
-0.01243325353814351
-0.01345836004266114
-0.01455562924468571
-0.01572908558160814
-0.01698289559980955
-0.01832136687416534
-0.01974894638366334
-0.02127021830703449
-0.02288990121709459
-0.02461284463589852
-0.02644402492781494
-0.02838854050418763
-0.03045160630658059
-0.03263854755572016
-0.03495479273201043
-0.0374058657732565
-0.03999737747175363
-0.04273501604590131
-0.04562453688746957
-0.04867175145862671
-0.05188251533820466
-0.0552627154129542
-0.05881825620132068
-0.06255504532949518
-0.06647897814683584
-0.07059592149997933
-0.07491169667968581
-0.07943206154350753
-0.08416269185668229
-0.08910916185494008
-0.09427692407198865
-0.09967128846714852
-0.1052974008747795
-0.1111602208442457
-0.1172644988916555
-0.123614753230458
-0.1302152460386075
-0.1370699593038681
-0.144182570343564
-0.1515564270363377
-0.159194522855462
-0.1670994717820561
-0.1752734831581995
-0.1837183366021889
-0.1924353570358038
-0.2014253899324756
-0.2106887768809697
-0.2202253315362884
-0.2300343160978885
-0.2401144183728013
-0.2504637295472277
-0.2610797227704019
-0.2719592326257039
-0.2830984356394566
-0.2944928318832776
-0.3061372277986849
-0.3180257203472288
-0.3301516825529445
-0.3425077505843367
-0.3550858124219784
-0.3678769982378972
-0.3808716725787088
-0.3940594283990121
-0.4074290830787545
-0.4209686764484398
-0.434665470930948
-0.4485059538687823
-0.462475842055397
-0.4765600885820188
-0.4907428919891777
-0.5050077077995316
-0.5193372624670455
-0.533713569728023
-0.5481179494363483
-0.5625310488275629
-0.5769328662482481
-0.5913027773448406
-0.6056195636541277
-0.6198614436368608
-0.6340061060534505
-0.6480307456742982
-0.6619121012743441
-0.6756264958140393
-0.6891498788157823
-0.7024578707766294
-0.7155258095385533
-0.7283287985214539
-0.740841756728945
-0.7530394705675516
-0.7648966471855625
-0.776387968936107
-0.7874881488411755
-0.7981719875946696
-0.8084144331672246
-0.818190641463751
-0.8274760348519606
-0.8362463583285326
-0.8444777371983443
-0.8521467402616736
-0.8592304444292734
-0.8657064963454245
-0.8715531706473787
-0.8767494278043171
-0.8812749729580012
-0.8851103143459003
-0.8882368203565
-0.8906367749981995
-0.8922934319081958
-0.8931910669132508
-0.8933150288245209
-0.8926517882723218
-0.8911889844172671
-0.8889154693759856
-0.8858213502807876
-0.881898028762341
-0.8771382377427556
-0.8715360754090865
-0.8650870362158604
-0.8577880388553784
-0.8496374510391895
-0.8406351110237296
-0.8307823457936605
-0.8200819857965795
-0.8085383762057015
-0.7961573846133581
-0.7829464051415665
-0.7689143589347066
-0.7540716909784947
-0.7384303632661813
-0.7220038442791453
-0.7048070948220945
-0.6868565502328591
-0.6681700989699475
-0.6487670576485367
-0.6286681425521958
-0.6078954377074856
-0.5864723595955221
-0.5644236185660977
-0.5417751770748724
-0.5185542048220814
-0.4947890309192524
-0.4705090932057966
-0.4457448848357548
-0.4205278982943649
-0.3948905669680579
-0.3688662044272573
-0.3424889415813105
-0.3157936618663696
-0.2888159346525965
-0.2615919470272287
-0.2341584341362
-0.2065526082666039
-0.1788120868522899
-0.1509748195983644
-0.1230790149052919
-0.09516306578699248
-0.06726547547201234
-0.03942478287478689
-0.01167948812965274
0.01593202162638337
0.04337154603425705
0.07060114467362628
0.0975832094227489
0.1242805358419615
0.1506563934065038
0.1766745944210261
0.2022995614526794
0.2274963931225755
0.2522309281092317
0.2764698072132018
0.3001805333450282
0.3233315293047374
0.3458921932259628
0.3678329515784394
0.3891253096107715
0.4097418991342753
0.429656523555365
0.4488442000688624
0.4672811989476502
0.4849450798523568
0.5018147251108606
0.5178703699194871
0.5330936294164912
0.5474675226040817
0.5609764930891668
0.5736064266408304
0.5853446655606743
0.5961800198589086
0.6061027752576207
0.6151046980323459
0.6231790367298292
0.6303205207988365
0.6365253561689259
0.6417912178389186
0.646117239523021
0.6495040004275966
0.6519535092304367
0.6534691853320505
0.6540558374730485
0.6537196397962125
0.6524681054561072
0.6503100578750526
0.6472555997391201
0.6433160798507029
0.6385040579383036
0.6328332675428491
0.6263185770971413
0.6189759493127057
0.6108223990057096
0.6018759494743847
0.5921555875597978
0.5816812175142209
0.5704736137916879
0.5585543728892975
0.5459458643625595
0.5326711811514884
0.5187540893408221
0.5042189774660133
0.4890908054907925
0.4733950535707944
0.4571576707241579
0.4404050235244504
0.4231638449275034
0.40546118335102
0.3873243521024377
0.3687808792555176
0.3498584580761723
0.330584898097154
0.3109880769418114
0.2910958929757631
0.2709362188697408
0.2505368561536122
0.2299254908371155
0.2091296501719035
0.1881766606177485
0.1670936070759298
0.1459072934472506
0.124644204567107
0.103330469567905
0.08199182670961014
0.06065358971788085
0.0393406156640789
0.01807727441676778
-0.003112580309366572
-0.02420563828655032
-0.04517915847236333
-0.066010993062117
-0.08667960988711054
-0.1071641131546465
-0.1274442625291172
-0.1475004905584149
-0.1673139184532585
-0.1868663702301264
-0.206140385233998
-0.2251192290575883
-0.2437869028796479
-0.2621281512468344
-0.280128468323195
-0.2977741026353698
-0.3150520603461325
-0.3319501070976806
-0.3484567684628859
-0.3645613290357211
-0.3802538301972417
-0.3955250666019869
-0.410366581438362
-0.4247706605097444
-0.4387303251731461
-0.452239324178431
-0.4652921244598808
-0.4778839009413023
-0.4900105254058887
-0.5016685544694551
-0.5128552167019697
-0.5235683989529643
-0.5338066319441936
-0.5435690751818101
-0.5528555012273391
-0.5616662793745064
-0.5700023587843893
-0.5778652511368646
-0.5852570128477753
-0.592180226895066
-0.5986379843049697
-0.6046338653406456
-0.6101719204377102
-0.6152566509312998
-0.6198929896213347
-0.6240862812269868
-0.6278422627631156
-0.6311670438746285
-0.6340670871671525
-0.6365491885753484
-0.6386204578135054
-0.640288298933792
-0.6415603910185084
-0.642444669037878
-0.6429493049108042
-0.6430826888086993
-0.6428534107178178
-0.6422702422786971
-0.6413421189264183
-0.6400781223582004
-0.6384874633545884
-0.6365794649689868
-0.634363546106415
-0.6318492055075403
-0.6290460061483968
-0.6259635600697816
-0.6226115136475303
-0.6189995333152556
-0.6151372917492519
-0.6110344545255398
-0.6067006672635673
-0.6021455432535384
-0.5973786515656493
-0.5924095056445242
-0.5872475523972507
-0.5819021617835571
-0.5763826169004312
-0.5706981045553745
-0.5648577063267231
-0.5588703901118502
-0.5527450021652561
-0.5464902596163035
-0.5401147434591461
-0.5336268920089277
-0.5270349948189961
-0.5203471870557154
-0.513571444318892
-0.5067155778985134
-0.4997872304588719
-0.492793872140992
-0.4857427970762139
-0.4786411202978407
-0.4714957750399547
-0.4643135104125032
-0.4571008894421288
-0.4498642874704166
-0.4426098908946506
-0.4353436962387591
-0.4280715095426282
-0.4207989460575797
-0.4135314302377209
-0.4062741960131253
-0.3990322873322056
-0.391810558961227
-0.384613677530016
-0.3774461228146296
-0.3703121892420307
-0.3632159876044654
-0.3561614469717471
-0.3491523167899424
-0.3421921691563495
-0.3352844012580934
-0.3284322379628258
-0.3216387345508026
-0.314906779578575
-0.3082390978659494
-0.3016382535936946
-0.2951066535006827
-0.2886465501709661
-0.2822600454032088
-0.2759490936557203
-0.26971550555571
-0.263560951463461
-0.2574869650831171
-0.2514949471124832
-0.2455861689248859
-0.2397617762750975
-0.2340227930222152
-0.2283701248628307
-0.2228045630683796
-0.2173267882217615
-0.2119373739459508
-0.2066367906188078
-0.2014254090687402
-0.196303504246258
-0.1912712588671169
-0.1863287670222298
-0.1814760377504077
-0.1767129985700242
-0.1720394989656041
-0.1674553138260575
-0.1629601468314437
-0.1585536337864148
-0.1542353458975243
-0.150004792990574
-0.1458614266652047
-0.1418046433855559
-0.1378337875065169
-0.1339481542338863
-0.1301469925157333
-0.1264295078632686
-0.1227948651008
-0.1192421910446243
-0.1157705771101231
-0.1123790818462675
-0.1090667333974842
-0.105832531892119
-0.1026754517570133
-0.09959444395825273
-0.09658843816883571
-0.09365634486405124
-0.09079705734435514
-0.08800945368588346
-0.08529239861926273
-0.08264474533773328
-0.08006533723582886
-0.07755300957889323
-0.07510659110388875
-0.0727249055525893
-0.07040677313869396
-0.0681510119505423
-0.06595643928994338
-0.06382187294791762
-0.06174613241860626
-0.05972804005300746
-0.05776642215404627
-0.05586011001413568
-0.0540079408964634
-0.05220875896146432
-0.05046141613987463
-0.04876477295396707
-0.04711769928826454
-0.04551907511140508
-0.04396779115058276
-0.04246274951967054
-0.04100286430236707
-0.03958706209195697
-0.03821428248939503
-0.03688347856104631
-0.03559361725754939
-0.03434367979528766
-0.03313266200170607
-0.03195957462567191
-0.03082344361432816
-0.02972331035784607
-0.02865823190361395
-0.02762728114090314
-0.02662954695726985
-0.02566413436784255
-0.02473016461900054
-0.02382677526779928
-0.02295312023806888
-0.02210836985416688
-0.02129171085353607
-0.02050234637927418
-0.01973949595379369
-0.01900239543464935
-0.01829029695351427
-0.01760246883938681
-0.01693819552675857
-0.01629677744973748
-0.01567753092293393
-0.01507978801018235
-0.01450289638180152
-0.01394621916125653
-0.01340913476195627
-0.01289103671492976
-0.01239133348803972
-0.01190944829741616
-0.01144481891192009
-0.01099689745143217
-0.01056515017937202
-0.01014905728987498
-0.00974811269023239
-0.009361823779312214
-0.008989711222577022
-0.008631308724047226
-0.008286162795557375
-0.007953832523782838
-0.007633889335536999
-0.007325916761828259
-0.007029510200966546
-0.006744276681054167
-0.006469834622143121
-0.006205813598528652
-0.00595185410139949
-0.005707607302246463
-0.005472734817122622
-0.005246908472140531
-0.005029810070333279
-0.004821131160130015
-0.004620572805660068
-0.004427845359147797
-0.004242668235549315
-0.00406476968957884
-0.003893886595210914
-0.003729764227835425
-0.003572156049203593
-0.003420823495250924
-0.003275535766938786
-0.003136069624254806
-0.003002209183417785
-0.002873745717284751
-0.002750477459067104
-0.002632209409458201
-0.00251875314715539
-0.002409926642880618
-0.002305554076895134
-0.0022054656600792
-0.002109497458510458
-0.00201749122164169
-0.001929294214026517
-0.001844759050617676
-0.001763743535655101
-0.001686110505121006
-0.00161172767270899
-0.00154046747935486
-0.001472206946272955
-0.001406827531458544
-0.001344214989682159
-0.001284259235932764
-0.001226854212233094
-0.001171897757826862
-0.001119291482660562
-0.001068940644150997
-0.001020754027203365
-0.0009746438274343727
-0.0009305255375279771
-0.0008883178366949303
-0.0008479424831664851
-0.0008093242096986482
-0.0007723906220132032
-0.0007370721001321497
-0.0007033017025737113
-0.0006710150733042654
-0.0006401503514181069
-0.0006106480835027867
-0.0005824511386648074
-0.0005555046261860436
-0.0005297558155566243
-0.0005051540587458239
-0.0004816507148847148
-0.0004591990777394643
-0.0004377543058855647
-0.0004172733547776169
-0.0003977149103024488
-0.0003790393243652953
-0.0003612085529691364
-0.0003441860966467571
-0.0003279369428342421
-0.0003124275099162983
-0.0002976255931266251
-0.0002835003123107807
-0.0002700220614211107
-0.0002571624598476324
-0.0002448943052683455
-0.000233191528231065
-0.0002220291482520963
-0.0002113832314628107
-0.0002012308497511739
-0.000191550041334901
-0.0001823197727261619
-0.0001735199020787182
-0.0001651311438140256
-0.0001571350345621905
-0.0001495139003043053
-0.000142250824730907
-0.0001353296187749878
-0.0001287347912248116
-0.0001224515204566857
-0.0001164656272128973
-0.000110763548381922
-0.0001053323117898022
-0.0001001595119156093
-9.523328654207823e-05
-9.054229428648966e-05
-8.607569300399488e-05
-8.18231190068776e-05
-7.777466709213219e-05
-7.39208713416136e-05
-7.025268666270242e-05
-6.676147106543764e-05
-6.343896861509693e-05
-6.027729307214872e-05
-5.72689121674283e-05
-5.440663251668226e-05
-5.168358510970948e-05
-4.909321140894554e-05
-4.662924999911553e-05
-4.428572375021178e-05
-4.205692754131385e-05
-3.993741643945048e-05
-3.792199440473847e-05
-3.600570341677098e-05
-3.418381306675307e-05
-3.245181058042471e-05
-3.080539124924637e-05
-2.924044926061023e-05
-2.775306889692656e-05
-2.633951612253431e-05
-2.499623050485818e-05
-2.371981749320902e-05
-2.25070409970698e-05
-2.135481631391124e-05
-2.02602033193332e-05
-1.922039996837809e-05
-1.823273607503425e-05
-1.729466735122425e-05
-1.640376970041946e-05
-1.555773376660719e-05
-1.475435970327178e-05
-1.399155218108899e-05
-1.326731561250261e-05
-1.257974958701389e-05
-1.19270444774985e-05
-1.130747729703645e-05
-1.07194076627828e-05
-1.016127400775289e-05
-9.631589920335456e-06
-9.128940646335496e-06
-8.651979764098622e-06
-8.199426001409618e-06
-7.770060162360521e-06
-7.362722271430892e-06
-6.976308752147558e-06
-6.609769798077298e-06
-6.262106823782381e-06
-5.932370065776202e-06
-5.619656253554786e-06
-5.323106422770203e-06
-5.041903802797826e-06
-4.775271809327669e-06
-4.52247213626056e-06
-4.282802921648873e-06
-4.055597003691878e-06
-3.840220257194568e-06
-3.636070001133647e-06
-3.442573502005029e-06
-3.259186522771184e-06
-3.085391941029481e-06
-2.920698442881363e-06
-2.764639267111219e-06
-2.616771016666062e-06
-2.476672527831132e-06
-2.34394376958145e-06
-2.218204833172709e-06
-2.099094936281678e-06
-1.986271485849371e-06
-1.879409195487872e-06
-1.778199225994545e-06
-1.682348378219594e-06
-1.591578320272984e-06
-1.505624855877121e-06
-1.424237223629072e-06
-1.347177432691722e-06
-1.274219633984987e-06
-1.205149505247167e-06
-1.139763682053262e-06
-1.077869222412743e-06
-1.01928306491903e-06
-9.638315502299392e-07
-9.113499417154956e-07
-8.616819977708828e-07
-8.14679517800418e-07
-7.702019481404395e-07
-7.281160008515754e-07
-6.882952830792164e-07
-6.506199547300066e-07
-6.149763864488494e-07
-5.812568511968657e-07
-5.493592273048925e-07
-5.191867035019495e-07
-4.906475173057835e-07
-4.636546932552488e-07
-4.381258062247042e-07
-4.139827371042695e-07
-3.911514617609464e-07
-3.695618374635345e-07
-3.491474036533647e-07
-3.298451832841081e-07
-3.115955244876218e-07
-2.943419213247585e-07
-2.780308453406977e-07
-2.626115882400427e-07
-2.480361289692511e-07
-2.342589818085929e-07
-2.21237075398387e-07
-2.089296238860926e-07
-1.972980008867647e-07
-1.863056315720199e-07
-1.759178934741304e-07
-1.66102019113374e-07
-1.568269919632559e-07
-1.480634424912868e-07
-1.397835588122684e-07
-1.319610075601866e-07
-1.245708680708705e-07
-1.175895722742103e-07
-1.109948044656373e-07
-1.04765461102195e-07
-9.888156441974716e-08
-9.332422418691685e-08
-8.807555365667999e-08
-8.311862921442943e-08
-7.843745346501535e-08
-7.401688505643938e-08
-6.984260737537528e-08
-6.590106601359769e-08
-6.21794591674338e-08
-5.866566335706193e-08
-5.534822303592224e-08
-5.221630622193331e-08
-4.925966909449749e-08
-4.646861260353868e-08
-4.383398508601476e-08
-4.134712707719636e-08
-3.899984972118267e-08
-3.678441297271793e-08
-3.469349733428051e-08
-3.272019151086996e-08
-3.085795420159907e-08
-2.910060851771628e-08
-2.744231461820846e-08
-2.587755759190411e-08
-2.440111841937056e-08
-2.300807190057969e-08
-2.169375705008893e-08
-2.045377393423568e-08
-1.928396453724365e-08
-1.818040094286766e-08
-1.713937597536565e-08
-1.615738282310431e-08
-1.523110738175848e-08
-1.435742849521384e-08
-1.353338935285589e-08
-1.275620653081413e-08
-1.20232388672957e-08
-1.133199629077421e-08
-1.068013106711529e-08
-1.006541534718038e-08
-9.485758535596871e-09
-8.939179509875275e-09
-8.42381080731506e-09
-7.937894374463466e-09
-7.479753992068164e-09
-7.047823237798538e-09
-6.640615168069819e-09
-6.256731218985683e-09
-5.894845546794164e-09
-5.553708095527485e-09
-5.232142429582013e-09
-4.929037794650349e-09
-4.64334459989921e-09
-4.374070951439782e-09
-4.120288422743499e-09
-3.881113066484827e-09
-3.655708225915745e-09
-3.443284623642894e-09
-3.24310420251037e-09
-3.054470450158417e-09
-2.876719879643639e-09
-2.709230626337042e-09
-2.551419292679685e-09
-2.40272250633288e-09
-2.262623091827389e-09
-2.130631017293027e-09
-2.006279174987307e-09
-1.889129808620485e-09
-1.7787652616154e-09
-1.67479974240067e-09
-1.576864356010891e-09
-1.484615497437968e-09
-1.397724184163336e-09
-1.315882277560181e-09
-1.238800028729751e-09
-1.166202341786902e-09
-1.097830014347239e-09
-1.033438585505388e-09
-9.727961928393483e-10
-9.156873941808334e-10
-8.619071778567149e-10
-8.112574472938368e-10
-7.635624421031195e-10
-7.186556859933182e-10
-6.763662331598642e-10
-6.365483025950104e-10
-5.99062531765874e-10
-5.637688145145744e-10
-5.305442691933623e-10
-4.992619609100258e-10
-4.69814648726822e-10
-4.420889170112957e-10
-4.159946997713247e-10
-3.914284142938237e-10
-3.683032613181388e-10
-3.465366549413946e-10
-3.260522359720951e-10
-3.067707131791208e-10
-2.886196397891622e-10
-2.715351020445647e-10
-2.55454158669986e-10
-2.403173694280367e-10
-2.260712691637878e-10
-2.126628249087132e-10
-2.000460964971989e-10
-1.881775761894155e-10
-1.770125144083647e-10
-1.665033811498998e-10
-1.566159696561519e-10
-1.473071994962363e-10
-1.385452078273157e-10
-1.303085799743911e-10
-1.225587389330813e-10
-1.152707897492564e-10
-1.08411209723009e-10
-1.019579761693748e-10
-9.588634186023562e-11
-9.017179391887728e-11
-8.479497763613521e-11
-7.974116887039716e-11
-7.498305768977547e-11
-7.051120903612151e-11
-6.630092602801535e-11
-6.233886905984551e-11
-5.86104667740226e-11
-5.510485186544934e-11
-5.180558571206403e-11
-4.87100935092661e-11
-4.579962381167418e-11
-4.306450753594661e-11
-4.049112350065499e-11
-3.806908288599442e-11
-3.579161391828724e-11
-3.364840186100478e-11
-3.163456767756096e-11
-2.973911044877862e-11
-2.795749616970198e-11
-2.627727083050149e-11
-2.469584178712746e-11
-2.320992780672693e-11
-2.181219536640852e-11
-2.050166228079789e-11
-1.926909876607218e-11
-1.811293181693586e-11
-1.702224338732685e-11
-1.600044188768747e-11
-1.504361884807375e-11
-1.414146456509897e-11
-1.329275235472926e-11
-1.249604326313813e-11
-1.17445438218314e-11
-1.103747760687226e-11
-1.037333438845527e-11
-9.747446089749015e-12
-9.157754121945381e-12
-8.599314602327547e-12
-8.077143116968458e-12
-7.586108880108181e-12
-7.126036164402271e-12
-6.697849603558513e-12
-6.293877338498563e-12
-5.918401638713324e-12
-5.565941084657398e-12
-5.234374109860087e-12
-4.918266510797077e-12
-4.621440789385683e-12
-4.336891280628514e-12
-4.073411075065731e-12
-3.829188977527843e-12
-3.596075349672802e-12
-3.377891295714684e-12
-3.174065558361727e-12
-2.98074488286071e-12
-2.800847642379286e-12
-2.630358667850173e-12
-2.468724560619433e-12
-2.317747335485369e-12
-2.176062228697236e-12
-2.041379060411189e-12
-1.918587321668186e-12
-1.806091673368469e-12
-1.701518500738489e-12
-1.604423623905762e-12
-1.510676496594191e-12
-1.418367458837433e-12
-1.326556610628828e-12
-1.238051232371161e-12
-1.159596363851538e-12
-1.085824124217364e-12
-1.019684230160158e-12
-9.59670018229965e-13
-9.050089400467088e-13
-8.537652861120746e-13
-8.042223341021495e-13
-7.546924367310219e-13
-7.071894478461383e-13
-6.638169498169729e-13
-6.245275313976774e-13
-5.864171912436808e-13
-5.504732161858143e-13
-5.191957472154095e-13
-4.864158647725675e-13
-4.556038091541728e-13
-4.268657968012418e-13
-3.96994229340807e-13
-3.684908352029514e-13
-3.456938529770496e-13
-3.285021837692325e-13
-3.091449559169376e-13
-2.952129565585171e-13
-2.80703350228502e-13
-2.649112343992099e-13
-2.456290373157788e-13
-2.296720792735744e-13
-2.155646574735491e-13
-2.012076663588056e-13
-1.882612208464464e-13
-1.727988752876571e-13
-1.626344142086671e-13
-1.523681145213753e-13
-1.42996455201143e-13
-1.346639658138313e-13
