-7.57118913037596e-13
-4.942217263625025e-13
-3.252593577098625e-13
-2.196573658298283e-13
-1.554234007547934e-13
-1.186150408745111e-13
-1.02101086810282e-13
-1.022177618376718e-13
-1.175920092955564e-13
-1.498576090449302e-13
-2.029087389598968e-13
-2.823410486444796e-13
-3.969227567157605e-13
-5.601202955122877e-13
-7.894160471556571e-13
-1.108716069748202e-12
-1.550382690328062e-12
-2.1586218150893e-12
-2.99169069318533e-12
-4.126904869180387e-12
-5.667962589632452e-12
-7.750807602933024e-12
-1.055425597407165e-11
-1.431226179563701e-11
-1.933002160530555e-11
-2.600580675729631e-11
-3.485419594769905e-11
-4.653783188596908e-11
-6.191657510402597e-11
-8.208618201264789e-11
-1.084521219263163e-10
-1.428058827949257e-10
-1.874245137013055e-10
-2.451956859994254e-10
-3.197692148928945e-10
-4.157458751100196e-10
-5.389098854301332e-10
-6.965118444431342e-10
-8.976189518088638e-10
-1.153541239129176e-09
-1.478348086736671e-09
-1.889499995222566e-09
-2.408612203381591e-09
-3.062381081908695e-09
-3.883694416284479e-09
-4.91297597271993e-09
-6.19979214914625e-09
-7.804778670813653e-09
-9.801940632267985e-09
-1.228138620840948e-08
-1.53525747750008e-08
-1.914816321209582e-08
-2.382854089661983e-08
-2.958719328689847e-08
-3.665701558628171e-08
-4.531772701837701e-08
-5.590455802547635e-08
-6.881840624273335e-08
-8.453768408483586e-08
-1.036321102467857e-07
-1.267787338063551e-07
-1.547805052238354e-07
-1.885877637936766e-07
-2.293230369348382e-07
-2.783096262031794e-07
-3.371044612290212e-07
-4.0753581604963e-07
-4.91746498087089e-07
-5.922432303488707e-07
-7.119529874552131e-07
-8.542871629999939e-07
-1.023214503980572e-06
-1.223343878242664e-06
-1.460018004412557e-06
-1.739419439489089e-06
-2.06869017750643e-06
-2.456066401280243e-06
-2.911030017132565e-06
-3.444478767779697e-06
-4.068916860547469e-06
-4.798668234858174e-06
-5.65011473605118e-06
-6.641961660151977e-06
-7.795533301612953e-06
-9.135101332278617e-06
-1.068824904098317e-05
-1.248627464722312e-05
-1.45646371289728e-05
-1.696344817394741e-05
-1.972801409347043e-05
-2.290943171484235e-05
-2.656524246523578e-05
-3.076014902384562e-05
-3.556679908747561e-05
-4.106664092385863e-05
-4.735085550036002e-05
-5.452137002576586e-05
-6.269195780238073e-05
-7.198942923285075e-05
-8.255491873788901e-05
-9.454527220479413e-05
-0.0001081345394888988
-0.0001235155787129671
-0.0001409017847317452
-0.0001605289443918708
-0.000182657222204447
-0.0002075732816082898
-0.0002355925469842505
-0.000267061611312444
-0.0003023607941114998
-0.0003419068539321407
-0.0003861558592562487
-0.0004356062211826304
-0.0004908018906924761
-0.0005523357226674361
-0.0006208530080801461
-0.0006970551749701426
-0.0007817036578943851
-0.0008756239345252584
-0.0009797097269258115
-0.001094927363822681
-0.001222320298809452
-0.001363013777949298
-0.001518219648630505
-0.001689241299783338
-0.001877478721715945
-0.00208443367205477
-0.002311714936210256
-0.002561043677268725
-0.002834258851415514
-0.003133322665141403
-0.003460326051184309
-0.003817494137891438
-0.004207191684180996
-0.004631928449615325
-0.005094364466306783
-0.005597315176523439
-0.006143756396887202
-0.006736829067584278
-0.007379843750386871
-0.008076284909543714
-0.008829814963020207
-0.00964427798215938
-0.01052370291779758
-0.01147230633952802
-0.01249449468688081
-0.01359486599279642
-0.01477821100373112
-0.01604951364413368
-0.01741395076780489
-0.0188768911541467
-0.02044389369870162
-0.02212070473541169
-0.02391325445069806
-0.02582765232593275
-0.02787018156709501
-0.03004729247482881
-0.03236559469757484
-0.03483184834046461
-0.03745295387185987
-0.04023594079984402
-0.04318795508545513
-0.04631624524776564
-0.04962814715562484
-0.05313106746237691
-0.05683246567985144
-0.06073983488187826
-0.06486068101383038
-0.06920250083526809
-0.07377275847541293
-0.07857886063160861
-0.08362813043361959
-0.08892777998051832
-0.09448488161985019
-0.1003063379786416
-0.1063988508167346
-0.1127688887643889
-0.1194226539879911
-0.1263660479030173
-0.13360463597721
-0.1411436117392915
-0.148987760097199
-0.1571414200469541
-0.1656084469399019
-0.1743921743852588
-0.1834953759498085
-0.1929202267986067
-0.2026682653887363
-0.2127403554264013
-0.2231366481921022
-0.233856545434263
-0.2448986630058613
-0.2562607953778857
-0.2679398812731702
-0.2799319705385815
-0.2922321924777609
-0.3048347258338567
-0.3177327705637814
-0.3309185216651336
-0.3443831451670024
-0.3581167565071361
-0.3721084014789112
-0.3863460398782337
-0.4008165321080598
-0.4155056288221504
-0.4303979638088236
-0.4454770502689572
-0.460725280579825
-0.476123929768615
-0.4916531627286884
-0.5072920453378389
-0.5230185595804669
-0.5388096227026729
-0.5546411105684235
-0.5704878851786119
-0.5863238264479773
-0.6021218682686028
-0.6178540388055246
-0.6334915051112671
-0.6490046219395879
-0.6643629847786592
-0.6795354870458133
-0.6944903812926223
-0.7091953444168722
-0.7236175466696665
-0.7377237243887124
-0.7514802563076791
-0.7648532431984998
-0.7778085907553081
-0.7903120954153267
-0.8023295329545032
-0.8138267496210122
-0.8247697554876601
-0.8351248198571788
-0.844858568334164
-0.8539380813237761
-0.8623309936505087
-0.8700055949164508
-0.8769309303692691
-0.883076901844005
-0.8884143684872174
-0.8929152469145774
-0.8965526103968371
-0.8993007868238969
-0.9011354549769175
-0.9020337387628267
-0.9019742990560388
-0.9009374228111502
-0.8989051092815995
-0.8958611527748105
-0.8917912212935444
-0.8866829307777288
-0.8805259154225716
-0.8733118950584322
-0.865034737611042
-0.8556905131347068
-0.8452775393926819
-0.8337964231564623
-0.821250100992289
-0.8076438749479085
-0.7929854387783589
-0.7772848946815124
-0.7605547635406271
-0.7428099899383948
-0.7240679405952252
-0.704348395463484
-0.6836735314278549
-0.6620678988584925
-0.6395583911586832
-0.6161742072063111
-0.5919468067182402
-0.566909858614384
-0.5410991824813655
-0.5145526833078859
-0.487310279597845
-0.4594138250524418
-0.4309070240193503
-0.4018353409152722
-0.3722459038934305
-0.342187402994444
-0.3117099830807989
-0.2808651318586098
-0.24970556329817
-0.2182850968099486
-0.1866585325170321
-0.1548815230048969
-0.1230104419295846
-0.09110224987160201
-0.05921435784829582
-0.02740448889313366
0.004269461872715569
0.03574956825269311
0.06697801464229713
0.09789723791820912
0.1284500691146724
0.1585798744557065
0.1882306953149632
0.2173473866734928
0.245875753661504
0.2737626857639127
0.3009562882883168
0.3274060107012898
0.3530627714435909
0.3778790788671708
0.4018091479240593
0.4248090122690582
0.4468366314508972
0.4678519928790042
0.4878172082969301
0.5066966044732242
0.5244568078635805
0.5410668230148329
0.5564981044956783
0.5707246221876449
0.583722919755127
0.5954721661667274
0.6059542001516846
0.6151535674831798
0.6230575510347571
0.6296561935467552
0.6349423130912574
0.6389115112364823
0.6415621739240928
0.6428954651264883
0.6429153133324533
0.6416283909605121
0.6390440868121687
0.6351744716889423
0.630034257345381
0.6236407489305889
0.6160137911143023
0.6071757081060288
0.5971512377876215
0.5859674602199204
0.5736537207580187
0.56024154804744
0.5457645671825218
0.530258408314602
0.5137606110272424
0.4963105247765096
0.4779492057247084
0.4587193102933079
0.4386649857569415
0.4178317582225262
0.3962664183265071
0.3740169050012438
0.3511321876519576
0.327662147078062
0.3036574554859021
0.2791694559254446
0.2542500414911302
0.2289515346164451
0.2033265667824729
0.1774279589632534
0.1513086031144852
0.1250213450111402
0.09861886872692509
0.0721535830373532
0.04567751002175018
0.01924217612425703
-0.007101494074895904
-0.03330328114096202
-0.05931377089469355
-0.08508445113917236
-0.1105678048053673
-0.1357173993326379
-0.1604879721149356
-0.1848355118568519
-0.2087173357018125
-0.2320921620051469
-0.2549201786441521
-0.2771631067705615
-0.2987842599208715
-0.3197485984191805
-0.3400227790196278
-0.3595751997582641
-0.3783760399933047
-0.3963972956193809
-0.4136128094638531
-0.4299982968800014
-0.4455313665709743
-0.4601915366890011
-0.4739602462654185
-0.4868208620497573
-0.4987586808272775
-0.5097609273009142
-0.5198167476369596
-0.5289171987876121
-0.5370552337213732
-0.5442256826766024
-0.5504252305713728
-0.5556523907109578
-0.5599074749405453
-0.5631925604049811
-0.565511453067911
-0.5668696481564098
-0.5672742876996508
-0.5667341153320705
-0.5652594285440481
-0.5628620285491636
-0.5595551679483978
-0.5553534963712977
-0.5502730042719017
-0.5443309650647883
-0.5375458757776284
-0.5299373964061731
-0.5215262881493208
-0.51233435069297
-0.5023843587185575
-0.4916999978046922
-0.4803057998932199
-0.4682270784837868
-0.4554898637149516
-0.4421208374926063
-0.4281472688121711
-0.4135969494243933
-0.3984981299855425
-0.3828794568222957
-0.36676990944118
-0.3501987389094973
-0.3331954072352395
-0.315789527857145
-0.2980108073416026
-0.2798889883843108
-0.2614537942147483
-0.2427348744984515
-0.2237617528164526
-0.204563775788834
-0.1851700639092181
-0.1656094641551702
-0.1459105044350003
-0.1261013499181037
-0.1062097612863795
-0.08626305494290801
-0.06628806521115713
-0.04631110855184326
-0.02635794981475326
-0.006453770536610869
0.01337686070671232
0.03311001588995401
0.05272243307256254
0.07219153988537148
0.091495474982177
0.1106131074733573
0.1295240543621972
0.1482086960085378
0.1666481896484623
0.1848244810030726
0.2027203140153104
0.2203192387525385
0.2376056175160345
0.2545646292021336
0.271182271964009
0.2874453642279633
0.3033415441136967
0.3188592673096268
0.3339878034584825
0.3487172311138985
0.3630384313331229
0.3769430799606792
0.3904236386599072
0.403473344753184
0.4160861999348112
0.428256957922365
0.4399811111064628
0.4512548762633877
0.4620751793932024
0.4724396397422168
0.4823465530718087
0.4917948742336526
0.5007841991123236
0.5093147459948306
0.5173873364272621
0.5250033756225104
0.532164832468938
0.538874219189642
0.5451345707057185
0.5509494237610139
0.5563227958665591
0.561259164107159
0.565763443853405
0.5698409674250465
0.573497462753488
0.5767390320919712
0.5795721308086008
0.5820035462992118
0.5840403770569801
0.5856900119358315
0.5869601096453156
0.5878585785044369
0.5883935564834718
0.5885733915614658
0.588406622426337
0.5879019595448347
0.5870682666220108
0.5859145424703858
0.5844499033080515
0.5826835655038355
0.5806248287890946
0.5782830599462689
0.5756676769860272
0.5727881338238349
0.5696539054651925
0.5662744737097823
0.5626593133785001
0.5588178790677527
0.5547595924348441
0.5504938300185698
0.5460299116001478
0.5413770891006642
0.5365445360132121
0.5315413373676028
0.5263764802245323
0.5210588446970744
0.5155971954924445
0.5100001739673757
0.5042762906906519
0.4984339185065655
0.4924812860944863
0.4864264720121644
0.4802773992109973
0.474041830013565
0.4677273615457072
0.4613414216162092
0.4548912650287217
0.4483839703127879
0.4418264368620278
0.4352253824675535
0.4285873412353621
0.4219186618737856
0.4152255063380939
0.4085138488192619
0.4017894750645053
0.3950579820185159
0.3883247777699245
0.381595081789205
0.374873925444876
0.3681661527848673
0.3614764215708254
0.3548092045517305
0.3481687909644948
0.3415592882489258
0.3349846239638615
0.3284485478925318
0.3219546343249767
0.3155062845078946
0.3091067292499517
0.302759031668592
0.2964660900659534
0.2902306409246799
0.2840552620158012
0.2779423756082633
0.2718942517674777
0.2659130117322485
0.260000631361911
0.2541589446461333
0.2483896472686275
0.2426943002157458
0.2370743334227309
0.231531049448684
0.2260656271719671
0.2206791254989598
0.2153724870806335
0.2101465420316472
0.2050020116445171
0.1999395120922201
0.1949595581137627
0.1900625666783205
0.1852488606241009
0.1805186722659576
0.1758721469663828
0.1713093466659465
0.166830253370588
0.1624347725935561
0.1581227367471909
0.1538939084806029
0.1497479839604775
0.1456845960932965
0.1417033176872469
0.1378036645511225
0.1339850985281995
0.1302470304634449
0.1265888231027145
0.1230097939229212
0.1195092178919397
0.1160863301578895
0.1127403286669682
0.1094703767084842
0.1062756053863312
0.1031551160171627
0.1001079824556109
0.09713325334660677
0.09422995430484596
0.09139709002199002
0.08863364630155972
0.08593859202163798
0.08331088102591597
0.08074945394432836
0.07825323994426682
0.07582115841284526
0.07345212057076511
0.07114503101883313
0.06889878921867884
0.06671229090933303
0.06458442946011152
0.06251409716064475
0.06050018644924023
0.05854159108125936
0.0566372072388921
0.05478593458365823
0.05298667725322626
0.05123834480388478
0.04953985309979598
0.04789012515032484
0.04628809189701669
0.04473269295188515
0.04322287728840499
0.04175760388658369
0.04033584233359912
0.03895657338133284
0.03761878946201443
0.03632149516349513
0.03506370766586863
0.03384445714135271
0.03266278711815563
0.03151775480928991
0.03040843140771807
0.02933390234968187
0.02829326754792745
0.02728564159564374
0.02631015394197554
0.02536594904044808
0.02445218647180041
0.02356804104262744
0.02271270286079406
0.02188537738848977
0.02108528547412148
0.02031166336427277
0.01956376269687247
0.01884085047651372
0.01814220903288651
0.01746713596323061
0.01681494405975092
0.0161849612227413
0.01557653036049447
0.01498900927702832
0.01442177054839422
0.01387420138821327
0.01334570350313162
0.01283569293898575
0.01234359991838634
0.01186886867040857
0.01141095725315167
0.01096933736988191
0.01054349417927242
0.01013292610016905
0.009737144611428239
0.009355674047484558
0.008988051390194726
0.00863382605735801
0.00829255968846032
0.00796382592802192
0.007647210206956289
0.007342309522342387
0.0070487322159727
0.006766097752106391
0.006494036494707584
0.006232189484520572
0.005980208216194486
0.005737754415832763
0.005504499819172195
0.005280125950692319
0.005064323903891623
0.0048567941230107
0.004657246186298181
0.004465398590992296
0.004280978540174763
0.004103721731762375
0.003933372149798882
0.003769681858144829
0.003612410796675349
0.003461326580091956
0.003316204299499813
0.003176826326763223
0.003042982121821841
0.002914468042999826
0.002791087160406529
0.002672649072423912
0.002558969725296156
0.002449871235995747
0.002345181718484948
0.002244735113502702
0.00214837102121364
0.00205593453620062
0.001967276085840463
0.00188225127393694
0.001800720729181618
0.001722549955812515
0.001647609184637017
0.001575773226943935
0.001506921333446554
0.001440937057922444
0.001377708123901257
0.001317126293751563
0.001259087240765244
0.001203490424578958
0.001150238969877854
0.001099239548159016
0.001050402262536847
0.00100364053554867
0.0009588709999239067
0.0009160133923306739
0.000874990449965235
0.0008357278100078936
0.0007981539118884231
0.0007621999022583934
0.000727799542681656
0.0006948891199505185
0.0006634073590167587
0.0006332953384750024
0.0006044964085318434
0.0005769561114003769
0.0005506221041020428
0.0005254440835840641
0.000501373714159802
0.0004783645571553829
0.0004563720027553223
0.0004353532039657037
0.0004152670126783409
0.0003960739177566213
0.0003777359850953106
0.0003602167996440062
0.000343481409266973
0.0003274962704839583
0.0003122291959626673
0.0002976493037699103
0.0002837269683070623
0.0002704337728927991
0.0002577424639521906
0.0002456269067638976
0.0002340620427081588
0.0002230238479989456
0.0002124892938406079
0.0002024363079709727
0.0001928437375441282
0.0001836913133230959
0.0001749596151429809
0.0001666300385857428
0.0001586847628813069
0.0001511067199159855
0.0001438795644058312
0.0001369876451152201
0.0001304159771540674
0.0001241502152655928
0.0001181766281101974
0.0001124820735202266
0.0001070539746321498
0.0001018802969409007
9.694952621524702e-05
9.225064722405227e-05
8.777312328510195e-05
8.350687659232451e-05
7.944226928726877e-05
7.557008524781641e-05
7.188151259509094e-05
6.836812686633034e-05
6.502187483886782e-05
6.183505898802599e-05
5.880032254959719e-05
5.591063518715739e-05
5.315927919245495e-05
5.053983624482029e-05
4.804617470693655e-05
4.567243741811572e-05
4.341302997208992e-05
4.126260945971983e-05
3.921607369060376e-05
3.72685508197645e-05
3.541538941968716e-05
3.365214893684736e-05
3.197459054831065e-05
3.037866839310971e-05
2.886052115116535e-05
2.741646399273435e-05
2.604298083052112e-05
2.473671692569307e-05
2.349447178204903e-05
2.231319233519798e-05
2.118996642866323e-05
2.012201657828631e-05
1.910669397643179e-05
1.814147277793506e-05
1.722394459198474e-05
1.635181323266308e-05
1.552288969511158e-05
1.473508733238646e-05
1.398641724805897e-05
1.327498388205218e-05
1.259898077729713e-05
1.195668656284587e-05
1.134646108279843e-05
1.07667416830572e-05
1.021603969985193e-05
9.69293705605529e-06
9.196083042916015e-06
8.72419121639658e-06
8.276036445407666e-06
7.850452099578824e-06
7.446327322558925e-06
7.06260447029667e-06
6.698276639523732e-06
6.352385309277296e-06
6.024018093321169e-06
5.712306582964891e-06
5.416424304445281e-06
5.135584743188187e-06
4.869039479358991e-06
4.61607638576259e-06
4.376017943321594e-06
4.148219590579891e-06
3.932068176574015e-06
3.726980470504243e-06
3.532401738891641e-06
3.347804400598108e-06
3.172686732818094e-06
3.006571647299784e-06
2.849005498172979e-06
2.699556974818728e-06
2.557816023280886e-06
2.423392843074807e-06
2.295916889422243e-06
2.175035975175156e-06
2.060415358986981e-06
1.951736922315999e-06
1.848698353851478e-06
1.751012394355291e-06
1.658406093583222e-06
1.57062012780288e-06
1.487408130168218e-06
1.40853607103938e-06
1.333781640062261e-06
1.262933666415522e-06
1.195791566839373e-06
1.132164881490576e-06
1.071872821551704e-06
1.01474374295304e-06
9.606146184281765e-07
9.093305337964068e-07
8.607443761355084e-07
8.147165242084861e-07
7.711145012189033e-07
7.298125778218531e-07
6.906914067969969e-07
6.536377048296628e-07
6.185439668720232e-07
5.853081846123688e-07
5.53833550985705e-07
5.240282135605512e-07
4.958050266893258e-07
4.690813053245552e-07
4.4377862198233e-07
4.198225639249098e-07
3.971425531114224e-07
3.756716480680914e-07
3.553463557592525e-07
3.361064524094134e-07
3.17894842314392e-07
3.006573706103879e-07
2.843426867998769e-07
2.689021049641246e-07
2.542894663620956e-07
2.404610103522676e-07
2.273752454543092e-07
2.149928444554837e-07
2.032765282764184e-07
1.921909707262245e-07
1.817026724594312e-07
1.717798964226771e-07
1.623925633453429e-07
1.535121677270872e-07
1.451117063884691e-07
1.371655773129531e-07
1.296495373485592e-07
1.225406134981081e-07
1.158170386880211e-07
1.094581966995658e-07
1.034445567688903e-07
9.775762028978479e-08
9.237985983245308e-08
8.729467484925416e-08
8.248634444304513e-08
7.793997907850205e-08
7.364148741879398e-08
6.957751818356541e-08
6.573542966267292e-08
6.210325377524198e-08
5.866965792004375e-08
5.542391959118928e-08
5.235588244464102e-08
4.945592850583508e-08
4.671496005157036e-08
4.412436459913946e-08
4.167598040754728e-08
3.936208821768044e-08
3.717538684104968e-08
3.510896279525652e-08
3.315627312666816e-08
3.131112828055345e-08
2.956766995808289e-08
2.792035629581752e-08
2.636394326444517e-08
2.489346682231856e-08
2.350423226166466e-08
2.219179484158188e-08
2.095196110953868e-08
1.978074926423325e-08
1.867440723047192e-08
1.762937996519173e-08
1.664230374784606e-08
1.570999915335062e-08
1.482945752067954e-08
1.399783226108551e-08
1.321243120537035e-08
1.247071595157005e-08
1.177027582154394e-08
1.110883203666353e-08
1.048423923937106e-08
9.894467313937413e-09
9.337586998510912e-09
8.811783681963577e-09
8.315339132742632e-09
7.846633353373559e-09
7.404131213888437e-09
6.986377484560351e-09
6.592004701949566e-09
6.219711532629581e-09
5.868273891931729e-09
5.536534657555025e-09
5.223400851612951e-09
4.927835895348875e-09
4.648867912778134e-09
4.385571371887204e-09
4.137068037805864e-09
3.90253957830966e-09
3.68120729377412e-09
3.472332026743239e-09
3.275222619505738e-09
3.089213674444041e-09
2.913689385286881e-09
2.748066420744899e-09
2.591785074840605e-09
2.444327944975243e-09
2.305201213915848e-09
2.173941251389694e-09
2.050101435112846e-09
1.933263597638558e-09
1.823037117102315e-09
1.719051533848752e-09
1.620955866282228e-09
1.528419158945799e-09
1.441127367126762e-09
1.358786504696046e-09
1.281113448993972e-09
1.207853758697465e-09
1.138760267075029e-09
1.073595252477618e-09
1.012136930574935e-09
9.541760427687404e-10
8.995069315560118e-10
8.479499724710161e-10
7.993293125331805e-10
7.534739732124064e-10
7.102351535177124e-10
6.694626832738942e-10
6.31013537937758e-10
5.947615631373782e-10
5.60579854921466e-10
5.283473622113211e-10
4.979568568761576e-10
4.693059179495424e-10
4.422933617160481e-10
4.168303312437481e-10
3.928227438477821e-10
3.701906491525731e-10
3.488524223847053e-10
3.28740980474804e-10
3.097824423918361e-10
2.919036436543277e-10
2.750525798831433e-10
2.591709402285413e-10
2.442021732032155e-10
2.300935586544199e-10
2.167940508158054e-10
2.042574796553741e-10
1.924407545080378e-10
1.81307849280733e-10
1.708140414850443e-10
1.609286393330253e-10
1.516090775605061e-10
1.428258066010517e-10
1.345462062344428e-10
1.267420298137411e-10
1.193895493858655e-10
1.124617253219046e-10
1.059363091565736e-10
9.978972849835326e-11
9.399757872397512e-11
8.85405923224065e-11
8.339969722718285e-11
7.855908390168877e-11
7.399477154091044e-11
6.969021855868553e-11
6.56346127387923e-11
6.181138151317765e-11
5.821021513034426e-11
5.48188826168984e-11
5.16251053374129e-11
4.861934746351897e-11
4.57896396660336e-11
4.312144875241262e-11
4.060443647527012e-11
3.823126911908462e-11
3.599815784365127e-11
3.389820714495724e-11
3.192213319262289e-11
3.006322282147549e-11
2.8310794963504e-11
2.665992996532672e-11
2.510393804190575e-11
2.364080180130527e-11
2.225943456365501e-11
2.095393315682855e-11
1.972700366892871e-11
1.85686423659195e-11
1.747734738713468e-11
1.644951550649176e-11
1.548189429134377e-11
1.457770506366565e-11
1.372345313473487e-11
1.292128606710933e-11
1.216607472083543e-11
1.145605742187527e-11
1.078455888632372e-11
1.015497396382216e-11
9.562672041552004e-12
9.004851486761057e-12
8.476770030039554e-12
7.978060276938718e-12
7.508165126384451e-12
7.067193345231373e-12
6.647902243443398e-12
6.25179105539137e-12
5.882951467599764e-12
5.531857510691031e-12
5.206630534256964e-12
4.899794197550509e-12
4.613658565409049e-12
4.345391062044569e-12
4.091925572752281e-12
3.852616608149233e-12
3.629215740849518e-12
3.418930113347743e-12
3.221159208761026e-12
3.029745977832302e-12
2.847552260213731e-12
2.677426347069044e-12
2.519075511361461e-12
2.36902399780335e-12
2.227019636250434e-12
2.093264948872928e-12
1.966031785846918e-12
1.85007817673031e-12
1.742418603001666e-12
1.640327924664539e-12
1.548915526915692e-12
