-5.666078243025871e-13
-3.504412643550658e-13
-2.19866701988129e-13
-1.391096653248829e-13
-8.950471867611369e-14
-5.879133060266403e-14
-3.998951163348051e-14
-2.863450836846065e-14
-2.249573041160386e-14
-1.952784903064644e-14
-1.870288431569611e-14
-1.987092912531455e-14
-2.226609511645871e-14
-2.635278651492382e-14
-3.224709816076517e-14
-4.03036919776188e-14
-5.153211466771171e-14
-6.669829124639964e-14
-8.813336334753327e-14
-1.178852561288502e-13
-1.595008869262234e-13
-2.177207132961098e-13
-2.99087410317713e-13
-4.13212989396315e-13
-5.70818981582721e-13
-7.882492691649687e-13
-1.086600959496389e-12
-1.49372129970437e-12
-2.045744399773343e-12
-2.793111416198291e-12
-3.79752180923861e-12
-5.143477120476351e-12
-6.940108601468379e-12
-9.327250812162642e-12
-1.249064731107956e-11
-1.666722440930371e-11
-2.216388221247297e-11
-2.937419876393195e-11
-3.88052926891349e-11
-5.110092799042261e-11
-6.708692761187442e-11
-8.781124431050441e-11
-1.14600807186092e-10
-1.49134539150888e-10
-1.935310163426342e-10
-2.504527958202959e-10
-3.232413541359803e-10
-4.160788927779533e-10
-5.341811032145365e-10
-6.840438972987855e-10
-8.737305432693947e-10
-1.113229663101263e-09
-1.414879413374795e-09
-1.793885518653476e-09
-2.268941993006263e-09
-2.862977139578753e-09
-3.604048068247337e-09
-4.526405447555464e-09
-5.671769417120135e-09
-7.090840746119589e-09
-8.845098824022931e-09
-1.100892779336535e-08
-1.367213125803633e-08
-1.694289461008392e-08
-2.095127220355449e-08
-2.585327979885395e-08
-3.18356906500724e-08
-3.912164249311849e-08
-4.797717991771443e-08
-5.871887519556361e-08
-7.172268126145241e-08
-8.743420594247653e-08
-1.063806029052147e-07
-1.291843175505214e-07
-1.565789338615162e-07
-1.894274247254003e-07
-2.287431245109833e-07
-2.757137767427452e-07
-3.317290786645779e-07
-3.9841215678045e-07
-4.7765546922011e-07
-5.716617077699825e-07
-6.829902894471691e-07
-8.146101230463616e-07
-9.699593884260257e-07
-1.153013151590046e-06
-1.368359700187629e-06
-1.621286586920334e-06
-1.917877446590731e-06
-2.2651207412473e-06
-2.671031709793738e-06
-3.144788874225599e-06
-3.696886582279193e-06
-4.339305182136711e-06
-5.0857005157044e-06
-5.951614563588956e-06
-6.954709180625974e-06
-8.115024972083386e-06
-9.455267492554559e-06
-1.100112304733726e-05
-1.27816064859449e-05
-1.482944350720055e-05
-1.718149040743826e-05
-1.987919516979244e-05
-2.296910266027252e-05
-2.65034069312509e-05
-3.054055405467098e-05
-3.514589901897573e-05
-4.039242040869796e-05
-4.636149664336476e-05
-5.314374776380327e-05
-6.083994676853435e-05
-6.956200466986208e-05
-7.943403346049513e-05
-9.059349128969692e-05
-0.0001031924141438644
-0.0001173987383641774
-0.0001333977183113076
-0.0001513934434429566
-0.0001716104589750853
-0.0001942954942065483
-0.0002197193023909864
-0.000248178615849276
-0.0002799982197411642
-0.0003155331476052503
-0.0003551710013746553
-0.0003993343982090556
-0.0004484835467091708
-0.0005031189562859399
-0.0005637842797316837
-0.0006310692888003479
-0.0007056129824317978
-0.0007881068264508178
-0.0008792981227128858
-0.0009799935046210936
-0.001091062554884224
-0.001213441540152324
-0.001348137255895774
-0.001496230973569914
-0.001658882482532633
-0.00183733423417417
-0.002032915585452495
-0.002247047113482403
-0.00248124497058055
-0.002737125272387592
-0.003016408513954546
-0.003320923998937693
-0.00365261425715821
-0.004013539429798564
-0.004405881598721491
-0.004831949038745102
-0.005294180368087782
-0.005795148567541476
-0.006337564842992517
-0.00692428229815437
-0.00755829938834496
-0.008242763122954794
-0.008980971979566755
-0.009776378498908953
-0.01063259151964971
-0.01155337801843434
-0.01254266451732545
-0.01360453801555792
-0.01474324641207823
-0.01596319837250511
-0.01726896260398348
-0.01866526649811589
-0.02015699409636062
-0.02174918334610207
-0.02344702259980923
-0.02525584632388503
-0.0271811299805665
-0.02922848404004169
-0.03140364709926999
-0.03371247806402147
-0.03616094736988723
-0.03875512721514609
-0.04150118077215419
-0.04440535036961246
-0.04747394461265778
-0.050713324433104
-0.05412988805944904
-0.05773005488924135
-0.06152024827892406
-0.06550687723556252
-0.06969631702762423
-0.07409488872821646
-0.07870883769478862
-0.08354431102960047
-0.08860733402857711
-0.09390378566649048
-0.09943937316091028
-0.1052196056453671
-0.1112497670308291
-0.1175348880891571
-0.1240797178397466
-0.1308886943131675
-0.1379659147513141
-0.1453151053604029
-0.1529395906760404
-0.1608422626537072
-0.169025549588597
-0.177491384952001
-0.1862411762960233
-0.1952757743069396
-0.2045954421487555
-0.214199825225574
-0.2240879214694645
-0.2342580523312478
-0.2447078345688692
-0.2554341529960676
-0.266433134334801
-0.2777001222860201
-0.2892296540109519
-0.3010154381186638
-0.3130503343302339
-0.3253263349636048
-0.3378345483456653
-0.3505651843396501
-0.3635075420717507
-0.3766500000217016
-0.3899800086057911
-0.4034840853327754
-0.4171478127005462
-0.4309558388870619
-0.4448918813736255
-0.4589387335952848
-0.4730782746589863
-0.4872914822621723
-0.5015584488163012
-0.515858400865675
-0.5301697218461384
-0.5444699781735058
-0.5587359487468838
-0.5729436578070087
-0.5870684111795451
-0.6010848358853885
-0.6149669230429708
-0.6286880740838032
-0.6422211501529044
-0.6555385246564081
-0.668612138869961
-0.6814135604690961
-0.6939140449460024
-0.7060845997021937
-0.7178960506838038
-0.729319111405305
-0.7403244542079488
-0.7508827837254511
-0.7609649121897315
-0.7705418361067389
-0.779584814102446
-0.7880654463907828
-0.7959557568203546
-0.8032282758621569
-0.8098561213147791
-0.8158130764404649
-0.8210736692597138
-0.8256132567757769
-0.8294081099877876
-0.8324354952912825
-0.834673751848387
-0.8361023676970606
-0.8367020558522139
-0.8364548289141766
-0.8353440711714766
-0.8333546078958162
-0.8304727718539535
-0.8266864669508872
-0.8219852286109975
-0.8163602806261877
-0.8098045882336752
-0.8023129071931019
-0.7938818287115272
-0.7845098199521839
-0.7741972599590021
-0.7629464708197937
-0.7507617438798981
-0.7376493609051737
-0.7236176100175028
-0.7086767963130728
-0.6928392470650716
-0.6761193114050413
-0.6585333544568643
-0.6400997458445873
-0.620838842575044
-0.6007729662876697
-0.5799263748580535
-0.5583252284135152
-0.5359975497868572
-0.5129731795015645
-0.4892837253755967
-0.4649625068294325
-0.4400444940443932
-0.4145662420957921
-0.3885658202381454
-0.3620827365191819
-0.3351578579041146
-0.3078333261366811
-0.2801524695454604
-0.2521597110429148
-0.2239004725692794
-0.1954210762409395
-0.1667686424905722
-0.1379909854746766
-0.1091365060489392
-0.08025408261684987
-0.05139296016320379
-0.02260263779555042
0.006067244888525222
0.03456702227877652
0.06284711774323905
0.09085815879932466
0.118551092133155
0.1458772981336516
0.1727887046123625
0.1992378993825474
0.2251782413702185
0.2505639699428059
0.2753503121377777
0.2994935874894957
0.3229513101581387
0.3456822880685836
0.3676467187917291
0.3888062818926565
0.4091242274953201
0.4285654608226248
0.4470966224780903
0.4646861642676705
0.4813044203502498
0.4969236735361317
0.5115182165656696
0.5250644082126921
0.5375407240945593
0.5489278020549598
0.5592084820213959
0.5683678402541177
0.5763932179156375
0.5832742439272169
0.5890028520682874
0.5935732923152165
0.5969821364240385
0.5992282777670642
0.6003129254707994
0.6002395929018663
0.599014080585173
0.5966444536420715
0.5931410138393193
0.5885162663763872
0.5827848815336113
0.5759636513366203
0.5680714413960938
0.5591291380856004
0.5491595912507009
0.53818755263383
0.5262396102267611
0.5133441187644628
0.4995311265761722
0.4848322990328187
0.469280838819895
0.4529114032862577
0.4357600191172069
0.4178639945783782
0.3992618295938468
0.3799931239112813
0.3600984836193588
0.3396194262797526
0.3185982849335464
0.2970781112499979
0.2751025780721507
0.252715881621635
0.2299626436169168
0.2068878135515979
0.1835365713819231
0.1599542308653046
0.1361861437906162
0.1122776053288624
0.08827376072359443
0.06421951353814276
0.04015943566638726
0.01613767930745714
-0.007802108905281423
-0.03161687143990797
-0.05526422089540033
-0.078702518364501
-0.1018909489779811
-0.1247895944885111
-0.147359502764044
-0.1695627540749004
-0.1913625240648328
-0.2127231433084642
-0.2336101533685169
-0.253990359277394
-0.2738318783821401
-0.2931041854973738
-0.3117781543248866
-0.329826095108784
-0.3472217885049916
-0.3639405156598536
-0.3799590844939984
-0.395255852202592
-0.4098107439920238
-0.4236052680804922
-0.4366225270044163
-0.448847225275198
-0.4602656734477669
-0.4708657886653801
-0.4806370917468351
-0.4895707008969762
-0.4976593221242603
-0.5048972364611355
-0.5112802840862113
-0.5168058454504619
-0.5214728195223116
-0.5252815992610418
-0.5282340444412655
-0.5303334519508411
-0.531584523681317
-0.5319933321384045
-0.5315672839061012
-0.5303150811107953
-0.5282466810206471
-0.5253732539028519
-0.5217071392712554
-0.5172618006676383
-0.5120517791283058
-0.5060926454734505
-0.4994009515426248
-0.4919941805076123
-0.4838906964028555
-0.4751096930194195
-0.4656711422927181
-0.4555957422994431
-0.4449048649850991
-0.4336205037510115
-0.4217652210321329
-0.4093620959815836
-0.3964346723651113
-0.3830069067727355
-0.3691031172562004
-0.3547479324996201
-0.3399662416203936
-0.3247831446897045
-0.3092239040632437
-0.2933138966036441
-0.2770785668737303
-0.2605433813758102
-0.2437337839088212
-0.2266751521120203
-0.2093927552514844
-0.1919117133037002
-0.1742569573879073
-0.156453191594985
-0.1385248562567076
-0.1204960926889618
-0.1023907094400084
-0.08423215007243637
-0.06604346250400973
-0.04784726992740761
-0.02966574332088581
-0.0115205755598801
0.006567042863278494
0.02457644650826324
0.04248751604551722
0.06028069771012716
0.07793702115945145
0.09543811574666906
0.1127662252250329
0.1299042209007012
0.1468356132549131
0.1635445620591783
0.1800158850098825
0.196235064911658
0.2121882554432697
0.2278622855376795
0.2432446624092792
0.2583235732647452
0.2730878857382219
0.2875271470948317
0.3016315822414026
0.3153920905850377
0.3288002417830792
0.341848270430861
0.3545290697364292
0.3668361842255926
0.3787638015227052
0.3903067432539766
0.4014604551215818
0.412220996198809
0.4225850274911236
0.4325497998097902
0.4421131410048894
0.4512734426049438
0.460029645911672
0.468381227593492
0.4763281848226574
0.4838710200003374
0.4910107251141083
0.497748765774042
0.5040870649662658
0.5100279865643761
0.51557431863883
0.5207292566028988
0.5254963862350729
0.5298796666124861
0.5338834129898138
0.5375122796579747
0.5407712428168845
0.5436655834978034
0.5462008705618836
0.5483829438030741
0.5502178971831067
0.551712062224627
0.5528719915896048
0.553704442864268
0.5542163625721739
0.5544148704361703
0.5543072439101724
0.5539009030025874
0.5532033954043851
0.5522223819348343
0.550965622319161
0.549440961314367
0.5476563151995922
0.5456196586371856
0.5433390119122173
0.5408224285586515
0.5380779833799185
0.535113760871346
0.5319378440481963
0.5285583036832672
0.5249831879571009
0.5212205125238396
0.5172782509967265
0.5131643258506835
0.5088865997407778
0.5044528672352576
0.4998708469610557
0.4951481741600891
0.4902923936519367
0.4853109531993923
0.4802111972722725
0.4750003612031997
0.4696855657298895
0.4642738119176622
0.4587719764584173
0.4531868073385876
0.4475249198646769
0.4417927930365374
0.4359967662623231
0.4301430364106157
0.4242376551907578
0.4182865268483548
0.412295406165114
0.4062698967552568
0.4002154496512373
0.3941373621690802
0.3880407770424928
0.3819306818172997
0.3758119084944392
0.369689133410105
0.3635668773432549
0.3574495058423915
0.351341229763824
0.3452461060094457
0.3391680384529609
0.333110779045115
0.327077929089577
0.3210729406820953
0.3150991183013501
0.3091596205406655
0.3032574619716426
0.2973955151331441
0.2915765126392909
0.2858030493954344
0.2800775849120554
0.2744024457086382
0.268779827801067
0.2632117992658752
0.257700302873028
0.252247158779525
0.2468540672769665
0.241522611586493
0.2362542606950729
0.2310503722265136
0.2259121953421744
0.2208408736653479
0.2158374482223273
0.2109028603939249
0.2060379548733682
0.2012434826266087
0.1965201038503891
0.191868390923489
0.1872888313476268
0.1827818306731306
0.1783477154048207
0.1739867358846535
0.1696990691485429
0.1654848217550504
0.1613440325820888
0.157276675588093
0.1532826625353093
0.149361845673797
0.1455140203852274
0.1417389277830386
0.1380362572660803
0.134405649024216
0.1308466964949837
0.1273589487702814
0.1239419129517381
0.1205950564542448
0.1173178092566387
0.1141095660980559
0.1109696886190889
0.1078975074474521
0.1048923242282946
0.1019534135987569
0.09908002510637313
0.09627138507138111
0.09352669839266942
0.09084515029696386
0.08822590803156262
0.08566812250178511
0.08317092985450046
0.08073345300686807
0.07835480311953889
0.07603408101502654
0.07377037854312959
0.07156277989509996
0.06941036286605094
0.06731220006550642
0.06526736007689757
0.0632749085677497
0.06133390935196724
0.05944342540446016
0.05760251982860778
0.05581025677757359
0.05406570233086441
0.05236792532750075
0.05071599815647648
0.04910899750548118
0.04754600506892166
0.04602610821609732
0.0445484006203753
0.04311198285075234
0.04171596292747637
0.04035945684274699
0.03904158904696749
0.03776149290154947
0.03651831109943593
0.0353111960543405
0.03413931025981367
0.03300182661946954
0.03189792874967782
0.03082681125535564
0.0297876799795127
0.02877975222759847
0.02780225696784173
0.0268544350086398
0.02593553915389243
0.02504483433721476
0.02418159773598104
0.02334511886592245
0.0225346996571793
0.0217496545126776
0.02098931034977725
0.0202530066260369
0.01954009534970024
0.01884994107568398
0.01818192088787591
0.01753542436845063
0.01690985355501696
0.0163046228862442
0.01571915913688075
0.0151529013425274
0.01460530071465378
0.01407582054644272
0.01356393611033204
0.01306913454793708
0.01259091475273905
0.01212878724602149
0.01168227404652615
0.01125090853437318
0.0108342353097132
0.01043181004657488
0.01004319934244093
0.009667980563901746
0.009305741688708175
0.008956081144428215
0.008618607644374755
0.008292940021855408
0.007978707062888762
0.007675547335861935
0.007383109016002496
0.007101049708870744
0.006829036279739313
0.00656674468776681
0.006313859815879317
0.006070075289559321
0.005835093294073469
0.005608624398181081
0.005390387383601722
0.005180109074314286
0.004977524163636836
0.00478237504159346
0.004594411623948371
0.004413391183035818
0.004239078179991304
0.004071244098331549
0.003909667279122884
0.003754132757946864
0.003604432103712455
0.003460363259404132
0.003321730384904951
0.00318834370189832
0.003060019340893837
0.002936579190453537
0.002817850748700323
0.002703666977195839
0.002593866157221078
0.002488291748384728
0.002386792249690328
0.002289221063029743
0.00219543635920215
0.00210530094639563
0.002018682141198973
0.001935451642133778
0.001855485405680771
0.001778663524858259
0.001704870110332054
0.00163399317401207
0.001565924515197692
0.001500559609207324
0.001437797498470185
0.001377540686099684
0.001319695031912939
0.001264169650881992
0.001210876814003279
0.001159731851523335
0.001110653058528785
0.001063561602874495
0.001018381435411072
0.0009750392024881422
0.0009334641607013256
0.0008935880938319305
0.0008553452319518135
0.0008186721726832245
0.0007835078045635573
0.000749793232468995
0.000717471705076654
0.00068648854435012
0.0006567910769461398
0.0006283285675607385
0.0006010521541758752
0.0005749147851339332
0.0005498711580293635
0.0005258776603909364
0.0005028923120814897
0.0004808747094110819
0.0004597859709054851
0.0004395886847082665
0.000420246857540292
0.0004017258652585388
0.0003839924048897146
0.0003670144481673118
0.0003507611964960389
0.0003352030373375991
0.0003203115019652474
0.0003060592245396345
0.0002924199024986789
0.0002793682582334538
0.0002668800019786822
0.0002549317959203548
0.0002435012194613208
0.0002325667356409751
0.0002221076586563917
0.0002121041224603189
0.0002025370504162716
0.0001933881259624404
0.0001846397642745235
0.0001762750848737555
0.0001682778851900623
0.0001606326150016437
0.0001533243517971036
0.000146338776929026
0.0001396621526526103
0.0001332812999401084
0.0001271835770873425
0.0001213568590525212
0.0001157895175312778
0.000110470401758946
0.0001053888199894238
0.0001005345216107085
9.58976799535643e-05
9.146887568540773e-05
8.723908082424383e-05
8.319964331737496e-05
7.934227220491049e-05
7.565902332055598e-05
7.214228551551032e-05
6.878476739723062e-05
6.557948456163058e-05
6.251974730143837e-05
5.959914874928736e-05
5.681155352641919e-05
5.415108676319438e-05
5.16121235572101e-05
4.918927882599968e-05
4.687739756394884e-05
4.467154544176138e-05
4.256699979750008e-05
4.055924094191626e-05
3.864394382597859e-05
3.681697002900526e-05
3.507436003965384e-05
3.341232585398573e-05
3.182724387276108e-05
3.031564803514419e-05
2.887422327416561e-05
2.749979919896268e-05
2.618934403788062e-05
2.493995882554789e-05
2.374887180455632e-05
2.261343306408055e-05
2.153110940146699e-05
2.049947936128857e-05
1.951622850792075e-05
1.857914486968031e-05
1.768611457429115e-05
1.683511764902574e-05
1.602422401235217e-05
1.525158960887425e-05
1.451545272090031e-05
1.381413041849096e-05
1.314601516435305e-05
1.250957155123771e-05
1.190333316101916e-05
1.132589957504015e-05
1.077593353451902e-05
1.025215821773576e-05
9.753354537899996e-06
9.278358517475378e-06
8.82605884005044e-06
8.395394943504187e-06
7.985355086696733e-06
7.594973951662617e-06
7.22332981726501e-06
6.869542224078236e-06
6.53277066190675e-06
6.212213476472243e-06
5.90710626496689e-06
5.616719925698607e-06
5.340358845490618e-06
5.077359421426478e-06
4.827088683199938e-06
4.588942956914523e-06
4.362346522859872e-06
4.146750353339403e-06
3.941630911804729e-06
3.746489003269421e-06
3.560848673994754e-06
3.384256155741033e-06
3.216278860252181e-06
3.056504428772178e-06
2.904539792200582e-06
2.760010312450671e-06
2.622558921558002e-06
2.491845335463683e-06
2.367545272741348e-06
2.249349729617023e-06
2.136964276053653e-06
2.030108384438192e-06
1.928514789556012e-06
1.831928877316634e-06
1.740108104404317e-06
1.652821429794446e-06
1.569848795529997e-06
1.49098060855474e-06
1.416017257692814e-06
1.34476864520666e-06
1.277053751325456e-06
1.212700203567069e-06
1.151543872945922e-06
1.093428493416888e-06
1.038205301576206e-06
9.857326674768461e-07
9.358757677273134e-07
8.885062663291692e-07
8.435020063505873e-07
8.007467259105093e-07
7.601297724610503e-07
7.215458342751714e-07
6.848947025095951e-07
6.500810097856589e-07
6.170140277185329e-07
5.856074158259872e-07
5.557790374728301e-07
5.27450744700778e-07
5.00548191664103e-07
4.750006659148336e-07
4.50740887752458e-07
4.277048745290399e-07
4.058317685130775e-07
3.850636831273651e-07
3.653455740680394e-07
3.466250927213045e-07
3.288524516519315e-07
3.119803199062275e-07
2.959636835237495e-07
2.807597476923777e-07
2.663278248494745e-07
2.526292308711207e-07
2.396271925907828e-07
2.272867524921434e-07
2.155746836536035e-07
2.044593973331956e-07
1.939108809533305e-07
1.839005976888641e-07
1.744014288523547e-07
1.653876015812239e-07
1.568346304769606e-07
1.487192440488563e-07
1.41019329805931e-07
1.337138663269712e-07
1.267828939292254e-07
1.202074452501068e-07
1.139695012289589e-07
1.080519416958889e-07
1.024385042182027e-07
9.711374042854812e-08
9.206297786400889e-08
8.727227796262468e-08
8.272840415183184e-08
7.841877504013198e-08
7.433145519607082e-08
7.045510440562608e-08
6.677895821359743e-08
6.329278819078887e-08
5.998688679344758e-08
5.685202699104325e-08
5.387945980656672e-08
5.106086808874291e-08
4.83883650059888e-08
4.58544560563371e-08
4.345202414667122e-08
4.117432390518263e-08
3.901494161724874e-08
3.696780253801023e-08
3.502712562950114e-08
3.318743008241574e-08
3.144351249490667e-08
2.979043654432425e-08
2.822351936818268e-08
2.673831028059864e-08
2.53305949182321e-08
2.399636410034761e-08
2.273182207343966e-08
2.153336435669443e-08
2.0397570030093e-08
1.932119332784818e-08
1.830115777058562e-08
1.733453644689723e-08
1.641855924612703e-08
1.555059734617236e-08
1.472815333590794e-08
1.394886158884499e-08
1.321048397502567e-08
1.251088531089613e-08
1.184805286476892e-08
1.122006394008236e-08
1.062510980900346e-08
1.006146625064733e-08
9.527499976458025e-09
9.0216597794484e-09
8.542477397883043e-09
8.088559626548496e-09
7.658590486842345e-09
7.251311570905916e-09
6.865530550607678e-09
6.50012725898956e-09
6.154029717429509e-09
5.826231225286883e-09
5.51577266086762e-09
5.221742850276195e-09
4.943279277153755e-09
4.679563726357175e-09
4.42982152269598e-09
4.193319347137235e-09
3.969359047830822e-09
3.757280199222007e-09
3.556460001213456e-09
3.366302120840649e-09
3.186245703900825e-09
3.015756882282592e-09
2.854326548042115e-09
2.701484094941151e-09
2.556771539847046e-09
2.419762077786861e-09
2.290052829072218e-09
2.167250822699335e-09
2.050997938500982e-09
1.940939049819593e-09
1.83674997448348e-09
1.738118261067517e-09
1.644752783962623e-09
1.556372923392353e-09
1.472712029617508e-09
1.393526140287858e-09
1.318573028606533e-09
1.247626740091692e-09
1.180478057036297e-09
1.116923353577714e-09
1.056771138992195e-09
9.998381192508476e-10
9.459591126533788e-10
8.949631342897295e-10
8.467002032578209e-10
8.01024718555075e-10
7.577965798293384e-10
7.168873279328076e-10
6.781733520956107e-10
6.41539311282083e-10
6.068807199638933e-10
5.740852978312276e-10
5.430530821617759e-10
5.136902333433348e-10
4.859072183943681e-10
4.596165490475331e-10
4.347433856938669e-10
4.112125228833508e-10
3.889490176455968e-10
3.678832061184909e-10
3.479507379503462e-10
3.290915276417165e-10
3.112502963112009e-10
2.943678554907429e-10
2.783997729223501e-10
2.632891715145879e-10
2.489967762221121e-10
2.354741592223774e-10
2.226820959487508e-10
2.10584732395023e-10
1.991418282443221e-10
1.883204572765746e-10
1.780883872887594e-10
1.684127955561617e-10
1.592579079524822e-10
1.505984479464481e-10
1.42405573354386e-10
1.346558815119031e-10
1.273234949413197e-10
1.203891883409041e-10
1.138281254240164e-10
1.076258835244477e-10
1.017580907512185e-10
9.620892275877059e-11
9.096075779055451e-11
8.599574668565974e-11
8.130489007115093e-11
7.68711838977714e-11
7.267993551493186e-11
6.871534972304558e-11
6.496450862259947e-11
6.14185142384273e-11
5.805956243345633e-11
5.488685374066148e-11
5.188394081525224e-11
4.904825916002034e-11
4.636777212675508e-11
4.383398542148891e-11
4.143946896220813e-11
3.917397773578487e-11
3.703145574030344e-11
3.500637514223044e-11
3.309238782601985e-11
