-2.547455913707357e-12
-2.725992650777663e-12
-3.227790246677804e-12
-4.110529090925585e-12
-5.450315002534992e-12
-7.371087504779515e-12
-1.005428958003656e-11
-1.374840308808202e-11
-1.878755223441635e-11
-2.561684087834534e-11
-3.482309091184232e-11
-4.717679111907339e-11
-6.368401347410409e-11
-8.565402457659394e-11
-1.147823154174269e-10
-1.532571231541503e-10
-2.038918211977734e-10
-2.702913656471055e-10
-3.570591996568422e-10
-4.700527606837526e-10
-6.16699569861527e-10
-8.063910918847754e-10
-1.050959679375609e-09
-1.365270876117575e-09
-1.767942521570829e-09
-2.282225219471091e-09
-2.937071451210162e-09
-3.768434461632694e-09
-4.820840161274899e-09
-6.149283157165579e-09
-7.821514768342658e-09
-9.920786248820328e-09
-1.254914531711701e-08
-1.583137562210894e-08
-1.991970371103364e-08
-2.499940125007996e-08
-3.129545100933089e-08
-3.908044765427892e-08
-4.868395513531848e-08
-6.050355473847693e-08
-7.501786807578086e-08
-9.280187232638137e-08
-1.145448666656175e-07
-1.410715074778266e-07
-1.733663770735504e-07
-2.126025984011206e-07
-2.601750945637017e-07
-3.177391372682512e-07
-3.872548898313379e-07
-4.710387473371462e-07
-5.718223074318037e-07
-6.928199084023572e-07
-8.378058732296701e-07
-1.011203124934398e-06
-1.218184433587204e-06
-1.464787703847008e-06
-1.758046998664037e-06
-2.106141120666176e-06
-2.518561763113629e-06
-3.006303453252817e-06
-3.582077651608851e-06
-4.260553627316701e-06
-5.058628925453581e-06
-5.995732472866088e-06
-7.094163616050732e-06
-8.379470633116528e-06
-9.880872527101143e-06
-1.163172817200712e-05
-1.367005718046086e-05
-1.603911713938372e-05
-1.878804215539208e-05
-2.197254797749954e-05
-2.565570924280024e-05
-2.99088147304663e-05
-3.481230680707114e-05
-4.045681156620303e-05
-4.694426645806661e-05
-5.438915243641261e-05
-6.291983767913749e-05
-7.268004054933178e-05
-8.383041965611471e-05
-9.655029898872144e-05
-0.0001110395362737242
-0.0001275205427836465
-0.0001462404628956637
-0.0001674735216682755
-0.000191523548624833
-0.000218726685711565
-0.0002494542871373186
-0.0002841160183538919
-0.000323163160890173
-0.0003670921290159163
-0.0004164482032968782
-0.0004718294849972567
-0.000533891073894803
-0.0006033494704726233
-0.0006809872014949497
-0.0007676576657225681
-0.0008642901938723941
-0.0009718953138733693
-0.00109157020911468
-0.001224504355393733
-0.001371985346322315
-0.001535404976336582
-0.001716265533585531
-0.001916186268052724
-0.002136910018314569
-0.002380309979462142
-0.002648396592296521
-0.002943324531379037
-0.003267399766784023
-0.003623086671641892
-0.004013015144667015
-0.004439987713872565
-0.004906986584642682
-0.005417180592156507
-0.005973932014974959
-0.006580803203300564
-0.007241562972087288
-0.007960192705779294
-0.008740892118039049
-0.00958808460631673
-0.01050642213764577
-0.01150078959849037
-0.01257630853798031
-0.01373834023044688
-0.01499248798173788
-0.01634459862918577
-0.01780076324124021
-0.01936731689604199
-0.02105083743678602
-0.0228581431224115
-0.0247962890922252
-0.02687256256191327
-0.02909447666728003
-0.03146976287123952
-0.03400636184890625
-0.03671241276554179
-0.03959624086551223
-0.04266634333999474
-0.04593137386209024
-0.04940012588596983
-0.05308151419391226
-0.05698455423340735
-0.06111833943202023
-0.0654920167389066
-0.07011476042959186
-0.07499574403299705
-0.0801441103843008
-0.08556893979374364
-0.09127921641197874
-0.09728379283649957
-0.1035913529555913
-0.1102103731457355
-0.1171490818322291
-0.1244154175353408
-0.132016985500961
-0.1399610129712734
-0.1482543032878232
-0.1569031888822039
-0.1659134833429574
-0.1752904327182565
-0.1850386661617144
-0.1951621461873452
-0.2056641186326721
-0.2165470625829655
-0.2278126404710321
-0.2394616485021793
-0.2514939677331577
-0.2639085159363659
-0.2767032005531269
-0.2898748729893529
-0.303419284429611
-0.317331043545403
-0.3316035762366192
-0.3462290877324131
-0.3611985273175923
-0.3765015558641248
-0.3921265165636252
-0.4080604089772503
-0.4242888667221824
-0.4407961390416863
-0.4575650764047301
-0.4745771205088387
-0.4918122987519664
-0.5092492234582664
-0.526865096051275
-0.5446357162456653
-0.5625354965687217
-0.5805374821947268
-0.5986133763053737
-0.6167335710814593
-0.6348671842953175
-0.6529821017243043
-0.6710450252529994
-0.6890215267679229
-0.7068761078340084
-0.7245722650031069
-0.7420725608628803
-0.7593387005569987
-0.7763316137477513
-0.7930115418784498
-0.8093381304601983
-0.8252705263689133
-0.8407674797428057
-0.8557874503177503
-0.8702887179268717
-0.8842294967598846
-0.8975680532372292
-0.9102628269729157
-0.9222725545510845
-0.9335563957298652
-0.944074061559306
-0.953785944162355
-0.9626532475633149
-0.9706381192028581
-0.9777037816731454
-0.9838146640868008
-0.9889365327492731
-0.9930366204847189
-0.9960837542196604
-0.9980484803252753
-0.9989031871075724
-0.998622224089377
-0.99718201744763
-0.9945611812153505
-0.9907406237701261
-0.9857036490421419
-0.9794360521195549
-0.971926208680061
-0.9631651579081562
-0.9531466784964606
-0.9418673572723436
-0.9293266502174118
-0.9155269354249423
-0.9004735577576679
-0.8841748649295772
-0.8666422346998861
-0.8478900930698607
-0.8279359231971004
-0.8068002649347172
-0.7845067048818121
-0.7610818568205253
-0.7365553325945902
-0.7109597033223919
-0.6843304509920007
-0.6567059105117993
-0.6281272023378092
-0.5986381559492254
-0.5682852241717354
-0.5371173883677249
-0.5051860548195442
-0.4725449430878634
-0.4392499672809242
-0.4053591094421642
-0.3709322838868421
-0.3360311935121132
-0.3007191807887968
-0.2650610751127619
-0.2291230345892967
-0.1929723813082325
-0.1566774312077158
-0.1203073202823052
-0.08393182789322995
-0.04762119727217746
-0.01144595365731481
0.02452327928808551
0.0602159641168025
0.09556183470166983
0.1304910812130422
0.1649345343637644
0.1988238483167918
0.2320916816548452
0.2646718758375325
0.296499630556368
0.3275116754263374
0.3576464374628864
0.3868442037980593
0.4150472791376418
0.4422001374428359
0.4682495673727177
0.4931448110373989
0.5168376956198021
0.5392827574899782
0.5604373584171974
0.5802617935568407
0.5987193909023959
0.6157766018996785
0.6314030829988909
0.645571767905028
0.6582589303686542
0.6694442373705384
0.6791107925604314
0.6872451698948924
0.693837437402646
0.6988811710874956
0.7023734589910976
0.7043148954491575
0.7047095656577749
0.7035650206391952
0.7008922427724426
0.6967056020694459
0.691022803392249
0.6838648248794342
0.6752558478154281
0.6652231782416839
0.6537971606244057
0.6410110839081211
0.6269010803439312
0.6115060174385394
0.5948673834261266
0.5770291666748033
0.5580377294459072
0.5379416764668417
0.516791718746651
0.4946405331064721
0.471542617890604
0.4475541453174534
0.4227328109607245
0.3971376808262707
0.3708290365128812
0.3438682189348281
0.3163174710749942
0.2882397802512013
0.2596987203483962
0.2307582944788894
0.201482778518783
0.1719365659553902
0.1421840144789033
0.1122892947247762
0.08231624156891079
0.05232820836047421
0.02238792446058803
-0.007442643559856809
-0.03710242673310938
-0.0665313842026011
-0.09567062913031889
-0.1244625497270194
-0.1528509251517547
-0.1807810360450589
-0.2081997694843379
-0.2350557181708264
-0.2612992736742469
-0.2868827135890845
-0.3117602824717559
-0.3358882664585534
-0.3592250614818711
-0.3817312350157646
-0.4033695813142348
-0.4241051701148797
-0.443905388812492
-0.4627399781215886
-0.480581061259101
-0.4974031667103559
-0.5131832446446268
-0.5279006770767094
-0.5415372818824435
-0.5540773107844474
-0.5655074414544879
-0.5758167638756845
-0.584996761137039
-0.5930412848378136
-0.5999465252822703
-0.6057109766721979
-0.610335397496952
-0.6138227663431938
-0.6161782333493414
-0.6174090675320112
-0.6175246002323976
-0.616536164915256
-0.6144570335751927
-0.6113023499995857
-0.6070890601293024
-0.6018358397736097
-0.5955630199309205
-0.5882925099821322
-0.5800477190092288
-0.5708534754784697
-0.560735945541879
-0.5497225501968948
-0.5378418815499433
-0.5251236184215922
-0.511598441524701
-0.4972979484535744
-0.4822545686920482
-0.4665014788511921
-0.4500725183444151
-0.4330021057040078
-0.415325155741481
-0.3970769977241025
-0.378293294741898
-0.3590099644321204
-0.3392631012189493
-0.3190889002224039
-0.2985235829710732
-0.2776033250505033
-0.256364185808348
-0.2348420402273553
-0.2130725130721582
-0.1910909153984576
-0.168932183508928
-0.1466308204301414
-0.1242208399747923
-0.1017357134469526
-0.07920831903648401
-0.05667089394249133
-0.03415498925495866
-0.01169142761490169
0.01068973633273638
0.03295925268743472
0.05508871024399341
0.0770505676551078
0.09881818182142402
0.1203658335324232
0.1416687503867432
0.1627031270279035
0.1834461427366784
0.2038759764244198
0.2239718190772706
0.2437138837071126
0.2630834128747953
0.2820626838516929
0.3006350114820426
0.3187847488138698
0.3364972855746006
0.3537590445767412
0.3705574761348448
0.3868810505675354
0.4027192488637719
0.4180625516011203
0.4329024262126622
0.4472313126912614
0.4610426078083858
0.474330647930249
0.487090690523402
0.4993188944494075
0.5110122991376199
0.5221688027127382
0.5327871391600331
0.5428668546159593
0.5524082828758508
0.5614125202023844
0.5698813995111582
0.5778174640164203
0.5852239404108799
0.5921047116539643
0.5984642894425515
0.6043077864385462
0.6096408883311666
0.6144698257928125
0.6188013463890563
0.6226426865047212
0.6260015433493754
0.6288860471078591
0.6313047332812256
0.6332665152631625
0.6347806572007418
0.6358567471930449
0.63650467088267
0.6367345854695032
0.6365568941781369
0.6359822212141584
0.6350213872460757
0.6336853854485852
0.6319853581301291
0.6299325739727228
0.6275384059065451
0.6248143096347554
0.6217718028269441
0.6184224449957713
0.6147778180708976
0.610849507681645
0.6066490851592296
0.6021880902731861
0.5974780146985059
0.5925302862104664
0.5873562536087474
0.58196717237656
0.5763741910804563
0.5705883384993181
0.5646205114731755
0.5584814634653803
0.5521817938344146
0.545731937811801
0.5391421571704821
0.5324225315703338
0.5255829505686799
0.5186331062843743
0.5115824867050793
0.5044403696193793
0.4972158171573275
0.4899176709235979
0.4825545477070435
0.4751348357522794
0.4676666915730623
0.4601580372894
0.4526165584702058
0.4450497024639182
0.4374646772014164
0.4298684504493746
0.4222677494948314
0.414669061242159
0.4070786327035452
0.3995024718659898
0.3919463489142745
0.3844157977909812
0.3769161180752963
0.3694523771635663
0.3620294127364502
0.3546518354920986
0.3473240321276707
0.3400501685519723
0.3328341933128163
0.3256798412238586
0.3185906371737816
0.3115699001017254
0.3046207471240875
0.2977460977987946
0.2909486785146757
0.2842310269899976
0.2775954968654045
0.2710442623786051
0.2645793231100556
0.2582025087898622
0.2519154841521804
0.2457197538251885
0.2396166672462856
0.2336074235926912
0.2276930767185939
0.2218745400891579
0.216152591702723
0.2105278789931607
0.2050009237049501
0.1995721267349503
0.1942417729327045
0.1890100358526908
0.1838769824525386
0.1788425777316995
0.1739066893058139
0.1690690919116673
0.1643294718386121
0.1596874312824278
0.1551424926176947
0.1506941025854572
0.1463416363933005
0.1420844017260963
0.1379216426650171
0.1338525435114999
0.1298762325139152
0.1259917854962615
0.1221982293888528
0.1184945456599505
0.11487967364648
0.1113525137829058
0.1079119307285972
0.1045567563942524
0.1012857928674104
0.09809781523722198
0.09499157431923302
0.09196579928038338
0.08901920016465821
0.08615047032044325
0.08335828873110186
0.08064132225050727
0.07799822774421984
0.07542765413756364
0.07292824437204957
0.07049863727211407
0.06813746932425981
0.06584337636984768
0.06361499521296472
0.06145096514530244
0.05934992939043522
0.05731053646992083
0.05533144149261135
0.05341130736895426
0.05154880595225096
0.04974261910929888
0.04799143972266378
0.04629397262645935
0.04464893547765515
0.04305505956501837
0.04151109055779667
0.04001578919631014
0.03856793192643786
0.03716631148023858
0.03580973740465824
0.03449703654009213
0.03322705345067713
0.03199865080838952
0.03081070973307669
0.02966213009031024
0.02855183074878999
0.02747874979936777
0.0264418447372377
0.02544009260891223
0.02447249012581743
0.02353805374620836
0.02263581972710474
0.02176484414784637
0.02092420290656186
0.02011299169114611
0.01933032592637529
0.01857534069860356
0.01784719065941869
0.01714504990924865
0.01646811186232484
0.01581558909440158
0.01518671317427265
0.01458073448042501
0.01399692200387213
0.01343456313828854
0.0128929634583956
0.01237144648747615
0.01186935345517583
0.01138604304634133
0.01092089114195777
0.01047329055286748
0.01004265074712744
0.009628397571722156
0.009229972969353238
0.008846834690920543
0.008478456004537754
0.008124325401749947
0.007783946301414903
0.007456836751706893
0.007142529130774213
0.006840569846676552
0.006550519037192183
0.006271950269783222
0.006004450242063298
0.005747618483190238
0.00550106705660118
0.005264420264468593
0.005037314354191936
0.004819397227105959
0.004610328149735526
0.004409777467880002
0.004217426323754152
0.00403296637643423
0.003856099525736325
0.003686537639729601
0.003524002286041951
0.00336822446709646
0.00321894435936965
0.003075911056913605
0.002938882319207814
0.002807624323380565
0.002681911420859075
0.002561525898553766
0.002446257744603322
0.002335904418764962
0.002230270627458003
0.002129168103521714
0.002032415390694144
0.001939837632771576
0.001851266367478142
0.001766539325015745
0.001685500231333392
0.001607998616048688
0.001533889625036572
0.001463033837641404
0.00139529708841058
0.001330550293412942
0.001268669281024175
0.001209534627172895
0.001153031494937512
0.001099049478507607
0.001047482451416782
0.0009982284189353969
0.000951189374666295
0.0009062711611797226
0.0008633833346835349
0.0008224390336337156
0.0007833548512160545
0.0007460507115932943
0.0007104497499088005
0.0006764781958974441
0.0006440652611066781
0.0006131430296030671
0.0005836463520926349
0.0005555127434104683
0.0005286822832283819
0.0005030975200011996
0.0004787033780157717
0.0004554470674585363
0.0004332779974889513
0.0004121476921658025
0.0003920097092081503
0.0003728195614864158
0.0003545346412113925
0.0003371141467528521
0.0003205190119330349
0.0003047118376246347
0.0002896568257320117
0.0002753197158051348
0.0002616677241075623
0.0002486694847002152
0.0002362949922050455
0.0002245155465951672
0.0002133037002209958
0.0002026332069803345
0.0001924789733311746
0.0001828170109974343
0.0001736243914169462
0.0001648792019210653
0.0001565605035721356
0.0001486482905927038
0.000141123451354387
0.0001339677308386502
0.0001271636945451809
0.0001206946938065428
0.0001145448324307516
0.0001086989346799746
0.0001031425144757511
9.786174582325028e-05
9.284343441921301e-05
8.807499036356909e-05
8.354440200921156e-05
7.92402108216267e-05
7.515148724636684e-05
7.126780760482807e-05
6.757923186732301e-05
6.407628239742086e-05
6.074992349729965e-05
5.759154185241499e-05
5.459292777357756e-05
5.174625719701433e-05
4.904407445520503e-05
4.647927576663717e-05
4.404509341408654e-05
4.17350805847709e-05
3.95430968628496e-05
3.746329434735024e-05
3.5490104334513e-05
3.361822459753955e-05
3.184260719668707e-05
3.015844683023133e-05
2.856116965979812e-05
2.704642264847888e-05
2.561006336022479e-05
2.424815019594649e-05
2.29569330606277e-05
2.173284444696486e-05
2.057249091528935e-05
1.947264492887237e-05
1.843023706502275e-05
1.744234859437626e-05
1.650620435817629e-05
1.561916598800034e-05
1.477872541447119e-05
1.398249868010254e-05
1.322822003291181e-05
1.251373627372992e-05
1.183700138598599e-05
1.119607138236767e-05
1.058909940499159e-05
1.001433105217523e-05
9.470099900167199e-06
8.95482326559029e-06
8.466998128206648e-06
8.005197260989749e-06
7.568065543347621e-06
7.154316446756377e-06
6.762728664694461e-06
6.392142920867135e-06
6.041458931041836e-06
5.709632495462988e-06
5.395672722608721e-06
5.098639402376016e-06
4.817640493630348e-06
4.551829737028753e-06
4.300404372884989e-06
4.062602980185864e-06
3.837703410538545e-06
3.625020819990529e-06
3.42390580711361e-06
3.233742630032293e-06
3.053947510822408e-06
2.883967035981151e-06
2.723276601609582e-06
2.571378967988151e-06
2.4278028758127e-06
2.292101722449146e-06
2.163852304737086e-06
2.042653636772288e-06
1.928125811805415e-06
1.819908912095985e-06
1.717662006763067e-06
1.621062156915984e-06
1.529803509716966e-06
1.443596406040205e-06
1.362166545180851e-06
1.285254198678166e-06
1.212613450911834e-06
1.144011482758949e-06
1.079227890204519e-06
1.018054054551018e-06
9.602925020770258e-07
9.057563331357159e-07
8.54268684941769e-07
8.056621847529668e-07
7.597784601439941e-07
7.164676696601654e-07
6.755880566806771e-07
6.370055190498097e-07
6.005931958799933e-07
5.662310967356452e-07
5.338057397927682e-07
5.032098035431842e-07
4.743417924404906e-07
4.471057450827223e-07
4.214109205094346e-07
3.971715301674167e-07
3.743064780083457e-07
3.527390990966995e-07
3.32396927138638e-07
3.132114662871646e-07
2.951179780260486e-07
2.780552852612395e-07
2.619655750671163e-07
2.467942195175065e-07
2.32489612728428e-07
2.190029861320954e-07
2.062882713367476e-07
1.943019537174201e-07
1.830029286740991e-07
1.723523666099983e-07
1.623135993447896e-07
1.528520035493052e-07
1.439348724802085e-07
1.355313297812767e-07
1.276122137851901e-07
1.201499989821371e-07
1.131186937771857e-07
1.064937665390475e-07
1.002520567460746e-07
9.437170256374018e-08
8.883207072717935e-08
8.361369197069252e-08
7.869818437617916e-08
7.406820674907591e-08
6.970739645926078e-08
6.56003110515033e-08
6.173238490839309e-08
5.808987877832742e-08
5.465983609082037e-08
5.143000978436697e-08
4.838886095422149e-08
4.552550827831213e-08
4.282968446716965e-08
4.029171420695092e-08
3.790246754950444e-08
3.56533420724693e-08
3.353622072601906e-08
3.154345543703338e-08
2.966782471016224e-08
2.790253105315825e-08
2.624116207906981e-08
2.467766527539377e-08
2.320634974519271e-08
2.182184115743343e-08
2.051907246142617e-08
1.929327755296204e-08
1.81399609204218e-08
1.705488447947946e-08
1.603405399462105e-08
1.507370635126196e-08
1.417029831486569e-08
1.332050337446504e-08
1.25211676609627e-08
1.176932739047787e-08
1.106219383591397e-08
1.039713429807735e-08
9.771682358737537e-09
9.183500080162731e-09
8.630390512321969e-09
8.110281481415913e-09
7.621226924589723e-09
7.161386122730005e-09
6.729034696821244e-09
6.322542751724047e-09
5.940384193658944e-09
5.581107841228846e-09
5.243363132516957e-09
4.925873397963682e-09
4.627434821638812e-09
4.346919225420806e-09
4.083257690828706e-09
3.835449970810168e-09
3.602553423120071e-09
3.383677638396081e-09
3.177989783420169e-09
2.984702233532285e-09
2.803073208296796e-09
2.632403232147437e-09
2.472044845671596e-09
2.321373910585629e-09
2.179808111434685e-09
2.046805544458093e-09
1.921846935612723e-09
1.804454327638274e-09
1.694171193420071e-09
1.590569522073385e-09
1.49325670316009e-09
1.401851072226586e-09
1.315993197356027e-09
1.23535446335193e-09
1.159622341710093e-09
1.088495434326522e-09
1.021704857043633e-09
9.58986038064674e-10
9.000885276949995e-10
8.447837496336593e-10
7.928464322347648e-10
7.440819722335314e-10
6.982926587273049e-10
6.553011476912127e-10
6.149321224968713e-10
5.770312733012259e-10
5.414478461934803e-10
5.080383800126265e-10
4.766730434770768e-10
4.472358146399484e-10
4.196083276832406e-10
3.936753289328242e-10
3.693358981986445e-10
3.464921779859555e-10
3.250515160672876e-10
3.049294996789646e-10
2.860474195092594e-10
2.683257834595924e-10
2.516961603792341e-10
2.360880749645681e-10
2.214368160047534e-10
2.076892041787191e-10
1.947912791033471e-10
1.826828685349215e-10
1.713258682777694e-10
1.606719753827672e-10
1.506772667075025e-10
1.412983791791927e-10
1.325061852467189e-10
1.242551942464234e-10
1.165142097186195e-10
1.092487637986473e-10
1.024355008285909e-10
9.60442363132277e-11
9.004904872383193e-11
8.442740537841976e-11
7.915358595477639e-11
7.420675855891703e-11
6.956840776473545e-11
6.522289457984298e-11
6.114493220375291e-11
5.732134556217601e-11
5.373802397246854e-11
5.037393250242219e-11
4.721809364048166e-11
4.425752460394743e-11
4.147687019091675e-11
3.886771511822819e-11
3.642484082111063e-11
3.413826717709102e-11
3.199260781842866e-11
2.998255940321808e-11
2.810191973060427e-11
2.634080695494378e-11
2.469275119515222e-11
2.314299690246287e-11
2.168968011235231e-11
2.032014666848478e-11
1.904064920598838e-11
1.783736197537596e-11
1.671380049642812e-11
1.565845302669163e-11
1.467011583891773e-11
1.374530873514006e-11
1.2877887080984e-11
1.206262943935692e-11
1.129759946657923e-11
1.058386817775239e-11
9.916110791511108e-12
9.291516867417521e-12
8.705746588779219e-12
8.158264288561818e-12
7.644772254016266e-12
7.164566252048147e-12
6.714479961662053e-12
6.288870706446158e-12
5.887994467499953e-12
5.510197519364753e-12
5.157311284486585e-12
4.829069070485449e-12
4.517095474635774e-12
4.2284647771239e-12
3.958486613040607e-12
3.709889830789416e-12
3.475942111340742e-12
3.261359963733769e-12
3.058660089842386e-12
2.869176948000387e-12
2.693334251152955e-12
2.523952520731604e-12
2.363176146563462e-12
2.207160007447616e-12
2.059152067249913e-12
1.921504772863881e-12
1.788848427908278e-12
1.676236812151837e-12
1.574381066493697e-12
1.476453623028565e-12
1.383028785029634e-12
1.294008561749917e-12
1.210391788385209e-12
1.137693166215997e-12
1.068080583470423e-12
1.004928272769929e-12
9.487753594708453e-13
8.885747954117373e-13
8.303008664152839e-13
7.754529204510878e-13
7.273419057694092e-13
6.734099206249205e-13
6.224088189932199e-13
5.758802968775045e-13
5.37145398607041e-13
5.032291290713045e-13
4.715645489055966e-13
4.408739880062651e-13
4.150426767807004e-13
3.94675531613846e-13
3.752790623801337e-13
3.556990523413473e-13
3.333882593529105e-13
3.136992798664047e-13
2.963838126179892e-13
2.729126580719722e-13
2.507115604750805e-13
2.308248993227077e-13
2.154670134044072e-13
2.021776015180513e-13
1.923014205515817e-13
1.813012219115646e-13
1.685388600343216e-13
1.531718616048651e-13
1.387867909206083e-13
1.281921471078007e-13
1.182108024597459e-13
1.105751525883319e-13
1.032054572455609e-13
9.898511650172991e-14
9.721695070193901e-14
9.741058078381122e-14
9.452721430554266e-14
9.192763466365241e-14
8.800708839827223e-14
8.268509923553631e-14
7.740032817042746e-14
7.187692154429819e-14
6.588606694431919e-14
5.888220738638774e-14
4.682787838982965e-14
3.194604790276095e-14
2.347617554377244e-14
1.887017852037763e-14
1.718488780649438e-14
2.230200919751689e-14
2.794647739605624e-14
3.172647948263467e-14
3.671406793317367e-14
3.93419026017366e-14
4.162261854527411e-14
4.313511373121959e-14
4.238732621935241e-14
