-8.325326892468717e-13
-5.304877613225185e-13
-3.385559840693253e-13
-2.193469652051937e-13
-1.457427093205375e-13
-1.008935805071096e-13
-7.474859564341619e-14
-6.184767150808694e-14
-5.89848157211202e-14
-6.488695750583877e-14
-7.930979132915476e-14
-1.042040990993976e-13
-1.420644380940602e-13
-1.977319462302769e-13
-2.773851203426737e-13
-3.903480759409922e-13
-5.494488486264074e-13
-7.721639874957485e-13
-1.081594387382986e-12
-1.509843182103921e-12
-2.099205501055043e-12
-2.906956413183699e-12
-4.009272052583028e-12
-5.507202277887079e-12
-7.533942318593404e-12
-1.026588277689719e-11
-1.39343485745256e-11
-1.884185420085242e-11
-2.538179771892303e-11
-3.406786648830231e-11
-4.5560642336836e-11
-6.071846549779681e-11
-8.064101729979461e-11
-1.067387789767785e-10
-1.408168064261217e-10
-1.851762083509308e-10
-2.427408119539341e-10
-3.172158794385183e-10
-4.132867325966661e-10
-5.368550925568143e-10
-6.953444562566192e-10
-8.980582166315266e-10
-1.156632392757901e-09
-1.485579184017541e-09
-1.902955909139842e-09
-2.431168933462099e-09
-3.097956358109065e-09
-3.937571788211828e-09
-4.992209394638069e-09
-6.31371953813867e-09
-7.965659023642346e-09
-1.002574824983395e-08
-1.258879030530874e-08
-1.577016002718747e-08
-1.970993652120556e-08
-2.457780720652038e-08
-3.057886178469552e-08
-3.796041876908243e-08
-4.702006568148585e-08
-5.811508883058334e-08
-7.167352482908448e-08
-8.820706925925389e-08
-1.08326143095872e-07
-1.327574147338019e-07
-1.623641526344285e-07
-1.981698153455705e-07
-2.413853343499304e-07
-2.934405978575421e-07
-3.560207268407179e-07
-4.311077672541058e-07
-5.210285395434117e-07
-6.285094255699394e-07
-7.56738990217517e-07
-9.094394286869334e-07
-1.090947914940512e-06
-1.306309067843452e-06
-1.561379852131211e-06
-1.862948372659764e-06
-2.218868149425451e-06
-2.638209617123665e-06
-3.13143076362779e-06
-3.710568969549156e-06
-4.389456319201821e-06
-5.183960811494742e-06
-6.112256115655128e-06
-7.195122723177545e-06
-8.456283547448686e-06
-9.922777256988995e-06
-1.162537284822654e-05
-1.359902918657383e-05
-1.588340349000889e-05
-1.852341292843202e-05
-2.156985377118252e-05
-2.50800826914366e-05
-2.911876507143775e-05
-3.375869528724959e-05
-3.908169416392941e-05
-4.51795888608886e-05
-5.215528055351775e-05
-6.012390529938171e-05
-6.921409346746118e-05
-7.95693331010547e-05
-9.134944431806378e-05
-0.0001047321761196024
-0.0001199149299695748
-0.000137116615288178
-0.000156579643189657
-0.0001785720648352701
-0.0002033898606364141
-0.0002313593863775986
-0.000262839982059128
-0.0002982267489794881
-0.000337953500159788
-0.0003824958887605992
-0.0004323747185974977
-0.0004881594401849873
-0.0005504718350303367
-0.0006199898900229678
-0.0006974518628123352
-0.0007836605379770457
-0.0008794876725954039
-0.0009858786284693763
-0.001103857186770095
-0.001234530539264501
-0.001379094448476976
-0.001538838567223418
-0.001715151906074067
-0.001909528438375313
-0.002123572837394019
-0.002359006324182914
-0.002617672604256137
-0.002901543871011804
-0.003212726851273662
-0.003553468865521529
-0.003926163872339643
-0.004333358463486094
-0.0047777577726988
-0.005262231257967548
-0.005789818313970542
-0.006363733675070132
-0.006987372629071564
-0.007664316022012467
-0.008398334939018249
-0.009193394944022363
-0.01005365985391226
-0.01098349503297106
-0.01198747015967441
-0.01307036138552609
-0.01423715282517221
-0.01549303731161425
-0.01684341636344749
-0.01829389930283141
-0.01985030145177244
-0.02151864135390956
-0.02330513694767522
-0.02521620063621853
-0.02725843319434423
-0.02943861644308164
-0.03176370464959449
-0.03424081458244289
-0.03687721417997533
-0.03968030978510282
-0.04265763188948746
-0.0458168193671659
-0.04916560214317887
-0.0527117822803841
-0.05646321346327126
-0.06042777884605283
-0.06461336728057658
-0.06902784789721741
-0.07367904306045188
-0.0785746997159756
-0.08372245913303571
-0.08912982510681269
-0.09480413063151166
-0.100752503114397
-0.1069818281955842
-0.1134987122237952
-0.1203094435122966
-0.1274199524298406
-0.1348357704528804
-0.142561988297541
-0.1506032132309067
-0.1589635257468449
-0.1676464357078238
-0.1766548381382884
-0.1859909688410084
-0.1956563599799369
-0.2056517958705395
-0.2159772691195185
-0.2266319373506742
-0.2376140807311838
-0.2489210604754192
-0.2605492786118238
-0.2724941391784452
-0.2847500111155923
-0.2973101930936451
-0.3101668804686467
-0.3233111346755165
-0.3367328552233707
-0.3504207545660081
-0.3643623360825242
-0.378543875350432
-0.392950405017679
-0.407565703406421
-0.4223722870965549
-0.4373514076894795
-0.4524830528887466
-0.4677459521613779
-0.4831175870532038
-0.4985742063519962
-0.5140908462318932
-0.5296413554368553
-0.5451984256928988
-0.5607336273310277
-0.576217450228538
-0.5916193501053528
-0.6069078001245884
-0.6220503478790228
-0.6370136776358424
-0.6517636778428769
-0.6662655138158017
-0.6804837054273847
-0.6943822097575589
-0.7079245084516625
-0.7210736996670244
-0.7337925944010782
-0.7460438168962783
-0.7577899089581468
-0.7689934378075657
-0.7796171072206876
-0.7896238716302898
-0.7989770527763407
-0.8076404586362411
-0.8155785041455635
-0.8227563333571188
-0.8291399426164504
-0.8346963042564072
-0.8393934904550319
-0.8432007966994107
-0.8460888644344976
-0.848029802418897
-0.8489973062544998
-0.8489667757042808
-0.8479154292031079
-0.8458224150864818
-0.8426689190549403
-0.8384382674118597
-0.8331160257753361
-0.826690092589742
-0.8191507866980847
-0.8104909285848405
-0.8007059156020041
-0.789793791942209
-0.7777553114082488
-0.7645939897096073
-0.7503161462426137
-0.7349309390552774
-0.7184503962095395
-0.7008894392917928
-0.6822658951786141
-0.6626004960811481
-0.6419168705013335
-0.6202415261514646
-0.5976038236471599
-0.5740359403345469
-0.5495728242533903
-0.524252138497023
-0.4981141961484337
-0.4712018857904639
-0.4435605877140819
-0.415238081004669
-0.3862844417221186
-0.3567519324612335
-0.3266948835466066
-0.2961695661971843
-0.2652340580167182
-0.2339481011897404
-0.2023729538219694
-0.1705712348585669
-0.1386067630681704
-0.1065443905962698
-0.07444983161163533
-0.04238948660510216
-0.01043026290599139
0.02136060799039846
0.05291575568151791
0.08416785808484012
0.1150498300045072
0.1454950123983836
0.1754373617052404
0.204811638588814
0.2335535954471412
0.261600162048878
0.2888896286496535
0.3153618259630934
0.3409583013659633
0.365622490718919
0.3892998852208011
0.4119381927048982
0.4334874928252991
0.4539003855969305
0.4731321327672102
0.4911407915509633
0.5078873402493463
0.5233357953273848
0.5374533195502329
0.5502103208046801
0.5615805412972711
0.5715411368064863
0.5800727457312322
0.5871595477099066
0.5927893116138583
0.5969534327866153
0.5996469593976506
0.6008686078516271
0.6006207672200438
0.5989094926856632
0.5957444880603494
0.5911390774422985
0.5851101661442212
0.5776781910500971
0.5688670605846301
0.5587040845431741
0.5472198940262668
0.5344483517826425
0.520426453288158
0.5051942189108523
0.4887945775643825
0.4712732422464155
0.4526785779050019
0.433061462094621
0.4124751389016513
0.3909750666558887
0.3686187599320784
0.3454656263790812
0.3215767989245242
0.2970149639110257
0.2718441857404604
0.246129728591939
0.21993787579732
0.1933357474543389
0.1663911168537101
0.1391722263037165
0.1117476029253065
0.08418587499112809
0.056555589368831
0.02892503061783222
0.00136204228143923
-0.02606614909990073
-0.05329310674187522
-0.08025335264209488
-0.1068825324016149
-0.1331175753860463
-0.1588968497893589
-0.1841603121877887
-0.2088496511942728
-0.2329084248455832
-0.2562821913845297
-0.2789186331198048
-0.3007676730788341
-0.3217815841941094
-0.3419150907866966
-0.3611254621468336
-0.3793725980309405
-0.3966191059301732
-0.4128303699917936
-0.427974611500026
-0.4420229408611303
-0.4549494010522535
-0.4667310025330638
-0.4773477496411997
-0.4867826585104139
-0.4950217665864017
-0.5020541338360879
-0.5078718357833348
-0.5124699485176251
-0.5158465258347151
-0.5180025687033804
-0.5189419872637262
-0.5186715555902823
-0.5172008594682961
-0.5145422374474834
-0.5107107154653244
-0.505723935323357
-0.49960207732135
-0.492367777370113
-0.4840460389184075
-0.4746641400461099
-0.4642515360602717
-0.4528397579478992
-0.4404623070460056
-0.4271545462932052
-0.4129535884364328
-0.397898181555676
-0.3820285922776566
-0.3653864870469949
-0.3480148118202843
-0.3299576705516329
-0.3112602028230061
-0.2919684609739898
-0.2721292870784305
-0.2517901901066564
-0.2309992236078298
-0.2098048642335052
-0.1882558914184737
-0.1664012685207667
-0.144290025709052
-0.1219711448781287
-0.09949344685904353
-0.07690548117934524
-0.05425541861401233
-0.03159094675355307
-0.008959168802664522
0.01359349419326898
0.0360213975100831
0.05827976312701494
0.08032476617521767
0.1021136173128619
0.1236046409024902
0.1447573488842975
0.1655325102534669
0.1858922160601773
0.2057999398654527
0.2252205936032942
0.2441205788185733
0.2624678332606222
0.28023187281929
0.2973838288049015
0.3138964805914796
0.3297442836610015
0.3449033930923042
0.3593516825404678
0.3730687587665712
0.3860359717955451
0.3982364207958075
0.4096549557760957
0.4202781751941551
0.4300944195855145
0.4390937613328882
0.4472679907082164
0.454610598320302
0.461116754102482
0.4667832829864957
0.4716086374077917
0.4755928667935991
0.4787375841898982
0.4810459301888772
0.4825225343251199
0.4831734740974907
0.4830062317785874
0.4820296491774376
0.4802538805249032
0.4776903436545032
0.474351669637299
0.4702516510303323
0.4654051889020172
0.4598282388013888
0.4535377558385316
0.4465516390237898
0.4388886750143708
0.4305684814184449
0.4216114498063554
0.4120386885751827
0.4018719658018421
0.3911336522206622
0.3798466644544748
0.3680344086208225
0.3557207244333444
0.3429298299123176
0.3296862668142083
0.3160148468843381
0.3019405990319952
0.2874887175244806
0.2726845112823339
0.257553354354331
0.2421206376487403
0.2264117219940858
0.2104518925969379
0.1942663149517385
0.1778799922544088
0.1613177243679783
0.1446040683842147
0.1277633008197124
0.1108193814761695
0.09379591899091559
0.07671613809960819
0.05960284862819798
0.04247841622666867
0.02536473485096183
0.008283200995943428
-0.008745310321809757
-0.02570046783684203
-0.0425625045727635
-0.05931223665876082
-0.07593108044143505
-0.09240106791217344
-0.1087048604735075
-0.1248257610719392
-0.1407477247262445
-0.1564553674833494
-0.1719339738363053
-0.1871695026411782
-0.2021485915726305
-0.2168585601585231
-0.2312874114359914
-0.2454238322731281
-0.2592571924026265
-0.2727775422162775
-0.285975609367039
-0.2988427942272978
-0.3113711642530556
-0.3235534473043643
-0.3353830239738949
-0.3468539189737457
-0.3579607916311389
-0.368698925544267
-0.3790642174503125
-0.389053165359142
-0.3986628560010094
-0.4078909516366068
-0.4167356762789199
-0.42519580137808
-0.4332706310211721
-0.440959986691309
-0.4482641916312298
-0.4551840548570421
-0.4617208548667391
-0.4678763230883694
-0.4736526271088773
-0.4790523537246366
-0.484078491853476
-0.4887344153474489
-0.4930238657461997
-0.4969509350041786
-0.5005200482255545
-0.5037359464395789
-0.506603669448045
-0.5091285387759783
-0.5113161407532026
-0.5131723097547032
-0.5147031116255684
-0.5159148273137595
-0.5168139367339469
-0.5174071028837194
-0.5177011562356467
-0.5177030794235219
-0.5174199922358629
-0.516859136930271
-0.5160278638854028
-0.5149336176085884
-0.5135839231109659
-0.5119863726562045
-0.5101486128902086
-0.5080783323620014
-0.5057832494455882
-0.5032711006689718
-0.5005496294539356
-0.4976265752721728
-0.4945096632184887
-0.4912065940007374
-0.4877250343477593
-0.4840726078375479
-0.4802568861478823
-0.4762853807248247
-0.4721655348651891
-0.4679047162098309
-0.4635102096458819
-0.4589892106162859
-0.4543488188285706
-0.4495960323547434
-0.4447377421164112
-0.4397807267514289
-0.4347316478587321
-0.4295970456100899
-0.4243833347182634
-0.4190968007535718
-0.4137435968022364
-0.408329740459452
-0.4028611111465562
-0.3973434477425044
-0.3917823465201589
-0.3861832593782107
-0.3805514923596109
-0.3748922044463021
-0.369210406621885
-0.3635109611920452
-0.3577985813504655
-0.3520778309786864
-0.3463531246716242
-0.3406287279802978
-0.3349087578618855
-0.3291971833270607
-0.3234978262761093
-0.3178143625125975
-0.3121503229237523
-0.3065090948183509
-0.3008939234141205
-0.2953079134670575
-0.2897540310321841
-0.2842351053455984
-0.2787538308194611
-0.2733127691434313
-0.2679143514865877
-0.2625608807894195
-0.2572545341362455
-0.2519973652006497
-0.2467913067579214
-0.241638173257784
-0.2365396634505595
-0.2314973630609641
-0.226512747503183
-0.2215871846296606
-0.2167219375072578
-0.2119181672156792
-0.2071769356635959
-0.2024992084172464
-0.1978858575360361
-0.1933376644107631
-0.1888553225993729
-0.1844394406549618
-0.1800905449421008
-0.1758090824395612
-0.1715954235277963
-0.1674498647552712
-0.163372631577779
-0.1593638810680216
-0.1554237045953365
-0.1515521304749373
-0.1477491265819343
-0.1440146029258178
-0.1403484141835377
-0.1367503621909571
-0.1332201983921331
-0.1297576262435218
-0.1263623035706165
-0.1230338448758048
-0.119771823597317
-0.1165757743189009
-0.1134451949287058
-0.1103795487265044
-0.1073782664785811
-0.1044407484193844
-0.1015663661989114
-0.09875446477647036
-0.09600436426187038
-0.09331536170379592
-0.09068673282427415
-0.08811773369894257
-0.08560760238361342
-0.08315556048730649
-0.08076081469216677
-0.0784225582213192
-0.07613997225591275
-0.073912227300882
-0.07173848449927032
-0.06961789689577838
-0.06754961065082869
-0.06553276620605888
-0.06356649940186818
-0.06164994254793692
-0.0597822254475411
-0.05796247637626781
-0.05618982301594994
-0.0544633933448923
-0.05278231648557512
-0.05114572351080979
-0.0495527482090001
-0.04800252780935037
-0.04649420366822615
-0.04502692191770157
-0.04359983407732913
-0.0422120976303388
-0.04086287656560474
-0.03955134188593192
-0.03827667208311443
-0.0370380535808356
-0.0358346811470424
-0.03466575827717137
-0.03353049754879916
-0.03242812094847559
-0.03135786017174439
-0.03031895689736647
-0.02931066303670099
-0.02833224095923073
-0.02738296369533723
-0.0264621151171969
-0.02556899009834226
-0.0247028946522865
-0.02386314605194956
-0.02304907293263844
-0.02226001537890986
-0.02149532499097274
-0.02075436492465556
-0.02003650991633275
-0.01934114631241978
-0.01866767210052327
-0.01801549691667529
-0.01738404200917677
-0.01677274018580269
-0.01618103576744816
-0.01560838454648648
-0.01505425373298704
-0.01451812188309076
-0.01399947881652827
-0.01349782552761881
-0.01301267409015705
-0.01254354755514574
-0.01208997984150875
-0.01165151562054756
-0.01122771019481617
-0.01081812937188655
-0.01042234933336536
-0.01003995649970696
-0.009670547391093664
-0.009313728484646268
-0.008969116068378968
-0.00863633609233991
-0.008315024017462891
-0.008004824662200871
-0.007705392047250885
-0.007416389238612783
-0.007137488189345092
-0.006868369580321789
-0.006608722660195103
-0.006358245084788255
-0.006116642756138479
-0.005883629661418502
-0.005658927711943599
-0.005442266582450633
-0.005233383550844235
-0.005032023338556128
-0.00483793795166346
-0.004650886522926641
-0.00447063515482404
-0.004296956763816387
-0.00412963092592671
-0.003968443723719099
-0.003813187594762017
-0.003663661181710129
-0.003519669184105336
-0.003381022211989499
-0.003247536641349157
-0.003119034471474445
-0.002995343184299932
-0.002876295605771649
-0.00276172976927893
-0.002651488781228661
-0.00254542068878246
-0.002443378349822424
-0.002345219305089214
-0.002250805652611913
-0.002160003924370901
-0.002072684965252089
-0.001988723814297323
-0.001907999588252976
-0.001830395367428999
-0.001755798083862391
-0.001684098411783767
-0.001615190660382317
-0.001548972668863323
-0.001485345703783903
-0.001424214358629908
-0.001365486455709889
-0.001309072950227359
-0.001254887836611042
-0.001202848057023626
-0.001152873412047672
-0.001104886473522371
-0.001058812499521896
-0.001014579351409796
-0.0009721174129986657
-0.0009313595117410171
-0.0008922408419341958
-0.0008546988899105783
-0.0008186733611775205
-0.0007841061095232467
-0.0007509410679708922
-0.0007191241816166647
-0.0006886033422899124
-0.0006593283250169755
-0.0006312507262384605
-0.0006043239037423797
-0.0005785029182945548
-0.0005537444769453211
-0.0005300068779394145
-0.0005072499572595851
-0.0004854350366947823
-0.0004645248734293613
-0.0004444836111386888
-0.0004252767325211614
-0.0004068710132921784
-0.0003892344775271002
-0.0003723363543930248
-0.0003561470361953749
-0.0003406380376975245
-0.0003257819567467973
-0.0003115524360850352
-0.0002979241263874042
-0.0002848726504804612
-0.0002723745686437045
-0.0002604073450913686
-0.0002489493154757125
-0.0002379796554636125
-0.0002274783503550624
-0.0002174261656563857
-0.0002078046186453161
-0.0001985959508747862
-0.0001897831015977408
-0.000181349682059813
-0.0001732799506670466
-0.0001655587889920437
-0.0001581716785737735
-0.0001511046785370657
-0.0001443444039722406
-0.0001378780050383093
-0.0001316931468054517
-0.0001257779897846269
-0.0001201211711482886
-0.0001147117865955122
-0.0001095393728612833
-0.0001045938908495611
-9.986570935507344e-05
-9.534558935782773e-05
-9.102466888909361e-05
-8.68944484440383e-05
-8.294677689797807e-05
-7.917383796465593e-05
-7.556813711092241e-05
-7.21224889804035e-05
-6.883000524709467e-05
-6.56840829337429e-05
-6.267839313550746e-05
-5.980687022307359e-05
-5.706370138175373e-05
-5.444331656300417e-05
-5.194037874185825e-05
-4.954977462394115e-05
-4.726660581025086e-05
-4.508618030422492e-05
-4.300400393925976e-05
-4.101577187810119e-05
-3.911736097329485e-05
-3.730482397674538e-05
-3.557438392139756e-05
-3.392242596642039e-05
-3.234548740419842e-05
-3.084024954370553e-05
-2.940353414285303e-05
-2.803230062508054e-05
-2.672364105956778e-05
-2.547477332071915e-05
-2.428303482978718e-05
-2.314587762969328e-05
-2.206086395826229e-05
-2.102566176509386e-05
-2.003804022907786e-05
-1.909586548881811e-05
-1.81970965618919e-05
-1.733978147217774e-05
-1.65220535103847e-05
-1.57421276372612e-05
-1.499829704220232e-05
-1.428892981688715e-05
-1.361246579667635e-05
-1.296741350473404e-05
-1.235234722952685e-05
-1.176590423051777e-05
-1.120678203847333e-05
-1.067373588281208e-05
-1.01655762100914e-05
-9.681166317422565e-06
-9.219420087606898e-06
-8.77929979097311e-06
-8.359814005627783e-06
-7.960015629091632e-06
-7.578999933410599e-06
-7.215902745445134e-06
-6.869898663549187e-06
-6.540199393070117e-06
-6.226052107607058e-06
-5.926737909345032e-06
-5.641570348513149e-06
-5.369893990935843e-06
-5.111083054539162e-06
-4.864540125780037e-06
-4.629694883548072e-06
-4.406002921266176e-06
-4.192944599820601e-06
-3.990023938651772e-06
-3.796767583629522e-06
-3.612723792988056e-06
-3.437461481720095e-06
-3.270569303927068e-06
-3.111654749276565e-06
-2.960343342472397e-06
-2.816277804072666e-06
-2.679117284401404e-06
-2.548536650093859e-06
-2.424225748085064e-06
-2.305888754948556e-06
-2.193243513993241e-06
-2.086020933158337e-06
-1.983964380157737e-06
-1.886829134228187e-06
-1.794381840301737e-06
-1.706399979266409e-06
-1.622671405499914e-06
-1.542993849468717e-06
-1.46717448280861e-06
-1.395029478329605e-06
-1.326383601489392e-06
-1.261069820929842e-06
-1.198928937216381e-06
-1.139809206556762e-06
-1.083566025704302e-06
-1.030061570137898e-06
-9.791645131810641e-07
-9.30749707482323e-07
-8.846979169888445e-07
-8.408955188932966e-07
-7.992342681033264e-07
-7.596110301912587e-07
-7.219275627732863e-07
-6.860902792080558e-07
-6.520100254467343e-07
-6.1960188339556e-07
-5.887849778589418e-07
-5.594822723785521e-07
-5.316204016656055e-07
-5.051294994388236e-07
-4.79943031649345e-07
-4.559976403373184e-07
-4.332329942736353e-07
-4.11591661737879e-07
-3.910189461519907e-07
-3.714627796303653e-07
-3.528735900708987e-07
-3.352041914549272e-07
-3.18409659727917e-07
-3.024472329339208e-07
-2.87276208793616e-07
-2.728578474944185e-07
-2.591552782700384e-07
-2.461334100116585e-07
-2.337588445774564e-07
-2.219997961642035e-07
-2.108260259441129e-07
-2.002087568921154e-07
-1.90120606570825e-07
-1.80535520833944e-07
-1.714287144248894e-07
-1.627766035152892e-07
-1.545567516335456e-07
-1.467478115003346e-07
-1.393294780982961e-07
-1.322824340918542e-07
-1.255883070406435e-07
-1.192296217634413e-07
-1.131897588375421e-07
-1.074529096575859e-07
-1.020040321978049e-07
-9.682883652087471e-08
-9.191373017629891e-08
-8.724577949510897e-08
-8.281269194144617e-08
-7.860277341753403e-08
-7.460490619491622e-08
-7.080852538111597e-08
-6.72035817767117e-08
-6.378052663429669e-08
-6.053027220015197e-08
-5.744418295716174e-08
-5.451405354042644e-08
-5.173207930425114e-08
-4.909083961024695e-08
-4.658328626903035e-08
-4.420272334836235e-08
-4.194278111507894e-08
-3.979740435891364e-08
-3.776084291893716e-08
-3.582763032800283e-08
-3.399257889663431e-08
-3.225074517283165e-08
-3.059743605034551e-08
-2.902820099667449e-08
-2.753879729946084e-08
-2.612520816909802e-08
-2.47836020232448e-08
-2.351035258579201e-08
-2.23020058591168e-08
-2.115528004581933e-08
-2.00670627052949e-08
-1.903439249193623e-08
-1.805446224250406e-08
-1.712459987692718e-08
-1.624227032220948e-08
-1.540505972556921e-08
-1.461068462414809e-08
-1.385697225539697e-08
-1.314185653011862e-08
-1.246337879274897e-08
-1.181968020325388e-08
-1.120899041373033e-08
-1.062962972024926e-08
-1.008000231770336e-08
-9.558596640998061e-09
-9.063974343136562e-09
-8.594769776086453e-09
-8.149690101219928e-09
-7.727502494650266e-09
-7.327039857325599e-09
-6.947193361606555e-09
-6.586907147974417e-09
-6.245179096519791e-09
-5.921066993855987e-09
-5.613664565027175e-09
-5.322117468659749e-09
-5.045613256021198e-09
-4.783377823695077e-09
-4.534687195268909e-09
-4.29884071096757e-09
-4.075185997498813e-09
-3.863096785450774e-09
-3.661977542534977e-09
-3.471266814326314e-09
-3.29043124225032e-09
-3.118960519222291e-09
-2.956371878428918e-09
-2.802210520903465e-09
-2.656039724175325e-09
-2.51744846207164e-09
-2.386045904703846e-09
-2.261460056582438e-09
-2.143346072483431e-09
-2.031363247045872e-09
-1.925194520200615e-09
-1.824540393386331e-09
-1.729116778569388e-09
-1.63865769654091e-09
-1.552906708092134e-09
-1.471616858503192e-09
-1.394562123775631e-09
-1.321525072907336e-09
-1.252288082731626e-09
-1.186664059631446e-09
-1.124460704596259e-09
-1.065504294938054e-09
-1.009621890054326e-09
-9.566565825695718e-10
-9.06455749876759e-10
-8.588719875905414e-10
-8.137748402307945e-10
-7.710311120698845e-10
-7.305173900157359e-10
-6.92119112093217e-10
-6.557287091544541e-10
-6.212409554743119e-10
-5.885599255851147e-10
-5.575886183340522e-10
-5.282431823303538e-10
-5.00439650163232e-10
-4.74096063452418e-10
-4.491286771764983e-10
-4.254735080582257e-10
-4.030599065491629e-10
-3.818231045255883e-10
-3.617018251015689e-10
-3.426300159655928e-10
-3.245552366619743e-10
-3.074293509210581e-10
-2.912029446656563e-10
-2.758258134507891e-10
-2.612589199875998e-10
-2.474570543246874e-10
