-2.312204651788583e-12
-1.505375433194112e-12
-9.910723466064858e-13
-6.652606799642821e-13
-4.622953229735944e-13
-3.410925901823694e-13
-2.773082265029053e-13
-2.57990046327127e-13
-2.77274677173e-13
-3.358108559184569e-13
-4.394213520447499e-13
-5.992705153367395e-13
-8.327274159537923e-13
-1.165432385390703e-12
-1.632966081626754e-12
-2.282867956774724e-12
-3.18117824755607e-12
-4.415506633742747e-12
-6.103902248451424e-12
-8.402355257621045e-12
-1.151755827234677e-11
-1.572371806343033e-11
-2.137785815255764e-11
-2.894986627301934e-11
-3.905032879939466e-11
-5.247455875535546e-11
-7.025052159755955e-11
-9.37034032859924e-11
-1.245408814578171e-10
-1.649472970765191e-10
-2.177167303663978e-10
-2.86407715679351e-10
-3.755380793961775e-10
-4.908311770914861e-10
-6.395108870780397e-10
-8.306740058036487e-10
-1.075740805088951e-09
-1.389016819279416e-09
-1.788362396745732e-09
-2.29603321517518e-09
-2.939676850339818e-09
-3.753562416767244e-09
-4.780059854199257e-09
-6.071428960165584e-09
-7.691965519396289e-09
-9.720592587584526e-09
-1.225395411235356e-08
-1.541011530109472e-08
-1.933297228919059e-08
-2.419749159251062e-08
-3.021591159507255e-08
-3.764507758067932e-08
-4.679508262823261e-08
-5.803945324036479e-08
-7.182712807574928e-08
-8.869648719379816e-08
-1.092917651675649e-07
-1.343821970982371e-07
-1.648843062344337e-07
-2.018877998017531e-07
-2.466855820905221e-07
-3.008084723583609e-07
-3.660652783225877e-07
-4.445889562045804e-07
-5.388896733336706e-07
-6.519156768598442e-07
-7.871229889608409e-07
-9.485550313890521e-07
-1.14093343928338e-06
-1.369761409997451e-06
-1.641441118075137e-06
-1.963406830353732e-06
-2.344275566447919e-06
-2.794017271770195e-06
-3.324146701210614e-06
-3.947939373047501e-06
-4.680674176060918e-06
-5.539905430110465e-06
-6.545767389498211e-06
-7.721314471169954e-06
-9.092900720481702e-06
-1.069060228922395e-05
-1.254868697659724e-05
-1.47061351410305e-05
-1.720721657328104e-05
-2.010212822183716e-05
-2.344769791858313e-05
-2.730815953977269e-05
-3.175600531169098e-05
-3.687292122031363e-05
-4.275081172602649e-05
-4.949292020296496e-05
-5.721505168884471e-05
-6.604690470147325e-05
-7.613351893899055e-05
-8.763684572560349e-05
-0.0001007374480239267
-0.0001156363366793021
-0.0001325569493473089
-0.0001517472781705154
-0.0001734821518039962
-0.0001980656770347237
-0.0002258338490790014
-0.0002571573496855078
-0.0002924445340041723
-0.0003321446087796012
-0.0003767510070753124
-0.0004268049644000224
-0.00048289930040239
-0.0005456824095672001
-0.0006158624634104856
-0.0006942118256827985
-0.0007815716809584567
-0.0008788568757205755
-0.0009870609696751528
-0.001107261493484267
-0.001240625407441744
-0.001388414753787127
-0.001551992493381483
-0.001732828515318447
-0.001932505805753328
-0.002152726759754516
-0.002395319617334217
-0.002662245002008714
-0.002955602537222474
-0.003277637512843688
-0.003630747571056536
-0.004017489384516714
-0.004440585311203115
-0.004902929977789632
-0.005407596744257432
-0.005957844004169483
-0.006557121271808199
-0.007209075003722154
-0.007917554098469875
-0.008686615014515852
-0.009520526442347016
-0.01042377346303525
-0.01140106112251783
-0.01245731736135806
-0.01359769535974409
-0.01482757527852494
-0.01615256519413173
-0.01757850102876907
-0.01911144546268102
-0.02075768583654801
-0.02252373098901931
-0.02441630691651531
-0.02644235118400704
-0.02860900600919049
-0.03092360997056333
-0.03339368827799428
-0.03602694152740361
-0.03883123290099451
-0.04181457373872008
-0.04498510744571368
-0.04835109169404941
-0.05192087886298744
-0.05570289471319145
-0.05970561524354153
-0.0639375417309459
-0.06840717394731428
-0.07312298153202111
-0.07809337356399829
-0.083326666318915
-0.08883104926277542
-0.0946145493257215
-0.1006849934805531
-0.1070499697315644
-0.1137167865469823
-0.1206924308485369
-0.1279835246612764
-0.1355962805030876
-0.1435364556909228
-0.1518093056487085
-0.1604195363954121
-0.1693712563780833
-0.1786679277868034
-0.1883123176010757
-0.198306448500784
-0.2086515498819078
-0.2193480091974431
-0.2303953238074869
-0.2417920536473308
-0.2535357748843814
-0.2656230348557783
-0.2780493085468768
-0.2908089568196157
-0.303895186736482
-0.3173000141666705
-0.3310142289925091
-0.3450273631891991
-0.3593276619856573
-0.3739020584617176
-0.388736151750407
-0.4038141891524294
-0.4191190524135509
-0.4346322483398108
-0.4503339040806589
-0.4662027671923555
-0.4822162107368271
-0.4983502436057522
-0.5145795261766101
-0.5308773915678916
-0.5472158725116995
-0.5635657340109377
-0.5798965118733732
-0.5961765571213737
-0.6123730864376302
-0.6284522385458829
-0.6443791365793933
-0.6601179564035112
-0.6756320007553307
-0.6908837792298251
-0.7058350938698109
-0.7204471302764991
-0.7346805540639898
-0.7484956123705717
-0.7618522403058705
-0.7747101719522395
-0.7870290557039704
-0.7987685736261777
-0.809888564400275
-0.8203491495949882
-0.8301108627527213
-0.8391347809479822
-0.8473826583776639
-0.8548170614379083
-0.8614015049172661
-0.8671005886964429
-0.871880134510572
-0.8757073222501336
-0.878550825194154
-0.8803809437438077
-0.8811697369944084
-0.8808911516529551
-0.8795211477473679
-0.8770378205101621
-0.8734215179898358
-0.8686549537459783
-0.8627233141492969
-0.8556143597663689
-0.8473185202727944
-0.8378289825095312
-0.827141771104234
-0.8152558212247255
-0.8021730430451571
-0.7878983775459575
-0.7724398434423955
-0.7558085746977994
-0.7380188480550951
-0.7190881003786557
-0.6990369362419289
-0.6778891265548461
-0.6556715966121933
-0.632414400977895
-0.608150685579525
-0.5829166404451325
-0.5567514457738
-0.5296972078746139
-0.5017988821784625
-0.4731041838487809
-0.443663488419725
-0.4135297234898488
-0.382758250848716
-0.3514067389212474
-0.3195350259145472
-0.2872049742256454
-0.2544803166041934
-0.221426494463938
-0.1881104888328191
-0.1546006444764323
-0.1209664877600928
-0.08727853885511626
-0.05360811889207906
-0.02002715270762291
0.01339203215313004
0.0465769094979453
0.07945496091374413
0.111953883848503
0.1440018006283288
0.1755274676837825
0.2064604842494014
0.2367314998104481
0.2662724195585073
0.2950166071370312
0.3228990839612272
0.3498567243946691
0.3758284461006239
0.4007553948786358
0.4245811233421593
0.4472517628042156
0.4687161877448701
0.4889261722924917
0.5078365381476324
0.5254052934416323
0.541593762042389
0.5563667028383454
0.5696924186066692
0.581542854065603
0.5918936827853396
0.6007243826620842
0.6080182996901502
0.6137626998482891
0.6179488089081072
0.6205718400506036
0.6216310092143063
0.6211295381359028
0.6190746451252412
0.6154775236029001
0.6103533085073313
0.6037210307158798
0.5956035596580171
0.5860275343712751
0.5750232832469377
0.5626247327864734
0.5488693057129436
0.5337978088034232
0.5174543108728479
0.4998860113409574
0.4811430998702053
0.4612786075801132
0.4403482503616288
0.4184102648623817
0.3955252377038912
0.3717559285331189
0.3471670875206969
0.3218252679272356
0.295798634387185
0.2691567675463067
0.241970465710499
0.2143115441646715
0.1862526328201676
0.1578669728572077
0.1292282130095573
0.1004102061433196
0.07148680677235779
0.04253167014174505
0.01361805350139695
-0.0151813798277405
-0.04379475300558636
-0.07215116427401706
-0.1001808710571703
-0.1278154690331054
-0.1549880656713006
-0.1816334477587522
-0.2076882424633486
-0.2330910715067158
-0.2577826980528711
-0.2817061659426545
-0.3048069309413706
-0.3270329836956168
-0.3483349641223957
-0.3686662669947832
-0.3879831385110264
-0.4062447636758384
-0.4234133443521786
-0.4394541678689745
-0.454335666114429
-0.4680294650636472
-0.4805104247336833
-0.491756669584955
-0.5017496094116799
-0.510473950807233
-0.5179176993053238
-0.524072152337301
-0.5289318831693176
-0.5324947160049213
-0.5347616924765406
-0.5357370297554788
-0.5354280705478067
-0.5338452252574689
-0.5310019066080779
-0.5269144570452309
-0.5216020692531942
-0.5150867001484779
-0.5073929787149873
-0.4985481080476387
-0.4885817619964695
-0.4775259768031851
-0.4654150381380908
-0.4522853639483133
-0.4381753835315371
-0.4231254132631413
-0.4071775293853552
-0.3903754382754324
-0.3727643446123269
-0.3543908178616904
-0.3353026575001188
-0.3155487573759106
-0.2951789696062043
-0.2742439684038521
-0.252795114218595
-0.2308843185714291
-0.2085639099423542
-0.1858865010653569
-0.1629048579710188
-0.1396717711034691
-0.1162399288272543
-0.09266179361983921
-0.06898948123376544
-0.04527464309637452
-0.02156835219862309
0.002079007290876139
0.02561784646846105
0.04899947399295414
0.07217619405477409
0.095101399849603
0.1177296624068087
0.140016814639718
0.1619200305030862
0.1833978991602158
0.2044104940782924
0.2249194369898149
0.2448879566712316
0.2642809425090908
0.2830649928387326
0.3012084580520618
0.3186814784878436
0.3354560171341912
0.3515058871940626
0.366806774571789
0.3813362553420056
0.3950738082783152
0.4080008225378057
0.4201006006158141
0.4313583566869522
0.4417612104466223
0.4512981765816234
0.4599601500152901
0.467739887088343
0.4746319828326535
0.4806328444886343
0.4857406614289222
0.4899553716662192
0.4932786251345552
0.4957137439254836
0.497265679652158
0.4979409681243273
0.4977476815247555
0.4966953782832371
0.4947950508380327
0.4920590714693065
0.4885011363963098
0.4841362083222214
0.4789804576115508
0.4730512022841925
0.4663668470097555
0.4589468212869022
0.4508115169754179
0.4419822253489302
0.4324810738351897
0.4223309626091004
0.4115555012016555
0.400178945270424
0.388226133674166
0.3757224259935004
0.362693640638098
0.3491659936763476
0.335166038503313
0.3207206064603156
0.305856748517324
0.2906016781249858
0.274982715336698
0.259027232289561
0.2427626001300056
0.2262161374619051
0.2094150603866916
0.1923864342010322
0.175157126810514
0.1577537639121987
0.1402026859923597
0.1225299071797686
0.1047610759898499
0.08692143798494457
0.0690358003719114
0.05112849855441959
0.03322336465239197
0.01534369799489749
-0.002487762414156045
-0.02024886346169341
-0.037918061530705
-0.05547444415798183
-0.0728977497624059
-0.09016838546555991
-0.1072674430297954
-0.1241767129425298
-0.1408786966793372
-0.1573566171824445
-0.1735944275927596
-0.1895768182764613
-0.2052892221900144
-0.2207178186297816
-0.2358495354158609
-0.250672049559382
-0.2651737864650259
-0.2793439177221708
-0.2931723575396641
-0.3066497578820738
-0.319767502362652
-0.3325176989500712
-0.3448931715470493
-0.3568874504991195
-0.3684947620935649
-0.3797100171059397
-0.3905287984521866
-0.4009473480046499
-0.4109625526311655
-0.4205719295175899
-0.4297736108282826
-0.4385663277601242
-0.4469493940453461
-0.4549226889575528
-0.4624866398759804
-0.4696422044584869
-0.4763908524736092
-0.4827345473413782
-0.4886757274323654
-0.4942172871750957
-0.4993625580141833
-0.5041152892605862
-0.5084796288764293
-0.5124601042379027
-0.5160616029196453
-0.5192893535342819
-0.5221489066612944
-0.5246461158992956
-0.5267871190746032
-0.5285783196383591
-0.5300263682798239
-0.5311381447832667
-0.5319207401542122
-0.5323814390397943
-0.5325277024687256
-0.5323671509286498
-0.5319075477994322
-0.5311567831599064
-0.5301228579840737
-0.5288138687424458
-0.5272379924205247
-0.5254034719667487
-0.5233186021801364
-0.5209917160454357
-0.5184311715235534
-0.5156453388036842
-0.5126425880251987
-0.5094312774731267
-0.5060197422455528
-0.5024162833922418
-0.498629157527533
-0.4946665669214897
-0.4905366500678048
-0.4862474727216097
-0.4818070194020435
-0.4772231853574502
-0.4725037689909848
-0.4676564647412749
-0.4626888564105295
-0.4576084109350926
-0.4524224725888313
-0.447138257609426
-0.4417628492394577
-0.4363031931753509
-0.4307660934175472
-0.425158208509443
-0.4194860481536331
-0.413755970195162
-0.4079741779627983
-0.4021467179599408
-0.3962794778914677
-0.3903781850131009
-0.3844484047921508
-0.378495539870993
-0.3725248293247751
-0.3665413481986821
-0.3605500073109532
-0.3545555533102813
-0.3485625689778761
-0.3425754737642048
-0.3365985245478035
-0.3306358166044003
-0.3246912847753601
-0.3187687048247512
-0.3128716949748356
-0.3070037176090243
-0.3011680811330654
-0.2953679419841554
-0.2896063067759496
-0.2838860345685246
-0.2782098392550876
-0.2725802920572916
-0.2669998241201199
-0.2614707291972586
-0.2559951664193849
-0.2505751631357268
-0.2452126178198537
-0.239909303032005
-0.234666868431473
-0.2294868438329348
-0.2243706422985358
-0.2193195632579456
-0.2143347956501139
-0.2094174210820461
-0.2045684170003835
-0.199788659868297
-0.1950789283408184
-0.190439906433705
-0.1858721866819352
-0.1813762732836426
-0.1769525852250421
-0.1726014593829813
-0.1683231536012487
-0.164117849736015
-0.1599856566667094
-0.1559266132696954
-0.1519406913524273
-0.1480277985454141
-0.1441877811491958
-0.1404204269342173
-0.1367254678912321
-0.1331025829295525
-0.1295514005216041
-0.1260715012937106
-0.1226624205630655
-0.1193236508180797
-0.1160546441390423
-0.1128548145585604
-0.1097235403629604
-0.1066601663354983
-0.1036640059392498
-0.1007343434379516
-0.09787043595473549
-0.09507151546987266
-0.09233679075841093
-0.08966544926684399
-0.08705665892835154
-0.08450956991694966
-0.08202331634164198
-0.07959701788154741
-0.0772297813620067
-0.07492070227224822
-0.07266886622528314
-0.07047335036043692
-0.06833322468897868
-0.06624755338421488
-0.06421539601788918
-0.06223580874361371
-0.0603078454276525
-0.05843055872772018
-0.05660300112115675
-0.05482422588340433
-0.05309328801798325
-0.05140924513952959
-0.0497711583115006
-0.04817809283908114
-0.04662911901791026
-0.04512331283989335
-0.04365975665761183
-0.04223753980863992
-0.04085575920091444
-0.0395135198603328
-0.03820993544177663
-0.03694412870459046
-0.03571523195360261
-0.03452238744693431
-0.03336474777193014
-0.03224147619036169
-0.03115174695375456
-0.03009474558997983
-0.02906966916219956
-0.02807572650135773
-0.02711213841327081
-0.02617813786145122
-0.025272970126917
-0.02439589294568708
-0.02354617662459408
-0.02272310413642256
-0.02192597119571082
-0.02115408631633899
-0.02040677085155396
-0.01968335901719922
-0.01898319789896283
-0.01830564744454864
-0.01765008044157525
-0.01701588248198777
-0.01640245191390733
-0.01580919978158254
-0.01523554975396656
-0.01468093804235175
-0.01414481330820305
-0.01362663656304776
-0.01312588106065043
-0.01264203217911618
-0.01217458728947827
-0.01172305561769263
-0.01128695811155216
-0.01086582731084592
-0.01045920720579203
-0.01006665307260732
-0.009687731301994178
-0.009322019234012031
-0.00896910499818253
-0.008628587349201968
-0.008300075494894484
-0.007983188920636661
-0.007677557212706051
-0.007382819880789536
-0.007098626179127452
-0.006824634926305435
-0.006560514324208128
-0.006305941776509518
-0.006060603706888144
-0.005824195377315805
-0.005596420706574877
-0.005376992089230223
-0.005165630215166482
-0.004962063889894833
-0.004766029855892572
-0.004577272615196741
-0.004395544253314931
-0.004220604264562864
-0.004052219378965887
-0.003890163390862194
-0.003734216989379818
-0.003584167590847016
-0.003439809173204461
-0.003300942112555788
-0.00316737302190871
-0.003038914592199788
-0.002915385435617591
-0.002796609931384457
-0.002682418073928887
-0.002572645323595621
-0.002467132459827149
-0.002365725436901187
-0.002268275242295806
-0.00217463775762557
-0.002084673622251464
-0.001998248099461378
-0.001915230945323849
-0.001835496280227205
-0.001758922463040865
-0.001685391967965944
-0.001614791263991277
-0.001547010696999184
-0.001481944374497975
-0.001419490052927576
-0.001359549027595188
-0.001302026025154116
-0.001246829098653995
-0.001193869525099209
-0.001143061705508116
-0.00109432306743656
-0.001047573969929594
-0.001002737610905513
-0.0009597399368877264
-0.0009185095551103787
-0.0008789776479004252
-0.0008410778893595572
-0.0008047463642577527
-0.0007699214891418463
-0.0007365439355843163
-0.0007045565555701874
-0.0006739043089584669
-0.0006445341930124643
-0.0006163951738942579
-0.0005894381201634047
-0.0005636157381745934
-0.0005388825093550117
-0.0005151946293627615
-0.0004925099490164169
-0.0004707879170018184
-0.0004499895243288268
-0.0004300772504233093
-0.0004110150109089286
-0.000392768106992921
-0.0003753031764079803
-0.000358588145899554
-0.0003425921852063677
-0.0003272856624792592
-0.000312640101155489
-0.0002986281381905448
-0.0002852234836402362
-0.0002724008815599916
-0.0002601360721769056
-0.0002484057553124041
-0.0002371875550077137
-0.0002264599853329406
-0.0002162024173256717
-0.0002063950470511769
-0.0001970188647350537
-0.0001880556249582572
-0.0001794878178392062
-0.000171298641253217
-0.0001634719739649849
-0.0001559923497097273
-0.0001488449321744777
-0.0001420154908701392
-0.0001354903778245105
-0.0001292565051370092
-0.0001233013232773592
-0.0001176128002085602
-0.0001121794012156486
-0.0001069900695055127
-0.0001020342074543084
-9.730165859345075e-05
-9.278269019759333e-05
-8.84679765379626e-05
-8.434858275653233e-05
-8.041594931597215e-05
-7.666187703310404e-05
-7.307851267468124e-05
-6.965833506543399e-05
-6.639414176075623e-05
-6.327903617914135e-05
-6.030641523748264e-05
-5.746995746394975e-05
-5.476361152517704e-05
-5.218158524122463e-05
-4.971833499208996e-05
-4.736855552207341e-05
-4.512717016598339e-05
-4.298932142728135e-05
-4.095036193910718e-05
-3.90058457616382e-05
-3.71515200265141e-05
-3.538331691714476e-05
-3.369734595039932e-05
-3.208988656873677e-05
-3.0557381019622e-05
-2.909642753828464e-05
-2.770377375554375e-05
-2.637631042377134e-05
-2.511106535386309e-05
-2.390519763056799e-05
-2.275599202223129e-05
-2.166085361690553e-05
-2.061730268811988e-05
-1.962296983266497e-05
-1.867559130319271e-05
-1.777300436731453e-05
-1.691314274345659e-05
-1.609403245291637e-05
-1.531378848937312e-05
-1.457061159233011e-05
-1.386278402483197e-05
-1.318866465304665e-05
-1.254668484643667e-05
-1.193534626172521e-05
-1.13532190027574e-05
-1.079893886591676e-05
-1.02712039224007e-05
-9.768771343076966e-06
-9.290454814435793e-06
-8.835122180000467e-06
-8.401693086954018e-06
-7.98913666472702e-06
-7.596469312918143e-06
-7.222752594025737e-06
-6.867091231501334e-06
-6.528631191918815e-06
-6.206557838772537e-06
-5.900094164454558e-06
-5.608499109099452e-06
-5.331065943049198e-06
-5.067120724350227e-06
-4.816020818203906e-06
-4.577153487306381e-06
-4.349934540463746e-06
-4.133807039645012e-06
-3.92824006339611e-06
-3.732727521809675e-06
-3.546787034307162e-06
-3.369958846509173e-06
-3.201804785338108e-06
-3.041907283855157e-06
-2.889868446391455e-06
-2.745309130873072e-06
-2.60786809048524e-06
-2.477201155005601e-06
-2.35298044036874e-06
-2.234893604624461e-06
-2.12264311751811e-06
-2.015945593596516e-06
-1.914531111190042e-06
-1.818142608097956e-06
-1.726535279297836e-06
-1.639475996995928e-06
-1.556742791675969e-06
-1.478124295987704e-06
-1.403419275064852e-06
-1.3324361507846e-06
-1.264992531373068e-06
-1.20091479315634e-06
-1.140037679684901e-06
-1.082203882870348e-06
-1.027263690506959e-06
-9.75074610482583e-07
-9.255010397717625e-07
-8.784139494677509e-07
-8.336905461551887e-07
-7.912140023582685e-07
-7.508731583422893e-07
-7.12562255260409e-07
-6.761806807589324e-07
-6.41632724554793e-07
-6.088273361639061e-07
-5.776779172201256e-07
-5.481020918132614e-07
-5.20021515429491e-07
-4.933616793432121e-07
-4.680517258580865e-07
-4.440242734684318e-07
-4.212152552596148e-07
-3.995637378323168e-07
-3.790118010534404e-07
-3.595043678363201e-07
-3.409890744531625e-07
-3.234161480441157e-07
-3.067382725675123e-07
-2.909104640365416e-07
-2.758899737517861e-07
-2.616361681699594e-07
-2.481104160279435e-07
-2.352760146881361e-07
-2.230980892238076e-07
-2.115434854955367e-07
-2.005807060551668e-07
-1.901798222312802e-07
-1.803123949156509e-07
-1.709513995600484e-07
-1.620711627180097e-07
-1.536472999457709e-07
-1.456566430497308e-07
-1.380771795156427e-07
-1.308880075428051e-07
-1.240692631380199e-07
-1.17602089082869e-07
-1.114685708928707e-07
-1.056516957946054e-07
-1.00135303347165e-07
-9.490405665546573e-08
-8.994337993608758e-08
-8.523943613354048e-08
-8.077909162742955e-08
-7.654987253556009e-08
-7.253992881260964e-08
-6.873802853400783e-08
-6.513348811240367e-08
-6.171617348562114e-08
-5.847646909591074e-08
-5.540523603808871e-08
-5.249380279468846e-08
-4.97339425457653e-08
-4.711785225857948e-08
-4.463811888126421e-08
-4.228771223189301e-08
-4.0059960006981e-08
-3.794852004601817e-08
-3.59473857569582e-08
-3.405085662585961e-08
-3.225351548430629e-08
-3.055022413251556e-08
-2.893610366314928e-08
-2.740653499860287e-08
-2.595712858572934e-08
-2.458372966675045e-08
-2.32823880426153e-08
-2.204936230252099e-08
-2.088109407029697e-08
-1.977421877370158e-08
-1.872553925179516e-08
-1.773201972943286e-08
-1.679079006563428e-08
-1.58991256822675e-08
-1.505443475257153e-08
-1.425427075613739e-08
-1.349630916184199e-08
-1.277834307401939e-08
-1.209827228849585e-08
-1.145411873779539e-08
-1.084399693126037e-08
-1.026612721112985e-08
-9.718820853810063e-09
-9.200477470668513e-09
-8.709574825428121e-09
-8.244671674489139e-09
-7.804402318792065e-09
-7.387470275462869e-09
-6.992648156180801e-09
-6.618777243571297e-09
-6.264752937280483e-09
-5.929532782872089e-09
-5.61212750953326e-09
-5.311596813749985e-09
-5.027049279841798e-09
-4.757642063267023e-09
-4.502571875438568e-09
-4.26108789636746e-09
-4.032463791514204e-09
-3.81602787050684e-09
-3.611129274989939e-09
-3.417160829118063e-09
-3.233537090254387e-09
-3.059718716118478e-09
-2.895180590312847e-09
-2.739433674026575e-09
-2.592009873245164e-09
-2.452472188880807e-09
-2.320400141052846e-09
-2.195396543639164e-09
-2.077087937037484e-09
-1.965116107585496e-09
-1.859142998229283e-09
-1.758851538232722e-09
-1.663938470783577e-09
-1.574118973557559e-09
-1.489117189004573e-09
-1.40867492837877e-09
-1.332555826057553e-09
-1.260526322502858e-09
-1.192370004174954e-09
-1.127871594798999e-09
-1.066840471730641e-09
-1.009086741827995e-09
-9.544421003259444e-10
-9.027400564875565e-10
-8.538271082247689e-10
-8.0754882082664e-10
-7.637691771257103e-10
-7.223527236880579e-10
-6.831743101976574e-10
-6.461090293304154e-10
-6.110472744319864e-10
-5.778792070428154e-10
-5.464966741632223e-10
-5.168085647532397e-10
-4.887212706666305e-10
-4.621525353013028e-10
-4.370170691214154e-10
-4.132432961779359e-10
-3.907513351134983e-10
-3.694778945325355e-10
-3.493587506818926e-10
-3.303296091682918e-10
-3.123331733051019e-10
-2.953154867606523e-10
-2.792233159225396e-10
-2.640066002856054e-10
-2.496164104038786e-10
-2.36004607484166e-10
-2.231342089813712e-10
-2.109596247939226e-10
-1.9944704432161e-10
-1.885560558102612e-10
-1.782574421273875e-10
-1.685157020498726e-10
-1.593034535508821e-10
-1.505929380210338e-10
-1.42355184646612e-10
-1.345639194482094e-10
-1.271963610954693e-10
-1.202324039489074e-10
-1.136483362239396e-10
-1.074240262627741e-10
-1.015469490120431e-10
-9.599086332091896e-11
-9.073840811986969e-11
-8.577070340361405e-11
-8.107408383571136e-11
-7.663299774310696e-11
-7.243471610931504e-11
-6.846039177688353e-11
-6.470420358576447e-11
-6.114966212264652e-11
