-3.162107124396688e-13
-1.967648985655963e-13
-1.220723535933063e-13
-7.604298217528954e-14
-4.745985713704193e-14
-2.947596318641097e-14
-1.778002166549864e-14
-9.961414985396789e-15
-4.069947499900631e-15
6.006939610033749e-16
5.284644748143612e-15
1.042136062021843e-14
1.68811956714771e-14
2.536510996558831e-14
3.694496255226669e-14
5.303002259011642e-14
7.56190648487557e-14
1.071776137171182e-13
1.515894019405664e-13
2.133852242452182e-13
3.003731661159887e-13
4.216345692287707e-13
5.897396916760111e-13
8.22898390063057e-13
1.143777440335038e-12
1.58477085529432e-12
2.186844216949318e-12
3.005782201749506e-12
4.115271764596916e-12
5.611565628271446e-12
7.622971434965338e-12
1.031453591558323e-11
1.390412224078804e-11
1.867341588432204e-11
2.498813841641109e-11
3.332188573653931e-11
4.428303842203954e-11
5.865394178286829e-11
7.743657840809084e-11
1.019112190856694e-10
1.337073571283683e-10
1.748947497574327e-10
2.280927289583716e-10
2.966138919474862e-10
3.846250198173049e-10
4.973663135758166e-10
6.414002106820041e-10
8.249277164384027e-10
1.058173171889475e-09
1.353850619255091e-09
1.727723970827306e-09
2.199294940659765e-09
2.792628188807997e-09
3.537341299103395e-09
4.469803535835175e-09
5.634564374739942e-09
7.086069286081111e-09
8.890697446812195e-09
1.112919765374536e-08
1.38995725068141e-08
1.732049443054733e-08
2.153535728606571e-08
2.671703603170306e-08
3.307350285167803e-08
4.08544130033399e-08
5.035883429398622e-08
6.194427303675301e-08
7.603721616999014e-08
9.314540436891596e-08
1.138721005992496e-07
1.389326379354168e-07
1.691735737247334e-07
2.055948271880082e-07
2.493752022462659e-07
3.019017635115907e-07
3.648035855396494e-07
4.3999045214243e-07
5.296971408648404e-07
6.365340241955331e-07
7.635447609606575e-07
9.142719619924012e-07
1.092831802553183e-06
1.303998644807755e-06
1.553300841909346e-06
1.847129010980407e-06
2.192858176282927e-06
2.598985332502493e-06
3.075284080910059e-06
3.632978169183326e-06
4.284935894390739e-06
5.045887496332975e-06
5.93266782106175e-06
6.964486721405401e-06
8.16322981094275e-06
9.553792372333054e-06
1.116444939517941e-05
1.302726488560684e-05
1.517854375392363e-05
1.765932974078353e-05
2.051595299392883e-05
2.380063102673078e-05
2.757212693363715e-05
3.18964694802222e-05
3.684774133485926e-05
4.250893951813561e-05
4.897291250426793e-05
5.634337905317443e-05
6.47360339732062e-05
7.427974618904138e-05
8.511785455961374e-05
9.740956700934582e-05
0.0001113314685598467
0.0001270791439088875
0.0001448689201378515
0.0001649397351472585
0.0001875551372454485
0.0002130054212349546
0.0002416099060791637
0.0002737193590089899
0.0003097185705742245
0.0003500290847410976
0.0003951120876603219
0.00044547145814276
0.0005016569822368811
0.0005642677335110673
0.0006339556197955946
0.0007114290962504186
0.0007974570448847281
0.0008928728226036415
0.0009985784730414718
0.001115549096882262
0.00124483737492367
0.001387578236641995
0.001544993665334199
0.001718397629081289
0.00190920112477949
0.002118917320412158
0.002349166778419876
0.002601682740877597
0.002878316457923022
0.003181042567048963
0.003511964512850548
0.003873319952665085
0.00426748609025991
0.004696984920386563
0.005164488371029024
0.005672823313703716
0.006224976395610047
0.006824098654938451
0.007473509876479224
0.008176702649342369
0.008937346083138094
0.00975928913186907
0.01064656348256299
0.01160338595352253
0.01263416035480064
0.01374347875925707
0.01493612212587597
0.01621706022875895
0.01759145082949056
0.01906463804276452
0.02064214984116337
0.02232969463797664
0.0241331569043258
0.02605859175745294
0.02811221847501963
0.03030041288666618
0.032629698586548
0.03510673693505603
0.03773831579420291
0.0405313369662689
0.04349280230202859
0.04662979843703231
0.04994948014754921
0.05345905228779971
0.05716575030302317
0.06107681931030923
0.06519949173132406
0.06954096350367854
0.07410836885941224
0.07890875370095687
0.08394904760233066
0.08923603445402389
0.09477632182225579
0.1005763090468016
0.1066421541537841
0.1129797396547988
0.1195946372904122
0.1264920718383817
0.1336768840513591
0.1411534928506111
0.1489258568937005
0.1569974356158742
0.1653711499175543
0.1740493426012954
0.1830337387316626
0.1923254060788529
0.2019247157840731
0.2118313034665248
0.2220440309051759
0.2325609485054529
0.243379258743826
0.2544952807555926
0.2659044163208851
0.2776011173962361
0.2895788554230999
0.3018300926207585
0.3143462554349324
0.3271177104079795
0.3401337426134098
0.3533825368874661
0.3668511620563125
0.3805255583107965
0.3943905279807989
0.4084297298205364
0.4226256770113391
0.4369597390441115
0.4514121475848809
0.4659620065288409
0.4805873062993195
0.4952649425482232
0.5099707393568813
0.5246794769642957
0.5393649241564036
0.5539998752910393
0.5685561920354382
0.5830048498275439
0.5973159889948899
0.6114589705744359
0.6254024367052227
0.6391143755674458
0.6525621907754666
0.6657127750575556
0.6785325881666827
0.6909877387808225
0.703044070256719
0.7146672500364473
0.7258228624330884
0.7364765046332069
0.7465938855714357
0.7561409274380033
0.7650838695198933
0.7733893740142553
0.7810246335711947
0.7879574801215712
0.7941564946367144
0.7995911174450469
0.8042317587333504
0.8080499090003028
0.8110182488592622
0.8131107574928034
0.8143028193691473
0.8145713295178768
0.8138947981515137
0.8122534526954992
0.8096293337809163
0.806006384901973
0.8013705394326504
0.7957098084848898
0.7890143651765347
0.7812766209039105
0.7724912932744168
0.7626554683480464
0.7517686582444131
0.7398328526021068
0.7268525629024244
0.7128348593679203
0.6977894004502698
0.6817284548250775
0.6646669155615993
0.6466223062671941
0.6276147790566358
0.6076671042236524
0.5868046515741842
0.5650553633128197
0.5424497184716626
0.5190206888842823
0.4948036867221591
0.4698365036939435
0.4441592419759253
0.417814237023645
0.3908459724279728
0.3633009869964539
0.3352277743088757
0.3066766749844021
0.2776997619622649
0.2483507191098595
0.2186847134892168
0.1887582616643985
0.158629090434442
0.1283559924200898
0.09799867694276292
0.06761761665041302
0.03727389037623204
0.007029022723229151
-0.02305517910989354
-0.05291679073810134
-0.08249393769884351
-0.1117249637158988
-0.1405485995651147
-0.1689041319858144
-0.1967315720791896
-0.2239718226307419
-0.2505668438067055
-0.2764598166633669
-0.3015953039232091
-0.3259194074784492
-0.3493799220891137
-0.3719264847740102
-0.39351071937907
-0.414086375839912
-0.4336094636706708
-0.452038379225471
-0.4693340263216104
-0.4854599298073555
-0.50038234170633
-0.51407033958731
-0.5264959168227255
-0.5376340644533176
-0.5474628443784159
-0.5559634536455571
-0.5631202796352822
-0.5689209459596595
-0.5733563489525261
-0.5764206846262385
-0.578111466028375
-0.5784295309576207
-0.5773790400230326
-0.5749674650896494
-0.5712055681509416
-0.5661073707236982
-0.5596901138880596
-0.5519742091224674
-0.5429831801363416
-0.5327435958953201
-0.5212849950848695
-0.5086398022821105
-0.494843236127462
-0.4799332098307887
-0.4639502243439503
-0.446937254574993
-0.4289396290309594
-0.4100049032868299
-0.3901827277120649
-0.3695247098888813
-0.3480842721853505
-0.3259165049490416
-0.3030780157904607
-0.2796267754481621
-0.255621960722901
-0.2311237949839286
-0.2061933867479406
-0.1808925668294875
-0.1552837245694356
-0.1294296436381445
-0.1033933379127289
-0.07723788791910416
-0.05102627832136029
-0.02482123693579071
0.001314924266629652
0.02732046571486113
0.05313437390978953
0.0786965117876762
0.1039477653648985
0.1288301862698437
0.1532871297865747
0.1772633880539728
0.2007053180825859
0.2235609642762186
0.2457801751616811
0.2673147140573955
0.2881183634324189
0.3081470227256694
0.3273587994235258
0.3457140932156364
0.3631756730813527
0.3797087471779969
0.3952810254191437
0.4098627746641563
0.4234268664578192
0.4359488172887872
0.4474068213570782
0.4577817758631493
0.4670572988642356
0.4752197397463288
0.4822581823876778
0.4881644411138981
0.4929330495688874
0.496561242653277
0.4990489316780297
0.5003986729079841
0.5006156296879459
0.4997075283595994
0.4976846081994811
0.4945595656088301
0.4903474928069603
0.4850658112900575
0.4787342003264073
0.4713745207769195
0.4630107345241001
0.4536688198082537
0.443376682774646
0.4321640655381059
0.4200624510818236
0.4071049653028895
0.3933262765275544
0.3787624928141395
0.363451057356362
0.3474306423061277
0.3307410413291723
0.3134230612083573
0.2955184128026245
0.2770696016634819
0.2581198186097791
0.2387128305487085
0.2188928718291497
0.1987045364028792
0.178192671058205
0.1574022699848322
0.1363783709205064
0.115165953122034
0.09380983738691981
0.07235458833822052
0.05084441917830474
0.02932309910753508
0.007833863591199948
-0.01358067235775356
-0.03487859772493444
-0.05601878572422005
-0.07696097057815472
-0.09766582073151034
-0.1180950083938265
-0.138211275316485
-0.1579784947213651
-0.1773617293130061
-0.1963272853221934
-0.2148427625391861
-0.2328771003019607
-0.2504006194179278
-0.2673850600112788
-0.2838036153024793
-0.2996309613346975
-0.3148432826695126
-0.3294182940884204
-0.3433352583424268
-0.3565750000026849
-0.369119915474551
-0.3809539792479758
-0.3920627464686754
-0.4024333519122864
-0.4120545054527411
-0.4209164841249919
-0.4290111208912071
-0.4363317902285738
-0.4428733906504606
-0.44863232427835
-0.4536064735904745
-0.457795175482291
-0.461199192780138
-0.4638206833361891
-0.465663166837869
-0.4667314894714403
-0.4670317865840205
-0.4665714434902524
-0.4653590545631832
-0.4634043807543832
-0.4607183056857206
-0.4573127904513425
-0.4532008272711661
-0.4483963921346016
-0.4429143965730162
-0.4367706386969212
-0.4299817536326094
-0.4225651634944547
-0.4145390270144453
-0.4059221889493942
-0.3967341293874579
-0.3869949130761645
-0.3767251388910082
-0.3659458895490756
-0.354678681670723
-0.3429454162912442
-0.3307683299224281
-0.3181699462602344
-0.3051730286230417
-0.2918005332029511
-0.2780755632091144
-0.2640213239782536
-0.2496610791237209
-0.2350181077853961
-0.220115663039906
-0.2049769315262966
-0.1896249943377577
-0.1740827892261384
-0.1583730741589095
-0.1425183922649118
-0.1265410382008391
-0.1104630259661834
-0.0943060581904681
-0.07809149691045665
-0.06184033585189911
-0.04557317422663831
-0.02931019205185498
-0.01307112699471372
0.003124747258465239
0.0192586411126084
0.0353122676610785
0.05126785978029645
0.06710818573594118
0.0828165633175259
0.09837687252077795
0.1137735667997704
0.1289916829132753
0.1440168493926655
0.1588352936598706
0.173433847826172
0.1877999532044207
0.2019216635695866
0.2157876472048983
0.2293871877700809
0.2427101840292439
0.2557471484778407
0.268489204910659
0.2809280849746345
0.2930561237471454
0.3048662543816866
0.316352001864113
0.3275074759231063
0.3383273631395441
0.3488069182977941
0.3589419550226615
0.3687288357458218
0.378164461045597
0.3872462584055024
0.3959721704324823
0.4043406425765977
0.4123506103939251
0.4200014863935596
0.427293146510096
0.4342259162402787
0.4408005564832495
0.4470182491222786
0.4528805823840101
0.4583895360114963
0.463547466285944
0.4683570909338367
0.4728214739524818
0.476944010381626
0.4807284110496406
0.484178687325541
0.4872991359093592
0.4900943236879617
0.4925690726776822
0.4947284450764017
0.4965777284498833
0.4981224210772285
0.4993682174763564
0.5003209941279759
0.5009867954182384
0.5013718198150746
0.5014824062922117
0.501325021015724
0.500906244309248
0.5002327579133048
0.4993113325474937
0.4981488157840309
0.4967521202420698
0.4951282121130353
0.4932841000271251
0.491226824264277
0.4889634463121832
0.486501038775912
0.4838466756459926
0.4810074229316046
0.4779903296567998
0.4748024192180031
0.4714506811031444
0.4679420629742776
0.4642834631144788
0.460481723235741
0.4565436216446357
0.4524758667631383
0.4482850910012071
0.4439778449781742
0.4395605920878612
0.4350397034042123
0.4304214529221904
0.4257120131250813
0.4209174508705864
0.416043723591003
0.4110966758024754
0.406082035916507
0.4010054133458955
0.3958722958993617
0.3906880474550354
0.3854579059033863
0.3801869813516585
0.3748802545832568
0.369542575765534
0.3641786633957931
0.3587931034752825
0.3533903489029083
0.3479747190825814
0.3425503997384463
0.3371214429264772
0.3316917672315433
0.3262651581416389
0.3208452685925159
0.3154356196749961
0.3100396014966365
0.3046604741908305
0.2993013690653366
0.2939652898806047
0.2886551142494803
0.2833735951515253
0.2781233625556165
0.2729069251435244
0.2677266721267451
0.2625848751500453
0.2574836902742163
0.2524251600300857
0.2474112155374868
0.2424436786856438
0.2375242643716278
0.2326545827877328
0.2278361417484165
0.2230703490516821
0.2183585148734197
0.213701854192423
0.209101489238026
0.2045584519528218
0.2000736864661695
0.1956480515766526
0.1912823232410089
0.1869771970638495
0.1827332907828191
0.1785511467457968
0.1744312343781526
0.1703739526378601
0.1663796324544494
0.1624485391487921
0.158580874830997
0.1547767807732047
0.1510363397541032
0.1473595783741767
0.1437464693415611
0.1401969337263888
0.1367108431802187
0.1332880221183603
0.1299282498640911
0.1266312627532935
0.1233967561984136
0.1202243867116824
0.1171137738877805
0.114064502343694
0.1110761236138085
0.1081481579996918
0.105280096374929
0.1024714019449231
0.09972151196108883
0.09702983938938163
0.0943957745329439
0.09181868660846176
0.08929792527602762
0.08683282212286488
0.08442269210144994
0.08206683492222831
0.07976453640073201
0.07751506975917861
0.07531769688320074
0.07317166953426754
0.07107623051825657
0.06903061481103032
0.06703405064209562
0.06508576053623255
0.06318496231269727
0.06133087004287737
0.05952269496803
0.05775964637847545
0.05604093245426939
0.05436576106780759
0.05273334054914525
0.05114288041491891
0.0495935920616626
0.04808468942451318
0.04661538960233744
0.04518491345015141
0.04379248613899166
0.04243733768342822
0.04111870343881767
0.03983582457272411
0.03858794851034688
0.03737432934598368
0.03619422820959853
0.03504691360755267
0.03393166177126841
0.03284775700890222
0.03179449201482894
0.03077116810202806
0.02977709540347549
0.02881159308305598
0.02787398955296646
0.02696362266771575
0.02607983988396687
0.02522199839839518
0.02438946527099943
0.02358161753441614
0.02279784228713354
0.02203753677058681
0.02130010843143339
0.02058497496993606
0.01989156437513345
0.01921931494745915
0.01856767530945399
0.01793610440510407
0.01732407148810926
0.01673105609972235
0.01615654803696532
0.0156000473119391
0.01506106410255147
0.01453911869492652
0.01403374141804449
0.01354447257121684
0.01307086234490027
0.01261247073524021
0.01216886745274239
0.01173963182548042
0.0113243526972844
0.01092262832125386
0.01053406624900432
0.01015828321604495
0.009794905023556327
0.009443566416893538
0.00910391096111597
0.008775590913838501
0.008458267095738419
0.008151608759042608
0.007855293454149389
0.007569006894656095
0.007292442821030106
0.007025302863276095
0.006767296402718043
0.006518140433137688
0.006277559421396894
0.00604528516778411
0.005821056666214141
0.005604619964468187
0.005395728024667278
0.00519414058411627
0.004999624016687867
0.004811951194789919
0.004630901352113634
0.004456259947242349
0.004287818528219042
0.00412537459822718
0.003968731482440272
0.003817698196115896
0.003672089314065385
0.003531724841533695
0.003396430086579931
0.003266035533964129
0.003140376720669667
0.003019294113051554
0.002902632985742195
0.002790243302283685
0.002681979597554244
0.002577700861998572
0.002477270427724629
0.002380555856442935
0.00228742882933338
0.002197765038801945
0.002111444082194854
0.002028349357425256
0.001948367960550258
0.00187139058530127
0.001797311424562014
0.00172602807382662
0.001657441436591207
0.001591455631707346
0.00152797790267214
0.001466918528857352
0.001408190738624397
0.001351710624388559
0.001297397059539572
0.001245171617254004
0.0011949584911824
0.001146684417999091
0.001100278601760303
0.001055672640044248
0.001012800451875633
0.0009715982074259925
0.0009320042594472852
0.0008939590764343512
0.0008574051774417425
0.0008222870685891104
0.0007885511811639239
0.0007561458113719473
0.0007250210616739026
0.0006951287836437614
0.0006664225223968305
0.0006388574624716016
0.0006123903752203371
0.0005869795676181435
0.000562584832516906
0.0005391674002688511
0.0005166898917022745
0.0004951162724583737
0.0004744118086034556
0.0004545430235380412
0.0004354776561501401
0.0004171846201892712
0.0003996339648118236
0.0003827968363100614
0.0003666454409862347
0.0003511530091465956
0.0003362937601625923
0.0003220428685907757
0.0003083764313372129
0.0002952714358154798
0.0002827057291161423
0.0002706579881017754
0.0002591076904652353
0.0002480350866742866
0.0002374211728089732
0.0002272476642592257
0.0002174969702874686
0.0002081521693573215
0.0001991969852994261
0.0001906157642349195
0.0001823934522611462
0.0001745155738535915
0.0001669682109572197
0.0001597379828156648
0.0001528120264506906
0.0001461779778543217
0.0001398239536567193
0.000133738533412425
0.0001279107425354803
0.0001223300362398754
0.0001169862839531774
0.0001118697532994079
0.0001069710939029925
0.0001022813231929616
9.779181672725317e-05
9.349429878528439e-05
8.938082609218735e-05
8.544376636084982e-05
8.167578150913287e-05
7.806982266398526e-05
7.461912707659817e-05
7.131720894179696e-05
6.815784519920218e-05
6.513506264177011e-05
6.224312842354297e-05
5.947654166072452e-05
5.683002478346405e-05
5.429851469301766e-05
5.187715430347071e-05
4.956128450755643e-05
4.734643652490196e-05
4.522832447335779e-05
4.320283820105342e-05
4.126603637203886e-05
3.941413981633384e-05
3.764352515698302e-05
3.595071863086486e-05
3.433239017819536e-05
3.278534772280233e-05
3.130653169253927e-05
2.989300973520377e-05
2.854197162553101e-05
2.725072438716312e-05
2.601668757564833e-05
2.483738875765212e-05
2.371045917196736e-05
2.263362952653912e-05
2.160472597846823e-05
2.062166627497598e-05
1.968245602453436e-05
1.87851851211171e-05
1.792802430942252e-05
1.710922188374372e-05
1.632710052236535e-05
1.558005422435061e-05
1.486654537655169e-05
1.418510195391836e-05
1.353431480684131e-05
1.291283505785478e-05
1.231937162711016e-05
1.17526888170588e-05
1.121160401479873e-05
1.069498549757597e-05
1.020175029981387e-05
9.730862185980105e-06
9.281329678452272e-06
8.852204210459001e-06
8.442578297911893e-06
8.051583832958202e-06
7.678390421783495e-06
7.322203790507805e-06
6.982264257448587e-06
6.657845283341753e-06
6.348252052159622e-06
6.052820128288204e-06
5.770914178287053e-06
5.501926708594951e-06
5.245276905198727e-06
5.000409472327831e-06
4.766793555524902e-06
4.543921690800636e-06
4.331308799105942e-06
4.128491229835996e-06
3.935025831332019e-06
3.750489073227206e-06
3.574476199452227e-06
3.406600409941779e-06
3.246492099922404e-06
3.093798102730649e-06
2.948180981316088e-06
2.809318347731139e-06
2.676902200364503e-06
2.550638292528626e-06
2.430245553393e-06
2.315455504198055e-06
2.206011696533328e-06
2.101669191490841e-06
2.002194054981172e-06
1.907362879534045e-06
1.81696231907458e-06
1.730788640112832e-06
1.648647303439581e-06
1.570352568539217e-06
1.495727085149711e-06
1.424601530506429e-06
1.356814258439055e-06
1.292210957622302e-06
1.2306443155129e-06
1.171973717869559e-06
1.116064947306332e-06
1.062789906809473e-06
1.012026323843162e-06
9.636575167956858e-07
9.175721299697607e-07
8.736639007304693e-07
8.318314278985872e-07
7.919779584333364e-07
7.540111716263481e-07
7.178429822445471e-07
6.833893531903728e-07
6.505701124238361e-07
6.193087736635996e-07
5.895323751627857e-07
5.61171314317944e-07
5.341592117162389e-07
5.084327407077816e-07
4.839315105275939e-07
4.605979189500638e-07
4.38377035450968e-07
4.172164705510152e-07
3.970662683540009e-07
3.778787911283394e-07
3.596086151363384e-07
3.42212422356465e-07
3.256489247297515e-07
3.098787469421564e-07
2.948643532117174e-07
2.805699592217356e-07
2.669614450373896e-07
2.540062851707092e-07
2.416734804953937e-07
2.299334826679743e-07
2.187581210955524e-07
2.081205542149613e-07
1.979951964750014e-07
1.883576605138312e-07
1.791847099580513e-07
1.704541975244017e-07
1.621450164654394e-07
1.542370629587745e-07
1.46711171931645e-07
1.395490885981497e-07
1.327334079061078e-07
1.262475573091943e-07
1.200757419149452e-07
1.142029167873439e-07
1.086147479594925e-07
1.032975822493455e-07
9.823840525912033e-08
9.342483243190131e-08
8.884506254907258e-08
8.448785371851184e-08
8.034249543006552e-08
7.639878709766284e-08
7.264701968770879e-08
6.907794115882565e-08
6.56827407443866e-08
6.245303310724159e-08
5.938082400014923e-08
5.645850942841393e-08
5.367884862735923e-08
5.103493264076324e-08
4.852019995287698e-08
4.612839785785949e-08
4.385356686793547e-08
4.169003960071595e-08
3.963242057340864e-08
3.767556867824322e-08
3.581459653570793e-08
3.40448477043262e-08
3.23618881790796e-08
3.076149871753436e-08
2.923966036507354e-08
2.779255502774372e-08
2.641654415659345e-08
2.51081637495242e-08
2.386411547957686e-08
2.268126335455369e-08
2.155662037330851e-08
2.048735126224711e-08
1.947074855097286e-08
1.850424029246779e-08
1.758537844920729e-08
1.671182741563574e-08
1.588137245128389e-08
1.509190741062141e-08
1.434141944578676e-08
1.3627998944722e-08
1.294983412469337e-08
1.230518646574454e-08
1.169242244345303e-08
1.110997571249858e-08
1.055635639201114e-08
1.003014615212919e-08
9.529999027942978e-09
9.05463576652732e-09
8.602836629767956e-09
8.17344214842045e-09
7.765351447812634e-09
7.377509681416779e-09
7.008925527400189e-09
6.658645548207445e-09
6.325764706591922e-09
6.009423499287666e-09
5.708805807628289e-09
5.423134478665477e-09
5.151671848138621e-09
4.893719663250518e-09
4.648609002037453e-09
4.415703004874241e-09
4.194400691770382e-09
3.984126526024582e-09
3.784339056209478e-09
3.594516729813959e-09
3.414165746797114e-09
3.242818225139029e-09
3.08002757264677e-09
2.925362160639549e-09
2.778421913329076e-09
2.638819260858334e-09
2.506191581216479e-09
2.380192884129674e-09
2.260496422567923e-09
2.146788336847302e-09
2.038767735973229e-09
1.936155834706301e-09
1.83868284784213e-09
1.746091600004237e-09
1.658141533965146e-09
1.57459854294043e-09
1.495244859521674e-09
1.419871221341565e-09
1.348281019902578e-09
1.280284534081975e-09
1.215701525920553e-09
1.154363080009427e-09
